/home/dysjin/data/CARLA.v20-carla_v20.coco/valid/Town05_011820_png.rf.a721d4435d03a17b63243ff374e790d2.jpg 8,179,103,231,6,0.966251 311,188,324,203,0,0.254969 268,187,281,202,0,0.012954 328,187,340,201,6,0.006336 294,190,311,203,0,0.004358 317,183,331,196,0,0.004196 317,193,329,212,0,0.003601 259,181,273,193,0,0.003319 267,182,281,193,0,0.003254 0,179,17,241,6,0.002831 309,193,321,212,0,0.002610 259,187,273,201,0,0.002344 279,187,293,203,0,0.002180 62,190,114,226,6,0.001774
/home/dysjin/data/CARLA.v20-carla_v20.coco/valid/Town05_005760_png.rf.a5aa9e8688171e7bfb57f36e4a648f69.jpg 311,189,326,204,6,0.966850 103,185,114,205,0,0.017576 243,179,257,190,6,0.010964 305,187,334,210,6,0.007349 191,193,210,204,6,0.004904 185,192,200,206,0,0.004430 314,182,330,197,6,0.004145 102,177,113,197,0,0.003319 235,181,252,193,6,0.002829 328,180,340,196,6,0.002274 270,185,282,202,0,0.001998 269,179,282,191,0,0.001991 414,189,440,228,6,0.001971 234,186,249,198,0,0.001470
/home/dysjin/data/CARLA.v20-carla_v20.coco/valid/075705_png.rf.9f5447b468e0280dc956a534954f8a5e.jpg 307,245,351,272,6,0.997593 0,242,183,415,6,0.966547 173,244,248,307,6,0.962157 238,242,269,274,6,0.832415 204,246,271,286,6,0.178921 251,239,267,275,0,0.019215 213,233,268,270,6,0.004062 0,117,205,480,6,0.003953
/home/dysjin/data/CARLA.v20-carla_v20.coco/valid/Town02_006840_png.rf.a4a970c10202604d1dd8c41fe9097525.jpg 576,176,640,220,6,0.761623 344,192,356,209,1,0.131407 344,195,355,213,0,0.053411 560,176,586,214,6,0.034220 0,145,12,221,3,0.016728 0,172,14,244,6,0.016293 195,187,215,204,6,0.015018 122,185,183,215,6,0.011779 0,185,14,254,6,0.010187 292,192,308,204,6,0.009909 0,152,12,236,2,0.007860 2,179,26,237,6,0.005895 335,190,350,205,6,0.003748 163,187,218,209,6,0.003044 302,189,320,203,6,0.002951 351,191,368,205,6,0.002716 217,188,239,204,6,0.002606 282,192,297,203,0,0.001712 539,167,585,204,6,0.001582 494,210,507,238,0,0.001501 316,189,335,202,6,0.001396 569,184,595,207,6,0.001295
/home/dysjin/data/CARLA.v20-carla_v20.coco/valid/Town02_002640_png.rf.ac6bee6a9e4c4b2a1e149670c97196c1.jpg 294,185,372,249,6,0.974421 261,194,293,213,6,0.873810 392,175,408,189,3,0.676876 291,188,308,205,6,0.002906
/home/dysjin/data/CARLA.v20-carla_v20.coco/valid/007096_png.rf.a26873f70f1467f54f0fd09ea8c1731b.jpg 533,175,621,246,5,0.957278 491,157,640,281,5,0.003393
/home/dysjin/data/CARLA.v20-carla_v20.coco/valid/041683_png.rf.abc13a183255cbb5f9aeca7d55d8b4c0.jpg 298,236,338,326,0,0.950854
/home/dysjin/data/CARLA.v20-carla_v20.coco/valid/041699_png.rf.a4a6f7fb7672ac47b317ec4fe3e21c97.jpg 296,238,339,325,0,0.937768
/home/dysjin/data/CARLA.v20-carla_v20.coco/valid/Town02_006480_png.rf.aec43468267a9993201d034f7031ee5c.jpg 353,176,369,188,3,0.032270 216,187,238,204,6,0.027361 348,179,362,191,3,0.013349 354,169,368,182,4,0.011041 204,188,229,204,6,0.009843 346,168,361,182,4,0.003277 365,167,379,180,4,0.002018 198,188,212,206,6,0.001861
/home/dysjin/data/CARLA.v20-carla_v20.coco/valid/Town02_003060_png.rf.b28380c7e6ad26a4ccdfda39d4db7f85.jpg 543,191,621,221,6,0.448493 608,189,639,226,6,0.033253 520,193,577,222,6,0.019887 554,199,590,218,6,0.014776 526,196,544,214,6,0.003854 613,176,640,262,6,0.003829 575,181,640,220,6,0.002962 624,201,640,257,0,0.001880 533,198,563,217,6,0.001544 171,198,189,218,1,0.001382 0,195,8,222,6,0.001073
/home/dysjin/data/CARLA.v20-carla_v20.coco/valid/Town01_009120_png.rf.b3886317404f3c307752dac4625c4b0e.jpg 311,191,333,210,6,0.857847 374,197,397,214,1,0.221605 323,190,343,206,6,0.018508 382,199,411,214,6,0.005349 338,192,364,205,6,0.005057 351,193,378,208,6,0.003702 505,184,566,215,6,0.002940 334,195,393,214,6,0.002937 0,194,10,271,2,0.002114 0,187,11,255,2,0.001998 298,194,315,207,6,0.001131
/home/dysjin/data/CARLA.v20-carla_v20.coco/valid/051305_png.rf.af3e2dc55ae45fc793f7f25eb6fdf7b4.jpg 428,208,462,244,3,0.995550 305,240,321,251,6,0.008247 435,217,457,234,3,0.003337
/home/dysjin/data/CARLA.v20-carla_v20.coco/valid/007291_png.rf.b33e9d647d42777054dfb5f46d23bbad.jpg 382,222,402,239,3,0.945774 377,213,414,238,3,0.007175 195,239,221,351,0,0.001849
/home/dysjin/data/CARLA.v20-carla_v20.coco/valid/Town05_005820_png.rf.abc3e70595852b4f2320e8b55c805a27.jpg 302,190,336,218,6,0.987980 403,196,415,221,0,0.002452 208,188,220,202,0,0.001522 286,190,296,209,0,0.001114
/home/dysjin/data/CARLA.v20-carla_v20.coco/valid/Town05_006960_png.rf.9d31f2ffd8a1d723122d28555c0e3321.jpg 282,186,297,209,0,0.884887 425,216,640,340,6,0.040427 330,188,344,204,0,0.006454 318,191,337,205,0,0.001664
/home/dysjin/data/CARLA.v20-carla_v20.coco/valid/Town02_009720_png.rf.b20474373a38fe973889a895d5aba03e.jpg 290,204,345,257,6,0.492278 266,191,280,211,0,0.136828 536,166,586,202,6,0.001323
/home/dysjin/data/CARLA.v20-carla_v20.coco/valid/Town01_002220_png.rf.9b6e376c042a4b43cdf2a33f00250d62.jpg 199,196,440,363,6,0.988557 289,186,311,201,6,0.024156 318,187,338,203,6,0.007692 303,185,325,202,6,0.002955 183,187,199,206,1,0.001724 582,215,637,251,6,0.001684
/home/dysjin/data/CARLA.v20-carla_v20.coco/valid/Town01_003900_png.rf.b43a572a2d61a01bb389880cf86179de.jpg 199,197,450,362,6,0.989338 326,191,353,205,6,0.043672 0,190,40,223,6,0.015321 220,189,232,208,0,0.008750 317,192,339,206,6,0.002861 0,195,16,219,6,0.002142
/home/dysjin/data/CARLA.v20-carla_v20.coco/valid/029067_png.rf.b686edaf28a0971571945f7b069613d5.jpg 540,223,583,349,2,0.992540 396,234,407,260,2,0.022665
/home/dysjin/data/CARLA.v20-carla_v20.coco/valid/Town02_004200_png.rf.b4d2f32e1287253b4f35bf521927be39.jpg 267,188,292,208,6,0.958443 289,186,306,202,6,0.032229 378,190,394,204,6,0.013971 367,191,383,203,6,0.012471 306,187,319,201,6,0.011056 344,180,358,191,4,0.003457 276,180,294,198,6,0.002099 357,189,371,200,6,0.001899 368,178,384,193,4,0.001661 369,163,382,180,4,0.001419 389,189,406,205,6,0.001377 317,186,329,200,6,0.001374 407,185,468,214,6,0.001070
/home/dysjin/data/CARLA.v20-carla_v20.coco/valid/Town02_002100_png.rf.b49da10e2c41ab65d4c132e46f15d3e3.jpg 299,184,336,298,1,0.960666 274,186,287,201,6,0.788162 0,184,14,211,6,0.761865 311,188,324,203,6,0.238618 273,181,297,208,6,0.026552 4,186,22,210,6,0.016985 289,184,306,204,6,0.004424 146,187,165,206,6,0.003384 0,158,15,217,6,0.003103 307,181,321,196,6,0.002351 0,173,12,201,6,0.001450 275,182,287,196,0,0.001369 156,188,171,207,1,0.001331 354,164,367,180,4,0.001065 345,164,359,181,4,0.001006
/home/dysjin/data/CARLA.v20-carla_v20.coco/valid/003752_png.rf.bb0716bc5b93fa8b10f41577e20a2f35.jpg 396,214,425,241,4,0.968705 305,237,327,250,6,0.105734
/home/dysjin/data/CARLA.v20-carla_v20.coco/valid/138327_png.rf.b4aecc174d58e25a6e680c2468864172.jpg 13,233,49,301,2,0.482889 0,228,22,308,2,0.013762 332,239,347,252,6,0.002133 381,238,394,251,4,0.001607 0,143,13,204,4,0.001377
/home/dysjin/data/CARLA.v20-carla_v20.coco/valid/Town05_009600_png.rf.b886b3525f44da0ae66796230d91b958.jpg 466,188,499,213,6,0.946486 109,184,217,235,6,0.939316 371,187,409,209,6,0.931607 580,177,639,211,6,0.855253 94,196,163,235,6,0.175744 573,188,601,203,6,0.055631 527,181,544,196,6,0.044861 398,187,421,204,6,0.038152 414,185,430,201,6,0.020454 442,182,462,194,6,0.016286 544,184,603,205,6,0.014676 549,181,573,195,6,0.012828 606,183,637,206,6,0.003986 536,181,558,196,6,0.002848 191,191,218,220,6,0.002338 517,187,534,202,6,0.001827 623,170,640,219,6,0.001674 306,190,319,204,0,0.001451 444,187,461,202,6,0.001311 361,189,375,205,6,0.001179 386,175,433,202,6,0.001058
/home/dysjin/data/CARLA.v20-carla_v20.coco/valid/Town01_002340_png.rf.b8976b6d8f366e29aeb47fb3b3146b33.jpg 199,196,440,363,6,0.987935 281,188,298,206,1,0.161892 288,186,310,204,6,0.010003 318,185,337,203,6,0.006623 305,185,326,202,6,0.002734 583,214,637,250,6,0.002159 279,183,301,212,0,0.002076 319,176,335,195,0,0.001739 183,187,199,206,1,0.001673
/home/dysjin/data/CARLA.v20-carla_v20.coco/valid/Town05_009780_png.rf.c3069a0d7ec82f2e1960c0497cec36fe.jpg 291,198,357,256,6,0.773974 427,206,474,235,6,0.140790 311,191,336,205,6,0.012511
/home/dysjin/data/CARLA.v20-carla_v20.coco/valid/Town05_002700_png.rf.b9dfa75f628efa31633800bb9dfee796.jpg 369,184,386,197,6,0.318299 257,185,271,200,0,0.044930 357,183,373,198,6,0.032513 209,185,224,198,6,0.031756 0,176,16,221,6,0.024768 347,183,360,201,0,0.019873 389,183,404,195,6,0.013971 246,185,261,201,0,0.010911 217,184,233,199,0,0.009513 268,185,281,201,0,0.007201 196,179,216,195,6,0.005458 349,180,400,195,6,0.003644 432,187,442,199,1,0.002867 294,188,307,203,0,0.002503 402,181,417,192,6,0.002467 333,180,347,194,0,0.002384 231,185,249,201,6,0.002092 217,181,234,197,6,0.001914 419,168,429,179,3,0.001819 244,182,262,196,6,0.001691 282,186,295,202,0,0.001651 428,168,440,180,4,0.001419 5,188,23,210,6,0.001269 173,186,187,202,6,0.001135
/home/dysjin/data/CARLA.v20-carla_v20.coco/valid/005173_png.rf.c24ac196d86260d3a384e12093bfa5ef.jpg 471,192,525,241,5,0.728981 604,54,636,164,2,0.001426 505,191,531,243,5,0.001361
/home/dysjin/data/CARLA.v20-carla_v20.coco/valid/Town01_005820_png.rf.c9053a957ff7561268673aaec9e095f0.jpg 297,185,345,312,1,0.986792 192,203,210,217,6,0.009566 182,204,203,219,6,0.005907 409,180,440,217,2,0.002172 173,211,186,225,6,0.001764 390,181,440,217,6,0.001476 344,165,359,183,3,0.001315
/home/dysjin/data/CARLA.v20-carla_v20.coco/valid/Town01_011580_png.rf.c8aa9ea674a7d69974d55bf63b55ddbf.jpg 263,190,290,208,6,0.974076 577,188,639,221,6,0.776438 555,177,618,219,6,0.102359 630,192,640,223,6,0.031668 319,185,332,199,6,0.013655 12,183,71,209,6,0.009671 44,191,88,222,6,0.008666 309,186,322,199,6,0.007747 426,195,442,215,1,0.005737 384,188,397,205,1,0.005298 487,188,506,206,6,0.005190 486,197,509,217,6,0.003248 473,201,522,238,6,0.002739 597,150,639,222,6,0.002089 4,174,61,199,6,0.002069 82,181,102,193,6,0.001796 553,178,569,195,3,0.001710 47,192,70,218,1,0.001699 291,187,307,204,6,0.001664 425,192,443,209,0,0.001576 477,190,497,208,6,0.001394 55,189,79,207,6,0.001344 268,181,286,198,6,0.001337 329,186,340,200,0,0.001282 28,180,58,195,6,0.001230 490,178,511,193,6,0.001107 170,194,183,216,1,0.001091 82,186,100,200,6,0.001025
/home/dysjin/data/CARLA.v20-carla_v20.coco/valid/Town01_007440_png.rf.bed11eeb1dde416bf8789b24a8a5c0f8.jpg 553,169,635,223,6,0.868195 263,191,275,209,6,0.648727 525,184,551,214,6,0.169303 376,189,405,205,6,0.108689 528,184,592,224,6,0.055577 526,184,550,222,0,0.023938 265,193,278,212,0,0.021690 603,164,640,235,6,0.013086 305,178,318,192,6,0.008808 624,179,640,231,6,0.002826 400,196,416,213,0,0.002686 342,163,359,180,4,0.002383 388,194,411,211,0,0.002188 297,187,311,200,6,0.001917 344,188,356,201,1,0.001864 532,168,558,209,6,0.001114 399,191,417,209,1,0.001005
/home/dysjin/data/CARLA.v20-carla_v20.coco/valid/Town05_011760_png.rf.c548e0a947d80bc036151e4db99afcfa.jpg 4,186,210,330,6,0.968291 311,186,322,203,0,0.809473 297,186,313,202,0,0.006723 269,185,283,199,0,0.005337 316,182,328,197,0,0.004066 280,186,294,201,0,0.002719 306,181,329,210,0,0.002410 0,27,194,380,6,0.002317 259,180,273,192,0,0.002154 193,193,377,312,6,0.001675 175,174,209,286,1,0.001608 328,187,338,202,6,0.001207
/home/dysjin/data/CARLA.v20-carla_v20.coco/valid/075708_png.rf.c1818fa586a2b613b2806f928a933d9d.jpg 308,243,351,270,6,0.998002 171,242,247,306,6,0.971824 0,242,183,412,6,0.965176 238,241,269,274,6,0.828978 203,246,271,286,6,0.133184 252,238,267,276,0,0.019757 0,114,204,480,6,0.003476 213,233,267,269,6,0.002776
/home/dysjin/data/CARLA.v20-carla_v20.coco/valid/Town05_009900_png.rf.c90bd5781f975f44de47fd794a1f9ac6.jpg 354,187,439,251,6,0.986375 333,188,349,204,6,0.039876 412,182,437,235,0,0.004083 414,186,434,207,0,0.003264 339,186,354,204,0,0.003091 476,182,499,193,6,0.002059 366,182,430,213,6,0.001524 444,187,458,201,0,0.001516 388,179,411,193,6,0.001256 452,186,466,201,0,0.001120 320,188,339,202,6,0.001036
/home/dysjin/data/CARLA.v20-carla_v20.coco/valid/Town05_009660_png.rf.cc2e0d6a11c64dbe092a6e9321c6a170.jpg 231,201,413,336,6,0.991810 407,188,471,210,6,0.947719 613,185,633,201,6,0.346300 346,183,359,204,0,0.116220 602,186,623,199,6,0.048933 411,187,443,203,6,0.048568 625,180,638,206,6,0.048265 210,187,226,201,6,0.018326 352,180,371,195,6,0.010661 370,179,383,195,0,0.008932 292,190,309,205,1,0.004274 258,179,274,194,6,0.003577 341,181,360,228,0,0.002898 333,186,352,205,6,0.001818 377,178,391,193,3,0.001795 257,184,271,203,0,0.001765 518,181,531,206,1,0.001646 589,186,608,201,6,0.001214 344,190,359,218,1,0.001200
/home/dysjin/data/CARLA.v20-carla_v20.coco/valid/003769_png.rf.c5c0c17fa97551316c57744e9608f796.jpg 491,182,548,245,4,0.377948 309,236,325,253,6,0.026555
/home/dysjin/data/CARLA.v20-carla_v20.coco/valid/121197_png.rf.c99e70822c663f40252f74e6b2ad5094.jpg 242,258,409,382,6,0.992984 309,237,325,258,1,0.025126 166,240,190,251,6,0.006224 260,233,275,254,1,0.003762 267,234,283,255,1,0.003632 177,239,202,251,6,0.002902 212,248,225,265,1,0.002168 218,247,232,266,1,0.001646
/home/dysjin/data/CARLA.v20-carla_v20.coco/valid/004966_png.rf.c9d8d72d0920460b612251c5fddc5770.jpg 425,204,469,240,4,0.975428
/home/dysjin/data/CARLA.v20-carla_v20.coco/valid/Town01_006240_png.rf.cc5628eb556a5a5bd1824a8d19313b41.jpg 316,191,327,215,1,0.685741 310,189,324,208,0,0.408653 357,182,376,193,6,0.048465 625,148,640,217,6,0.038406 607,149,639,251,2,0.031793 0,184,11,258,2,0.019207 362,185,383,200,6,0.016486 299,188,314,201,6,0.014965 304,183,328,214,0,0.008378 608,154,639,196,6,0.006231 582,164,639,207,6,0.006100 582,188,639,229,6,0.002666 0,174,13,247,2,0.001966 0,201,8,241,6,0.001794 306,181,320,198,0,0.001242
/home/dysjin/data/CARLA.v20-carla_v20.coco/valid/001638_png.rf.c98e4c5bc2a68de358073a26469c81b2.jpg 421,209,458,243,3,0.986715 601,237,624,256,6,0.030541 35,232,98,256,6,0.030465 426,218,452,234,3,0.008021 40,240,75,255,6,0.001746 569,232,629,258,6,0.001035
/home/dysjin/data/CARLA.v20-carla_v20.coco/valid/051274_png.rf.d5f64278c64b556983082379a316485f.jpg 557,171,634,246,4,0.644511 564,175,633,256,3,0.285099
/home/dysjin/data/CARLA.v20-carla_v20.coco/valid/Town01_001440_png.rf.e4b4351effd31d5b433710cffb8243e4.jpg 382,178,400,192,3,0.872095 342,179,355,191,3,0.017359 109,198,170,221,6,0.002100 335,187,348,200,6,0.001661 390,135,413,183,4,0.001540 116,203,142,220,6,0.001287 385,185,398,195,3,0.001009
/home/dysjin/data/CARLA.v20-carla_v20.coco/valid/019121_png.rf.deb86464dd224ac85f75272f851fc0a8.jpg 503,238,565,259,6,0.975484 539,238,575,256,6,0.088572 499,241,527,260,6,0.005297 199,233,210,261,2,0.001880 491,240,511,259,1,0.001370
/home/dysjin/data/CARLA.v20-carla_v20.coco/valid/041811_png.rf.e8d4c17844854d24f9b2bec66a8a8889.jpg 46,221,63,239,4,0.959466 0,243,13,297,1,0.107063 0,234,15,285,6,0.070830 6,237,25,256,6,0.031694 0,241,12,315,2,0.014365 42,219,55,233,4,0.013010 9,224,23,246,4,0.012371 1,235,15,259,6,0.010570 5,245,22,268,6,0.007854 53,221,70,240,4,0.003315 0,249,27,289,0,0.003273 0,224,19,273,6,0.003233 40,248,55,259,6,0.002454 9,214,21,232,4,0.002187 2,223,13,247,4,0.001960 1,211,11,235,4,0.001590 3,220,31,336,0,0.001112
/home/dysjin/data/CARLA.v20-carla_v20.coco/valid/041657_png.rf.e06a4a0ae870ee5d8dbe97fc65b5b666.jpg 298,237,337,325,0,0.861623 2,29,14,120,6,0.005922 1,0,13,85,6,0.004920 3,52,13,92,6,0.003067 2,8,14,116,6,0.002552 2,37,13,132,6,0.001695 0,222,11,295,6,0.001337 2,48,13,145,6,0.001319
/home/dysjin/data/CARLA.v20-carla_v20.coco/valid/001519_png.rf.e42bb854e84b40164ed2795569b2eb6f.jpg 572,220,589,243,3,0.921586 606,240,620,256,6,0.018576 611,239,633,256,6,0.010887 169,242,187,254,6,0.008668 292,240,308,254,1,0.004047 178,240,200,254,1,0.003040 302,237,321,250,6,0.002321 341,230,356,244,3,0.001395 570,233,585,248,3,0.001211
/home/dysjin/data/CARLA.v20-carla_v20.coco/valid/Town02_005280_png.rf.ec981f5d8aec80a53ec1f9961c2321af.jpg 46,192,135,220,6,0.769103 157,195,212,272,0,0.581474 149,198,220,270,1,0.129364 0,194,11,222,6,0.022421 370,198,380,216,0,0.011812 24,198,92,224,6,0.004194 37,209,55,224,1,0.001699
/home/dysjin/data/CARLA.v20-carla_v20.coco/valid/001509_png.rf.ed3baed466e7f65c1a01fb57bf942b65.jpg 572,219,589,243,3,0.895409 605,240,620,256,6,0.011224 302,238,321,250,6,0.005515 169,242,187,255,6,0.004207 291,241,309,254,1,0.004066 177,240,200,254,6,0.002582 120,236,130,262,2,0.001387 235,225,246,242,0,0.001346 570,233,585,248,3,0.001260 282,240,296,254,0,0.001175
/home/dysjin/data/CARLA.v20-carla_v20.coco/valid/033890_png.rf.e368755037cdc345b45b625d64db27a1.jpg 248,242,422,373,6,0.992852 591,224,631,334,2,0.991666 624,221,640,320,2,0.020627 0,241,13,303,2,0.009923 73,249,90,274,2,0.009759 84,254,98,281,2,0.002840
/home/dysjin/data/CARLA.v20-carla_v20.coco/valid/075724_png.rf.e0c3e9a2b7f318c71e76ccdcb0dda6a1.jpg 294,241,334,269,6,0.996167 189,241,246,283,6,0.875951 0,267,73,425,6,0.846092 49,247,208,353,6,0.789614 0,205,65,412,6,0.088404 2,284,68,480,6,0.043597 133,243,227,309,6,0.016129 613,234,632,256,6,0.007357 223,241,247,281,0,0.004198 12,207,242,402,6,0.003347 626,194,640,274,2,0.001265 213,251,241,282,6,0.001243
/home/dysjin/data/CARLA.v20-carla_v20.coco/valid/112477_png.rf.ecf5d82849f8b68362ce65c8d2645a1c.jpg 337,232,364,293,2,0.942584 344,245,356,279,2,0.001582
/home/dysjin/data/CARLA.v20-carla_v20.coco/valid/Town02_001980_png.rf.ee7206fcf98c96c61f2900b25e79ce20.jpg 300,188,343,311,1,0.987724 0,190,61,217,6,0.835643 161,190,178,219,0,0.697662 42,194,70,214,1,0.236771 42,185,72,214,6,0.051850 0,191,15,218,6,0.017663 282,188,298,201,6,0.012232 292,188,307,200,6,0.010016 305,187,320,202,6,0.009742 0,190,31,210,6,0.006309 148,185,184,215,0,0.003615 109,181,174,213,6,0.001610 272,187,287,202,6,0.001576
/home/dysjin/data/CARLA.v20-carla_v20.coco/valid/026829_png.rf.e6f26e62f316568466a95ba7fd18d850.jpg 370,220,396,239,3,0.991440 0,217,13,298,2,0.023767 1,219,29,278,6,0.002919 2,226,26,288,2,0.001772 0,222,11,315,2,0.001744
/home/dysjin/data/CARLA.v20-carla_v20.coco/valid/007076_png.rf.d635d979c35f5dd6da756ef9889aef0b.jpg 396,213,419,243,5,0.973553
/home/dysjin/data/CARLA.v20-carla_v20.coco/valid/112475_png.rf.df928fa484eb08e1454caacc1e194352.jpg 334,230,357,296,2,0.983202 372,243,385,258,2,0.003221
/home/dysjin/data/CARLA.v20-carla_v20.coco/valid/Town02_006960_png.rf.eedfb90c1deb0d66a31341acd2e08f4f.jpg 1,176,29,209,6,0.902068 582,173,639,246,6,0.799727 147,165,169,181,3,0.458048 146,161,171,184,6,0.045073 2,171,16,203,6,0.004850 145,176,169,240,1,0.004445 167,175,181,191,6,0.002912 204,180,229,192,6,0.002192 0,174,17,232,6,0.001887 158,178,171,205,1,0.001708 215,178,240,190,6,0.001043
/home/dysjin/data/CARLA.v20-carla_v20.coco/valid/Town05_010860_png.rf.f31c0584fff1474ad2b0f4132e874f7d.jpg 311,183,331,249,0,0.854262 1,181,63,214,6,0.830393 0,194,11,222,6,0.068837 303,180,320,195,6,0.017508 309,180,324,210,0,0.009621 26,187,58,207,6,0.006535 255,186,267,200,0,0.006055 247,186,259,201,0,0.004179 0,184,12,215,6,0.003375 3,196,29,214,6,0.003150 314,179,330,196,6,0.002236 58,168,75,183,6,0.002038 60,174,73,191,0,0.001750 208,188,220,202,0,0.001696 31,167,54,182,6,0.001586 299,181,311,204,0,0.001402 46,167,65,183,6,0.001213
/home/dysjin/data/CARLA.v20-carla_v20.coco/valid/Town05_004800_png.rf.ee7c080c8716cb366969ca625bb6d68b.jpg 243,185,269,204,6,0.942115 351,187,367,203,6,0.460377 215,186,238,203,6,0.048866 420,222,636,343,6,0.036249 185,186,201,202,6,0.011689 347,181,360,198,0,0.007449 216,177,268,202,6,0.005915 629,171,640,199,6,0.004646 363,186,378,201,6,0.004033 320,186,332,202,0,0.003688 333,186,348,201,0,0.003226 626,159,640,208,0,0.002124 566,173,581,197,1,0.001921 245,195,268,210,6,0.001698 342,181,367,209,0,0.001538 266,184,277,204,0,0.001445 230,185,257,201,6,0.001162 194,188,211,205,6,0.001138
/home/dysjin/data/CARLA.v20-carla_v20.coco/valid/Town05_009840_png.rf.f5040ce45ecca2822cb3b1b4ea8a6f61.jpg 295,192,366,249,6,0.939544 308,187,363,214,6,0.005218 312,191,342,205,6,0.004030 271,188,287,203,6,0.003894 279,189,295,205,6,0.002456 352,189,372,208,6,0.002364 339,190,362,209,6,0.001578
/home/dysjin/data/CARLA.v20-carla_v20.coco/valid/041861_png.rf.f5f3812ca6c536c5c25bea3d596be111.jpg 301,235,325,296,0,0.954868 96,244,224,309,6,0.929168 399,210,431,240,4,0.903145 353,215,366,230,4,0.012378 346,215,358,229,4,0.011163 188,234,240,284,6,0.007891 155,237,242,304,6,0.003751 214,232,240,281,1,0.001134 631,224,640,343,2,0.001055
/home/dysjin/data/CARLA.v20-carla_v20.coco/valid/Town02_003120_png.rf.f36fecf8d2ee4965c1f3bddaaaad5f33.jpg 405,188,493,220,6,0.790346 610,184,640,215,6,0.653088 461,191,489,218,1,0.022131 624,189,639,245,6,0.017818 402,202,431,221,1,0.011538 615,162,640,246,6,0.011455 394,195,438,223,6,0.011148 0,193,8,221,6,0.002361 171,198,190,218,1,0.001760 517,182,577,212,6,0.001415 471,188,493,223,0,0.001049
/home/dysjin/data/CARLA.v20-carla_v20.coco/valid/003755_png.rf.f6343810071c5f5401b5697ef363285d.jpg 405,212,437,242,4,0.974186 307,237,327,251,6,0.071729
/home/dysjin/data/CARLA.v20-carla_v20.coco/valid/Town01_003300_png.rf.fae28071a74fa02928094ff14cdbb3aa.jpg 273,199,360,269,6,0.987844 506,178,565,216,6,0.127674 194,196,213,212,6,0.059032 277,193,298,206,6,0.028290 317,189,336,204,6,0.014185 163,189,219,210,6,0.009839 288,192,310,207,6,0.008233 302,190,326,204,6,0.006608 203,195,218,215,1,0.004722 52,183,104,206,6,0.004467 269,196,289,212,6,0.001949 83,185,100,209,2,0.001580 60,207,72,232,1,0.001189
/home/dysjin/data/CARLA.v20-carla_v20.coco/valid/138255_png.rf.fbf65e3e930393318a8312fdaefcae24.jpg 55,231,83,291,2,0.962124 515,330,530,360,2,0.013182 64,225,86,277,2,0.004392 63,244,76,276,2,0.002339 0,231,11,310,2,0.002147 195,233,208,256,2,0.001561 566,265,629,299,6,0.001284
/home/dysjin/data/CARLA.v20-carla_v20.coco/valid/005373_png.rf.f68e0e113c5193c933cbee38c6a6bc2d.jpg 145,237,162,264,2,0.889380 155,238,169,263,2,0.757077 137,237,152,260,2,0.743712 123,236,141,259,2,0.026475 168,238,179,261,2,0.021831 0,222,12,298,2,0.003778 0,231,11,308,2,0.002398 145,232,162,247,2,0.001639
/home/dysjin/data/CARLA.v20-carla_v20.coco/valid/001630_png.rf.ff5ced110f03f998a7a6998ddf647fd2.jpg 409,212,437,241,3,0.992056 48,230,109,254,6,0.010576 353,249,367,267,1,0.004012 50,237,88,252,6,0.003069
/home/dysjin/data/CARLA.v20-carla_v20.coco/valid/006662_png.rf.fa42143249c7b6a780238796639341d3.jpg 466,228,502,315,2,0.705243 515,197,587,267,6,0.005068 546,201,599,246,6,0.001021
/home/dysjin/data/CARLA.v20-carla_v20.coco/valid/Town05_004860_png.rf.f5c138159cbce172c63fa9a736f9c655.jpg 242,185,269,204,6,0.931514 351,187,367,204,6,0.492225 215,185,238,203,6,0.043008 420,223,636,342,6,0.031700 185,186,201,202,6,0.012422 216,176,268,202,6,0.011076 629,171,640,199,6,0.007388 347,181,360,198,0,0.006142 320,186,331,202,0,0.004404 363,186,378,201,6,0.004032 626,159,640,208,0,0.002369 266,184,277,203,0,0.002283 332,186,347,202,0,0.001935 245,195,267,210,6,0.001588 194,187,211,205,6,0.001363 342,182,368,209,0,0.001250
/home/dysjin/data/CARLA.v20-carla_v20.coco/valid/Town01_008460_png.rf.03f3160d63f090b29499596ec3c8c4b5.jpg 29,194,138,250,6,0.947363 552,190,640,221,6,0.657755 535,192,591,222,6,0.285152 628,181,640,233,6,0.036796 238,196,249,216,0,0.009469 1,185,36,272,6,0.005169 81,200,150,240,6,0.004642 235,189,250,210,1,0.004289 0,210,63,251,6,0.003789 539,196,566,217,6,0.001555 370,197,384,216,1,0.001202 428,194,492,215,6,0.001068 379,198,394,216,1,0.001050
/home/dysjin/data/CARLA.v20-carla_v20.coco/valid/005508_png.rf.0ab3da1b4970047c9b42e5bbe5d4e6f1.jpg 31,231,60,288,2,0.980231 91,227,120,318,2,0.171828 0,249,44,287,6,0.002652 38,243,52,276,2,0.002169 39,223,76,308,2,0.001386
/home/dysjin/data/CARLA.v20-carla_v20.coco/valid/Town01_006180_png.rf.089d25ecaf49fe28c7f3bf0c3614732b.jpg 313,191,325,215,1,0.636875 311,188,324,212,0,0.448612 399,179,421,192,6,0.274445 355,176,371,186,6,0.175131 356,171,372,183,3,0.032076 0,190,14,250,6,0.003769 316,180,329,198,0,0.001291 298,189,333,208,0,0.001101 0,195,11,267,6,0.001059
/home/dysjin/data/CARLA.v20-carla_v20.coco/valid/Town02_008340_png.rf.044a76656e2e2fe428cd425926d9acbe.jpg 549,190,616,221,6,0.961107 163,191,240,244,6,0.822351 269,185,289,198,6,0.320363 524,189,576,223,6,0.009926 246,186,259,207,1,0.004415 152,212,215,245,6,0.003278 593,188,640,226,6,0.002291 258,177,297,196,6,0.001803 407,187,423,210,2,0.001338 257,186,276,201,6,0.001190
/home/dysjin/data/CARLA.v20-carla_v20.coco/valid/075710_png.rf.0b62bb94157d1f2113ac6bbefe158022.jpg 308,243,350,269,6,0.997964 0,242,183,414,6,0.965790 172,243,247,306,6,0.952955 238,242,268,274,6,0.807809 203,246,271,286,6,0.209424 252,239,266,276,0,0.014517 0,118,205,480,6,0.003940 212,232,268,270,6,0.001995
/home/dysjin/data/CARLA.v20-carla_v20.coco/valid/041689_png.rf.0d648fbd58416a80b414e4503d51c42e.jpg 298,237,337,326,0,0.897555
/home/dysjin/data/CARLA.v20-carla_v20.coco/valid/003751_png.rf.0ff9ef7c8c8e4f5eab52437609a3b501.jpg 395,215,421,242,4,0.964983 307,237,326,250,6,0.074667
/home/dysjin/data/CARLA.v20-carla_v20.coco/valid/Town02_008820_png.rf.135414697b8215dc125af6b125d3058c.jpg 271,208,372,341,6,0.965658 508,178,563,210,6,0.634852 386,185,435,208,6,0.048802 524,168,592,207,6,0.021954 333,187,347,203,1,0.013927 563,177,628,219,6,0.011499 340,187,357,200,6,0.008192 48,188,109,225,6,0.006278 221,189,233,207,0,0.004505 179,185,200,203,6,0.002666 304,187,320,200,6,0.002526 140,177,166,196,3,0.002326 0,172,13,245,6,0.002310 130,170,178,201,6,0.002269 269,188,282,202,0,0.002106 392,181,411,195,3,0.002045 280,189,295,201,6,0.002032 0,181,13,258,6,0.001845 431,195,442,221,1,0.001794 317,186,335,203,6,0.001433 474,169,526,202,6,0.001365 70,189,136,224,6,0.001329 353,188,370,201,6,0.001217 0,162,12,231,6,0.001057
/home/dysjin/data/CARLA.v20-carla_v20.coco/valid/006664_png.rf.1466f666c872e94bac27eba56bbdfb5b.jpg 477,233,522,323,2,0.892978 452,217,542,335,2,0.008661 497,227,541,318,2,0.001993
/home/dysjin/data/CARLA.v20-carla_v20.coco/valid/014570_png.rf.1235b2ca71c181a49fda1bb53eaa19cd.jpg 434,226,455,288,2,0.992641 53,240,133,262,6,0.990952 298,241,335,262,6,0.903390 0,211,13,282,2,0.010676 0,212,11,302,2,0.007832 438,242,451,276,2,0.001715 326,236,339,260,1,0.001041
/home/dysjin/data/CARLA.v20-carla_v20.coco/valid/112550_png.rf.1ca2fa82e03653536df85cf5faf5753c.jpg 522,226,549,297,2,0.402671 583,232,636,256,6,0.006520 377,241,392,257,2,0.004999 610,235,634,253,6,0.002794 300,242,326,254,6,0.001069
/home/dysjin/data/CARLA.v20-carla_v20.coco/valid/Town02_000780_png.rf.16d5987bcdc7d08470c1b3e757e128e5.jpg 302,186,345,314,1,0.989122 46,184,116,217,6,0.948421 280,185,299,203,6,0.878388 28,187,89,212,6,0.246484 288,180,303,205,0,0.028194 34,190,56,208,6,0.008077 72,194,114,211,6,0.007523 367,187,383,204,6,0.005554 330,184,347,201,6,0.005214 316,180,337,194,6,0.005057 580,181,640,211,6,0.003190 303,181,323,194,6,0.002623 342,185,359,202,6,0.002428 537,160,569,253,2,0.001337 355,187,372,204,6,0.001175 24,190,43,208,6,0.001152 357,179,372,194,3,0.001058
/home/dysjin/data/CARLA.v20-carla_v20.coco/valid/Town02_001500_png.rf.1e8a22666698f8954863a9939bc59942.jpg 183,190,214,216,6,0.517041 603,167,637,295,2,0.280405 180,190,212,213,1,0.018175 623,208,640,281,6,0.016211 437,195,483,225,6,0.016171 505,197,591,257,6,0.015304 487,213,555,250,6,0.014874 585,219,636,270,6,0.009915 537,214,625,281,6,0.005943 442,191,462,209,6,0.001674 566,173,640,320,2,0.001649 447,191,469,210,4,0.001192
/home/dysjin/data/CARLA.v20-carla_v20.coco/valid/Town05_004620_png.rf.0e4a190ca586e0e90df6b90be2c83f5b.jpg 390,178,460,208,6,0.995638 584,183,636,211,6,0.428677 348,184,362,199,6,0.359711 286,185,299,200,6,0.115585 291,184,302,202,0,0.016634 218,187,236,201,6,0.015155 555,182,614,213,6,0.008572 569,171,638,228,6,0.002399 255,181,275,195,6,0.002034 271,186,287,202,0,0.001430 570,188,600,207,6,0.001351 365,181,381,194,6,0.001298 257,187,272,202,6,0.001258 566,160,603,241,2,0.001257 291,181,305,196,6,0.001126 398,180,429,197,6,0.001074
/home/dysjin/data/CARLA.v20-carla_v20.coco/valid/006578_png.rf.21f08e8ed63ab67b3ef05528af8ef9e6.jpg 369,222,386,239,3,0.971171 259,236,296,257,6,0.956422 0,196,13,271,6,0.017028 0,186,12,257,6,0.004877
/home/dysjin/data/CARLA.v20-carla_v20.coco/valid/Town01_004320_png.rf.1f6552094735eb0bd49b614b7e584c58.jpg 265,187,370,283,6,0.835292 0,195,12,219,6,0.012511 541,112,618,184,6,0.009892 553,110,605,187,2,0.008820 606,75,640,187,2,0.005964 0,187,11,211,6,0.002821 511,203,562,235,6,0.001645 570,92,632,176,2,0.001500 294,185,309,204,1,0.001434 194,187,207,204,0,0.001256 268,174,281,193,0,0.001056 537,75,628,146,6,0.001029
/home/dysjin/data/CARLA.v20-carla_v20.coco/valid/Town02_006720_png.rf.2632fd4f3d65ff215e84d472badfd870.jpg 268,191,288,208,6,0.977047 576,176,640,220,6,0.760861 344,192,356,209,1,0.122415 344,195,355,213,0,0.063079 560,176,586,214,6,0.032605 0,145,11,222,3,0.016445 0,172,14,244,6,0.015805 195,187,215,205,6,0.012552 0,185,14,254,6,0.009970 290,190,305,205,6,0.009354 0,152,12,236,2,0.008017 122,184,183,215,6,0.007117 2,179,26,238,6,0.005532 164,187,218,209,6,0.002735 217,188,239,204,6,0.002645 335,190,350,205,0,0.002406 351,191,367,205,6,0.001887 303,189,321,203,6,0.001655 569,184,595,207,6,0.001340 556,168,615,207,6,0.001138 192,184,239,204,6,0.001095 553,182,575,207,6,0.001037
/home/dysjin/data/CARLA.v20-carla_v20.coco/valid/Town05_006900_png.rf.2eaa1f5f6de8c6bffcd968f78f2f53b4.jpg 237,179,261,228,0,0.885771 426,216,640,339,6,0.038293 330,187,343,204,0,0.009187 318,191,337,204,0,0.002796
/home/dysjin/data/CARLA.v20-carla_v20.coco/valid/005482_png.rf.1eef94cb1d26525ab4b64d28fc9be58d.jpg 0,214,30,325,2,0.744430 0,208,14,289,6,0.008958 0,206,28,373,2,0.004323 12,220,41,317,2,0.003877 71,243,160,266,6,0.003366 0,225,10,267,6,0.001398
/home/dysjin/data/CARLA.v20-carla_v20.coco/valid/138251_png.rf.2622df013f55b1f57387212b95c87241.jpg 77,228,99,290,2,0.905645 533,245,628,307,6,0.002498 78,240,91,277,2,0.002429 526,389,638,466,6,0.001715 187,246,199,269,1,0.001235
/home/dysjin/data/CARLA.v20-carla_v20.coco/valid/007070_png.rf.2316a0a54db7e4a749f421570aadd160.jpg 385,216,404,243,5,0.854085
/home/dysjin/data/CARLA.v20-carla_v20.coco/valid/Town05_010920_png.rf.2325292b5e147dc41c10fe128f6256f9.jpg 303,172,342,290,0,0.986406 293,179,312,192,6,0.122893 314,177,334,193,6,0.009125 288,175,334,195,6,0.002228 159,185,171,203,0,0.002001 243,176,257,191,0,0.001439
/home/dysjin/data/CARLA.v20-carla_v20.coco/valid/Town01_006420_png.rf.2b897cd6227874bc930ae1c7e17e3b3b.jpg 310,191,321,209,0,0.491547 314,194,324,211,1,0.248118 584,160,638,209,6,0.104721 298,189,314,201,6,0.023318 380,181,394,193,3,0.021197 305,184,327,215,0,0.008091 584,185,638,228,6,0.007036 382,186,393,204,2,0.006959 0,216,9,245,6,0.004775 0,188,13,256,6,0.004711 343,179,357,190,3,0.003354 0,206,9,240,6,0.002633 383,195,395,214,1,0.002124 281,188,298,202,6,0.001849 269,190,283,202,6,0.001673
/home/dysjin/data/CARLA.v20-carla_v20.coco/valid/Town05_006780_png.rf.253c814d6e368b92a888141244ca1a16.jpg 172,179,213,262,1,0.805490 194,175,206,196,0,0.129686 355,180,374,195,6,0.044180 579,233,636,261,6,0.038830 319,189,335,204,0,0.016040 329,188,342,203,0,0.010470 193,168,208,185,0,0.003284 184,185,214,252,0,0.003157 292,190,308,204,0,0.003073 304,190,322,204,0,0.002719 187,183,201,207,0,0.002453 46,169,64,181,6,0.002388 256,190,270,206,0,0.002033 247,189,260,205,0,0.001677 366,184,379,201,0,0.001567 59,175,71,191,0,0.001545
/home/dysjin/data/CARLA.v20-carla_v20.coco/valid/Town01_008280_png.rf.2f69ce357d9638b109b359e31c238ab4.jpg 280,194,303,207,6,0.514537 314,194,332,207,6,0.386875 284,192,340,209,6,0.254124 56,181,108,208,6,0.094778 456,198,490,213,6,0.086480 273,191,289,203,6,0.043707 434,191,491,211,6,0.013879 131,182,198,204,6,0.013633 382,201,395,217,2,0.009158 18,183,89,214,6,0.005907 399,204,425,217,6,0.003600 389,203,408,217,6,0.003481 262,188,276,202,0,0.002374 443,195,463,213,6,0.002003 353,162,367,179,3,0.001908 91,188,114,209,6,0.001738 181,185,202,208,1,0.001351
/home/dysjin/data/CARLA.v20-carla_v20.coco/valid/Town01_005100_png.rf.262bb9c3104b14f5fb633de3dafd0a52.jpg 577,188,602,222,6,0.348124 581,187,603,222,0,0.225252 43,186,115,211,6,0.019169 146,199,159,215,0,0.008503 340,194,360,217,1,0.004172 6,190,28,205,6,0.003790 549,183,601,214,6,0.002308 80,187,105,204,6,0.002182 571,168,636,228,6,0.002161 326,183,355,212,1,0.001610 610,176,632,194,6,0.001059
/home/dysjin/data/CARLA.v20-carla_v20.coco/valid/Town01_011940_png.rf.2554f5ab3ce2122d2ef300838472450f.jpg 205,184,275,230,6,0.811662 563,196,607,223,6,0.514196 569,199,598,219,1,0.288438 332,185,348,201,6,0.148268 0,176,41,215,6,0.019322 339,186,354,204,1,0.013312 322,184,338,202,6,0.004698 393,186,411,208,1,0.003936 580,204,605,226,0,0.003212 580,184,622,255,6,0.002827 329,179,346,199,1,0.002726 594,205,615,231,0,0.001118 564,184,608,252,1,0.001006
/home/dysjin/data/CARLA.v20-carla_v20.coco/valid/041684_png.rf.2f70db5ab75442cd11fffa13a776ae97.jpg 298,237,338,327,0,0.942177
/home/dysjin/data/CARLA.v20-carla_v20.coco/valid/Town05_010980_png.rf.2071755951cd753466eb2cc53fd2fe0c.jpg 303,176,342,284,0,0.985604 269,187,285,204,0,0.001786
/home/dysjin/data/CARLA.v20-carla_v20.coco/valid/112459_png.rf.33bdc5bd58f0f631808a95c4ceb9a78f.jpg 290,230,316,295,2,0.989214 251,249,276,263,6,0.001782 612,235,634,253,6,0.001163 372,247,386,263,1,0.001131 297,245,309,278,2,0.001082
/home/dysjin/data/CARLA.v20-carla_v20.coco/valid/041653_png.rf.31aa86a50239c7e6cbc52c66846dac06.jpg 297,239,336,322,0,0.834468
/home/dysjin/data/CARLA.v20-carla_v20.coco/valid/041819_png.rf.374472e0a0868df264a4100cb7734e35.jpg 18,239,70,263,6,0.986149 171,220,187,238,4,0.962302 109,240,134,303,0,0.737212 107,231,163,306,0,0.001321 165,218,177,231,4,0.001042
/home/dysjin/data/CARLA.v20-carla_v20.coco/valid/Town05_010800_png.rf.3489607b659edfbc485537135e06f34b.jpg 310,183,332,249,0,0.828234 0,191,134,269,6,0.817045 127,184,179,203,6,0.110936 156,185,173,203,0,0.029262 299,184,312,202,0,0.026406 302,181,320,196,6,0.023182 330,180,348,195,6,0.002451 313,180,333,196,6,0.002096 0,215,157,318,6,0.001979 168,186,181,204,0,0.001472 120,185,140,206,1,0.001447 343,180,358,195,0,0.001346 208,189,221,206,0,0.001226 354,180,371,194,6,0.001079 220,189,233,205,0,0.001041
/home/dysjin/data/CARLA.v20-carla_v20.coco/valid/Town02_001080_png.rf.2d29b90fb99ccf7727caeaa1914436b4.jpg 302,185,345,314,1,0.989462 90,184,240,294,6,0.956837 277,184,297,201,6,0.938302 0,200,86,355,6,0.899896 23,191,83,219,6,0.072014 315,181,335,194,6,0.043000 26,189,58,205,6,0.031235 580,182,640,213,6,0.014518 304,183,321,199,6,0.012175 287,180,304,203,6,0.010631 0,195,13,220,6,0.006278 367,187,383,203,6,0.005551 6,207,161,331,6,0.003514 6,197,30,217,6,0.003391 61,196,80,218,6,0.003155 7,190,31,209,6,0.002882 327,180,346,196,6,0.002641 37,190,71,207,6,0.002481 0,186,12,212,6,0.002075 230,176,252,191,6,0.001947 342,185,359,202,6,0.001450 4,217,79,380,6,0.001296 18,195,46,214,6,0.001251 0,183,42,213,6,0.001212
/home/dysjin/data/CARLA.v20-carla_v20.coco/valid/Town02_005700_png.rf.39e8547ff43ddaa06ed2b24f114c8a27.jpg 238,202,400,335,6,0.986353 280,185,298,201,6,0.746796 484,186,509,199,6,0.197770 554,191,588,206,6,0.186311 315,183,333,200,6,0.099275 304,184,324,199,6,0.093993 535,192,564,207,6,0.050465 583,180,637,213,6,0.009691 287,181,311,197,6,0.006654 465,178,511,199,6,0.005104 546,197,575,209,6,0.003856 522,191,549,207,6,0.003523 509,191,538,204,6,0.003320 290,176,336,200,6,0.002877 585,186,609,205,6,0.002528 0,121,10,148,6,0.001955 100,185,156,213,6,0.001901 327,184,342,202,6,0.001762 496,188,520,204,6,0.001600 0,126,15,195,4,0.001577 117,197,143,214,6,0.001003
/home/dysjin/data/CARLA.v20-carla_v20.coco/valid/Town02_002040_png.rf.3d0fd4b3b3749ac8ebdf480959eb8e66.jpg 299,187,343,311,1,0.984599 264,189,290,208,6,0.666279 0,195,114,349,6,0.403630 101,190,163,222,6,0.284332 274,187,323,206,6,0.241918 142,192,163,217,0,0.047468 54,186,81,225,1,0.036386 53,177,80,217,0,0.022343 71,174,149,225,6,0.021194 129,194,161,216,6,0.017045 50,177,67,197,3,0.009049 47,188,91,224,6,0.008265 51,183,68,206,0,0.007823 155,192,168,219,0,0.003930 64,195,87,218,1,0.002169 0,216,189,326,6,0.001945 143,187,163,213,1,0.001944 53,178,76,198,0,0.001680 64,163,106,236,1,0.001100 156,188,168,209,0,0.001023 49,193,68,218,0,0.001018
/home/dysjin/data/CARLA.v20-carla_v20.coco/valid/075707_png.rf.2ff4a82560cfe658387e361a6cc43ef0.jpg 307,244,352,270,6,0.997954 172,242,248,306,6,0.969211 0,241,183,412,6,0.964239 239,241,269,274,6,0.791203 211,240,270,281,6,0.325531 252,238,267,276,0,0.026450 0,117,204,480,6,0.003681 0,307,74,472,6,0.001156
/home/dysjin/data/CARLA.v20-carla_v20.coco/valid/138320_png.rf.332f3bdf3abffc7dd973858c3061b801.jpg 55,233,84,287,2,0.949991 372,228,383,242,4,0.006660 62,244,77,275,2,0.006170 379,229,390,243,4,0.004027 0,236,13,305,2,0.002119
/home/dysjin/data/CARLA.v20-carla_v20.coco/valid/003766_png.rf.3dbe103da1003d1fb3bd18ad0d0894b4.jpg 456,199,511,241,4,0.945869 310,237,325,254,6,0.012249
/home/dysjin/data/CARLA.v20-carla_v20.coco/valid/121245_png.rf.3c6765f574e34bb200e320d55fc2ffe7.jpg 274,248,359,316,6,0.992818 268,233,283,256,1,0.006102 260,235,276,256,1,0.003482
/home/dysjin/data/CARLA.v20-carla_v20.coco/valid/Town05_011040_png.rf.3f658b3c60547a5478cb61d6b76eb55c.jpg 307,183,329,213,0,0.803359 432,219,617,326,6,0.015722 314,166,346,279,0,0.002922 236,185,248,202,0,0.001986 235,175,247,194,0,0.001282
/home/dysjin/data/CARLA.v20-carla_v20.coco/valid/Town02_004920_png.rf.3cdedb8ebbe317a63567ec577e3789a8.jpg 309,182,332,242,1,0.838882 209,187,224,203,1,0.031734 367,187,381,202,6,0.014069 300,191,333,233,0,0.008975 199,188,213,205,1,0.008729 331,180,350,195,3,0.007652 341,179,360,192,3,0.006461 217,187,232,203,6,0.006168 354,180,373,194,3,0.004958 169,188,184,202,6,0.004318 331,167,347,184,3,0.003211 328,184,344,203,6,0.002746 268,179,290,194,6,0.002255 341,167,357,183,3,0.002217 281,183,295,202,0,0.001975 162,188,175,204,6,0.001780 208,193,220,215,1,0.001196 269,186,287,199,6,0.001086
/home/dysjin/data/CARLA.v20-carla_v20.coco/valid/Town05_002760_png.rf.41faa57cc70298c90c62fe9f6a3f08c9.jpg 108,189,122,207,0,0.457363 384,185,393,201,1,0.191284 115,186,134,202,6,0.189242 43,189,63,208,6,0.187176 103,187,116,204,0,0.049951 249,182,262,201,0,0.040489 255,178,267,196,0,0.035256 322,184,334,199,0,0.031788 248,178,263,195,6,0.028283 329,186,340,200,6,0.012544 57,184,71,206,0,0.009930 390,186,402,200,6,0.007152 380,168,392,181,4,0.006503 119,182,135,196,6,0.005296 384,182,395,195,3,0.004672 309,184,322,200,0,0.002932 244,168,262,184,6,0.002251 109,182,125,197,0,0.002000 254,169,271,185,6,0.001553 292,180,310,192,0,0.001485 130,185,145,201,0,0.001451 281,179,296,191,0,0.001325 103,194,116,212,0,0.001004
/home/dysjin/data/CARLA.v20-carla_v20.coco/valid/Town02_001740_png.rf.4072bb166a4df4f9403df039e28a73f3.jpg 300,188,342,312,1,0.988111 38,186,54,207,1,0.287538 284,188,298,200,6,0.049971 43,183,60,204,1,0.034407 291,188,306,200,6,0.018784 39,192,51,214,1,0.010350 305,187,319,202,6,0.008678 44,180,64,196,3,0.005222 273,188,288,202,6,0.003477 4,184,58,208,6,0.002611 147,186,166,205,6,0.002470 23,188,47,205,6,0.002352 0,179,7,210,6,0.002027 344,165,359,181,4,0.001644 354,165,368,180,4,0.001516 23,185,64,204,0,0.001169
/home/dysjin/data/CARLA.v20-carla_v20.coco/valid/026849_png.rf.52e90800c02b90489d2521817c6942f7.jpg 421,206,458,242,3,0.992788 426,216,452,232,3,0.002704
/home/dysjin/data/CARLA.v20-carla_v20.coco/valid/Town02_001560_png.rf.44c7e46d6d34263ac9f429ccb2cd2655.jpg 79,188,95,221,1,0.564238 65,185,93,216,0,0.282900 61,190,81,206,6,0.242275 67,190,91,211,1,0.118518 21,185,33,206,0,0.084108 12,187,29,205,6,0.066344 62,184,98,216,6,0.047102 432,185,461,232,1,0.014816 53,190,69,203,6,0.012651 1,185,14,208,6,0.011290 429,197,491,239,1,0.011213 430,188,491,232,6,0.006102 411,181,461,217,6,0.005438 456,189,515,227,6,0.003986 363,191,413,228,6,0.003970 71,191,110,218,0,0.003026 457,80,544,137,6,0.002510 0,175,18,220,6,0.002242 393,200,457,236,6,0.001753 427,195,451,220,1,0.001468 0,175,12,199,6,0.001416 519,91,576,131,6,0.001047
/home/dysjin/data/CARLA.v20-carla_v20.coco/valid/Town02_003420_png.rf.4347a7bee8aec9f5c84eb5295856f9a9.jpg 329,200,379,231,6,0.847818 331,195,387,228,1,0.439360 15,188,101,231,6,0.367144 61,200,115,231,6,0.005280 172,199,189,218,0,0.005033 0,190,12,248,6,0.004328 336,201,363,224,1,0.003871 0,194,72,226,6,0.003091 326,200,354,230,0,0.002215 528,183,588,212,6,0.001272 360,203,381,230,0,0.001189
/home/dysjin/data/CARLA.v20-carla_v20.coco/valid/Town01_006060_png.rf.3d76b002da6076434f028293d0c4a498.jpg 304,188,340,272,1,0.722857 420,192,453,229,1,0.115144 181,210,202,225,6,0.011164 191,209,214,224,6,0.010039 402,193,453,229,6,0.008334 157,212,172,228,6,0.002296 169,212,188,227,6,0.001778 383,197,393,221,1,0.001249 152,212,163,231,1,0.001151 0,182,12,258,6,0.001050
/home/dysjin/data/CARLA.v20-carla_v20.coco/valid/Town02_007800_png.rf.4e6520c0e9dd39a93f5048a2caea0283.jpg 328,191,425,231,6,0.664588 519,188,547,202,6,0.459762 612,198,640,239,6,0.424621 316,193,364,226,6,0.376022 304,187,320,199,6,0.330852 384,193,440,231,6,0.136668 533,188,557,204,6,0.031482 0,188,43,230,6,0.027363 0,183,17,235,6,0.026635 298,190,312,203,0,0.015226 0,192,13,247,6,0.012060 314,188,334,202,6,0.010392 49,194,60,219,1,0.009831 0,214,9,246,6,0.004893 625,214,640,242,6,0.004704 578,189,593,208,6,0.004698 561,191,586,206,6,0.004692 507,186,526,202,6,0.003447 548,189,569,205,6,0.002909 0,181,12,213,6,0.002303 543,187,598,209,6,0.002222 585,191,608,206,6,0.001996 517,195,532,210,0,0.001509 397,206,433,227,6,0.001448 282,190,299,202,6,0.001205 268,188,282,200,6,0.001035
/home/dysjin/data/CARLA.v20-carla_v20.coco/valid/Town01_001860_png.rf.53e5db5983ad00d8986ebdc44e1e76ef.jpg 203,200,445,358,6,0.994971 99,187,113,205,1,0.270821 291,184,310,202,6,0.151167 316,183,335,201,6,0.128088 301,185,324,201,6,0.047483 143,185,165,204,6,0.031461 138,184,151,207,1,0.019194 102,193,113,213,1,0.018413 327,182,343,205,0,0.008071 156,184,169,206,1,0.007216 288,174,335,201,6,0.004477 220,186,236,200,0,0.004333 231,185,243,203,0,0.003909 104,185,121,204,6,0.003739 216,181,235,193,6,0.003470 1,185,12,211,6,0.002670 279,181,305,197,6,0.002545 84,185,106,201,6,0.002483 54,164,75,183,4,0.002415 34,165,81,200,6,0.002355 0,193,12,219,6,0.002354 95,181,116,209,0,0.002293 58,182,76,209,1,0.002266 42,164,72,182,6,0.002182 200,78,443,380,6,0.002145 207,180,227,191,6,0.002123 8,187,22,208,6,0.002080 56,194,75,216,1,0.002076 64,184,122,203,6,0.002047 418,170,482,204,6,0.002018 7,196,23,214,6,0.001767 266,175,314,201,6,0.001755 474,181,521,214,6,0.001681 287,176,316,201,0,0.001632 70,183,88,202,6,0.001602 449,185,477,202,6,0.001321 0,172,16,222,6,0.001143
/home/dysjin/data/CARLA.v20-carla_v20.coco/valid/Town01_006120_png.rf.405fede50ad311216cb9943968a5cdf5.jpg 316,190,330,218,1,0.583541 315,187,331,221,0,0.122931 355,168,368,180,4,0.065758 362,164,381,178,3,0.047449 357,177,369,187,3,0.007545 374,167,398,182,4,0.005944 348,168,360,181,4,0.005408 473,169,526,197,6,0.003719 388,176,413,187,6,0.001656 349,177,361,188,4,0.001427
/home/dysjin/data/CARLA.v20-carla_v20.coco/valid/041864_png.rf.51f1d81198f2e5b7a450f586235760ec.jpg 304,239,329,296,0,0.972177 416,209,447,243,4,0.969815 76,227,236,316,6,0.737503 355,215,368,231,4,0.211866 363,211,378,229,4,0.017106 77,263,167,319,6,0.009630 189,225,242,266,6,0.005418 347,214,359,228,4,0.002124 378,211,393,230,4,0.001609 63,277,125,317,6,0.001430
/home/dysjin/data/CARLA.v20-carla_v20.coco/valid/Town01_012060_png.rf.58e57e1a7e8d4f630323ae1827ca68bc.jpg 562,197,608,223,6,0.807917 333,186,350,201,6,0.081807 339,186,355,203,1,0.031254 0,176,41,215,6,0.025551 306,197,319,213,6,0.018998 580,204,605,226,0,0.005440 393,186,410,208,1,0.003192 581,185,622,255,6,0.002789 317,188,336,203,6,0.001972 594,205,614,231,0,0.001811 272,187,286,202,6,0.001565 595,200,618,259,0,0.001260
/home/dysjin/data/CARLA.v20-carla_v20.coco/valid/009044_png.rf.59d4a83882b4b6af242cbd9e0e31ba80.jpg 557,218,581,242,3,0.966946 0,196,13,250,3,0.524431 0,188,11,295,2,0.014955 0,206,23,236,3,0.007672 0,203,10,311,2,0.002811 343,230,354,245,3,0.002635 0,172,13,255,3,0.001194 552,197,590,267,3,0.001060
/home/dysjin/data/CARLA.v20-carla_v20.coco/valid/Town02_002520_png.rf.55f8a7c01a8e4b86c99a794d7b61cd5d.jpg 218,185,408,337,6,0.994050 162,199,227,234,6,0.981485 145,177,164,196,3,0.006387 145,182,161,208,2,0.003103 401,188,424,206,6,0.002241 126,160,464,380,6,0.002078
/home/dysjin/data/CARLA.v20-carla_v20.coco/valid/Town02_008760_png.rf.5bfb07b6a5fbe6700b4b9c150b9c6576.jpg 272,209,371,341,6,0.968124 271,186,287,200,6,0.841156 522,175,595,210,6,0.663097 496,178,557,210,6,0.105479 587,182,632,212,6,0.065966 386,183,435,208,6,0.053824 333,188,348,203,6,0.031088 340,187,358,200,6,0.022402 179,186,200,203,6,0.008369 264,182,293,206,6,0.007225 271,181,287,198,0,0.005758 263,186,277,201,0,0.003468 352,187,371,200,6,0.003332 49,188,108,225,6,0.003322 222,198,232,217,0,0.002779 221,189,233,206,0,0.002368 317,187,336,203,6,0.002115 473,170,527,205,6,0.001737 392,180,411,195,3,0.001703 70,190,136,224,6,0.001672 430,195,441,221,1,0.001655 140,177,166,196,3,0.001582 0,171,12,246,6,0.001394 0,183,13,258,6,0.001359 606,194,633,216,6,0.001257 306,187,321,201,6,0.001238 130,170,179,200,6,0.001212 610,158,640,243,6,0.001027
/home/dysjin/data/CARLA.v20-carla_v20.coco/valid/Town01_008100_png.rf.5942043a53e2ea3c62572bf7029ed896.jpg 277,187,295,203,6,0.820496 385,197,409,210,6,0.609534 427,194,448,206,6,0.164863 289,183,305,202,6,0.036650 332,186,345,200,1,0.031630 174,184,188,206,1,0.030327 339,187,357,200,6,0.021335 397,191,451,207,6,0.020291 509,180,537,192,6,0.017165 583,179,612,194,6,0.016675 190,171,240,202,6,0.015067 303,178,322,193,6,0.011318 371,193,385,205,3,0.011164 380,195,399,208,3,0.009430 438,196,456,210,6,0.007946 320,177,336,193,6,0.005025 84,183,149,212,6,0.004671 451,190,467,206,6,0.003387 303,185,318,200,6,0.002985 414,197,437,209,6,0.002468 542,175,606,199,6,0.002155 398,194,417,212,6,0.002077 273,181,288,197,6,0.001964 370,182,383,194,4,0.001813 496,175,547,195,6,0.001756 181,193,193,216,1,0.001664 608,175,634,193,6,0.001218 175,193,188,215,1,0.001148 631,171,640,195,6,0.001093
/home/dysjin/data/CARLA.v20-carla_v20.coco/valid/Town01_010680_png.rf.5537782525200ced228c602e6dcc3456.jpg 370,181,385,193,3,0.908562 219,188,240,205,6,0.016431 330,189,342,203,1,0.004275 318,189,333,201,6,0.003100 307,188,319,201,0,0.002595 368,174,391,198,3,0.001929 206,187,226,203,6,0.001009
/home/dysjin/data/CARLA.v20-carla_v20.coco/valid/121155_png.rf.5eeb1497380edc240a771f68b9d34669.jpg 242,258,409,382,6,0.993796 563,213,598,311,2,0.950447 308,238,325,258,1,0.007900 166,240,190,252,6,0.002364 258,234,274,254,1,0.002293 267,234,284,255,1,0.002006 211,248,225,264,1,0.001903 177,239,202,251,6,0.001206 580,220,606,292,2,0.001080 543,202,618,335,2,0.001073
/home/dysjin/data/CARLA.v20-carla_v20.coco/valid/007085_png.rf.5a7141063cfddac158b01dce18de1e48.jpg 428,206,465,242,5,0.991134 437,215,456,234,5,0.012459
/home/dysjin/data/CARLA.v20-carla_v20.coco/valid/Town05_006720_png.rf.717ce1e22225ab6a97befb2b8effcc2a.jpg 180,179,218,259,1,0.698067 91,192,116,206,6,0.248424 183,187,222,253,0,0.028876 317,185,332,201,0,0.014020 352,182,373,195,6,0.013410 268,185,281,200,0,0.008116 307,187,322,201,0,0.005786 343,185,357,202,0,0.005606 331,185,343,202,0,0.005504 260,183,272,201,0,0.004025 86,188,142,207,6,0.003275 364,181,384,196,6,0.002529 132,188,151,203,6,0.001821 294,187,309,202,0,0.001731 280,188,295,202,0,0.001365 331,180,346,195,6,0.001307 315,182,336,195,6,0.001209 381,198,392,220,0,0.001091
/home/dysjin/data/CARLA.v20-carla_v20.coco/valid/Town01_006600_png.rf.612f31973b2db2fda3ee5293fd937a64.jpg 373,192,396,208,6,0.783483 127,212,138,232,1,0.008426 387,190,403,207,6,0.003402 132,211,144,230,1,0.002414 422,201,453,215,6,0.001305 296,190,308,203,6,0.001293 159,211,171,230,1,0.001090
/home/dysjin/data/CARLA.v20-carla_v20.coco/valid/112469_png.rf.4fea3a1e3f0858f468ecb362968a08fb.jpg 313,231,342,293,2,0.963366 612,235,634,253,6,0.002021 583,231,637,257,6,0.001298 320,247,334,277,2,0.001096
/home/dysjin/data/CARLA.v20-carla_v20.coco/valid/Town05_009540_png.rf.67accf9da191af14c5f05da1b6fe1e58.jpg 603,189,634,206,6,0.709168 623,185,637,209,6,0.003608 465,189,479,204,0,0.001502 259,188,272,202,0,0.001257 575,191,593,205,6,0.001008
/home/dysjin/data/CARLA.v20-carla_v20.coco/valid/041820_png.rf.69e77a8e269d90d89efc21e5026a7083.jpg 27,243,80,264,6,0.991633 179,223,195,240,4,0.927477 118,239,146,300,0,0.865451 175,218,188,233,4,0.024994 0,232,9,262,6,0.007280 182,234,194,247,4,0.004506
/home/dysjin/data/CARLA.v20-carla_v20.coco/valid/121278_png.rf.6607158f1164a75baf620dcb66d1b07e.jpg 274,250,361,316,6,0.988562 244,240,265,260,1,0.282218 0,232,44,263,6,0.001729 234,246,255,264,1,0.001552 238,235,285,263,0,0.001064
/home/dysjin/data/CARLA.v20-carla_v20.coco/valid/Town02_004620_png.rf.7280640e1c163e7c4b28010b90659788.jpg 236,191,391,330,6,0.982946 110,184,177,205,6,0.627027 307,184,326,200,6,0.557572 280,185,298,199,6,0.541513 285,182,313,201,6,0.025094 341,183,359,204,6,0.014008 135,179,169,198,6,0.012744 290,179,336,198,6,0.010891 151,182,173,204,6,0.008344 171,163,183,184,3,0.003862 114,188,148,203,6,0.003023 380,164,394,180,4,0.002746 172,175,184,197,0,0.001793 371,164,384,181,4,0.001641 326,182,345,205,6,0.001498 566,0,585,19,6,0.001284
/home/dysjin/data/CARLA.v20-carla_v20.coco/valid/Town05_016500_png.rf.75b431585ae9c755044e81517b796324.jpg 349,193,397,229,6,0.974726 128,191,224,242,6,0.883520 455,179,476,197,3,0.807349 0,199,89,289,6,0.693375 351,190,377,206,6,0.103527 115,204,175,242,6,0.030775 334,186,347,201,0,0.011399 346,187,362,203,6,0.007364 431,198,442,212,1,0.004683 9,180,155,292,6,0.004029 429,192,440,207,2,0.003737 0,182,11,210,6,0.003565 344,194,363,237,6,0.002856 244,190,257,204,0,0.002455 167,198,232,235,6,0.002093 330,183,347,194,6,0.001883 320,188,333,204,0,0.001662 375,190,391,210,6,0.001252 280,189,293,203,0,0.001028
/home/dysjin/data/CARLA.v20-carla_v20.coco/valid/Town02_001020_png.rf.79741d4293c684a4f4e895c08f1290d5.jpg 299,183,345,314,1,0.986868 0,203,88,355,6,0.931282 25,193,79,217,6,0.609493 280,186,301,200,6,0.362394 299,183,324,203,6,0.216969 190,193,211,215,1,0.199640 189,188,210,219,0,0.043983 275,187,289,202,6,0.015077 28,191,60,209,6,0.013622 328,180,346,195,6,0.010780 57,196,80,217,6,0.007899 312,180,338,196,6,0.006347 367,187,383,203,6,0.005125 580,181,640,212,6,0.003120 298,175,348,200,6,0.002448 181,185,243,216,6,0.002407 341,185,358,201,6,0.002056 537,161,569,253,2,0.001838 54,190,79,208,6,0.001570 357,179,372,194,3,0.001537 2,217,81,380,6,0.001534 10,189,30,209,6,0.001372 69,196,82,223,1,0.001196 357,164,370,183,4,0.001143
/home/dysjin/data/CARLA.v20-carla_v20.coco/valid/004996_png.rf.758bfe0873e6cba6e1d99146894cae01.jpg 491,259,512,316,2,0.981698 496,270,508,304,2,0.013628 540,272,551,300,2,0.010649 358,237,369,258,2,0.005660
/home/dysjin/data/CARLA.v20-carla_v20.coco/valid/Town02_001620_png.rf.77cda18f042297c4b15936a35acef602.jpg 306,183,336,258,1,0.233287 132,197,147,218,1,0.121932 182,188,195,210,1,0.058893 125,196,138,218,1,0.058775 308,180,339,217,6,0.038136 175,186,187,210,0,0.038014 144,197,159,217,1,0.022455 75,194,86,220,1,0.020875 192,189,208,207,1,0.010413 172,192,183,215,2,0.003017 390,189,411,205,6,0.002807 315,175,335,195,6,0.002002 222,188,235,202,6,0.001923 298,184,312,210,0,0.001523 173,180,186,197,3,0.001494 162,188,176,210,0,0.001374 132,191,149,212,2,0.001198 159,195,171,217,1,0.001170
/home/dysjin/data/CARLA.v20-carla_v20.coco/valid/112362_png.rf.868e587d8bdd37c81e4872223fbdbeb4.jpg 148,229,169,283,2,0.985476 152,234,165,268,2,0.010023 583,231,637,257,6,0.003638 312,241,337,255,6,0.002881 377,242,392,257,2,0.002178 610,235,635,253,6,0.002053
/home/dysjin/data/CARLA.v20-carla_v20.coco/valid/Town05_010080_png.rf.88fb23d739ffa2beacd3c5735d172d03.jpg 271,184,286,199,6,0.838923 312,185,326,210,0,0.801801 271,181,284,197,0,0.072698 276,179,291,202,0,0.024144 248,185,259,200,0,0.006428 266,181,292,207,6,0.004173 259,184,278,200,6,0.003810 327,179,340,195,6,0.003222 326,180,339,205,0,0.002015 198,187,209,202,0,0.001900 317,181,331,198,0,0.001621 259,182,274,196,0,0.001110 207,187,219,201,0,0.001014
/home/dysjin/data/CARLA.v20-carla_v20.coco/valid/026847_png.rf.7a28094ba474fb2fab06e58f1ebea83c.jpg 412,208,447,242,3,0.983058
/home/dysjin/data/CARLA.v20-carla_v20.coco/valid/075709_png.rf.7dd638ab9af378bf60aaa2fb92a0aea4.jpg 308,242,351,270,6,0.997935 171,242,247,306,6,0.968299 0,241,183,413,6,0.965196 239,242,269,274,6,0.817269 202,246,271,286,6,0.164131 252,238,266,276,0,0.022993 0,120,204,480,6,0.003809 212,232,268,270,6,0.001705
/home/dysjin/data/CARLA.v20-carla_v20.coco/valid/Town02_007380_png.rf.8809896fc46f6266a6729640bbc68e4c.jpg 569,192,640,220,6,0.661639 274,188,286,204,1,0.212118 277,188,294,201,6,0.098933 552,192,599,221,6,0.063409 289,181,310,195,6,0.013511 333,187,344,203,1,0.009041 607,185,640,215,6,0.006932 512,189,535,208,6,0.002260 578,196,613,217,6,0.001775 627,192,640,221,6,0.001695 544,180,617,230,6,0.001106
/home/dysjin/data/CARLA.v20-carla_v20.coco/valid/Town01_007500_png.rf.7e4c2487265d812d93246e09a19aeab2.jpg 253,194,279,211,6,0.968612 549,163,637,224,6,0.966411 527,179,552,214,6,0.436200 374,192,404,207,6,0.023303 526,176,593,217,6,0.009908 390,188,410,210,0,0.008573 604,153,640,239,6,0.007129 400,190,417,209,1,0.005910 277,189,291,206,6,0.005587 527,182,550,223,0,0.003181 401,195,417,212,0,0.002864 345,188,357,202,1,0.002103 341,164,358,180,4,0.001983 370,197,384,212,0,0.001272
/home/dysjin/data/CARLA.v20-carla_v20.coco/valid/Town05_007500_png.rf.8a81a882e564e9e99b5c951d3e18dbbc.jpg 348,180,398,203,6,0.980060 254,180,267,197,0,0.243751 304,179,318,190,6,0.129529 121,191,134,207,0,0.073688 371,179,394,196,6,0.018500 349,184,363,198,6,0.009884 157,190,179,206,0,0.009827 190,99,236,143,4,0.005854 459,185,471,208,0,0.005439 465,186,478,206,0,0.004021 198,101,231,140,3,0.002723 112,191,128,205,0,0.001436 118,184,187,206,6,0.001229 63,183,75,204,0,0.001143
/home/dysjin/data/CARLA.v20-carla_v20.coco/valid/Town02_005520_png.rf.8a9d2ba4122736ea3845c9e405936cce.jpg 45,193,135,223,6,0.636175 368,198,378,218,0,0.406542 609,190,640,224,6,0.267890 0,195,12,223,6,0.016697 623,183,638,211,6,0.004037 100,193,134,220,6,0.002185
/home/dysjin/data/CARLA.v20-carla_v20.coco/valid/041735_png.rf.891d950e6341a379e0a80f54f49c126a.jpg 270,238,313,318,0,0.892579 0,200,11,291,2,0.001740
/home/dysjin/data/CARLA.v20-carla_v20.coco/valid/041669_png.rf.8f16c7cc68671f71ba068edf120b2a61.jpg 298,235,336,328,0,0.941640
/home/dysjin/data/CARLA.v20-carla_v20.coco/valid/003814_png.rf.9123d8ff8e23490d6f5201cb816e4fc2.jpg 542,174,619,247,3,0.976158 288,238,320,257,6,0.945765 196,239,213,251,1,0.019452 204,239,221,253,1,0.003380 292,229,314,249,6,0.001405 268,243,289,255,6,0.001152 255,241,277,253,6,0.001070
/home/dysjin/data/CARLA.v20-carla_v20.coco/valid/005413_png.rf.9000d6e877ce40e1d5bd5387ece453c2.jpg 106,232,124,277,2,0.969888 82,232,107,285,2,0.939233 89,229,119,275,2,0.011881 88,242,102,275,2,0.009267 112,237,135,276,2,0.001141
/home/dysjin/data/CARLA.v20-carla_v20.coco/valid/Town01_001500_png.rf.9254a251a5c6eb6313adba6a6adf1620.jpg 384,176,407,193,3,0.978815 294,197,307,211,0,0.011908 223,201,235,215,6,0.011453 286,198,298,212,0,0.002639 304,193,320,205,6,0.001983 305,198,319,211,0,0.001361 386,168,400,187,3,0.001109
/home/dysjin/data/CARLA.v20-carla_v20.coco/valid/Town05_004680_png.rf.93664881511a21c1adf050e2e8993477.jpg 244,185,269,204,6,0.976179 322,166,409,222,6,0.894076 315,178,366,218,6,0.148845 280,181,295,196,6,0.091172 187,186,203,203,6,0.036921 414,218,636,342,6,0.019851 358,186,412,220,6,0.016397 192,185,207,204,0,0.013752 266,182,285,196,6,0.012475 629,171,640,199,6,0.004432 627,159,640,208,0,0.001929 320,182,340,207,6,0.001705 566,173,581,197,1,0.001675 248,194,266,210,6,0.001544
/home/dysjin/data/CARLA.v20-carla_v20.coco/valid/138312_png.rf.93c512dad514948e54a85fd6860eba4e.jpg 95,232,117,279,2,0.973274 537,333,558,381,2,0.008778 368,226,381,240,4,0.006879 357,223,370,240,4,0.003644 310,236,324,253,0,0.003346 521,392,638,465,6,0.003018 0,241,11,325,2,0.002254 547,331,567,386,2,0.001016
/home/dysjin/data/CARLA.v20-carla_v20.coco/valid/005160_png.rf.922d9f2da21b5b11121905df87e629d7.jpg 399,213,431,239,5,0.984812 627,61,640,161,2,0.026959 607,53,637,163,2,0.013863 585,73,630,178,2,0.002260 0,182,11,285,2,0.001221
