/home/dysjin/data/CARLA.v20-carla_v20.coco/valid/Town05_011820_png.rf.a721d4435d03a17b63243ff374e790d2.jpg 6,185,117,232,6,0.730892 310,186,320,200,0,0.033495 317,187,327,200,0,0.005547 157,168,175,182,6,0.001487 3,194,59,227,6,0.001154 159,173,172,188,6,0.001005
/home/dysjin/data/CARLA.v20-carla_v20.coco/valid/Town05_005760_png.rf.a5aa9e8688171e7bfb57f36e4a648f69.jpg 312,187,329,201,6,0.494841 0,169,11,243,0,0.008919 0,158,10,233,6,0.005654 0,168,9,197,6,0.004991 0,178,12,258,0,0.002029 0,161,10,184,6,0.001305 314,193,331,211,6,0.001141 100,183,112,208,1,0.001040
/home/dysjin/data/CARLA.v20-carla_v20.coco/valid/075705_png.rf.9f5447b468e0280dc956a534954f8a5e.jpg 167,246,259,307,6,0.775292 311,245,348,272,6,0.710080 2,228,171,438,6,0.612850 239,243,268,275,6,0.194634 253,245,266,273,0,0.032990 0,58,177,461,6,0.008001 0,44,213,480,6,0.004136 239,245,265,287,0,0.003219 216,245,263,287,6,0.002651
/home/dysjin/data/CARLA.v20-carla_v20.coco/valid/Town02_006840_png.rf.a4a970c10202604d1dd8c41fe9097525.jpg 582,175,639,220,6,0.269578 0,166,9,199,4,0.040755 0,192,16,248,6,0.009514 440,187,452,202,3,0.009421 0,159,9,186,4,0.008598 0,159,11,207,3,0.006534 564,177,584,196,3,0.005256 0,194,14,219,6,0.002781 0,165,13,221,6,0.002544 562,178,613,213,6,0.002413 430,182,447,194,3,0.002277 564,184,583,203,6,0.001781 173,194,183,219,2,0.001545 198,188,209,206,2,0.001360
/home/dysjin/data/CARLA.v20-carla_v20.coco/valid/Town02_002640_png.rf.ac6bee6a9e4c4b2a1e149670c97196c1.jpg 296,188,369,247,6,0.682456 263,196,293,214,6,0.501368 393,174,406,190,3,0.485209 63,202,92,239,1,0.005289 387,172,399,189,3,0.001860 66,184,90,238,2,0.001842
/home/dysjin/data/CARLA.v20-carla_v20.coco/valid/007096_png.rf.a26873f70f1467f54f0fd09ea8c1731b.jpg 540,169,628,251,3,0.397430 516,148,619,266,5,0.003524
/home/dysjin/data/CARLA.v20-carla_v20.coco/valid/041683_png.rf.abc13a183255cbb5f9aeca7d55d8b4c0.jpg 305,240,337,320,0,0.556498
/home/dysjin/data/CARLA.v20-carla_v20.coco/valid/041699_png.rf.a4a6f7fb7672ac47b317ec4fe3e21c97.jpg 301,239,333,318,0,0.491049
/home/dysjin/data/CARLA.v20-carla_v20.coco/valid/Town02_006480_png.rf.aec43468267a9993201d034f7031ee5c.jpg 348,174,360,188,3,0.551205 354,169,368,184,3,0.044235 364,176,376,188,3,0.021361
/home/dysjin/data/CARLA.v20-carla_v20.coco/valid/Town02_003060_png.rf.b28380c7e6ad26a4ccdfda39d4db7f85.jpg 556,191,613,222,6,0.116642 608,193,639,227,6,0.036420 537,192,584,222,6,0.009294 616,182,640,261,6,0.004541 562,195,640,240,6,0.002171 1,195,12,219,6,0.001352 535,198,560,218,6,0.001235
/home/dysjin/data/CARLA.v20-carla_v20.coco/valid/Town01_009120_png.rf.b3886317404f3c307752dac4625c4b0e.jpg 309,195,333,214,6,0.606222 373,199,399,216,6,0.002909 0,182,9,206,3,0.001317
/home/dysjin/data/CARLA.v20-carla_v20.coco/valid/051305_png.rf.af3e2dc55ae45fc793f7f25eb6fdf7b4.jpg 427,208,458,242,4,0.351698 426,211,458,242,3,0.345050 430,207,461,248,6,0.179522
/home/dysjin/data/CARLA.v20-carla_v20.coco/valid/007291_png.rf.b33e9d647d42777054dfb5f46d23bbad.jpg 385,221,400,239,3,0.666798 379,210,404,242,3,0.020738
/home/dysjin/data/CARLA.v20-carla_v20.coco/valid/Town05_005820_png.rf.abc3e70595852b4f2320e8b55c805a27.jpg 305,188,338,220,6,0.686696
/home/dysjin/data/CARLA.v20-carla_v20.coco/valid/Town05_006960_png.rf.9d31f2ffd8a1d723122d28555c0e3321.jpg 282,183,295,208,0,0.287263 603,241,638,352,3,0.002758 607,207,638,347,0,0.001939
/home/dysjin/data/CARLA.v20-carla_v20.coco/valid/Town02_009720_png.rf.b20474373a38fe973889a895d5aba03e.jpg 292,196,343,255,6,0.169989 611,172,635,192,6,0.001544
/home/dysjin/data/CARLA.v20-carla_v20.coco/valid/Town01_002220_png.rf.9b6e376c042a4b43cdf2a33f00250d62.jpg 180,212,460,368,6,0.668418 556,198,640,251,6,0.007329 173,0,470,380,6,0.004786
/home/dysjin/data/CARLA.v20-carla_v20.coco/valid/Town01_003900_png.rf.b43a572a2d61a01bb389880cf86179de.jpg 181,205,459,375,6,0.636455 0,186,32,226,6,0.011965 175,0,468,380,6,0.006057 1,184,13,210,6,0.001731
/home/dysjin/data/CARLA.v20-carla_v20.coco/valid/029067_png.rf.b686edaf28a0971571945f7b069613d5.jpg 541,219,582,345,2,0.835057 393,230,402,262,2,0.021096
/home/dysjin/data/CARLA.v20-carla_v20.coco/valid/Town02_004200_png.rf.b4d2f32e1287253b4f35bf521927be39.jpg 268,190,291,208,6,0.624597 542,77,569,167,2,0.001968
/home/dysjin/data/CARLA.v20-carla_v20.coco/valid/Town02_002100_png.rf.b49da10e2c41ab65d4c132e46f15d3e3.jpg 304,190,338,285,1,0.467718 274,188,286,203,6,0.271540 0,183,17,226,6,0.198262 311,187,321,204,6,0.041956 356,163,369,179,3,0.013071 288,198,342,277,6,0.009201 4,189,23,209,6,0.008786 0,187,16,244,6,0.008585 316,187,327,202,6,0.003855 272,195,285,211,6,0.003056 309,191,320,217,0,0.002935 300,193,329,272,0,0.002593 1,174,15,200,6,0.001605 280,183,290,196,6,0.001290 318,180,331,193,6,0.001241 343,163,358,177,3,0.001065 309,181,321,195,6,0.001042
/home/dysjin/data/CARLA.v20-carla_v20.coco/valid/003752_png.rf.bb0716bc5b93fa8b10f41577e20a2f35.jpg 398,214,424,241,4,0.346522 398,217,422,241,3,0.270607
/home/dysjin/data/CARLA.v20-carla_v20.coco/valid/138327_png.rf.b4aecc174d58e25a6e680c2468864172.jpg 17,234,48,303,2,0.631214 2,235,35,305,2,0.029235 0,231,17,311,2,0.006324 238,233,247,260,2,0.001442 248,252,363,295,6,0.001404
/home/dysjin/data/CARLA.v20-carla_v20.coco/valid/Town05_009600_png.rf.b886b3525f44da0ae66796230d91b958.jpg 99,189,226,234,6,0.768960 374,189,411,209,6,0.681574 466,189,501,218,6,0.669511 582,180,634,211,6,0.241599 547,183,599,206,6,0.030595 160,188,218,225,6,0.023469 529,185,542,198,6,0.010145 99,200,155,235,6,0.006996 397,189,418,205,6,0.003710 583,186,610,204,6,0.003518 626,168,640,227,2,0.003003 548,187,572,201,6,0.002579 563,157,640,207,6,0.002537 537,186,553,200,6,0.001992 414,186,427,201,6,0.001325
/home/dysjin/data/CARLA.v20-carla_v20.coco/valid/Town01_002340_png.rf.b8976b6d8f366e29aeb47fb3b3146b33.jpg 181,212,459,368,6,0.668562 556,198,640,250,6,0.005764 174,0,469,380,6,0.004816 597,207,640,240,6,0.001439
/home/dysjin/data/CARLA.v20-carla_v20.coco/valid/Town05_009780_png.rf.c3069a0d7ec82f2e1960c0497cec36fe.jpg 279,197,353,258,6,0.654875
/home/dysjin/data/CARLA.v20-carla_v20.coco/valid/Town05_002700_png.rf.b9dfa75f628efa31633800bb9dfee796.jpg 367,181,389,196,6,0.485383 417,175,427,185,6,0.004507 359,181,376,196,6,0.004403 347,179,359,195,0,0.002157 477,149,491,168,3,0.002079 408,175,417,186,6,0.001832 0,165,14,226,0,0.001493
/home/dysjin/data/CARLA.v20-carla_v20.coco/valid/005173_png.rf.c24ac196d86260d3a384e12093bfa5ef.jpg 475,185,528,243,3,0.187174 488,190,527,247,4,0.001369
/home/dysjin/data/CARLA.v20-carla_v20.coco/valid/Town01_005820_png.rf.c9053a957ff7561268673aaec9e095f0.jpg 297,189,346,311,1,0.687601 283,205,360,304,6,0.020087 343,176,356,189,3,0.009701 177,204,203,220,6,0.003173 400,193,447,219,6,0.002412 630,227,639,262,6,0.001778 627,141,639,177,6,0.001412 0,165,10,248,2,0.001174
/home/dysjin/data/CARLA.v20-carla_v20.coco/valid/Town01_011580_png.rf.c8aa9ea674a7d69974d55bf63b55ddbf.jpg 265,190,289,205,6,0.574775 580,185,640,223,6,0.455513 472,201,521,242,6,0.021465 584,168,634,209,6,0.006511 270,180,287,199,6,0.002400 626,194,640,223,6,0.002243 552,186,567,207,6,0.001868 558,190,614,222,6,0.001157
/home/dysjin/data/CARLA.v20-carla_v20.coco/valid/Town01_007440_png.rf.bed11eeb1dde416bf8789b24a8a5c0f8.jpg 528,170,640,225,6,0.715505 263,195,273,212,0,0.177416 527,180,559,218,6,0.010793 0,169,10,196,3,0.002035 619,182,640,234,6,0.001948 579,188,640,224,6,0.001101
/home/dysjin/data/CARLA.v20-carla_v20.coco/valid/Town05_011760_png.rf.c548e0a947d80bc036151e4db99afcfa.jpg 12,197,199,352,6,0.671994 310,182,321,203,0,0.233247 315,186,326,201,0,0.004254 0,51,206,380,6,0.002465
/home/dysjin/data/CARLA.v20-carla_v20.coco/valid/075708_png.rf.c1818fa586a2b613b2806f928a933d9d.jpg 166,245,257,306,6,0.768783 312,244,348,271,6,0.710302 2,227,171,434,6,0.619275 240,243,268,276,6,0.138225 253,245,265,273,0,0.009428 0,41,210,480,6,0.004051 239,242,265,290,0,0.002261
/home/dysjin/data/CARLA.v20-carla_v20.coco/valid/Town05_009900_png.rf.c90bd5781f975f44de47fd794a1f9ac6.jpg 346,193,435,256,6,0.755128 330,186,341,202,0,0.084478 324,185,334,200,6,0.005730 406,178,421,191,3,0.003055 415,178,427,193,3,0.002813 330,181,342,196,3,0.002811 417,188,430,206,3,0.001510
/home/dysjin/data/CARLA.v20-carla_v20.coco/valid/Town05_009660_png.rf.cc2e0d6a11c64dbe092a6e9321c6a170.jpg 239,192,400,348,6,0.728444 421,188,471,211,6,0.643226 613,187,632,203,6,0.110063 622,183,636,207,6,0.018383 603,186,619,199,6,0.005597 196,0,438,380,6,0.001454 415,191,440,207,6,0.001317
/home/dysjin/data/CARLA.v20-carla_v20.coco/valid/003769_png.rf.c5c0c17fa97551316c57744e9608f796.jpg 492,182,552,245,3,0.210489
/home/dysjin/data/CARLA.v20-carla_v20.coco/valid/121197_png.rf.c99e70822c663f40252f74e6b2ad5094.jpg 249,253,386,384,6,0.738661 211,246,222,265,0,0.001755
/home/dysjin/data/CARLA.v20-carla_v20.coco/valid/004966_png.rf.c9d8d72d0920460b612251c5fddc5770.jpg 432,204,468,240,3,0.359779
/home/dysjin/data/CARLA.v20-carla_v20.coco/valid/Town01_006240_png.rf.cc5628eb556a5a5bd1824a8d19313b41.jpg 316,194,327,215,0,0.236164 368,178,383,189,3,0.062308 0,188,11,253,2,0.047725 599,198,640,242,6,0.035594 626,158,639,185,3,0.017063 310,188,332,222,0,0.011879 0,173,10,249,2,0.010329 624,188,640,251,6,0.007382 312,183,329,219,6,0.004511 360,176,372,188,3,0.001963 0,212,10,245,6,0.001499 300,188,312,200,6,0.001496 529,193,630,245,6,0.001087 376,177,391,188,6,0.001003
/home/dysjin/data/CARLA.v20-carla_v20.coco/valid/001638_png.rf.c98e4c5bc2a68de358073a26469c81b2.jpg 423,208,455,239,3,0.391344 607,217,636,255,3,0.002968 616,165,640,281,2,0.001334
/home/dysjin/data/CARLA.v20-carla_v20.coco/valid/051274_png.rf.d5f64278c64b556983082379a316485f.jpg 560,161,636,251,3,0.474783
/home/dysjin/data/CARLA.v20-carla_v20.coco/valid/Town01_001440_png.rf.e4b4351effd31d5b433710cffb8243e4.jpg 384,176,400,192,3,0.643372 1,197,29,242,6,0.002137
/home/dysjin/data/CARLA.v20-carla_v20.coco/valid/019121_png.rf.deb86464dd224ac85f75272f851fc0a8.jpg 506,238,562,260,6,0.490445 536,238,579,258,6,0.038208 391,233,413,300,2,0.007662 198,229,208,263,2,0.003690 396,244,406,278,2,0.001134
/home/dysjin/data/CARLA.v20-carla_v20.coco/valid/041811_png.rf.e8d4c17844854d24f9b2bec66a8a8889.jpg 46,221,63,243,3,0.508543 0,245,15,292,3,0.056589 0,252,12,285,6,0.027538 7,222,24,245,6,0.017366 0,245,12,271,3,0.015259 1,219,13,245,3,0.009505 5,255,54,283,6,0.007511 0,247,11,309,2,0.006909 33,251,51,263,6,0.006023 1,240,23,360,6,0.005135 0,249,23,396,6,0.003560 20,253,43,267,6,0.003541 6,251,25,268,6,0.003425 0,258,10,297,6,0.002932 0,238,25,321,6,0.002430 7,237,25,256,6,0.002196 0,232,12,258,6,0.001657 18,261,44,276,6,0.001537 8,215,22,232,4,0.001327 2,216,28,298,6,0.001167 45,232,61,249,3,0.001030
/home/dysjin/data/CARLA.v20-carla_v20.coco/valid/041657_png.rf.e06a4a0ae870ee5d8dbe97fc65b5b666.jpg 304,241,338,318,0,0.485253
/home/dysjin/data/CARLA.v20-carla_v20.coco/valid/001519_png.rf.e42bb854e84b40164ed2795569b2eb6f.jpg 571,219,589,241,3,0.504309 606,217,636,256,6,0.004634 603,234,619,252,6,0.002317 627,228,637,258,6,0.001897
/home/dysjin/data/CARLA.v20-carla_v20.coco/valid/Town02_005280_png.rf.ec981f5d8aec80a53ec1f9961c2321af.jpg 50,196,136,222,6,0.568152 159,203,209,264,6,0.234810 153,210,209,268,1,0.031556 0,195,15,220,6,0.025778 99,203,137,220,6,0.020941 176,196,206,254,0,0.004267 0,203,11,229,6,0.001394 61,200,97,216,6,0.001091 630,215,640,248,6,0.001057
/home/dysjin/data/CARLA.v20-carla_v20.coco/valid/001509_png.rf.ed3baed466e7f65c1a01fb57bf942b65.jpg 570,219,589,241,3,0.490548 606,216,636,255,6,0.006073 604,234,619,252,6,0.002773 626,218,637,249,6,0.001434 611,212,632,235,6,0.001079
/home/dysjin/data/CARLA.v20-carla_v20.coco/valid/033890_png.rf.e368755037cdc345b45b625d64db27a1.jpg 591,227,631,330,2,0.800282 255,231,413,379,6,0.706238 1,240,13,320,2,0.004474 625,213,640,308,2,0.001715 124,0,511,480,6,0.001064
/home/dysjin/data/CARLA.v20-carla_v20.coco/valid/075724_png.rf.e0c3e9a2b7f318c71e76ccdcb0dda6a1.jpg 297,243,333,268,6,0.684330 74,250,208,351,6,0.654721 195,244,243,282,6,0.594269 0,246,75,454,6,0.568981 117,237,242,311,6,0.015486 223,240,246,282,1,0.003436 281,240,295,254,6,0.002663 201,250,232,271,6,0.002020 0,211,58,410,6,0.001705 0,248,80,361,6,0.001434 227,248,243,275,6,0.001030
/home/dysjin/data/CARLA.v20-carla_v20.coco/valid/112477_png.rf.ecf5d82849f8b68362ce65c8d2645a1c.jpg 335,235,363,298,2,0.604387 587,230,633,259,6,0.005489
/home/dysjin/data/CARLA.v20-carla_v20.coco/valid/Town02_001980_png.rf.ee7206fcf98c96c61f2900b25e79ce20.jpg 299,191,343,309,1,0.732425 0,191,65,220,6,0.228510 162,192,177,216,1,0.201074 32,192,73,220,6,0.073955 159,187,179,221,0,0.070890 48,175,66,195,3,0.051759 48,165,65,186,3,0.025408 285,207,350,306,6,0.016981 41,169,72,202,3,0.007821 1,184,14,211,6,0.005660 0,182,32,218,6,0.003414 1,170,12,198,6,0.002092 0,158,9,183,3,0.001478
/home/dysjin/data/CARLA.v20-carla_v20.coco/valid/026829_png.rf.e6f26e62f316568466a95ba7fd18d850.jpg 372,220,390,239,3,0.627605 0,228,14,309,2,0.019613 0,208,16,308,2,0.003363 0,178,14,234,6,0.002297 0,186,16,210,6,0.001783
/home/dysjin/data/CARLA.v20-carla_v20.coco/valid/007076_png.rf.d635d979c35f5dd6da756ef9889aef0b.jpg 394,215,421,239,3,0.293167 394,214,421,240,4,0.168228 394,216,418,238,6,0.088693
/home/dysjin/data/CARLA.v20-carla_v20.coco/valid/112475_png.rf.df928fa484eb08e1454caacc1e194352.jpg 331,233,354,299,2,0.628613 587,231,634,259,6,0.002607
/home/dysjin/data/CARLA.v20-carla_v20.coco/valid/Town02_006960_png.rf.eedfb90c1deb0d66a31341acd2e08f4f.jpg 585,174,637,242,6,0.563476 2,175,33,210,6,0.549339 148,164,166,181,3,0.372996 0,160,28,231,6,0.003884 590,214,640,250,6,0.002021 2,172,17,197,6,0.001783 1,160,13,186,6,0.001512
/home/dysjin/data/CARLA.v20-carla_v20.coco/valid/Town05_010860_png.rf.f31c0584fff1474ad2b0f4132e874f7d.jpg 0,182,57,215,6,0.629169 307,182,329,256,0,0.485441 1,192,16,218,6,0.004259 3,185,31,208,6,0.002321 12,196,46,214,6,0.002291 303,183,338,245,6,0.001963 1,171,34,236,6,0.001951 1,183,15,210,6,0.001360 311,181,321,218,0,0.001269
/home/dysjin/data/CARLA.v20-carla_v20.coco/valid/Town05_004800_png.rf.ee7c080c8716cb366969ca625bb6d68b.jpg 241,188,269,204,6,0.482139 212,187,240,202,6,0.068198 225,186,259,202,6,0.028602 497,223,640,369,6,0.006040 353,186,365,200,6,0.005046 184,190,197,203,6,0.004369 138,189,147,207,3,0.002734 348,185,359,203,0,0.002108
/home/dysjin/data/CARLA.v20-carla_v20.coco/valid/Town05_009840_png.rf.f5040ce45ecca2822cb3b1b4ea8a6f61.jpg 289,199,371,253,6,0.776377 353,198,368,217,6,0.002339 279,164,375,285,6,0.001600
/home/dysjin/data/CARLA.v20-carla_v20.coco/valid/041861_png.rf.f5f3812ca6c536c5c25bea3d596be111.jpg 97,239,229,311,6,0.680002 300,242,324,291,1,0.454954 405,209,433,240,3,0.421464 156,223,246,293,6,0.010630 298,238,334,284,0,0.008688 293,231,323,294,6,0.001087 216,229,239,288,2,0.001057 559,237,640,317,6,0.001039
/home/dysjin/data/CARLA.v20-carla_v20.coco/valid/Town02_003120_png.rf.f36fecf8d2ee4965c1f3bddaaaad5f33.jpg 415,191,490,222,6,0.554032 611,182,640,216,6,0.327816 621,185,640,249,6,0.018137 610,190,639,242,0,0.012972 404,192,448,222,6,0.004342 0,194,11,219,6,0.001932 614,178,634,200,6,0.001714
/home/dysjin/data/CARLA.v20-carla_v20.coco/valid/003755_png.rf.f6343810071c5f5401b5697ef363285d.jpg 407,215,436,239,3,0.280696 401,210,436,243,4,0.036302
/home/dysjin/data/CARLA.v20-carla_v20.coco/valid/Town01_003300_png.rf.fae28071a74fa02928094ff14cdbb3aa.jpg 266,199,367,274,6,0.779324 511,183,561,211,6,0.006564 630,210,640,281,0,0.004494
/home/dysjin/data/CARLA.v20-carla_v20.coco/valid/138255_png.rf.fbf65e3e930393318a8312fdaefcae24.jpg 55,236,80,295,2,0.683482 367,225,378,241,3,0.001006
/home/dysjin/data/CARLA.v20-carla_v20.coco/valid/005373_png.rf.f68e0e113c5193c933cbee38c6a6bc2d.jpg 149,232,161,267,2,0.608387 156,233,167,263,2,0.515909 142,234,152,267,2,0.023843 2,252,12,285,2,0.005824 0,227,12,292,2,0.003445 2,247,24,292,2,0.001655
/home/dysjin/data/CARLA.v20-carla_v20.coco/valid/001630_png.rf.ff5ced110f03f998a7a6998ddf647fd2.jpg 408,214,437,239,3,0.342878 408,212,436,243,6,0.083716
/home/dysjin/data/CARLA.v20-carla_v20.coco/valid/006662_png.rf.fa42143249c7b6a780238796639341d3.jpg 467,234,500,306,2,0.414968
/home/dysjin/data/CARLA.v20-carla_v20.coco/valid/Town05_004860_png.rf.f5c138159cbce172c63fa9a736f9c655.jpg 241,188,270,205,6,0.488033 212,187,240,202,6,0.057531 225,186,259,203,6,0.018676 497,224,640,370,6,0.006342 138,190,147,207,3,0.006119 183,191,196,203,6,0.005605 354,186,366,201,6,0.005408 348,184,359,204,0,0.002091 491,232,629,380,3,0.001754 446,175,640,380,6,0.001078
/home/dysjin/data/CARLA.v20-carla_v20.coco/valid/Town01_008460_png.rf.03f3160d63f090b29499596ec3c8c4b5.jpg 26,193,147,248,6,0.781501 549,185,640,234,6,0.502161 539,199,559,219,6,0.021460 540,193,601,223,6,0.012487 629,170,640,202,6,0.008642 87,202,144,241,6,0.002547 427,196,475,218,6,0.002410
/home/dysjin/data/CARLA.v20-carla_v20.coco/valid/005508_png.rf.0ab3da1b4970047c9b42e5bbe5d4e6f1.jpg 32,231,57,286,2,0.706549 93,232,122,315,2,0.500826 72,232,116,305,2,0.001199
/home/dysjin/data/CARLA.v20-carla_v20.coco/valid/Town01_006180_png.rf.089d25ecaf49fe28c7f3bf0c3614732b.jpg 311,191,322,216,1,0.400401 312,188,323,215,0,0.362988 404,176,416,189,3,0.012840 357,176,370,188,3,0.011676 362,176,381,188,6,0.002279 365,172,410,191,6,0.001027
/home/dysjin/data/CARLA.v20-carla_v20.coco/valid/Town02_008340_png.rf.044a76656e2e2fe428cd425926d9acbe.jpg 552,189,617,221,6,0.677701 146,199,242,244,6,0.544505 273,186,285,200,6,0.139389 290,188,304,200,6,0.003835 563,196,601,214,6,0.002173 606,202,639,240,6,0.002085 155,213,208,246,6,0.001857 279,195,294,211,0,0.001760 277,182,292,197,6,0.001488 628,178,638,212,6,0.001450 272,194,286,212,6,0.001387 248,188,257,202,6,0.001275
/home/dysjin/data/CARLA.v20-carla_v20.coco/valid/075710_png.rf.0b62bb94157d1f2113ac6bbefe158022.jpg 166,246,257,307,6,0.768225 312,244,348,271,6,0.709509 2,227,171,436,6,0.618215 239,243,268,277,6,0.098818 0,40,211,480,6,0.004083 253,246,266,274,0,0.003037 239,241,264,291,0,0.002716
/home/dysjin/data/CARLA.v20-carla_v20.coco/valid/041689_png.rf.0d648fbd58416a80b414e4503d51c42e.jpg 300,239,333,314,0,0.315066
/home/dysjin/data/CARLA.v20-carla_v20.coco/valid/003751_png.rf.0ff9ef7c8c8e4f5eab52437609a3b501.jpg 394,214,421,241,3,0.368196
/home/dysjin/data/CARLA.v20-carla_v20.coco/valid/Town02_008820_png.rf.135414697b8215dc125af6b125d3058c.jpg 270,212,375,347,6,0.728872 515,180,557,212,6,0.399093 399,183,423,200,6,0.169209 392,186,412,199,3,0.053789 528,179,619,222,6,0.050183 142,174,158,189,4,0.030846 412,179,429,192,3,0.026044 0,185,14,255,6,0.017769 0,171,13,245,6,0.007942 0,160,12,232,6,0.002169 383,186,396,199,3,0.001840 0,110,13,134,6,0.001498
/home/dysjin/data/CARLA.v20-carla_v20.coco/valid/006664_png.rf.1466f666c872e94bac27eba56bbdfb5b.jpg 481,236,517,315,2,0.675612
/home/dysjin/data/CARLA.v20-carla_v20.coco/valid/014570_png.rf.1235b2ca71c181a49fda1bb53eaa19cd.jpg 434,234,454,285,2,0.717477 64,238,123,263,6,0.702684 303,240,333,260,6,0.551076 0,228,9,262,4,0.002304 371,233,382,257,2,0.001688 0,237,13,303,2,0.001656 0,214,11,277,2,0.001339
/home/dysjin/data/CARLA.v20-carla_v20.coco/valid/112550_png.rf.1ca2fa82e03653536df85cf5faf5753c.jpg 519,231,548,318,2,0.242010 586,231,634,259,6,0.017231 611,239,636,259,6,0.001721
/home/dysjin/data/CARLA.v20-carla_v20.coco/valid/Town02_000780_png.rf.16d5987bcdc7d08470c1b3e757e128e5.jpg 279,185,300,201,6,0.599858 300,193,347,315,1,0.540254 49,185,117,214,6,0.536877 32,182,88,216,6,0.123578 290,206,358,311,6,0.055000 74,188,112,206,6,0.030006 1,205,13,232,6,0.001047
/home/dysjin/data/CARLA.v20-carla_v20.coco/valid/Town02_001500_png.rf.1e8a22666698f8954863a9939bc59942.jpg 183,191,216,216,6,0.534482 606,208,639,289,6,0.056120 0,193,10,220,6,0.003058 0,182,9,208,6,0.001052
/home/dysjin/data/CARLA.v20-carla_v20.coco/valid/Town05_004620_png.rf.0e4a190ca586e0e90df6b90be2c83f5b.jpg 395,177,457,210,6,0.723934 579,188,639,224,6,0.042670 346,183,357,200,0,0.039479 283,185,295,200,0,0.008141 608,189,635,206,6,0.004584 626,184,640,210,6,0.001908 379,183,432,206,6,0.001496 352,185,364,199,0,0.001420
/home/dysjin/data/CARLA.v20-carla_v20.coco/valid/006578_png.rf.21f08e8ed63ab67b3ef05528af8ef9e6.jpg 263,236,293,254,6,0.469176 370,222,383,239,3,0.451389 370,220,384,235,4,0.095627 627,270,640,346,6,0.001355
/home/dysjin/data/CARLA.v20-carla_v20.coco/valid/Town01_004320_png.rf.1f6552094735eb0bd49b614b7e584c58.jpg 258,198,377,288,6,0.542550 609,207,640,241,6,0.028487 613,203,640,291,6,0.003444 509,206,561,236,6,0.002662 624,212,638,249,6,0.001552
/home/dysjin/data/CARLA.v20-carla_v20.coco/valid/Town02_006720_png.rf.2632fd4f3d65ff215e84d472badfd870.jpg 268,192,290,208,6,0.444619 583,175,639,220,6,0.245470 0,166,9,199,4,0.040439 565,178,584,197,3,0.012304 0,191,16,248,6,0.009011 0,159,9,186,4,0.008536 0,159,11,207,3,0.006704 440,187,452,202,3,0.005536 564,184,583,202,6,0.003218 0,193,14,219,6,0.002711 0,165,13,221,6,0.002629 173,193,183,219,2,0.002540 431,182,447,194,3,0.001912 563,178,613,212,6,0.001831 183,194,194,216,2,0.001232 197,189,209,205,2,0.001099
/home/dysjin/data/CARLA.v20-carla_v20.coco/valid/Town05_006900_png.rf.2eaa1f5f6de8c6bffcd968f78f2f53b4.jpg 236,186,260,231,1,0.553728 236,187,267,226,0,0.005823 603,240,638,353,3,0.003081 606,205,638,348,0,0.002379
/home/dysjin/data/CARLA.v20-carla_v20.coco/valid/005482_png.rf.1eef94cb1d26525ab4b64d28fc9be58d.jpg 2,222,29,324,2,0.612013 0,214,16,305,2,0.014411 0,214,23,365,2,0.007121 0,211,13,285,2,0.001139 16,233,43,304,2,0.001008
/home/dysjin/data/CARLA.v20-carla_v20.coco/valid/138251_png.rf.2622df013f55b1f57387212b95c87241.jpg 78,234,98,289,2,0.481204
/home/dysjin/data/CARLA.v20-carla_v20.coco/valid/007070_png.rf.2316a0a54db7e4a749f421570aadd160.jpg 383,219,406,241,3,0.261799 382,219,404,240,5,0.199017 380,219,406,241,4,0.164006
/home/dysjin/data/CARLA.v20-carla_v20.coco/valid/Town05_010920_png.rf.2325292b5e147dc41c10fe128f6256f9.jpg 301,186,346,295,0,0.860905
/home/dysjin/data/CARLA.v20-carla_v20.coco/valid/Town01_006420_png.rf.2b897cd6227874bc930ae1c7e17e3b3b.jpg 312,191,322,210,0,0.336084 312,194,323,212,1,0.043095 0,169,10,251,2,0.006952 379,177,390,192,4,0.004682 380,184,391,205,6,0.003256 307,180,327,217,0,0.002491 608,168,640,205,6,0.001961 0,189,11,251,2,0.001873 625,156,639,234,6,0.001080
/home/dysjin/data/CARLA.v20-carla_v20.coco/valid/Town05_006780_png.rf.253c814d6e368b92a888141244ca1a16.jpg 168,192,211,259,0,0.262433 160,197,216,258,6,0.033566 189,181,213,241,6,0.001781 345,187,354,200,6,0.001391
/home/dysjin/data/CARLA.v20-carla_v20.coco/valid/Town01_008280_png.rf.2f69ce357d9638b109b359e31c238ab4.jpg 286,197,309,209,6,0.265970 439,198,491,222,6,0.089748 317,193,332,205,6,0.057529 65,183,113,210,6,0.034703 291,191,335,207,6,0.033119 518,212,632,276,6,0.020253 300,197,322,209,6,0.016920 400,206,427,220,6,0.008428 409,210,437,223,6,0.004263 471,202,497,218,6,0.002029 381,201,392,215,6,0.001604 628,166,639,199,6,0.001187 440,200,464,215,6,0.001037
/home/dysjin/data/CARLA.v20-carla_v20.coco/valid/Town01_005100_png.rf.262bb9c3104b14f5fb633de3dafd0a52.jpg 577,189,608,225,6,0.042409 581,179,636,215,6,0.018693 577,189,596,210,6,0.010513 614,177,634,195,6,0.002467 624,169,638,198,6,0.001473 1,184,13,206,6,0.001118
/home/dysjin/data/CARLA.v20-carla_v20.coco/valid/Town01_011940_png.rf.2554f5ab3ce2122d2ef300838472450f.jpg 567,193,606,220,6,0.551993 201,176,277,230,6,0.454367 579,194,636,222,6,0.003443 2,168,33,202,6,0.002317 207,199,251,233,6,0.001363
/home/dysjin/data/CARLA.v20-carla_v20.coco/valid/041684_png.rf.2f70db5ab75442cd11fffa13a776ae97.jpg 305,240,337,316,0,0.434983
/home/dysjin/data/CARLA.v20-carla_v20.coco/valid/Town05_010980_png.rf.2071755951cd753466eb2cc53fd2fe0c.jpg 299,181,337,282,0,0.808157 291,149,351,336,0,0.002861 600,159,640,189,6,0.002206
/home/dysjin/data/CARLA.v20-carla_v20.coco/valid/112459_png.rf.33bdc5bd58f0f631808a95c4ceb9a78f.jpg 289,234,314,297,2,0.651104 587,231,634,258,6,0.003123
/home/dysjin/data/CARLA.v20-carla_v20.coco/valid/041653_png.rf.31aa86a50239c7e6cbc52c66846dac06.jpg 301,240,334,312,0,0.263104
/home/dysjin/data/CARLA.v20-carla_v20.coco/valid/041819_png.rf.374472e0a0868df264a4100cb7734e35.jpg 17,241,71,265,6,0.740186 172,223,187,242,3,0.551125 106,244,134,297,1,0.493408 171,219,186,236,4,0.019580 111,237,139,290,6,0.017573 101,249,138,289,0,0.011511 0,233,12,256,6,0.002762 165,222,178,238,3,0.002291 172,233,185,248,3,0.002093 561,169,640,230,6,0.001778 111,254,126,286,1,0.001763
/home/dysjin/data/CARLA.v20-carla_v20.coco/valid/Town05_010800_png.rf.3489607b659edfbc485537135e06f34b.jpg 0,192,137,271,6,0.719214 306,183,330,256,0,0.539603 128,183,176,207,6,0.020128 114,193,138,244,0,0.007731 300,181,333,246,6,0.003691 308,184,320,210,6,0.003548 115,188,143,232,6,0.002982 348,178,357,193,3,0.001768 298,184,308,201,0,0.001245
/home/dysjin/data/CARLA.v20-carla_v20.coco/valid/Town02_001080_png.rf.2d29b90fb99ccf7727caeaa1914436b4.jpg 276,186,300,201,6,0.630387 96,196,221,302,6,0.581213 301,193,346,315,1,0.539812 0,209,90,380,6,0.296997 290,208,358,309,6,0.052418 318,185,334,200,6,0.009128 297,184,339,294,0,0.007609 0,191,14,220,6,0.002554 2,191,59,222,6,0.002426 0,182,12,211,6,0.002189 308,179,322,193,6,0.001824 277,195,300,210,6,0.001203 0,183,84,380,6,0.001166 223,209,342,292,6,0.001164 0,185,17,254,6,0.001140
/home/dysjin/data/CARLA.v20-carla_v20.coco/valid/Town02_005700_png.rf.39e8547ff43ddaa06ed2b24f114c8a27.jpg 245,195,390,346,6,0.740570 284,184,298,200,6,0.144119 289,180,306,199,0,0.001457 548,186,596,208,6,0.001401 317,178,331,196,0,0.001207
/home/dysjin/data/CARLA.v20-carla_v20.coco/valid/Town02_002040_png.rf.3d0fd4b3b3749ac8ebdf480959eb8e66.jpg 300,198,342,309,1,0.665291 267,187,307,212,6,0.505959 2,198,123,354,6,0.395523 119,192,162,222,6,0.092938 285,213,348,304,6,0.028959 139,197,162,217,6,0.008827 58,187,111,275,6,0.005737 50,164,63,184,3,0.004284 306,197,322,216,1,0.004016 55,188,86,229,0,0.003882 285,188,310,205,6,0.003429 0,167,11,195,6,0.003023 66,188,118,225,6,0.002848 90,191,147,222,6,0.002705 0,158,10,183,6,0.002274 304,192,320,207,6,0.001968 50,172,60,190,3,0.001268 131,190,155,210,6,0.001253
/home/dysjin/data/CARLA.v20-carla_v20.coco/valid/075707_png.rf.2ff4a82560cfe658387e361a6cc43ef0.jpg 168,245,257,306,6,0.764877 311,244,348,271,6,0.708353 2,227,171,435,6,0.611750 240,243,268,276,6,0.112431 219,238,264,281,6,0.025767 253,245,265,273,0,0.009651 0,48,211,480,6,0.004148 240,240,264,291,0,0.001093
/home/dysjin/data/CARLA.v20-carla_v20.coco/valid/138320_png.rf.332f3bdf3abffc7dd973858c3061b801.jpg 57,231,83,290,2,0.718558 0,232,14,307,2,0.008687
/home/dysjin/data/CARLA.v20-carla_v20.coco/valid/003766_png.rf.3dbe103da1003d1fb3bd18ad0d0894b4.jpg 463,198,508,243,3,0.302371
/home/dysjin/data/CARLA.v20-carla_v20.coco/valid/121245_png.rf.3c6765f574e34bb200e320d55fc2ffe7.jpg 269,253,364,319,6,0.748796 1,238,33,276,6,0.001064
/home/dysjin/data/CARLA.v20-carla_v20.coco/valid/Town05_011040_png.rf.3f658b3c60547a5478cb61d6b76eb55c.jpg 313,185,329,213,1,0.325834 310,177,328,220,0,0.291777 628,159,638,187,4,0.003342 303,184,344,209,0,0.002032
/home/dysjin/data/CARLA.v20-carla_v20.coco/valid/Town02_004920_png.rf.3cdedb8ebbe317a63567ec577e3789a8.jpg 310,193,332,242,1,0.593928 334,173,344,189,3,0.106644 167,189,182,198,6,0.022924 341,176,354,191,6,0.012646 209,191,223,203,6,0.009762 219,191,233,202,6,0.006781 314,192,327,232,6,0.005716 322,177,335,191,6,0.003320 299,198,337,234,0,0.002320 343,184,353,198,6,0.002211 340,168,354,183,6,0.001853 368,185,378,199,6,0.001724 355,178,368,190,6,0.001438 323,167,336,182,3,0.001295 356,186,368,198,6,0.001257 610,181,638,275,6,0.001045 316,189,328,209,6,0.001024
/home/dysjin/data/CARLA.v20-carla_v20.coco/valid/Town05_002760_png.rf.41faa57cc70298c90c62fe9f6a3f08c9.jpg 120,185,137,203,0,0.004039 247,177,260,195,0,0.001662 383,184,391,202,2,0.001556 107,185,124,205,0,0.001533 39,172,66,216,0,0.001281
/home/dysjin/data/CARLA.v20-carla_v20.coco/valid/Town02_001740_png.rf.4072bb166a4df4f9403df039e28a73f3.jpg 299,190,342,309,1,0.738296 284,207,349,306,6,0.019444 0,168,10,195,6,0.002883 0,157,9,184,6,0.001635 0,181,9,205,6,0.001237 45,175,61,192,3,0.001072
/home/dysjin/data/CARLA.v20-carla_v20.coco/valid/026849_png.rf.52e90800c02b90489d2521817c6942f7.jpg 425,205,455,240,3,0.372589 346,214,357,230,3,0.002627
/home/dysjin/data/CARLA.v20-carla_v20.coco/valid/Town02_001560_png.rf.44c7e46d6d34263ac9f429ccb2cd2655.jpg 75,194,91,218,1,0.378232 72,188,94,223,0,0.202502 60,193,79,207,6,0.147650 9,188,27,204,6,0.061413 19,190,34,205,6,0.017344 1,184,16,205,6,0.013568 45,192,96,215,6,0.010438 51,192,68,207,6,0.005872 31,191,51,205,6,0.001945 9,194,26,212,6,0.001243
/home/dysjin/data/CARLA.v20-carla_v20.coco/valid/Town02_003420_png.rf.4347a7bee8aec9f5c84eb5295856f9a9.jpg 331,198,378,234,6,0.677659 8,196,112,239,6,0.485691 67,194,115,230,6,0.026189 0,192,40,228,6,0.005545 0,191,16,245,6,0.002078
/home/dysjin/data/CARLA.v20-carla_v20.coco/valid/Town01_006060_png.rf.3d76b002da6076434f028293d0c4a498.jpg 307,195,336,267,1,0.195679 304,196,340,261,6,0.160499 345,176,360,191,3,0.012584 626,167,638,196,6,0.001171 418,186,430,202,3,0.001145
/home/dysjin/data/CARLA.v20-carla_v20.coco/valid/Town02_007800_png.rf.4e6520c0e9dd39a93f5048a2caea0283.jpg 315,198,433,235,6,0.538334 609,194,640,230,6,0.345848 405,202,439,232,6,0.139870 305,190,319,203,6,0.104950 514,183,557,208,6,0.029907 621,201,640,258,6,0.019860 322,191,378,224,6,0.019843 315,190,329,206,6,0.012645 297,188,309,200,6,0.004041 0,206,12,235,6,0.004032 0,158,10,181,6,0.001404 0,217,11,241,6,0.001255 319,196,336,216,6,0.001249 0,175,12,244,6,0.001136 617,189,638,355,6,0.001116
/home/dysjin/data/CARLA.v20-carla_v20.coco/valid/Town01_001860_png.rf.53e5db5983ad00d8986ebdc44e1e76ef.jpg 207,198,432,375,6,0.646613 292,184,307,201,0,0.064034 318,186,330,202,0,0.014411 302,185,318,199,0,0.008810 173,0,468,380,6,0.003898 284,177,301,198,0,0.002133 291,171,335,201,6,0.001058
/home/dysjin/data/CARLA.v20-carla_v20.coco/valid/Town01_006120_png.rf.405fede50ad311216cb9943968a5cdf5.jpg 316,193,329,216,1,0.218678 316,189,328,212,6,0.167799 311,187,333,221,0,0.031386 366,165,378,181,3,0.022949 357,165,370,180,3,0.018956 358,176,368,189,3,0.013734
/home/dysjin/data/CARLA.v20-carla_v20.coco/valid/041864_png.rf.51f1d81198f2e5b7a450f586235760ec.jpg 300,242,328,291,0,0.370548 417,210,447,240,3,0.361939 100,231,216,327,6,0.335422 354,214,365,232,3,0.009784 305,241,323,283,6,0.007799 305,250,321,284,1,0.006946 347,223,358,239,3,0.002557 602,238,639,327,6,0.001564 58,263,179,318,6,0.001047
/home/dysjin/data/CARLA.v20-carla_v20.coco/valid/Town01_012060_png.rf.58e57e1a7e8d4f630323ae1827ca68bc.jpg 567,194,606,220,6,0.542958 578,195,636,222,6,0.005111 2,167,33,202,6,0.002050 332,186,345,200,0,0.001702 339,187,355,201,6,0.001102
/home/dysjin/data/CARLA.v20-carla_v20.coco/valid/009044_png.rf.59d4a83882b4b6af242cbd9e0e31ba80.jpg 561,219,580,242,3,0.385025 563,216,580,239,4,0.202194 0,206,12,238,4,0.185237 0,203,12,241,3,0.130185 0,219,11,297,6,0.003969 0,232,10,307,2,0.003480 0,212,11,245,6,0.003142 564,203,640,254,6,0.003141 0,208,12,275,6,0.003108 0,179,10,248,3,0.002428
/home/dysjin/data/CARLA.v20-carla_v20.coco/valid/Town02_002520_png.rf.55f8a7c01a8e4b86c99a794d7b61cd5d.jpg 235,189,403,344,6,0.761010 162,198,224,238,6,0.650654 145,174,162,193,3,0.132289 536,186,630,250,6,0.006401 366,179,380,193,3,0.001401 93,0,544,380,6,0.001296
/home/dysjin/data/CARLA.v20-carla_v20.coco/valid/Town02_008760_png.rf.5bfb07b6a5fbe6700b4b9c150b9c6576.jpg 270,211,374,348,6,0.733590 271,186,288,201,6,0.333461 517,180,575,213,6,0.321980 398,182,424,195,6,0.154779 391,186,413,199,3,0.033446 520,185,552,206,6,0.023140 0,186,15,254,6,0.020209 548,180,597,212,6,0.018846 605,191,634,226,6,0.017204 411,180,430,192,3,0.016656 599,198,624,216,6,0.014838 591,182,629,217,6,0.010879 0,171,13,246,6,0.009275 142,174,158,190,4,0.006093 623,187,639,254,6,0.004006 477,176,488,191,3,0.002092 0,159,12,234,6,0.001974 0,110,13,134,6,0.001887 399,180,443,206,6,0.001312 0,98,11,123,6,0.001225
/home/dysjin/data/CARLA.v20-carla_v20.coco/valid/Town01_008100_png.rf.5942043a53e2ea3c62572bf7029ed896.jpg 384,195,410,212,6,0.577235 275,189,297,203,6,0.541762 0,124,11,145,3,0.004073 380,191,436,210,6,0.003919 368,192,383,204,6,0.003031 290,190,302,204,6,0.002727 425,190,447,206,6,0.002310 87,187,148,211,6,0.001669 0,133,10,155,3,0.001667 341,188,356,200,6,0.001290
/home/dysjin/data/CARLA.v20-carla_v20.coco/valid/Town01_010680_png.rf.5537782525200ced228c602e6dcc3456.jpg 369,179,381,192,3,0.469083 362,178,375,191,3,0.003363 231,191,244,205,0,0.001307 371,169,381,186,4,0.001155
/home/dysjin/data/CARLA.v20-carla_v20.coco/valid/121155_png.rf.5eeb1497380edc240a771f68b9d34669.jpg 248,252,387,386,6,0.737430 567,212,597,307,2,0.681693
/home/dysjin/data/CARLA.v20-carla_v20.coco/valid/007085_png.rf.5a7141063cfddac158b01dce18de1e48.jpg 429,207,466,243,4,0.333706 425,208,460,244,3,0.287594 431,207,462,248,6,0.214337 617,209,640,341,2,0.002257
/home/dysjin/data/CARLA.v20-carla_v20.coco/valid/Town05_006720_png.rf.717ce1e22225ab6a97befb2b8effcc2a.jpg 180,188,217,254,0,0.194262 177,192,212,254,6,0.016280 180,195,225,249,1,0.015929 98,183,161,205,6,0.007682 354,177,365,190,3,0.006834 348,180,358,192,3,0.003981 94,190,118,205,6,0.002573 367,176,379,189,6,0.001206
/home/dysjin/data/CARLA.v20-carla_v20.coco/valid/Town01_006600_png.rf.612f31973b2db2fda3ee5293fd937a64.jpg 373,191,393,210,6,0.109502
/home/dysjin/data/CARLA.v20-carla_v20.coco/valid/112469_png.rf.4fea3a1e3f0858f468ecb362968a08fb.jpg 313,235,341,297,2,0.649833 588,231,634,258,6,0.002448 612,238,635,259,6,0.001500
/home/dysjin/data/CARLA.v20-carla_v20.coco/valid/Town05_009540_png.rf.67accf9da191af14c5f05da1b6fe1e58.jpg 599,187,640,209,6,0.484101
/home/dysjin/data/CARLA.v20-carla_v20.coco/valid/041820_png.rf.69e77a8e269d90d89efc21e5026a7083.jpg 30,240,80,266,6,0.740844 181,223,197,243,3,0.484504 115,246,144,294,1,0.436081 116,239,144,289,6,0.083700 177,222,190,239,3,0.042442 114,249,148,289,0,0.013012 120,256,136,284,1,0.004207 183,233,196,248,3,0.003513 182,218,196,237,4,0.003475 0,231,11,258,6,0.002699
/home/dysjin/data/CARLA.v20-carla_v20.coco/valid/121278_png.rf.6607158f1164a75baf620dcb66d1b07e.jpg 272,254,363,317,6,0.746548 244,242,266,260,6,0.126580
/home/dysjin/data/CARLA.v20-carla_v20.coco/valid/Town02_004620_png.rf.7280640e1c163e7c4b28010b90659788.jpg 239,195,392,347,6,0.733194 279,184,295,201,6,0.144149 133,182,172,205,6,0.069355 316,179,331,197,6,0.020171 310,184,325,203,1,0.018086 316,184,332,201,0,0.012250 127,187,156,203,6,0.001592 153,185,172,200,6,0.001549 288,185,307,201,6,0.001459 188,0,445,380,6,0.001269
/home/dysjin/data/CARLA.v20-carla_v20.coco/valid/Town05_016500_png.rf.75b431585ae9c755044e81517b796324.jpg 119,197,231,243,6,0.774076 343,192,392,232,6,0.617910 0,192,88,296,6,0.401161 455,177,477,196,3,0.371853 349,190,373,207,6,0.022554 343,188,360,204,6,0.010925 180,199,226,235,6,0.010564 348,196,376,221,6,0.003195 371,196,399,238,1,0.002788 335,185,346,201,0,0.002356 0,150,79,380,6,0.002178 0,155,17,213,6,0.002159 66,210,207,294,6,0.001805 0,167,17,225,6,0.001794 0,177,18,239,6,0.001322 351,179,370,196,6,0.001211
/home/dysjin/data/CARLA.v20-carla_v20.coco/valid/Town02_001020_png.rf.79741d4293c684a4f4e895c08f1290d5.jpg 300,191,347,315,1,0.549986 0,193,94,373,6,0.454284 275,188,302,202,6,0.081654 289,206,359,310,6,0.044812 279,183,324,207,6,0.040758 295,182,339,294,0,0.030737 29,190,78,222,6,0.018690 188,183,220,215,1,0.014872 193,183,236,212,6,0.008219 187,188,219,220,0,0.002734
/home/dysjin/data/CARLA.v20-carla_v20.coco/valid/004996_png.rf.758bfe0873e6cba6e1d99146894cae01.jpg 491,264,511,318,2,0.700079
/home/dysjin/data/CARLA.v20-carla_v20.coco/valid/Town02_001620_png.rf.77cda18f042297c4b15936a35acef602.jpg 308,186,335,254,1,0.414876 302,184,333,255,0,0.259900 309,180,334,245,6,0.063290 317,188,330,208,6,0.007402 176,186,186,211,0,0.004027 182,189,193,210,0,0.003141 342,165,355,178,3,0.002848 307,187,322,212,6,0.001768 319,179,332,194,6,0.001235 132,201,150,217,1,0.001180
/home/dysjin/data/CARLA.v20-carla_v20.coco/valid/112362_png.rf.868e587d8bdd37c81e4872223fbdbeb4.jpg 148,230,168,286,2,0.673123 587,230,634,259,6,0.004296 155,230,166,272,2,0.001050 612,237,636,258,6,0.001044
/home/dysjin/data/CARLA.v20-carla_v20.coco/valid/Town05_010080_png.rf.88fb23d739ffa2beacd3c5735d172d03.jpg 269,184,285,200,6,0.471462 313,183,325,214,0,0.373596 314,185,328,214,1,0.346052 261,184,277,199,6,0.004716
/home/dysjin/data/CARLA.v20-carla_v20.coco/valid/026847_png.rf.7a28094ba474fb2fab06e58f1ebea83c.jpg 415,210,447,241,3,0.381901
/home/dysjin/data/CARLA.v20-carla_v20.coco/valid/075709_png.rf.7dd638ab9af378bf60aaa2fb92a0aea4.jpg 166,246,256,306,6,0.768385 312,244,348,271,6,0.709815 2,226,171,437,6,0.612508 240,243,268,277,6,0.127071 253,245,266,273,0,0.005480 0,45,210,480,6,0.004194 240,242,264,290,0,0.003980 200,242,262,280,6,0.001259
/home/dysjin/data/CARLA.v20-carla_v20.coco/valid/Town02_007380_png.rf.8809896fc46f6266a6729640bbc68e4c.jpg 562,191,633,223,6,0.464685 554,189,604,248,6,0.018778 598,181,640,220,6,0.012493 279,189,296,201,6,0.008958 272,192,285,203,6,0.007124 621,172,638,225,6,0.002557 291,188,303,201,6,0.001163 611,187,636,210,6,0.001000
/home/dysjin/data/CARLA.v20-carla_v20.coco/valid/Town01_007500_png.rf.7e4c2487265d812d93246e09a19aeab2.jpg 527,168,640,224,6,0.727402 252,195,281,212,6,0.670429 526,178,559,217,6,0.005794 525,178,553,217,0,0.002815 621,182,640,235,6,0.001090
/home/dysjin/data/CARLA.v20-carla_v20.coco/valid/Town05_007500_png.rf.8a81a882e564e9e99b5c951d3e18dbbc.jpg 352,180,393,203,6,0.684420 134,180,177,206,6,0.024379 375,186,390,200,6,0.020041 255,177,267,197,0,0.006410 156,184,174,205,0,0.003553 305,176,318,192,0,0.002317 248,181,259,202,0,0.001727
/home/dysjin/data/CARLA.v20-carla_v20.coco/valid/Town02_005520_png.rf.8a9d2ba4122736ea3845c9e405936cce.jpg 609,193,640,228,6,0.561961 49,199,116,223,6,0.338335 93,201,135,222,6,0.045340 0,197,15,221,6,0.036065 0,203,12,229,6,0.002082 61,203,98,217,6,0.001582 591,187,635,256,6,0.001199
/home/dysjin/data/CARLA.v20-carla_v20.coco/valid/041735_png.rf.891d950e6341a379e0a80f54f49c126a.jpg 273,237,308,308,0,0.265017
/home/dysjin/data/CARLA.v20-carla_v20.coco/valid/041669_png.rf.8f16c7cc68671f71ba068edf120b2a61.jpg 301,241,334,318,0,0.382695
/home/dysjin/data/CARLA.v20-carla_v20.coco/valid/003814_png.rf.9123d8ff8e23490d6f5201cb816e4fc2.jpg 288,241,321,257,6,0.679295 546,169,638,251,3,0.459015
/home/dysjin/data/CARLA.v20-carla_v20.coco/valid/005413_png.rf.9000d6e877ce40e1d5bd5387ece453c2.jpg 105,229,123,284,2,0.805651 84,231,109,294,2,0.583946 108,231,118,270,2,0.001969
/home/dysjin/data/CARLA.v20-carla_v20.coco/valid/Town01_001500_png.rf.9254a251a5c6eb6313adba6a6adf1620.jpg 387,174,404,190,3,0.466449 390,169,404,186,4,0.002037 295,196,307,211,0,0.001804
/home/dysjin/data/CARLA.v20-carla_v20.coco/valid/Town05_004680_png.rf.93664881511a21c1adf050e2e8993477.jpg 315,174,428,219,6,0.732274 242,186,269,205,6,0.597594 185,191,199,203,6,0.006364 497,221,640,370,6,0.006079 138,190,147,207,3,0.004508 282,186,293,199,6,0.002254 194,188,205,206,0,0.001744
/home/dysjin/data/CARLA.v20-carla_v20.coco/valid/138312_png.rf.93c512dad514948e54a85fd6860eba4e.jpg 96,232,116,281,2,0.626734 0,249,11,339,2,0.002444 0,239,12,327,2,0.001836
/home/dysjin/data/CARLA.v20-carla_v20.coco/valid/005160_png.rf.922d9f2da21b5b11121905df87e629d7.jpg 402,214,430,241,4,0.308737 399,215,431,241,3,0.268737 404,212,433,245,6,0.165844
