/home/dysjin/data/CARLA.v20-carla_v20.coco/valid/001330_png.rf.9e411a3372eaf682fdfd203677e095c5.jpg 388,205,397,229,0,0.477662
/home/dysjin/data/CARLA.v20-carla_v20.coco/valid/075705_png.rf.9f5447b468e0280dc956a534954f8a5e.jpg 382,210,390,235,0,0.746885 378,198,393,244,1,0.001103
/home/dysjin/data/CARLA.v20-carla_v20.coco/valid/Town02_006840_png.rf.a4a970c10202604d1dd8c41fe9097525.jpg 553,49,595,176,2,0.494746 536,47,622,199,0,0.002597 531,37,627,161,2,0.002376
/home/dysjin/data/CARLA.v20-carla_v20.coco/valid/041683_png.rf.abc13a183255cbb5f9aeca7d55d8b4c0.jpg 402,192,412,227,0,0.587907
/home/dysjin/data/CARLA.v20-carla_v20.coco/valid/041699_png.rf.a4a6f7fb7672ac47b317ec4fe3e21c97.jpg 440,168,456,223,0,0.794626 442,177,461,229,1,0.004949
/home/dysjin/data/CARLA.v20-carla_v20.coco/valid/001367_png.rf.a534dfb67da01ed3f6ee43fba91e6134.jpg 422,170,436,225,1,0.712771 401,182,445,217,1,0.003504
/home/dysjin/data/CARLA.v20-carla_v20.coco/valid/Town02_003060_png.rf.b28380c7e6ad26a4ccdfda39d4db7f85.jpg 550,55,593,186,2,0.606134 542,56,604,226,1,0.007140 520,48,636,155,1,0.002194
/home/dysjin/data/CARLA.v20-carla_v20.coco/valid/Town01_009120_png.rf.b3886317404f3c307752dac4625c4b0e.jpg 538,32,574,174,2,0.647862 507,30,603,165,2,0.001637
/home/dysjin/data/CARLA.v20-carla_v20.coco/valid/Town01_002220_png.rf.9b6e376c042a4b43cdf2a33f00250d62.jpg 376,139,385,171,2,0.598208 376,130,386,172,1,0.011968
/home/dysjin/data/CARLA.v20-carla_v20.coco/valid/Town01_003900_png.rf.b43a572a2d61a01bb389880cf86179de.jpg 405,135,413,177,2,0.187553 403,126,416,177,1,0.005041
/home/dysjin/data/CARLA.v20-carla_v20.coco/valid/Town02_004200_png.rf.b4d2f32e1287253b4f35bf521927be39.jpg 530,73,565,170,0,0.427621 355,161,365,184,0,0.008230 517,62,592,185,0,0.001871
/home/dysjin/data/CARLA.v20-carla_v20.coco/valid/Town02_002100_png.rf.b49da10e2c41ab65d4c132e46f15d3e3.jpg 400,133,416,178,0,0.072046
/home/dysjin/data/CARLA.v20-carla_v20.coco/valid/Town01_002340_png.rf.b8976b6d8f366e29aeb47fb3b3146b33.jpg 377,139,385,171,2,0.606461 376,130,386,173,1,0.014117
/home/dysjin/data/CARLA.v20-carla_v20.coco/valid/Town01_005820_png.rf.c9053a957ff7561268673aaec9e095f0.jpg 399,131,406,171,2,0.460563 397,129,408,172,1,0.160839 384,135,414,161,1,0.002213
/home/dysjin/data/CARLA.v20-carla_v20.coco/valid/Town02_007860_png.rf.c09b31040aef1813f06b8c0e8484ab0a.jpg 566,0,627,212,2,0.689800 592,13,640,185,2,0.001198
/home/dysjin/data/CARLA.v20-carla_v20.coco/valid/Town01_011580_png.rf.c8aa9ea674a7d69974d55bf63b55ddbf.jpg 575,0,631,206,2,0.524410 580,12,630,222,1,0.017857 590,11,640,182,0,0.004695
/home/dysjin/data/CARLA.v20-carla_v20.coco/valid/001927_png.rf.c664a8d96a0b098c23327d2b8d94ee43.jpg 364,215,369,233,0,0.362010
/home/dysjin/data/CARLA.v20-carla_v20.coco/valid/Town01_007440_png.rf.bed11eeb1dde416bf8789b24a8a5c0f8.jpg 553,0,608,209,2,0.659317
/home/dysjin/data/CARLA.v20-carla_v20.coco/valid/075708_png.rf.c1818fa586a2b613b2806f928a933d9d.jpg 382,209,390,234,0,0.740869
/home/dysjin/data/CARLA.v20-carla_v20.coco/valid/001435_png.rf.d3bf273ef63551475f4cb25d8d301e39.jpg 432,158,446,222,0,0.828501 435,172,443,208,0,0.002360 420,185,448,212,1,0.001416
/home/dysjin/data/CARLA.v20-carla_v20.coco/valid/001361_png.rf.d5572afc1762eccbf78b41cc82f35cc2.jpg 401,182,409,222,2,0.665481
/home/dysjin/data/CARLA.v20-carla_v20.coco/valid/019121_png.rf.deb86464dd224ac85f75272f851fc0a8.jpg 376,209,382,226,1,0.382364 377,203,383,227,0,0.018768
/home/dysjin/data/CARLA.v20-carla_v20.coco/valid/041657_png.rf.e06a4a0ae870ee5d8dbe97fc65b5b666.jpg 375,209,382,229,0,0.801811 560,42,599,159,2,0.002835
/home/dysjin/data/CARLA.v20-carla_v20.coco/valid/Town01_012480_png.rf.e26b2e82c78ce09ec03748425e58f4cc.jpg 528,43,567,172,2,0.643500
/home/dysjin/data/CARLA.v20-carla_v20.coco/valid/001519_png.rf.e42bb854e84b40164ed2795569b2eb6f.jpg 589,78,634,211,0,0.444342 592,73,632,189,1,0.402543 595,64,637,227,2,0.007840 608,64,635,160,0,0.001906 575,111,640,191,0,0.001650
/home/dysjin/data/CARLA.v20-carla_v20.coco/valid/Town02_005280_png.rf.ec981f5d8aec80a53ec1f9961c2321af.jpg 581,37,621,179,2,0.555037 558,61,640,188,0,0.001918 575,16,640,218,2,0.001222
/home/dysjin/data/CARLA.v20-carla_v20.coco/valid/001509_png.rf.ed3baed466e7f65c1a01fb57bf942b65.jpg 589,78,634,212,0,0.463065 592,73,632,189,1,0.416194 595,65,637,226,2,0.008167 575,110,640,191,0,0.001696 608,63,634,161,0,0.001223
/home/dysjin/data/CARLA.v20-carla_v20.coco/valid/075724_png.rf.e0c3e9a2b7f318c71e76ccdcb0dda6a1.jpg 378,210,384,231,1,0.396451 371,205,391,233,1,0.002848 377,199,385,231,0,0.001274
/home/dysjin/data/CARLA.v20-carla_v20.coco/valid/Town01_003120_png.rf.e8102012d0fd77f9a4e66da971c70a18.jpg 563,43,608,154,0,0.468589 554,31,629,165,2,0.017246 540,0,630,173,0,0.003908 559,43,615,190,1,0.003254 534,92,640,140,1,0.001784
/home/dysjin/data/CARLA.v20-carla_v20.coco/valid/112477_png.rf.ecf5d82849f8b68362ce65c8d2645a1c.jpg 426,180,434,224,2,0.631020 398,184,451,211,1,0.001557
/home/dysjin/data/CARLA.v20-carla_v20.coco/valid/001270_png.rf.ed6bb3904ae87dd4ef07338f3f0f626a.jpg 363,212,369,228,2,0.415835 364,203,371,226,0,0.002134
/home/dysjin/data/CARLA.v20-carla_v20.coco/valid/Town02_001980_png.rf.ee7206fcf98c96c61f2900b25e79ce20.jpg 402,135,409,175,2,0.071853 401,120,413,182,1,0.026580 404,103,415,173,2,0.003550
/home/dysjin/data/CARLA.v20-carla_v20.coco/valid/004263_png.rf.e0588fc5a69e43640623e78a55ad9165.jpg 425,174,441,221,2,0.608263 425,163,443,217,1,0.035383
/home/dysjin/data/CARLA.v20-carla_v20.coco/valid/112475_png.rf.df928fa484eb08e1454caacc1e194352.jpg 426,180,434,224,2,0.632143 398,184,451,211,1,0.001463
/home/dysjin/data/CARLA.v20-carla_v20.coco/valid/001331_png.rf.f35659e30d08c388b3963206bae9713b.jpg 388,202,396,230,2,0.363878 389,196,399,231,0,0.007348 384,200,401,233,1,0.003691
/home/dysjin/data/CARLA.v20-carla_v20.coco/valid/Town02_003120_png.rf.f36fecf8d2ee4965c1f3bddaaaad5f33.jpg 546,53,590,176,2,0.585569 542,52,604,230,1,0.004505 521,49,635,155,1,0.002134 532,50,625,198,0,0.002132
/home/dysjin/data/CARLA.v20-carla_v20.coco/valid/001245_png.rf.fb13d5414216a61be5ab1c3bb0c457c4.jpg 371,211,379,231,0,0.676924 366,206,383,233,0,0.003923
/home/dysjin/data/CARLA.v20-carla_v20.coco/valid/Town01_005460_png.rf.f3a920057f1914b9e5e96a79df0ca0b1.jpg 534,34,571,175,2,0.629232 506,25,604,170,2,0.001550 546,32,587,177,0,0.001138
/home/dysjin/data/CARLA.v20-carla_v20.coco/valid/Town01_003300_png.rf.fae28071a74fa02928094ff14cdbb3aa.jpg 383,145,392,179,0,0.272106 376,141,397,177,1,0.001305
/home/dysjin/data/CARLA.v20-carla_v20.coco/valid/043396_png.rf.fd1d11b6357b9bb0264712f4145cbdf8.jpg 415,180,430,218,1,0.463261
/home/dysjin/data/CARLA.v20-carla_v20.coco/valid/Town01_009600_png.rf.ff8a77abddeb09ebba247345e2d76c29.jpg 590,42,633,166,2,0.427500 598,38,636,171,0,0.326566 582,51,640,149,0,0.001574
/home/dysjin/data/CARLA.v20-carla_v20.coco/valid/Town01_008460_png.rf.03f3160d63f090b29499596ec3c8c4b5.jpg 532,36,574,175,2,0.699714 503,32,606,165,2,0.003057 511,11,595,163,1,0.001151
/home/dysjin/data/CARLA.v20-carla_v20.coco/valid/005508_png.rf.0ab3da1b4970047c9b42e5bbe5d4e6f1.jpg 416,185,426,222,2,0.373815 410,192,436,225,1,0.001359
/home/dysjin/data/CARLA.v20-carla_v20.coco/valid/008302_png.rf.007e2949bdfa7d1da314006e2e76bf9f.jpg 388,203,395,230,2,0.549041
/home/dysjin/data/CARLA.v20-carla_v20.coco/valid/Town02_008340_png.rf.044a76656e2e2fe428cd425926d9acbe.jpg 542,43,580,180,2,0.735601 505,39,605,157,2,0.001802
/home/dysjin/data/CARLA.v20-carla_v20.coco/valid/075710_png.rf.0b62bb94157d1f2113ac6bbefe158022.jpg 382,210,390,234,0,0.746930
/home/dysjin/data/CARLA.v20-carla_v20.coco/valid/041689_png.rf.0d648fbd58416a80b414e4503d51c42e.jpg 413,190,422,224,0,0.765236 400,197,424,223,1,0.003315
/home/dysjin/data/CARLA.v20-carla_v20.coco/valid/Town01_012660_png.rf.01d0c3eb2f5a5f61b97b9f2487fb85b6.jpg 436,121,448,181,2,0.608421 436,103,453,177,1,0.013959
/home/dysjin/data/CARLA.v20-carla_v20.coco/valid/Town02_008820_png.rf.135414697b8215dc125af6b125d3058c.jpg 398,141,406,176,2,0.476479
/home/dysjin/data/CARLA.v20-carla_v20.coco/valid/112550_png.rf.1ca2fa82e03653536df85cf5faf5753c.jpg 425,180,434,224,2,0.616686 399,184,450,211,1,0.001589
/home/dysjin/data/CARLA.v20-carla_v20.coco/valid/Town02_000780_png.rf.16d5987bcdc7d08470c1b3e757e128e5.jpg 395,141,403,180,2,0.759293 389,145,398,172,2,0.005627 384,145,413,173,1,0.003055 395,131,407,173,1,0.001521
/home/dysjin/data/CARLA.v20-carla_v20.coco/valid/001305_png.rf.21e91298a1a8a613dfd4b2fd70a08e6e.jpg 377,208,384,229,0,0.593930 371,204,389,231,0,0.003090
/home/dysjin/data/CARLA.v20-carla_v20.coco/valid/Town01_004320_png.rf.1f6552094735eb0bd49b614b7e584c58.jpg 365,147,373,178,2,0.326539 364,139,376,183,1,0.010246 367,137,377,167,2,0.001657
/home/dysjin/data/CARLA.v20-carla_v20.coco/valid/Town02_006720_png.rf.2632fd4f3d65ff215e84d472badfd870.jpg 553,49,595,176,2,0.487341 536,46,623,200,0,0.002559 531,36,627,161,2,0.002332
/home/dysjin/data/CARLA.v20-carla_v20.coco/valid/005482_png.rf.1eef94cb1d26525ab4b64d28fc9be58d.jpg 416,186,425,222,2,0.356159 409,182,438,212,1,0.001237
/home/dysjin/data/CARLA.v20-carla_v20.coco/valid/Town01_009480_png.rf.2113ca4f54f645b50b381b8bc24f1faa.jpg 398,146,405,179,2,0.610040 396,127,407,175,1,0.001570 382,146,415,171,1,0.001223
/home/dysjin/data/CARLA.v20-carla_v20.coco/valid/Town01_008280_png.rf.2f69ce357d9638b109b359e31c238ab4.jpg 359,164,365,183,2,0.454428
/home/dysjin/data/CARLA.v20-carla_v20.coco/valid/Town01_005100_png.rf.262bb9c3104b14f5fb633de3dafd0a52.jpg 562,23,612,180,2,0.725927
/home/dysjin/data/CARLA.v20-carla_v20.coco/valid/Town01_011940_png.rf.2554f5ab3ce2122d2ef300838472450f.jpg 532,38,570,174,2,0.625510 506,32,603,164,2,0.002260 508,64,598,182,0,0.001078
/home/dysjin/data/CARLA.v20-carla_v20.coco/valid/041684_png.rf.2f70db5ab75442cd11fffa13a776ae97.jpg 403,193,412,226,0,0.777435 403,186,416,230,1,0.001406
/home/dysjin/data/CARLA.v20-carla_v20.coco/valid/043387_png.rf.2ac54174f523b6a6cb2ed7cb9d7ff050.jpg 402,193,410,223,1,0.422045 401,184,410,221,0,0.002053
/home/dysjin/data/CARLA.v20-carla_v20.coco/valid/112459_png.rf.33bdc5bd58f0f631808a95c4ceb9a78f.jpg 426,180,434,224,2,0.625692 399,184,451,211,1,0.001548
/home/dysjin/data/CARLA.v20-carla_v20.coco/valid/041653_png.rf.31aa86a50239c7e6cbc52c66846dac06.jpg 372,211,380,230,0,0.811411
/home/dysjin/data/CARLA.v20-carla_v20.coco/valid/Town01_004860_png.rf.37a45d49d493fecaca3b7180972e4923.jpg 563,25,611,181,2,0.743657
/home/dysjin/data/CARLA.v20-carla_v20.coco/valid/Town02_001080_png.rf.2d29b90fb99ccf7727caeaa1914436b4.jpg 396,140,403,180,2,0.745629 389,144,398,172,2,0.006128 384,145,414,173,1,0.002833 395,131,407,173,1,0.001877
/home/dysjin/data/CARLA.v20-carla_v20.coco/valid/Town02_005700_png.rf.39e8547ff43ddaa06ed2b24f114c8a27.jpg 381,149,387,178,2,0.124753 378,141,390,181,1,0.002524
/home/dysjin/data/CARLA.v20-carla_v20.coco/valid/Town02_002040_png.rf.3d0fd4b3b3749ac8ebdf480959eb8e66.jpg 401,134,408,176,2,0.087864 401,121,410,180,1,0.029189 404,104,415,172,2,0.003475
/home/dysjin/data/CARLA.v20-carla_v20.coco/valid/075707_png.rf.2ff4a82560cfe658387e361a6cc43ef0.jpg 382,209,390,234,0,0.737300
/home/dysjin/data/CARLA.v20-carla_v20.coco/valid/043408_png.rf.423899111ab297ee43cd263230701958.jpg 416,180,429,220,1,0.419884
/home/dysjin/data/CARLA.v20-carla_v20.coco/valid/121245_png.rf.3c6765f574e34bb200e320d55fc2ffe7.jpg 354,212,363,232,0,0.677515
/home/dysjin/data/CARLA.v20-carla_v20.coco/valid/005269_png.rf.3fdac2d2a85c74c4a787e6e850a03f79.jpg 430,177,448,226,0,0.771546 423,192,448,229,1,0.001043
/home/dysjin/data/CARLA.v20-carla_v20.coco/valid/001236_png.rf.409576651b226c5576da72e905ebe162.jpg 371,212,378,235,0,0.674464
/home/dysjin/data/CARLA.v20-carla_v20.coco/valid/Town02_004920_png.rf.3cdedb8ebbe317a63567ec577e3789a8.jpg 347,167,353,180,2,0.041818 0,0,21,162,2,0.027394 339,166,345,180,2,0.009057 354,161,361,179,2,0.002853
/home/dysjin/data/CARLA.v20-carla_v20.coco/valid/002495_png.rf.406c65b4f1f39556fe8088674255f20c.jpg 487,132,510,212,0,0.683430 487,143,510,215,1,0.004853 190,237,199,259,2,0.002082
/home/dysjin/data/CARLA.v20-carla_v20.coco/valid/Town02_001740_png.rf.4072bb166a4df4f9403df039e28a73f3.jpg 402,135,409,175,2,0.077088 401,121,413,181,1,0.025494 404,103,415,173,2,0.002888
/home/dysjin/data/CARLA.v20-carla_v20.coco/valid/Town02_003420_png.rf.4347a7bee8aec9f5c84eb5295856f9a9.jpg 546,53,591,176,2,0.599797 542,53,604,229,1,0.003860 520,49,636,155,1,0.002127 531,52,625,197,0,0.002092
/home/dysjin/data/CARLA.v20-carla_v20.coco/valid/Town01_006060_png.rf.3d76b002da6076434f028293d0c4a498.jpg 412,111,430,184,0,0.769951
/home/dysjin/data/CARLA.v20-carla_v20.coco/valid/030045_png.rf.44afb2a25b96e7e9cf1f6928e4ffdfa2.jpg 439,155,454,223,0,0.810492 442,172,451,208,0,0.007727 435,172,447,214,0,0.006540
/home/dysjin/data/CARLA.v20-carla_v20.coco/valid/Town02_007800_png.rf.4e6520c0e9dd39a93f5048a2caea0283.jpg 566,0,626,210,2,0.682468 591,15,640,182,0,0.001217
/home/dysjin/data/CARLA.v20-carla_v20.coco/valid/Town01_001860_png.rf.53e5db5983ad00d8986ebdc44e1e76ef.jpg 361,161,371,178,0,0.329319 365,146,377,179,0,0.001355
/home/dysjin/data/CARLA.v20-carla_v20.coco/valid/002475_png.rf.423db98833982c80b16eba29e15abd29.jpg 394,197,403,224,0,0.767472
/home/dysjin/data/CARLA.v20-carla_v20.coco/valid/Town01_012060_png.rf.58e57e1a7e8d4f630323ae1827ca68bc.jpg 534,43,578,155,0,0.579220 518,0,588,202,0,0.033387 517,94,608,138,1,0.003219 536,29,587,204,1,0.002283
/home/dysjin/data/CARLA.v20-carla_v20.coco/valid/009044_png.rf.59d4a83882b4b6af242cbd9e0e31ba80.jpg 550,96,588,208,0,0.653943 534,66,603,232,0,0.006319 1,187,16,285,1,0.005879 2,176,18,272,1,0.004777
/home/dysjin/data/CARLA.v20-carla_v20.coco/valid/Town02_002520_png.rf.55f8a7c01a8e4b86c99a794d7b61cd5d.jpg 395,142,402,176,2,0.159475 394,137,405,182,1,0.023272
/home/dysjin/data/CARLA.v20-carla_v20.coco/valid/001376_png.rf.52ccc494e9755f668a164dfef1970be7.jpg 436,163,452,222,1,0.594128 437,159,449,221,2,0.272765
/home/dysjin/data/CARLA.v20-carla_v20.coco/valid/Town02_008760_png.rf.5bfb07b6a5fbe6700b4b9c150b9c6576.jpg 399,142,407,176,2,0.411133
/home/dysjin/data/CARLA.v20-carla_v20.coco/valid/001919_png.rf.5df061a0f3682d67079db4b8e59b6d76.jpg 356,214,364,234,0,0.649452
/home/dysjin/data/CARLA.v20-carla_v20.coco/valid/112469_png.rf.4fea3a1e3f0858f468ecb362968a08fb.jpg 426,180,434,224,2,0.611271 399,184,450,211,1,0.001577
/home/dysjin/data/CARLA.v20-carla_v20.coco/valid/005263_png.rf.4d3f2af7a3d3c199581713ca3ff5cc76.jpg 423,184,442,225,0,0.608956 426,192,443,227,1,0.005082 424,178,437,226,2,0.002198
/home/dysjin/data/CARLA.v20-carla_v20.coco/valid/026720_png.rf.5ce6cea2d4886f058887b87959cddd04.jpg 387,199,394,228,2,0.747763
/home/dysjin/data/CARLA.v20-carla_v20.coco/valid/Town01_008760_png.rf.8619ab6f1e0a55fcd39be2cc52aa27ad.jpg 473,73,501,170,2,0.446382 471,84,496,177,1,0.001655
/home/dysjin/data/CARLA.v20-carla_v20.coco/valid/121278_png.rf.6607158f1164a75baf620dcb66d1b07e.jpg 401,190,410,222,0,0.607112 402,189,417,229,1,0.001141
/home/dysjin/data/CARLA.v20-carla_v20.coco/valid/Town02_004620_png.rf.7280640e1c163e7c4b28010b90659788.jpg 387,148,392,178,2,0.172025 384,143,394,182,1,0.001725 8,0,65,245,2,0.001190
/home/dysjin/data/CARLA.v20-carla_v20.coco/valid/010747_png.rf.72cd9b8e4f7a2ef784d2c0a03b7219ec.jpg 431,173,446,229,0,0.798471
/home/dysjin/data/CARLA.v20-carla_v20.coco/valid/Town02_001020_png.rf.79741d4293c684a4f4e895c08f1290d5.jpg 396,141,404,180,2,0.739407 389,144,398,172,2,0.003257 384,145,414,173,1,0.002867 395,131,407,174,1,0.001697
/home/dysjin/data/CARLA.v20-carla_v20.coco/valid/112362_png.rf.868e587d8bdd37c81e4872223fbdbeb4.jpg 425,180,434,223,2,0.646480 399,184,450,211,1,0.001672
/home/dysjin/data/CARLA.v20-carla_v20.coco/valid/Town01_003060_png.rf.85674efb77b24c333852c457877b34ed.jpg 544,47,581,173,2,0.780844
/home/dysjin/data/CARLA.v20-carla_v20.coco/valid/075709_png.rf.7dd638ab9af378bf60aaa2fb92a0aea4.jpg 382,209,390,234,0,0.731565
/home/dysjin/data/CARLA.v20-carla_v20.coco/valid/001394_png.rf.72ecbd4106fe4eb2725c881dc7ee3f4b.jpg 465,144,488,219,1,0.835974 464,140,488,213,0,0.227923 466,148,494,214,2,0.005566
/home/dysjin/data/CARLA.v20-carla_v20.coco/valid/Town02_007380_png.rf.8809896fc46f6266a6729640bbc68e4c.jpg 546,44,583,179,2,0.660813 533,57,623,191,0,0.001584 545,59,593,222,1,0.001136
/home/dysjin/data/CARLA.v20-carla_v20.coco/valid/Town01_009660_png.rf.8a031c61ab7dacc4e322f2e7ad612a64.jpg 590,41,633,165,2,0.440852 581,52,640,149,0,0.001566 568,34,638,118,1,0.001023
/home/dysjin/data/CARLA.v20-carla_v20.coco/valid/005281_png.rf.8b82b07da923b5aa4ca4f6cb937956c3.jpg 490,146,513,220,0,0.753894 492,153,512,229,1,0.024101 481,171,510,205,0,0.001078
/home/dysjin/data/CARLA.v20-carla_v20.coco/valid/Town01_007500_png.rf.7e4c2487265d812d93246e09a19aeab2.jpg 559,20,604,156,2,0.656459 543,0,640,252,2,0.001157
/home/dysjin/data/CARLA.v20-carla_v20.coco/valid/Town02_005520_png.rf.8a9d2ba4122736ea3845c9e405936cce.jpg 583,31,632,169,0,0.540943 580,31,640,202,1,0.010543 583,25,640,168,2,0.007431 559,83,640,149,1,0.004650
/home/dysjin/data/CARLA.v20-carla_v20.coco/valid/041669_png.rf.8f16c7cc68671f71ba068edf120b2a61.jpg 384,206,392,228,0,0.677932
/home/dysjin/data/CARLA.v20-carla_v20.coco/valid/005413_png.rf.9000d6e877ce40e1d5bd5387ece453c2.jpg 364,218,370,231,2,0.455472
/home/dysjin/data/CARLA.v20-carla_v20.coco/valid/004215_png.rf.9a454f3420d12d02b84df385f9483c13.jpg 386,195,393,226,2,0.631579 388,165,402,234,1,0.007326 389,152,406,223,2,0.002185 390,182,400,218,2,0.001034
/home/dysjin/data/CARLA.v20-carla_v20.coco/valid/043383_png.rf.9696a636b2b90404d0f076aec4fcce96.jpg 394,199,402,223,1,0.522399 390,202,397,224,2,0.001193
/home/dysjin/data/CARLA.v20-carla_v20.coco/valid/001419_png.rf.8fccb0783a4bf0c981204c9cbd565678.jpg 521,106,553,229,2,0.492162 519,127,554,201,1,0.357470 519,106,548,195,0,0.019374 492,106,567,191,1,0.001349
