/home/dysjin/data/CARLA.v20-carla_v20.coco/valid/Town05_011820_png.rf.a721d4435d03a17b63243ff374e790d2.jpg 1,185,110,229,6,0.944894 312,186,323,201,0,0.045124 67,187,118,227,6,0.026968 319,188,332,201,6,0.026365 0,200,72,232,6,0.003449 328,189,342,201,6,0.002294 78,196,106,220,6,0.001223 297,187,313,200,0,0.001189
/home/dysjin/data/CARLA.v20-carla_v20.coco/valid/Town05_005760_png.rf.a5aa9e8688171e7bfb57f36e4a648f69.jpg 315,184,328,203,6,0.906790 349,165,359,179,3,0.019927 257,177,270,191,6,0.010018 356,164,367,180,3,0.005452 345,174,357,187,3,0.003393 316,194,330,211,6,0.002637 247,178,261,191,6,0.001589 328,185,339,197,0,0.001023
/home/dysjin/data/CARLA.v20-carla_v20.coco/valid/075705_png.rf.9f5447b468e0280dc956a534954f8a5e.jpg 307,244,351,275,6,0.997138 0,246,176,422,6,0.962713 164,247,255,300,6,0.943369 237,241,265,275,6,0.808507 228,246,258,286,6,0.082543 253,243,266,273,0,0.011815 216,241,245,298,6,0.003333 0,199,454,480,6,0.001728 362,261,381,275,6,0.001503
/home/dysjin/data/CARLA.v20-carla_v20.coco/valid/Town02_006840_png.rf.a4a970c10202604d1dd8c41fe9097525.jpg 578,180,639,219,6,0.865187 564,174,581,196,3,0.158161 390,178,460,209,6,0.029217 0,193,17,248,6,0.006856 0,153,12,219,3,0.006544 560,174,586,213,6,0.005807 203,190,221,203,6,0.004799 578,200,640,229,6,0.002141 600,184,640,226,6,0.001695 472,177,548,211,6,0.001571 624,166,639,230,6,0.001530
/home/dysjin/data/CARLA.v20-carla_v20.coco/valid/Town02_002640_png.rf.ac6bee6a9e4c4b2a1e149670c97196c1.jpg 261,195,293,215,6,0.885733 393,174,405,194,3,0.802666 297,192,375,245,6,0.782623 295,189,308,211,6,0.001654 294,193,308,219,0,0.001393 399,174,414,194,3,0.001313 68,182,88,241,2,0.001266
/home/dysjin/data/CARLA.v20-carla_v20.coco/valid/007096_png.rf.a26873f70f1467f54f0fd09ea8c1731b.jpg 531,169,636,251,5,0.988670
/home/dysjin/data/CARLA.v20-carla_v20.coco/valid/041683_png.rf.abc13a183255cbb5f9aeca7d55d8b4c0.jpg 302,241,332,314,0,0.779530
/home/dysjin/data/CARLA.v20-carla_v20.coco/valid/041699_png.rf.a4a6f7fb7672ac47b317ec4fe3e21c97.jpg 303,237,331,318,0,0.820266
/home/dysjin/data/CARLA.v20-carla_v20.coco/valid/Town02_006480_png.rf.aec43468267a9993201d034f7031ee5c.jpg 349,174,362,188,3,0.106254 217,186,238,203,6,0.004302 201,185,224,202,6,0.003479 199,184,213,207,1,0.001910 365,174,379,190,3,0.001743 355,165,368,183,3,0.001489 185,181,245,203,6,0.001065
/home/dysjin/data/CARLA.v20-carla_v20.coco/valid/Town02_003060_png.rf.b28380c7e6ad26a4ccdfda39d4db7f85.jpg 607,190,635,231,6,0.658419 542,192,619,221,6,0.312175 611,213,638,248,6,0.005582 520,187,578,222,6,0.004672 582,180,640,220,6,0.004306 615,178,640,258,6,0.003473 625,202,640,259,6,0.002563 599,197,628,219,6,0.001247 627,162,639,235,6,0.001224
/home/dysjin/data/CARLA.v20-carla_v20.coco/valid/Town01_009120_png.rf.b3886317404f3c307752dac4625c4b0e.jpg 305,194,329,213,6,0.892313
/home/dysjin/data/CARLA.v20-carla_v20.coco/valid/051305_png.rf.af3e2dc55ae45fc793f7f25eb6fdf7b4.jpg 428,209,462,242,3,0.998807
/home/dysjin/data/CARLA.v20-carla_v20.coco/valid/007291_png.rf.b33e9d647d42777054dfb5f46d23bbad.jpg 384,221,401,240,3,0.949856
/home/dysjin/data/CARLA.v20-carla_v20.coco/valid/Town05_005820_png.rf.abc3e70595852b4f2320e8b55c805a27.jpg 302,190,334,218,6,0.974159 357,165,368,181,3,0.001975
/home/dysjin/data/CARLA.v20-carla_v20.coco/valid/Town05_006960_png.rf.9d31f2ffd8a1d723122d28555c0e3321.jpg 284,183,297,212,0,0.156857 617,199,640,353,0,0.021294 618,221,640,368,6,0.004118 629,232,640,310,0,0.001032
/home/dysjin/data/CARLA.v20-carla_v20.coco/valid/Town02_009720_png.rf.b20474373a38fe973889a895d5aba03e.jpg 291,205,346,256,6,0.598396 267,192,279,216,0,0.298238
/home/dysjin/data/CARLA.v20-carla_v20.coco/valid/Town01_002220_png.rf.9b6e376c042a4b43cdf2a33f00250d62.jpg 190,200,440,373,6,0.987815 581,212,640,247,6,0.024657 280,190,299,204,0,0.009788 184,188,196,204,1,0.002858 270,190,288,205,0,0.002309 0,187,640,380,6,0.002205 285,189,311,202,6,0.002064
/home/dysjin/data/CARLA.v20-carla_v20.coco/valid/Town01_003900_png.rf.b43a572a2d61a01bb389880cf86179de.jpg 190,203,443,373,6,0.978327 340,193,358,208,6,0.022960 627,172,640,247,6,0.009161 329,197,353,212,6,0.003284 610,187,639,231,6,0.002826 0,177,640,380,6,0.002674 231,137,413,380,6,0.001966 313,187,366,207,6,0.001517
/home/dysjin/data/CARLA.v20-carla_v20.coco/valid/029067_png.rf.b686edaf28a0971571945f7b069613d5.jpg 540,213,581,346,2,0.998161 396,236,406,260,2,0.003920
/home/dysjin/data/CARLA.v20-carla_v20.coco/valid/Town02_004200_png.rf.b4d2f32e1287253b4f35bf521927be39.jpg 268,186,290,208,6,0.946773 366,189,383,204,6,0.003792 306,186,321,199,6,0.003780 374,190,394,206,6,0.003141 355,187,372,202,3,0.001285
/home/dysjin/data/CARLA.v20-carla_v20.coco/valid/Town02_002100_png.rf.b49da10e2c41ab65d4c132e46f15d3e3.jpg 302,189,333,284,1,0.849954 277,186,291,202,6,0.762400 0,183,14,213,6,0.355306 313,188,323,207,6,0.102184 295,194,317,276,1,0.005159 0,160,14,216,6,0.004399 292,188,309,200,6,0.004266 6,188,22,206,6,0.003660 305,185,329,235,0,0.003412 278,195,295,210,6,0.002561
/home/dysjin/data/CARLA.v20-carla_v20.coco/valid/003752_png.rf.bb0716bc5b93fa8b10f41577e20a2f35.jpg 397,214,426,243,4,0.931347 304,239,326,253,6,0.007540
/home/dysjin/data/CARLA.v20-carla_v20.coco/valid/138327_png.rf.b4aecc174d58e25a6e680c2468864172.jpg 18,226,44,300,2,0.498868 0,206,43,311,2,0.050143 0,227,15,317,2,0.015680 249,268,359,328,6,0.001735
/home/dysjin/data/CARLA.v20-carla_v20.coco/valid/Town05_009600_png.rf.b886b3525f44da0ae66796230d91b958.jpg 461,191,502,215,6,0.940694 104,193,225,231,6,0.924025 584,180,638,205,6,0.875401 376,184,415,208,6,0.730574 94,199,164,235,6,0.087739 559,185,585,201,6,0.021235 527,185,543,200,6,0.019100 574,187,598,204,6,0.017912 585,186,611,204,6,0.007775 401,185,418,207,6,0.006107 558,182,611,207,6,0.005814 371,186,390,206,6,0.004711 415,185,429,202,0,0.003605 194,196,212,221,6,0.003197 554,179,570,194,6,0.002907 438,186,461,201,6,0.002346 625,166,639,226,6,0.002297 416,180,431,195,6,0.001536 421,180,478,208,6,0.001409 486,188,501,213,6,0.001266 599,176,640,214,6,0.001170
/home/dysjin/data/CARLA.v20-carla_v20.coco/valid/Town01_002340_png.rf.b8976b6d8f366e29aeb47fb3b3146b33.jpg 191,199,439,373,6,0.987416 279,191,298,206,0,0.136984 581,212,640,247,6,0.023088 284,189,309,203,6,0.004048 184,188,196,204,0,0.003199 269,193,291,215,0,0.002862 0,185,640,380,6,0.002225 274,188,303,223,0,0.001414 260,189,276,207,0,0.001379
/home/dysjin/data/CARLA.v20-carla_v20.coco/valid/Town05_009780_png.rf.c3069a0d7ec82f2e1960c0497cec36fe.jpg 278,195,358,247,6,0.539503 427,202,475,231,6,0.011762
/home/dysjin/data/CARLA.v20-carla_v20.coco/valid/Town05_002700_png.rf.b9dfa75f628efa31633800bb9dfee796.jpg 368,180,389,197,6,0.438844 390,180,403,193,6,0.013802 347,184,359,202,0,0.008802 357,181,374,195,6,0.006577 0,169,14,227,6,0.004329 257,185,271,203,0,0.004147 0,192,12,219,6,0.003781 392,185,404,197,0,0.001251
/home/dysjin/data/CARLA.v20-carla_v20.coco/valid/005173_png.rf.c24ac196d86260d3a384e12093bfa5ef.jpg 474,195,527,240,5,0.821425 420,211,434,234,5,0.002048 478,179,505,258,5,0.001657
/home/dysjin/data/CARLA.v20-carla_v20.coco/valid/Town01_005820_png.rf.c9053a957ff7561268673aaec9e095f0.jpg 296,194,340,308,1,0.971918 181,203,201,220,6,0.135157 193,202,208,216,6,0.009482 246,193,257,206,6,0.005920 345,176,359,190,3,0.003114 311,186,323,205,6,0.002493 293,204,315,289,1,0.001731 165,200,212,219,6,0.001659
/home/dysjin/data/CARLA.v20-carla_v20.coco/valid/Town01_011580_png.rf.c8aa9ea674a7d69974d55bf63b55ddbf.jpg 264,186,288,206,6,0.973457 578,188,640,221,6,0.929476 464,200,529,244,6,0.075347 627,195,640,225,6,0.071887 317,186,333,200,6,0.023134 545,174,633,227,6,0.007052 308,188,325,201,6,0.006853 576,166,640,208,6,0.006384 292,188,306,200,6,0.001608 559,179,585,218,6,0.001313
/home/dysjin/data/CARLA.v20-carla_v20.coco/valid/Town01_007440_png.rf.bed11eeb1dde416bf8789b24a8a5c0f8.jpg 527,173,640,217,6,0.970113 263,195,273,213,1,0.365257 526,179,552,216,6,0.267376 264,190,273,212,0,0.148664 623,178,640,234,6,0.009986 597,174,640,221,6,0.002689
/home/dysjin/data/CARLA.v20-carla_v20.coco/valid/Town05_011760_png.rf.c548e0a947d80bc036151e4db99afcfa.jpg 0,206,189,344,6,0.968606 313,182,321,204,0,0.533578 318,186,328,201,0,0.035572 329,187,342,199,6,0.001606 300,184,313,200,0,0.001453 310,191,321,214,0,0.001201
/home/dysjin/data/CARLA.v20-carla_v20.coco/valid/075708_png.rf.c1818fa586a2b613b2806f928a933d9d.jpg 307,246,349,274,6,0.994814 0,243,173,421,6,0.955752 162,246,254,299,6,0.943944 237,242,265,275,6,0.799181 253,242,266,272,0,0.007690 362,262,381,275,6,0.004557 1,210,76,480,6,0.002053 0,192,466,480,6,0.001715 349,239,359,259,3,0.001445 196,240,263,284,6,0.001213 228,250,258,283,6,0.001161 217,240,244,297,6,0.001131
/home/dysjin/data/CARLA.v20-carla_v20.coco/valid/Town05_009900_png.rf.c90bd5781f975f44de47fd794a1f9ac6.jpg 345,195,436,249,6,0.975207 331,187,345,205,6,0.088857 415,188,436,235,0,0.038901 339,186,354,202,0,0.007298 324,188,338,206,6,0.006739 417,188,432,210,0,0.004508 332,193,346,215,0,0.003906 366,179,431,210,6,0.002108 425,193,440,221,0,0.001828 383,189,441,228,6,0.001110
/home/dysjin/data/CARLA.v20-carla_v20.coco/valid/Town05_009660_png.rf.cc2e0d6a11c64dbe092a6e9321c6a170.jpg 225,194,408,337,6,0.985866 411,186,471,213,6,0.961526 613,185,632,204,6,0.301687 626,186,640,209,6,0.035448 207,186,224,201,6,0.034494 345,185,358,206,0,0.017436 255,179,273,193,6,0.001598 199,186,213,202,0,0.001174
/home/dysjin/data/CARLA.v20-carla_v20.coco/valid/003769_png.rf.c5c0c17fa97551316c57744e9608f796.jpg 493,190,547,246,4,0.513486 306,241,326,254,6,0.008230 485,188,546,248,3,0.001229
/home/dysjin/data/CARLA.v20-carla_v20.coco/valid/121197_png.rf.c99e70822c663f40252f74e6b2ad5094.jpg 236,251,395,386,6,0.980374 309,238,323,255,0,0.007349 498,241,524,274,6,0.001895
/home/dysjin/data/CARLA.v20-carla_v20.coco/valid/004966_png.rf.c9d8d72d0920460b612251c5fddc5770.jpg 428,200,464,243,4,0.809019
/home/dysjin/data/CARLA.v20-carla_v20.coco/valid/Town01_006240_png.rf.cc5628eb556a5a5bd1824a8d19313b41.jpg 317,192,327,217,1,0.608963 312,188,323,209,1,0.087980 300,185,313,201,6,0.025732 626,186,640,256,6,0.009844 0,184,13,258,2,0.009750 614,155,640,251,6,0.008315 593,173,640,219,6,0.006242 626,148,640,221,6,0.005551 598,199,640,241,6,0.004718 0,169,12,253,2,0.004499 0,216,12,245,6,0.002389 307,181,320,197,6,0.001563 307,185,328,213,6,0.001451
/home/dysjin/data/CARLA.v20-carla_v20.coco/valid/001638_png.rf.c98e4c5bc2a68de358073a26469c81b2.jpg 423,207,454,242,3,0.998499
/home/dysjin/data/CARLA.v20-carla_v20.coco/valid/051274_png.rf.d5f64278c64b556983082379a316485f.jpg 557,164,638,253,4,0.661558 557,163,640,269,5,0.012114
/home/dysjin/data/CARLA.v20-carla_v20.coco/valid/Town01_001440_png.rf.e4b4351effd31d5b433710cffb8243e4.jpg 383,174,400,193,3,0.947816 0,178,14,242,6,0.001623
/home/dysjin/data/CARLA.v20-carla_v20.coco/valid/019121_png.rf.deb86464dd224ac85f75272f851fc0a8.jpg 504,236,566,257,6,0.913285 543,239,575,259,6,0.162886 502,242,528,258,6,0.110908 196,232,208,260,2,0.004704
/home/dysjin/data/CARLA.v20-carla_v20.coco/valid/041811_png.rf.e8d4c17844854d24f9b2bec66a8a8889.jpg 49,225,67,239,4,0.923432 0,242,16,300,1,0.321932 0,229,15,294,2,0.016525 0,231,30,286,0,0.011733 4,211,26,384,0,0.008012 0,252,30,289,0,0.006072 1,213,27,334,0,0.003337 5,232,28,417,0,0.002146 258,222,270,244,4,0.001314 0,215,15,282,2,0.001280 0,245,10,340,2,0.001067 9,224,23,246,4,0.001026
/home/dysjin/data/CARLA.v20-carla_v20.coco/valid/041657_png.rf.e06a4a0ae870ee5d8dbe97fc65b5b666.jpg 303,241,332,308,0,0.855341 0,226,12,290,6,0.002735 0,232,11,308,6,0.001332 0,231,10,260,6,0.001170
/home/dysjin/data/CARLA.v20-carla_v20.coco/valid/001519_png.rf.e42bb854e84b40164ed2795569b2eb6f.jpg 575,222,590,242,3,0.633288 494,234,524,328,2,0.019229 584,224,600,245,3,0.007213 570,215,585,236,3,0.004109 168,242,190,254,6,0.001572 222,237,237,252,2,0.001021
/home/dysjin/data/CARLA.v20-carla_v20.coco/valid/Town02_005280_png.rf.ec981f5d8aec80a53ec1f9961c2321af.jpg 67,196,141,221,6,0.788756 161,196,203,267,1,0.348665 173,198,207,250,0,0.037552 162,203,204,277,0,0.029933 629,218,640,245,6,0.017653 0,193,12,220,6,0.016293 100,200,133,220,6,0.015582 155,196,180,274,0,0.012288 26,196,111,221,6,0.010587 0,174,14,224,6,0.002753 0,183,143,297,6,0.001981 154,200,207,249,6,0.001869 40,203,66,219,6,0.001148
/home/dysjin/data/CARLA.v20-carla_v20.coco/valid/001509_png.rf.ed3baed466e7f65c1a01fb57bf942b65.jpg 575,221,590,242,3,0.751895 584,224,600,245,3,0.015179 493,234,523,330,2,0.013849 570,215,585,236,3,0.003218 168,242,190,254,6,0.001947 166,247,189,261,6,0.001180
/home/dysjin/data/CARLA.v20-carla_v20.coco/valid/033890_png.rf.e368755037cdc345b45b625d64db27a1.jpg 245,241,431,375,6,0.990797 590,221,632,332,2,0.980937 624,221,640,319,2,0.010409 612,217,635,305,2,0.002117 83,254,98,283,2,0.001259 628,264,640,347,2,0.001139
/home/dysjin/data/CARLA.v20-carla_v20.coco/valid/075724_png.rf.e0c3e9a2b7f318c71e76ccdcb0dda6a1.jpg 292,243,334,268,6,0.977579 0,246,68,451,6,0.921942 192,244,242,282,6,0.915884 37,244,213,337,6,0.832070 1,209,64,414,6,0.018239 0,220,57,480,6,0.013473 212,248,236,276,6,0.002975 270,239,285,252,6,0.002490 226,242,244,282,6,0.001549
/home/dysjin/data/CARLA.v20-carla_v20.coco/valid/112477_png.rf.ecf5d82849f8b68362ce65c8d2645a1c.jpg 339,236,359,298,2,0.977192
/home/dysjin/data/CARLA.v20-carla_v20.coco/valid/Town02_001980_png.rf.ee7206fcf98c96c61f2900b25e79ce20.jpg 297,197,339,309,1,0.989042 0,189,63,219,6,0.754627 158,190,173,220,1,0.510360 39,193,68,214,6,0.091644 165,191,180,217,1,0.013136 293,203,316,290,1,0.002750 165,186,181,215,0,0.001834 0,172,16,225,6,0.001576 12,198,51,214,6,0.001522 50,172,66,200,3,0.001412 301,189,325,255,0,0.001114
/home/dysjin/data/CARLA.v20-carla_v20.coco/valid/026829_png.rf.e6f26e62f316568466a95ba7fd18d850.jpg 374,219,390,239,3,0.989945
/home/dysjin/data/CARLA.v20-carla_v20.coco/valid/007076_png.rf.d635d979c35f5dd6da756ef9889aef0b.jpg 396,216,421,241,5,0.994345 424,198,444,252,0,0.002867
/home/dysjin/data/CARLA.v20-carla_v20.coco/valid/112475_png.rf.df928fa484eb08e1454caacc1e194352.jpg 332,240,354,296,2,0.976485
/home/dysjin/data/CARLA.v20-carla_v20.coco/valid/Town02_006960_png.rf.eedfb90c1deb0d66a31341acd2e08f4f.jpg 146,164,168,182,3,0.946856 2,179,30,210,6,0.769192 576,177,640,243,6,0.345226 2,159,19,216,6,0.005309 270,166,333,199,6,0.001977 630,169,640,249,6,0.001418 0,177,17,229,6,0.001413
/home/dysjin/data/CARLA.v20-carla_v20.coco/valid/Town05_010860_png.rf.f31c0584fff1474ad2b0f4132e874f7d.jpg 306,174,330,258,0,0.946314 0,182,60,211,6,0.860695 27,190,56,207,6,0.013856 0,193,12,221,6,0.011743 13,196,51,211,6,0.004815 308,188,327,213,0,0.004536 0,169,14,225,6,0.003088 307,181,323,197,6,0.003011 2,196,30,213,6,0.001407 295,181,318,253,0,0.001355 6,171,73,202,6,0.001311 296,193,340,235,0,0.001242
/home/dysjin/data/CARLA.v20-carla_v20.coco/valid/Town05_004800_png.rf.ee7c080c8716cb366969ca625bb6d68b.jpg 241,183,267,203,6,0.698216 211,180,273,205,6,0.050208 348,186,361,204,0,0.040225 214,187,238,203,6,0.023982 351,186,367,200,6,0.013179 183,190,199,205,6,0.004859 629,182,640,209,6,0.001090
/home/dysjin/data/CARLA.v20-carla_v20.coco/valid/Town05_009840_png.rf.f5040ce45ecca2822cb3b1b4ea8a6f61.jpg 290,196,371,249,6,0.954590 293,189,309,205,6,0.006156 271,188,283,205,6,0.001717 283,187,296,204,0,0.001268
/home/dysjin/data/CARLA.v20-carla_v20.coco/valid/041861_png.rf.f5f3812ca6c536c5c25bea3d596be111.jpg 301,234,324,297,0,0.989457 90,247,242,309,6,0.778253 399,207,431,243,4,0.738830 217,227,239,294,1,0.101023 217,224,242,277,0,0.005687 356,223,367,240,4,0.003865 44,196,235,313,6,0.002728
/home/dysjin/data/CARLA.v20-carla_v20.coco/valid/Town02_003120_png.rf.f36fecf8d2ee4965c1f3bddaaaad5f33.jpg 404,190,494,222,6,0.948558 609,184,638,215,6,0.701534 403,198,427,222,6,0.032558 625,187,640,250,6,0.020077 611,168,640,242,6,0.008151 601,188,624,207,6,0.002650 472,185,493,227,2,0.001666 613,212,638,252,6,0.001298 561,187,579,204,6,0.001028
/home/dysjin/data/CARLA.v20-carla_v20.coco/valid/003755_png.rf.f6343810071c5f5401b5697ef363285d.jpg 406,213,436,243,4,0.873105 304,240,326,253,6,0.007628 402,210,433,244,3,0.005385
/home/dysjin/data/CARLA.v20-carla_v20.coco/valid/Town01_003300_png.rf.fae28071a74fa02928094ff14cdbb3aa.jpg 271,198,361,270,6,0.986753 154,189,223,209,6,0.050140 502,178,563,212,6,0.005362 161,192,194,207,6,0.003599 190,196,214,212,6,0.002643 87,184,98,213,2,0.002349 630,201,640,269,6,0.002026 278,193,300,207,6,0.001964
/home/dysjin/data/CARLA.v20-carla_v20.coco/valid/138255_png.rf.fbf65e3e930393318a8312fdaefcae24.jpg 56,232,80,293,2,0.899970
/home/dysjin/data/CARLA.v20-carla_v20.coco/valid/005373_png.rf.f68e0e113c5193c933cbee38c6a6bc2d.jpg 144,239,157,269,2,0.888405 158,238,169,262,2,0.064948 0,222,11,301,2,0.003439 1,239,12,303,2,0.002620 168,245,182,262,2,0.001396 169,241,183,255,2,0.001161
/home/dysjin/data/CARLA.v20-carla_v20.coco/valid/001630_png.rf.ff5ced110f03f998a7a6998ddf647fd2.jpg 407,212,437,239,3,0.994337 53,237,84,254,6,0.008504 43,230,113,255,6,0.002042
/home/dysjin/data/CARLA.v20-carla_v20.coco/valid/006662_png.rf.fa42143249c7b6a780238796639341d3.jpg 465,228,496,311,2,0.655530 482,235,505,307,2,0.001168
/home/dysjin/data/CARLA.v20-carla_v20.coco/valid/Town05_004860_png.rf.f5c138159cbce172c63fa9a736f9c655.jpg 242,183,268,203,6,0.701659 348,185,361,204,0,0.061082 211,180,273,205,6,0.047780 214,187,238,204,6,0.032559 352,186,367,201,6,0.018452 183,190,199,205,6,0.007910 629,182,640,208,6,0.001134
/home/dysjin/data/CARLA.v20-carla_v20.coco/valid/Town01_008460_png.rf.03f3160d63f090b29499596ec3c8c4b5.jpg 19,199,153,250,6,0.980600 559,190,635,223,6,0.696199 535,188,591,221,6,0.062881 415,195,486,217,6,0.056242 540,194,559,219,6,0.041056 628,183,640,213,6,0.019697 0,205,132,346,6,0.004608 0,198,94,257,6,0.003402 0,178,33,268,6,0.002448 583,191,612,207,6,0.002395 594,181,640,213,6,0.001547 628,189,640,246,6,0.001287 612,187,635,205,6,0.001085
/home/dysjin/data/CARLA.v20-carla_v20.coco/valid/005508_png.rf.0ab3da1b4970047c9b42e5bbe5d4e6f1.jpg 31,231,56,287,2,0.972839 88,229,120,314,2,0.312104 56,234,131,309,6,0.013787 102,244,127,312,2,0.005090
/home/dysjin/data/CARLA.v20-carla_v20.coco/valid/Town01_006180_png.rf.089d25ecaf49fe28c7f3bf0c3614732b.jpg 312,192,323,218,1,0.837871 316,187,325,214,0,0.019452 389,175,410,191,3,0.004612 0,217,13,245,6,0.002582 0,194,15,251,6,0.001453
/home/dysjin/data/CARLA.v20-carla_v20.coco/valid/Town02_008340_png.rf.044a76656e2e2fe428cd425926d9acbe.jpg 544,189,624,220,6,0.971415 150,197,249,242,6,0.761983 270,188,286,201,6,0.129457 280,190,294,201,6,0.009151 267,180,283,196,6,0.003966 594,188,640,227,6,0.001617 546,187,572,210,6,0.001315 292,190,307,200,6,0.001163 628,174,640,245,6,0.001163
/home/dysjin/data/CARLA.v20-carla_v20.coco/valid/075710_png.rf.0b62bb94157d1f2113ac6bbefe158022.jpg 308,244,349,273,6,0.991608 0,243,174,422,6,0.959695 164,246,254,300,6,0.945755 237,241,265,276,6,0.846084 253,243,266,272,0,0.004249 0,195,458,480,6,0.001772 216,241,244,297,6,0.001481 2,209,75,480,6,0.001420 228,251,258,283,6,0.001366 197,240,262,284,6,0.001168
/home/dysjin/data/CARLA.v20-carla_v20.coco/valid/041689_png.rf.0d648fbd58416a80b414e4503d51c42e.jpg 302,241,331,309,0,0.836948
/home/dysjin/data/CARLA.v20-carla_v20.coco/valid/003751_png.rf.0ff9ef7c8c8e4f5eab52437609a3b501.jpg 394,215,422,242,4,0.879067 305,239,325,253,6,0.013005
/home/dysjin/data/CARLA.v20-carla_v20.coco/valid/Town02_008820_png.rf.135414697b8215dc125af6b125d3058c.jpg 277,208,367,341,6,0.982395 505,180,566,212,6,0.825603 550,176,620,216,6,0.065271 144,171,159,191,3,0.033672 380,181,441,207,6,0.016649 388,188,410,205,6,0.010185 339,187,358,201,6,0.003980 0,191,16,250,6,0.003331 180,186,198,202,6,0.001550 0,176,14,243,6,0.001446 506,186,544,204,6,0.001268
/home/dysjin/data/CARLA.v20-carla_v20.coco/valid/006664_png.rf.1466f666c872e94bac27eba56bbdfb5b.jpg 481,228,520,323,2,0.950737 476,243,500,319,2,0.010954 460,218,543,338,2,0.002597
/home/dysjin/data/CARLA.v20-carla_v20.coco/valid/014570_png.rf.1235b2ca71c181a49fda1bb53eaa19cd.jpg 434,233,455,286,2,0.988958 60,236,124,261,6,0.961102 302,238,332,262,6,0.763462 83,243,125,257,6,0.003746 0,222,12,298,2,0.002280
/home/dysjin/data/CARLA.v20-carla_v20.coco/valid/112550_png.rf.1ca2fa82e03653536df85cf5faf5753c.jpg 522,227,545,295,2,0.539425 538,230,630,277,6,0.001635
/home/dysjin/data/CARLA.v20-carla_v20.coco/valid/Town02_000780_png.rf.16d5987bcdc7d08470c1b3e757e128e5.jpg 302,193,345,311,1,0.986598 280,184,295,202,6,0.971264 43,183,115,214,6,0.872834 76,189,108,210,6,0.069098 331,180,347,195,6,0.018552 320,180,337,194,6,0.009705 287,186,305,199,6,0.008529 628,185,640,210,6,0.006766 194,187,214,202,6,0.001855 339,184,356,199,6,0.001803 305,179,322,193,6,0.001755 88,194,116,212,6,0.001357 304,193,365,380,6,0.001174
/home/dysjin/data/CARLA.v20-carla_v20.coco/valid/Town02_001500_png.rf.1e8a22666698f8954863a9939bc59942.jpg 181,193,210,215,6,0.477903 185,192,213,214,1,0.476072 605,197,640,301,2,0.030208 624,224,640,288,6,0.017942 483,193,574,258,6,0.008794 598,219,640,275,6,0.006957 578,179,636,282,2,0.005464 431,201,493,233,6,0.001852
/home/dysjin/data/CARLA.v20-carla_v20.coco/valid/Town05_004620_png.rf.0e4a190ca586e0e90df6b90be2c83f5b.jpg 390,177,463,209,6,0.981164 580,179,640,207,6,0.265081 345,184,360,202,6,0.088115 282,185,299,202,6,0.026487 566,187,635,227,6,0.009717 217,187,236,201,6,0.002306 625,183,640,209,6,0.001127 389,185,415,203,6,0.001127 603,166,640,235,6,0.001069 354,185,366,200,0,0.001018
/home/dysjin/data/CARLA.v20-carla_v20.coco/valid/006578_png.rf.21f08e8ed63ab67b3ef05528af8ef9e6.jpg 370,224,386,240,3,0.915060 257,233,297,255,6,0.874010 627,288,640,352,6,0.004149
/home/dysjin/data/CARLA.v20-carla_v20.coco/valid/Town01_004320_png.rf.1f6552094735eb0bd49b614b7e584c58.jpg 263,191,370,279,6,0.801797 500,200,574,236,6,0.013157 595,212,640,249,6,0.004446 194,188,207,203,0,0.002578 188,187,199,203,0,0.002225 316,178,335,193,6,0.001974 306,178,325,194,6,0.001295 626,201,640,266,6,0.001251
/home/dysjin/data/CARLA.v20-carla_v20.coco/valid/Town02_006720_png.rf.2632fd4f3d65ff215e84d472badfd870.jpg 578,180,639,219,6,0.874460 270,189,290,209,6,0.872220 563,174,582,197,3,0.096377 389,178,461,209,6,0.010527 560,175,586,212,6,0.008829 0,153,12,218,3,0.006581 0,193,17,248,6,0.006524 289,187,306,201,6,0.003552 203,190,221,203,6,0.003046 600,184,640,226,6,0.001867 473,177,548,211,6,0.001815 577,200,640,229,6,0.001638 624,166,639,230,6,0.001335
/home/dysjin/data/CARLA.v20-carla_v20.coco/valid/Town05_006900_png.rf.2eaa1f5f6de8c6bffcd968f78f2f53b4.jpg 235,184,260,225,0,0.921687 616,200,640,353,0,0.026094 234,191,253,223,1,0.026059 629,232,640,310,0,0.001570
/home/dysjin/data/CARLA.v20-carla_v20.coco/valid/005482_png.rf.1eef94cb1d26525ab4b64d28fc9be58d.jpg 0,214,29,325,2,0.868916 1,205,24,374,2,0.020788 0,238,18,323,2,0.003208 70,243,157,266,6,0.001627 14,232,38,306,2,0.001192
/home/dysjin/data/CARLA.v20-carla_v20.coco/valid/138251_png.rf.2622df013f55b1f57387212b95c87241.jpg 78,233,99,289,2,0.746166 188,245,198,269,2,0.001285
/home/dysjin/data/CARLA.v20-carla_v20.coco/valid/007070_png.rf.2316a0a54db7e4a749f421570aadd160.jpg 382,221,404,238,5,0.988207 427,223,443,245,5,0.001465 425,208,445,261,5,0.001020
/home/dysjin/data/CARLA.v20-carla_v20.coco/valid/Town05_010920_png.rf.2325292b5e147dc41c10fe128f6256f9.jpg 306,181,337,280,0,0.788862 307,179,326,196,6,0.038463 315,183,334,203,0,0.003694 295,179,314,193,6,0.003366 310,178,339,215,0,0.001285
/home/dysjin/data/CARLA.v20-carla_v20.coco/valid/Town01_006420_png.rf.2b897cd6227874bc930ae1c7e17e3b3b.jpg 314,193,324,213,1,0.713151 317,191,325,212,0,0.094857 585,162,636,208,6,0.031718 0,163,13,260,2,0.019502 0,218,13,243,6,0.009606 0,142,26,258,2,0.006906 624,159,640,231,6,0.003117 299,191,312,205,6,0.002723 0,107,27,255,2,0.001480 605,170,640,218,6,0.001036
/home/dysjin/data/CARLA.v20-carla_v20.coco/valid/Town05_006780_png.rf.253c814d6e368b92a888141244ca1a16.jpg 175,189,209,260,1,0.439397 193,188,206,208,0,0.038118 188,184,213,243,0,0.007524 196,177,206,196,0,0.002453 189,206,207,237,1,0.001448
/home/dysjin/data/CARLA.v20-carla_v20.coco/valid/Town01_008280_png.rf.2f69ce357d9638b109b359e31c238ab4.jpg 276,192,306,207,6,0.846512 313,192,333,207,6,0.694050 61,184,116,206,6,0.443378 286,191,338,207,6,0.040154 194,197,208,211,1,0.021198 90,188,114,209,6,0.017546 437,194,506,222,6,0.007388 399,203,427,218,6,0.006118 3,178,32,218,6,0.002222 527,222,639,280,6,0.002168 0,191,64,217,6,0.001773 189,196,200,213,2,0.001770 457,199,487,215,6,0.001246 187,190,200,208,1,0.001090
/home/dysjin/data/CARLA.v20-carla_v20.coco/valid/Town01_005100_png.rf.262bb9c3104b14f5fb633de3dafd0a52.jpg 577,185,599,225,0,0.523928 576,180,637,216,6,0.047048 582,205,607,226,0,0.010269 5,190,27,205,6,0.009045 326,182,350,217,0,0.002300 327,185,346,213,1,0.002036
/home/dysjin/data/CARLA.v20-carla_v20.coco/valid/Town01_011940_png.rf.2554f5ab3ce2122d2ef300838472450f.jpg 565,194,607,220,6,0.879769 203,184,269,230,6,0.739870 580,194,613,241,0,0.019318 328,185,348,201,6,0.007526 575,190,640,227,6,0.006314 319,186,338,201,6,0.002056 592,176,640,212,6,0.001223 616,174,631,193,3,0.001138
/home/dysjin/data/CARLA.v20-carla_v20.coco/valid/041684_png.rf.2f70db5ab75442cd11fffa13a776ae97.jpg 303,243,332,312,0,0.777348
/home/dysjin/data/CARLA.v20-carla_v20.coco/valid/Town05_010980_png.rf.2071755951cd753466eb2cc53fd2fe0c.jpg 303,188,334,281,0,0.785183 308,188,337,292,1,0.385955 308,183,327,204,0,0.011605 309,181,325,196,6,0.005848 270,181,286,196,6,0.005149 229,323,274,366,4,0.002377
/home/dysjin/data/CARLA.v20-carla_v20.coco/valid/112459_png.rf.33bdc5bd58f0f631808a95c4ceb9a78f.jpg 289,237,311,298,2,0.977138
/home/dysjin/data/CARLA.v20-carla_v20.coco/valid/041653_png.rf.31aa86a50239c7e6cbc52c66846dac06.jpg 303,240,331,307,0,0.926847
/home/dysjin/data/CARLA.v20-carla_v20.coco/valid/041819_png.rf.374472e0a0868df264a4100cb7734e35.jpg 107,243,134,298,0,0.946937 15,238,71,263,6,0.925388 173,224,188,240,4,0.908484 555,179,640,237,6,0.004475 97,242,122,295,0,0.001557
/home/dysjin/data/CARLA.v20-carla_v20.coco/valid/Town05_010800_png.rf.3489607b659edfbc485537135e06f34b.jpg 306,177,329,255,0,0.952846 0,195,137,264,6,0.742609 304,181,321,197,6,0.031802 299,184,314,202,0,0.009301 123,180,180,204,6,0.006016 137,187,167,202,6,0.004675 293,201,341,236,0,0.002840 117,185,142,239,0,0.002477 305,187,323,212,0,0.002235 352,177,367,193,6,0.001954 0,194,128,346,6,0.001887 316,182,331,195,6,0.001712 295,184,319,250,0,0.001245 286,184,300,202,0,0.001148 138,178,166,194,6,0.001016
/home/dysjin/data/CARLA.v20-carla_v20.coco/valid/Town02_001080_png.rf.2d29b90fb99ccf7727caeaa1914436b4.jpg 303,193,345,311,1,0.987586 278,185,295,202,6,0.979302 0,207,80,380,6,0.935733 72,188,237,306,6,0.912781 0,198,79,380,6,0.094443 321,183,336,201,6,0.035306 329,180,346,195,6,0.018492 627,186,640,210,6,0.007830 287,186,306,199,6,0.006991 310,184,326,202,6,0.002242 306,192,364,380,6,0.001274 3,274,80,362,6,0.001196 232,177,247,193,6,0.001168
/home/dysjin/data/CARLA.v20-carla_v20.coco/valid/Town02_005700_png.rf.39e8547ff43ddaa06ed2b24f114c8a27.jpg 237,189,385,343,6,0.951614 281,185,297,199,6,0.718307 314,178,334,196,6,0.037644 290,185,307,197,6,0.019008 573,190,594,206,6,0.013107 306,184,325,198,6,0.007559 482,187,508,201,6,0.006234 540,189,602,205,6,0.002765 287,172,340,197,6,0.001960 550,192,572,205,6,0.001509 585,189,602,204,6,0.001132
/home/dysjin/data/CARLA.v20-carla_v20.coco/valid/Town02_002040_png.rf.3d0fd4b3b3749ac8ebdf480959eb8e66.jpg 295,197,340,309,1,0.984881 0,193,112,352,6,0.796609 268,187,289,211,6,0.730447 118,191,164,217,6,0.121470 55,191,83,228,0,0.078546 53,172,67,193,3,0.042363 271,183,325,208,6,0.035936 264,186,276,208,0,0.019553 296,181,332,296,6,0.015990 56,187,75,210,0,0.015319 286,188,313,205,6,0.009123 54,190,128,223,6,0.009064 141,190,162,211,6,0.006050 48,192,91,227,6,0.004780 305,189,320,206,6,0.004357 51,182,67,203,0,0.003456 3,158,89,380,6,0.002724 52,162,66,184,3,0.002654 55,172,71,196,0,0.002417 293,203,315,292,1,0.001759 62,196,90,217,0,0.001715 293,199,316,274,0,0.001229 289,199,319,245,6,0.001130
/home/dysjin/data/CARLA.v20-carla_v20.coco/valid/075707_png.rf.2ff4a82560cfe658387e361a6cc43ef0.jpg 307,246,351,274,6,0.996022 0,242,174,422,6,0.951937 162,247,254,299,6,0.941545 238,242,265,276,6,0.792962 253,243,266,272,0,0.011702 361,261,381,275,6,0.005188 0,191,454,480,6,0.001850 228,251,258,283,6,0.001741 2,201,75,480,6,0.001557 216,240,244,297,6,0.001350
/home/dysjin/data/CARLA.v20-carla_v20.coco/valid/138320_png.rf.332f3bdf3abffc7dd973858c3061b801.jpg 57,229,79,293,2,0.749528 0,236,11,310,2,0.001077
/home/dysjin/data/CARLA.v20-carla_v20.coco/valid/003766_png.rf.3dbe103da1003d1fb3bd18ad0d0894b4.jpg 461,201,507,238,4,0.737696 304,239,326,253,6,0.002569
/home/dysjin/data/CARLA.v20-carla_v20.coco/valid/121245_png.rf.3c6765f574e34bb200e320d55fc2ffe7.jpg 269,253,361,314,6,0.994679 628,269,640,297,6,0.004307 611,273,634,290,6,0.001404 256,237,271,254,0,0.001044
/home/dysjin/data/CARLA.v20-carla_v20.coco/valid/Town05_011040_png.rf.3f658b3c60547a5478cb61d6b76eb55c.jpg 314,182,329,214,0,0.617492
/home/dysjin/data/CARLA.v20-carla_v20.coco/valid/Town02_004920_png.rf.3cdedb8ebbe317a63567ec577e3789a8.jpg 309,195,327,238,1,0.888560 166,188,185,200,6,0.026374 367,186,382,201,6,0.008413 295,188,336,237,6,0.004208 319,177,335,195,6,0.003829 311,188,326,213,6,0.002728 221,188,236,201,6,0.002495 310,177,326,198,6,0.001869 331,175,344,192,3,0.001329 160,186,175,199,6,0.001051 342,175,358,192,6,0.001009
/home/dysjin/data/CARLA.v20-carla_v20.coco/valid/Town05_002760_png.rf.41faa57cc70298c90c62fe9f6a3f08c9.jpg 117,189,135,202,6,0.053229 251,185,262,205,0,0.045896 256,185,268,205,0,0.029617 110,189,126,202,0,0.029471 320,179,332,194,6,0.014025 309,180,325,193,6,0.004649 101,187,113,206,0,0.001766 321,184,333,198,0,0.001474 354,179,367,192,6,0.001228
/home/dysjin/data/CARLA.v20-carla_v20.coco/valid/Town02_001740_png.rf.4072bb166a4df4f9403df039e28a73f3.jpg 297,196,338,309,1,0.989487 51,175,65,195,3,0.015224 44,183,60,202,3,0.002515 38,185,56,206,1,0.002507 293,196,315,276,1,0.001928 301,188,325,256,0,0.001225 283,186,297,200,6,0.001202 292,188,309,200,6,0.001114 51,162,65,184,3,0.001087
/home/dysjin/data/CARLA.v20-carla_v20.coco/valid/026849_png.rf.52e90800c02b90489d2521817c6942f7.jpg 423,203,456,243,3,0.999160
/home/dysjin/data/CARLA.v20-carla_v20.coco/valid/Town02_001560_png.rf.44c7e46d6d34263ac9f429ccb2cd2655.jpg 73,192,89,221,1,0.679590 63,188,81,208,6,0.426086 80,193,93,226,1,0.425720 12,189,29,206,6,0.064232 61,189,99,224,0,0.014636 20,191,34,204,0,0.006886 79,185,95,218,0,0.003356 58,188,98,213,6,0.002900 52,189,69,204,6,0.002546
/home/dysjin/data/CARLA.v20-carla_v20.coco/valid/Town02_003420_png.rf.4347a7bee8aec9f5c84eb5295856f9a9.jpg 335,199,383,231,6,0.907230 7,192,114,230,6,0.461670 327,194,356,231,0,0.014266 61,198,118,235,6,0.012149
/home/dysjin/data/CARLA.v20-carla_v20.coco/valid/Town01_006060_png.rf.3d76b002da6076434f028293d0c4a498.jpg 308,199,334,264,1,0.767723 180,210,204,225,6,0.127099 190,209,213,223,6,0.057358 208,205,222,220,6,0.013452 232,201,247,213,6,0.010768 165,211,192,225,6,0.009521 151,207,207,227,6,0.005577 156,212,176,229,6,0.003953 219,202,234,215,6,0.002101 415,197,438,221,6,0.001188 0,183,11,260,2,0.001049 422,196,450,227,2,0.001010
/home/dysjin/data/CARLA.v20-carla_v20.coco/valid/Town02_007800_png.rf.4e6520c0e9dd39a93f5048a2caea0283.jpg 329,197,416,225,6,0.681875 309,192,323,206,6,0.331737 608,194,638,229,6,0.109876 316,196,367,223,6,0.069952 407,208,436,228,6,0.039467 315,191,335,205,6,0.028621 510,185,536,202,6,0.015356 388,194,438,230,6,0.015037 309,195,323,212,0,0.008306 316,195,337,214,0,0.004074 625,202,640,261,6,0.003055 0,195,13,249,6,0.002925 297,191,312,202,6,0.002626 283,190,297,201,6,0.002427 323,192,350,208,6,0.002193 0,178,14,243,6,0.001261 494,174,550,200,6,0.001065
/home/dysjin/data/CARLA.v20-carla_v20.coco/valid/Town01_001860_png.rf.53e5db5983ad00d8986ebdc44e1e76ef.jpg 191,198,441,369,6,0.993054 294,186,312,200,0,0.168847 305,187,325,200,6,0.128083 283,187,303,202,0,0.060378 282,179,301,197,6,0.003757 293,184,334,204,6,0.001603 0,196,640,380,6,0.001441 317,178,332,195,6,0.001374 213,177,237,192,6,0.001302 293,194,312,212,0,0.001020 195,171,258,195,6,0.001017
/home/dysjin/data/CARLA.v20-carla_v20.coco/valid/Town01_006120_png.rf.405fede50ad311216cb9943968a5cdf5.jpg 318,192,329,217,1,0.761856 358,176,370,192,3,0.056745 0,184,12,259,2,0.003628 0,173,12,247,2,0.001666 316,183,332,220,0,0.001604 357,165,371,183,3,0.001331
/home/dysjin/data/CARLA.v20-carla_v20.coco/valid/041864_png.rf.51f1d81198f2e5b7a450f586235760ec.jpg 302,238,324,295,0,0.984144 416,208,447,241,4,0.888519 47,234,225,323,6,0.651862 214,230,236,289,0,0.013540 205,232,232,286,6,0.011819 61,269,172,319,6,0.011299 193,226,240,267,6,0.001915 125,225,233,301,6,0.001651 35,251,205,382,6,0.001634 298,251,315,285,0,0.001073
/home/dysjin/data/CARLA.v20-carla_v20.coco/valid/Town01_012060_png.rf.58e57e1a7e8d4f630323ae1827ca68bc.jpg 564,194,607,219,6,0.894527 579,195,613,239,0,0.010342 573,190,640,227,6,0.009950 328,185,348,201,6,0.006431 593,175,640,211,6,0.002250 267,186,284,201,6,0.001825 615,174,630,194,3,0.001779 318,190,337,203,6,0.001514 305,192,323,206,6,0.001481 625,172,638,198,6,0.001034
/home/dysjin/data/CARLA.v20-carla_v20.coco/valid/009044_png.rf.59d4a83882b4b6af242cbd9e0e31ba80.jpg 562,218,578,243,3,0.982216 0,203,10,241,4,0.032957 0,199,14,248,3,0.024168 530,224,540,246,3,0.017358 569,231,626,257,6,0.010517 592,236,621,254,6,0.003035 630,197,640,275,2,0.002498 631,227,640,262,6,0.001146 569,222,588,247,3,0.001106
/home/dysjin/data/CARLA.v20-carla_v20.coco/valid/Town02_002520_png.rf.55f8a7c01a8e4b86c99a794d7b61cd5d.jpg 214,188,411,343,6,0.989720 160,198,229,234,6,0.971795 529,192,633,259,6,0.072982 148,173,162,195,3,0.003641 147,181,160,206,3,0.001078
/home/dysjin/data/CARLA.v20-carla_v20.coco/valid/Town02_008760_png.rf.5bfb07b6a5fbe6700b4b9c150b9c6576.jpg 278,207,367,340,6,0.984821 273,186,288,202,6,0.716766 507,180,564,211,6,0.332350 550,177,614,207,6,0.256600 584,181,630,211,6,0.064498 144,171,159,190,3,0.047839 597,196,625,213,6,0.040379 380,181,441,207,6,0.011863 593,192,640,221,6,0.008089 566,184,596,204,6,0.005590 395,186,423,203,6,0.005476 339,187,358,201,6,0.003922 180,187,198,202,6,0.002656 507,187,543,204,6,0.002628 0,191,16,251,6,0.002548 379,187,397,204,6,0.002096 628,187,640,252,6,0.001943 317,188,336,200,6,0.001683 331,189,347,202,6,0.001505 525,187,595,219,6,0.001163
/home/dysjin/data/CARLA.v20-carla_v20.coco/valid/Town01_008100_png.rf.5942043a53e2ea3c62572bf7029ed896.jpg 275,188,295,205,6,0.907392 385,198,409,212,6,0.175878 424,191,449,206,6,0.005806 289,189,304,201,6,0.002345 278,177,297,198,6,0.001336 329,187,345,200,6,0.001299 379,192,398,207,6,0.001096 579,171,640,197,6,0.001064
/home/dysjin/data/CARLA.v20-carla_v20.coco/valid/Town01_010680_png.rf.5537782525200ced228c602e6dcc3456.jpg 373,178,383,194,3,0.120955 332,190,343,202,6,0.008135 232,190,244,205,1,0.007608 322,190,336,202,6,0.003933 223,191,239,205,6,0.003693
/home/dysjin/data/CARLA.v20-carla_v20.coco/valid/121155_png.rf.5eeb1497380edc240a771f68b9d34669.jpg 235,250,394,386,6,0.979320 562,212,596,312,2,0.970558 309,238,323,255,0,0.010331 581,213,606,298,2,0.006900 497,240,526,274,6,0.001327 546,196,619,321,2,0.001145
/home/dysjin/data/CARLA.v20-carla_v20.coco/valid/007085_png.rf.5a7141063cfddac158b01dce18de1e48.jpg 429,205,464,244,5,0.995991
/home/dysjin/data/CARLA.v20-carla_v20.coco/valid/Town05_006720_png.rf.717ce1e22225ab6a97befb2b8effcc2a.jpg 183,195,215,248,1,0.486977 96,193,114,207,6,0.036670 89,182,164,204,6,0.011908 185,180,214,247,0,0.006439 94,196,115,211,0,0.005657 129,187,150,202,6,0.002596 170,189,195,255,1,0.002223 344,186,357,200,6,0.002176 200,192,220,249,0,0.002030 100,189,126,203,6,0.001746 335,185,346,201,6,0.001428 2,0,75,237,6,0.001098
/home/dysjin/data/CARLA.v20-carla_v20.coco/valid/Town01_006600_png.rf.612f31973b2db2fda3ee5293fd937a64.jpg 377,190,393,210,6,0.035008 292,193,306,205,6,0.003867 282,194,297,206,6,0.001340
/home/dysjin/data/CARLA.v20-carla_v20.coco/valid/112469_png.rf.4fea3a1e3f0858f468ecb362968a08fb.jpg 314,237,337,298,2,0.987602
/home/dysjin/data/CARLA.v20-carla_v20.coco/valid/Town05_009540_png.rf.67accf9da191af14c5f05da1b6fe1e58.jpg 604,188,635,207,6,0.349882 601,178,640,212,6,0.003806 623,184,640,210,6,0.003016
/home/dysjin/data/CARLA.v20-carla_v20.coco/valid/041820_png.rf.69e77a8e269d90d89efc21e5026a7083.jpg 115,241,143,299,0,0.954706 28,237,81,264,6,0.925762 180,224,197,239,4,0.452963 49,246,78,265,6,0.016931 183,214,198,235,4,0.002505 539,200,627,256,6,0.001309 28,246,62,262,6,0.001107
/home/dysjin/data/CARLA.v20-carla_v20.coco/valid/121278_png.rf.6607158f1164a75baf620dcb66d1b07e.jpg 272,253,362,313,6,0.993466 244,239,260,259,0,0.055525 242,245,263,262,1,0.039575 233,246,253,262,6,0.002463 477,246,491,270,2,0.001609 233,230,375,331,6,0.001179
/home/dysjin/data/CARLA.v20-carla_v20.coco/valid/Town02_004620_png.rf.7280640e1c163e7c4b28010b90659788.jpg 230,191,390,342,6,0.971274 279,185,297,200,6,0.452168 314,178,332,197,6,0.059132 290,185,310,197,6,0.005464 126,180,180,205,6,0.004319 273,176,329,197,6,0.001636
/home/dysjin/data/CARLA.v20-carla_v20.coco/valid/Town05_016500_png.rf.75b431585ae9c755044e81517b796324.jpg 109,199,222,240,6,0.937871 341,192,393,230,6,0.917140 0,201,90,288,6,0.818295 456,178,477,197,3,0.690511 344,205,364,233,6,0.011776 369,200,397,234,6,0.010596 346,202,382,219,6,0.008614 346,190,360,206,6,0.006630 205,190,228,230,0,0.003718 0,170,15,224,6,0.003685 218,192,231,223,0,0.002844 335,188,346,201,0,0.002479 0,190,12,220,6,0.001731 5,151,73,380,6,0.001474 3,180,30,216,6,0.001438 441,173,479,208,6,0.001236 1,102,78,322,6,0.001094 431,196,444,213,2,0.001044
/home/dysjin/data/CARLA.v20-carla_v20.coco/valid/Town02_001020_png.rf.79741d4293c684a4f4e895c08f1290d5.jpg 302,193,345,313,1,0.985207 0,193,80,369,6,0.945789 278,186,305,202,6,0.811939 298,181,325,204,6,0.095207 193,188,213,212,6,0.067647 0,192,82,380,6,0.063315 191,195,213,213,1,0.031868 316,182,333,202,6,0.013684 187,184,244,209,6,0.009869 628,185,640,210,6,0.007663 329,183,345,200,6,0.004001 18,182,70,214,6,0.003643 28,196,56,215,6,0.002132 274,187,290,201,6,0.001798 299,195,325,250,6,0.001684 268,174,315,202,6,0.001414 289,179,316,197,6,0.001061
/home/dysjin/data/CARLA.v20-carla_v20.coco/valid/004996_png.rf.758bfe0873e6cba6e1d99146894cae01.jpg 491,264,511,317,2,0.981675
/home/dysjin/data/CARLA.v20-carla_v20.coco/valid/Town02_001620_png.rf.77cda18f042297c4b15936a35acef602.jpg 305,185,329,258,1,0.688637 316,188,333,207,6,0.221596 304,186,329,240,6,0.161846 308,178,325,198,6,0.002188 169,194,185,214,2,0.002115 320,179,332,197,6,0.001126
/home/dysjin/data/CARLA.v20-carla_v20.coco/valid/112362_png.rf.868e587d8bdd37c81e4872223fbdbeb4.jpg 149,234,168,285,2,0.961478 149,229,179,306,2,0.001189
/home/dysjin/data/CARLA.v20-carla_v20.coco/valid/Town05_010080_png.rf.88fb23d739ffa2beacd3c5735d172d03.jpg 270,183,284,201,6,0.815887 316,181,326,216,0,0.689343 313,180,324,214,1,0.651242 248,177,258,194,6,0.008248 327,184,338,201,0,0.002813 7,3,115,69,6,0.001551 263,185,277,199,6,0.001321
/home/dysjin/data/CARLA.v20-carla_v20.coco/valid/026847_png.rf.7a28094ba474fb2fab06e58f1ebea83c.jpg 413,207,444,243,3,0.999322
/home/dysjin/data/CARLA.v20-carla_v20.coco/valid/075709_png.rf.7dd638ab9af378bf60aaa2fb92a0aea4.jpg 306,244,350,273,6,0.995773 0,242,175,425,6,0.955145 161,246,254,299,6,0.950183 237,242,265,276,6,0.800434 253,243,266,272,0,0.006847 362,262,381,276,6,0.002441 3,206,75,480,6,0.002158 0,195,445,480,6,0.001938 228,251,258,283,6,0.001728 348,239,359,259,3,0.001655 217,241,244,296,6,0.001439 198,240,262,284,6,0.001264 218,235,267,268,6,0.001006
/home/dysjin/data/CARLA.v20-carla_v20.coco/valid/Town02_007380_png.rf.8809896fc46f6266a6729640bbc68e4c.jpg 558,195,630,219,6,0.752528 594,189,640,221,6,0.044430 274,190,286,209,0,0.013442 513,200,603,250,6,0.011906 559,196,585,217,6,0.006719 629,191,640,226,6,0.003629 561,208,587,256,6,0.001649 279,190,294,205,6,0.001241 610,186,636,210,6,0.001234
/home/dysjin/data/CARLA.v20-carla_v20.coco/valid/Town01_007500_png.rf.7e4c2487265d812d93246e09a19aeab2.jpg 527,170,640,217,6,0.983782 254,195,278,213,6,0.966620 526,179,552,215,6,0.335216 627,162,640,232,6,0.007069 611,185,637,227,6,0.002713 157,214,173,228,6,0.001307
/home/dysjin/data/CARLA.v20-carla_v20.coco/valid/Town05_007500_png.rf.8a81a882e564e9e99b5c951d3e18dbbc.jpg 342,179,398,202,6,0.967781 255,178,268,195,0,0.133117 305,178,320,192,6,0.016392 121,181,186,204,6,0.013986 373,184,394,200,6,0.006734 249,183,263,198,0,0.005585
/home/dysjin/data/CARLA.v20-carla_v20.coco/valid/Town02_005520_png.rf.8a9d2ba4122736ea3845c9e405936cce.jpg 610,191,639,230,6,0.800514 70,198,139,224,6,0.381588 101,200,131,220,6,0.011496 0,194,12,221,6,0.010129 626,202,640,255,6,0.004535 630,183,640,216,6,0.001038 584,197,640,238,6,0.001013
/home/dysjin/data/CARLA.v20-carla_v20.coco/valid/041735_png.rf.891d950e6341a379e0a80f54f49c126a.jpg 275,241,303,307,0,0.910000
/home/dysjin/data/CARLA.v20-carla_v20.coco/valid/041669_png.rf.8f16c7cc68671f71ba068edf120b2a61.jpg 302,240,332,310,0,0.796619 302,261,332,286,0,0.001589
/home/dysjin/data/CARLA.v20-carla_v20.coco/valid/003814_png.rf.9123d8ff8e23490d6f5201cb816e4fc2.jpg 545,174,625,242,3,0.995676 289,241,318,259,6,0.907013 289,243,300,264,0,0.002659
/home/dysjin/data/CARLA.v20-carla_v20.coco/valid/005413_png.rf.9000d6e877ce40e1d5bd5387ece453c2.jpg 106,235,125,280,2,0.983312 82,232,105,290,2,0.797390 94,233,118,285,2,0.443943 207,240,222,255,6,0.002071 554,250,640,297,6,0.001309
/home/dysjin/data/CARLA.v20-carla_v20.coco/valid/Town01_001500_png.rf.9254a251a5c6eb6313adba6a6adf1620.jpg 387,175,403,193,3,0.962953
/home/dysjin/data/CARLA.v20-carla_v20.coco/valid/Town05_004680_png.rf.93664881511a21c1adf050e2e8993477.jpg 313,173,420,220,6,0.965902 244,183,266,204,6,0.914461 185,187,201,205,6,0.025736 279,180,296,196,6,0.014958 266,184,286,199,6,0.007095 193,187,207,204,0,0.003021 387,174,416,219,6,0.002726 404,182,419,207,3,0.001917 316,180,343,215,6,0.001739 427,1,613,147,6,0.001289 250,180,304,204,6,0.001121 630,181,640,209,6,0.001015
/home/dysjin/data/CARLA.v20-carla_v20.coco/valid/138312_png.rf.93c512dad514948e54a85fd6860eba4e.jpg 94,236,115,283,2,0.817624
/home/dysjin/data/CARLA.v20-carla_v20.coco/valid/005160_png.rf.922d9f2da21b5b11121905df87e629d7.jpg 402,213,428,243,5,0.992629 373,213,384,234,5,0.002770
