/home/dysjin/data/CARLA.v20-carla_v20.coco/valid/Town05_011820_png.rf.a721d4435d03a17b63243ff374e790d2.jpg 10,185,104,233,6,0.609157 0,195,69,228,6,0.070844 319,189,330,202,6,0.067575 311,187,323,201,0,0.056623 329,191,342,202,6,0.003789 3,202,31,223,6,0.003084 1,194,15,228,6,0.002439 311,183,323,196,6,0.001795 297,188,313,199,6,0.001125 1,204,16,236,6,0.001042
/home/dysjin/data/CARLA.v20-carla_v20.coco/valid/Town05_005760_png.rf.a5aa9e8688171e7bfb57f36e4a648f69.jpg 313,189,329,206,6,0.738441 310,180,324,200,6,0.002071 358,180,372,193,3,0.002007 0,148,15,175,6,0.001735 357,168,369,181,3,0.001676 299,186,315,203,6,0.001312 268,178,283,192,6,0.001240
/home/dysjin/data/CARLA.v20-carla_v20.coco/valid/075705_png.rf.9f5447b468e0280dc956a534954f8a5e.jpg 308,247,350,272,6,0.919617 0,237,185,429,6,0.905544 170,248,258,298,6,0.762610 237,245,265,278,6,0.570380 216,239,267,286,6,0.363657 252,248,267,273,6,0.008974
/home/dysjin/data/CARLA.v20-carla_v20.coco/valid/Town02_006840_png.rf.a4a970c10202604d1dd8c41fe9097525.jpg 575,180,640,221,6,0.337319 564,175,580,192,3,0.156879 118,193,185,218,6,0.032541 0,167,9,200,4,0.019111 0,180,16,239,6,0.010567 0,153,11,214,3,0.007349 565,184,582,201,3,0.006735 342,192,356,210,1,0.006511 0,186,15,255,6,0.005310 1,155,12,232,6,0.003347 560,156,582,195,3,0.002622 138,190,170,210,6,0.001239 282,191,299,203,6,0.001181 555,180,612,211,6,0.001110
/home/dysjin/data/CARLA.v20-carla_v20.coco/valid/Town02_002640_png.rf.ac6bee6a9e4c4b2a1e149670c97196c1.jpg 261,197,290,214,6,0.878922 299,190,368,245,6,0.627014 392,176,404,193,3,0.192736 256,193,312,220,6,0.006313 304,188,322,205,6,0.004732 296,190,309,207,6,0.001860 275,194,296,210,6,0.001626
/home/dysjin/data/CARLA.v20-carla_v20.coco/valid/007096_png.rf.a26873f70f1467f54f0fd09ea8c1731b.jpg 547,173,616,249,5,0.740346 552,166,631,253,4,0.144832 367,248,386,263,6,0.005784 377,248,396,264,6,0.001794
/home/dysjin/data/CARLA.v20-carla_v20.coco/valid/041683_png.rf.abc13a183255cbb5f9aeca7d55d8b4c0.jpg 306,246,337,315,0,0.631380
/home/dysjin/data/CARLA.v20-carla_v20.coco/valid/041699_png.rf.a4a6f7fb7672ac47b317ec4fe3e21c97.jpg 303,249,332,312,0,0.496702 299,257,333,302,1,0.001186
/home/dysjin/data/CARLA.v20-carla_v20.coco/valid/Town02_006480_png.rf.aec43468267a9993201d034f7031ee5c.jpg 348,176,359,189,3,0.011229 216,189,236,207,6,0.006343 354,176,365,189,3,0.003228 297,197,308,213,6,0.002953 198,186,212,212,2,0.001915 204,189,225,208,6,0.001283
/home/dysjin/data/CARLA.v20-carla_v20.coco/valid/Town02_003060_png.rf.b28380c7e6ad26a4ccdfda39d4db7f85.jpg 548,195,623,224,6,0.549596 598,195,640,227,6,0.013329 621,195,640,246,6,0.003841 549,198,574,221,1,0.002659 527,196,571,225,6,0.001812 544,194,576,223,0,0.001126 556,197,589,220,6,0.001054
/home/dysjin/data/CARLA.v20-carla_v20.coco/valid/Town01_009120_png.rf.b3886317404f3c307752dac4625c4b0e.jpg 310,192,332,211,6,0.821539 373,199,397,221,1,0.025979 338,192,367,206,6,0.016604 320,192,347,209,6,0.004330 333,192,392,217,6,0.003960 298,192,315,210,6,0.002310 0,182,12,259,2,0.002079 304,188,367,208,6,0.001679 368,196,406,219,6,0.001488
/home/dysjin/data/CARLA.v20-carla_v20.coco/valid/051305_png.rf.af3e2dc55ae45fc793f7f25eb6fdf7b4.jpg 426,209,462,242,3,0.934180 270,239,287,251,6,0.001551
/home/dysjin/data/CARLA.v20-carla_v20.coco/valid/007291_png.rf.b33e9d647d42777054dfb5f46d23bbad.jpg 383,222,401,238,3,0.866892
/home/dysjin/data/CARLA.v20-carla_v20.coco/valid/Town05_005820_png.rf.abc3e70595852b4f2320e8b55c805a27.jpg 299,189,337,219,6,0.910958 358,180,372,194,3,0.008229 346,169,359,183,3,0.002636 346,178,358,192,3,0.001972
/home/dysjin/data/CARLA.v20-carla_v20.coco/valid/Town05_006960_png.rf.9d31f2ffd8a1d723122d28555c0e3321.jpg 284,186,296,211,0,0.230024 630,226,640,338,2,0.001383
/home/dysjin/data/CARLA.v20-carla_v20.coco/valid/Town02_009720_png.rf.b20474373a38fe973889a895d5aba03e.jpg 291,203,344,256,6,0.598200 267,189,279,210,1,0.218873 266,191,278,215,0,0.012236 614,171,633,194,6,0.001402 625,167,638,197,6,0.001059
/home/dysjin/data/CARLA.v20-carla_v20.coco/valid/Town01_002220_png.rf.9b6e376c042a4b43cdf2a33f00250d62.jpg 203,200,441,373,6,0.944477 313,190,336,204,6,0.060417 286,192,318,206,6,0.011776 579,213,640,249,6,0.005552 261,221,377,352,6,0.002403 247,202,378,262,6,0.001518
/home/dysjin/data/CARLA.v20-carla_v20.coco/valid/Town01_003900_png.rf.b43a572a2d61a01bb389880cf86179de.jpg 199,201,437,375,6,0.929335 325,193,354,207,6,0.012191 288,191,317,207,6,0.003303 260,218,378,355,6,0.002720 338,197,360,212,6,0.001403 251,204,372,261,6,0.001008
/home/dysjin/data/CARLA.v20-carla_v20.coco/valid/029067_png.rf.b686edaf28a0971571945f7b069613d5.jpg 542,231,582,338,2,0.875836 396,233,406,261,2,0.033675
/home/dysjin/data/CARLA.v20-carla_v20.coco/valid/Town02_004200_png.rf.b4d2f32e1287253b4f35bf521927be39.jpg 269,190,292,209,6,0.818979 368,192,384,209,6,0.014878 377,191,393,209,6,0.013816 307,187,320,199,6,0.008964 288,189,307,202,6,0.004786 261,188,279,210,6,0.003953 359,189,372,203,4,0.002262 443,193,503,224,6,0.001810 346,179,358,194,3,0.001327
/home/dysjin/data/CARLA.v20-carla_v20.coco/valid/Town02_002100_png.rf.b49da10e2c41ab65d4c132e46f15d3e3.jpg 301,198,334,287,1,0.644514 273,190,290,203,6,0.604687 0,183,16,213,6,0.154357 318,190,329,204,6,0.038494 311,192,324,207,6,0.021831 310,196,336,280,2,0.006444 280,182,292,197,6,0.004957 4,188,23,206,6,0.003088 290,193,308,206,6,0.002789
/home/dysjin/data/CARLA.v20-carla_v20.coco/valid/003752_png.rf.bb0716bc5b93fa8b10f41577e20a2f35.jpg 394,217,424,241,3,0.552098 397,214,421,240,4,0.418280 303,243,326,255,6,0.172303
/home/dysjin/data/CARLA.v20-carla_v20.coco/valid/138327_png.rf.b4aecc174d58e25a6e680c2468864172.jpg 17,233,45,306,2,0.377407 0,222,39,302,2,0.016612 0,214,12,325,2,0.007459 12,237,50,299,1,0.001135
/home/dysjin/data/CARLA.v20-carla_v20.coco/valid/Town05_009600_png.rf.b886b3525f44da0ae66796230d91b958.jpg 462,190,501,217,6,0.849502 104,190,220,233,6,0.724728 375,190,405,208,6,0.672142 584,186,633,210,6,0.326688 98,199,156,235,6,0.183132 547,185,598,206,6,0.008364 397,190,420,208,6,0.007712 531,185,542,202,6,0.006523 175,192,222,224,6,0.005105 413,186,430,202,6,0.002841 625,192,639,221,6,0.002730
/home/dysjin/data/CARLA.v20-carla_v20.coco/valid/Town01_002340_png.rf.b8976b6d8f366e29aeb47fb3b3146b33.jpg 203,201,441,374,6,0.940716 278,189,297,207,6,0.116227 313,190,336,204,6,0.021889 579,214,640,249,6,0.008630 284,192,315,206,6,0.003426 259,220,379,354,6,0.002489 276,192,299,215,0,0.001125
/home/dysjin/data/CARLA.v20-carla_v20.coco/valid/Town05_009780_png.rf.c3069a0d7ec82f2e1960c0497cec36fe.jpg 284,199,359,245,6,0.336035 425,205,473,236,6,0.002557
/home/dysjin/data/CARLA.v20-carla_v20.coco/valid/Town05_002700_png.rf.b9dfa75f628efa31633800bb9dfee796.jpg 362,182,386,197,6,0.559033 375,186,390,199,6,0.080665 348,180,361,196,6,0.041201 0,182,13,215,6,0.006575 418,180,431,192,6,0.006546 209,178,224,197,6,0.004224 408,181,419,194,6,0.003759 392,183,405,196,6,0.002641 216,179,235,196,6,0.001472
/home/dysjin/data/CARLA.v20-carla_v20.coco/valid/005173_png.rf.c24ac196d86260d3a384e12093bfa5ef.jpg 477,191,528,245,5,0.397431 474,184,522,245,4,0.030412
/home/dysjin/data/CARLA.v20-carla_v20.coco/valid/Town01_005820_png.rf.c9053a957ff7561268673aaec9e095f0.jpg 299,198,347,314,1,0.909461 298,206,352,301,6,0.047919 404,191,444,220,6,0.026258 345,176,360,188,3,0.003368 188,205,213,218,6,0.002314 630,240,640,272,6,0.001030
/home/dysjin/data/CARLA.v20-carla_v20.coco/valid/Town01_011580_png.rf.c8aa9ea674a7d69974d55bf63b55ddbf.jpg 579,189,640,222,6,0.877662 264,189,290,207,6,0.797062 472,205,523,237,6,0.251143 559,198,584,219,6,0.010272 579,169,640,206,6,0.010113 559,193,609,225,6,0.009439 624,194,638,223,6,0.007570 562,187,580,209,6,0.004353 169,193,183,219,2,0.004283 318,185,335,198,6,0.003425 486,192,511,205,6,0.002366 78,188,104,200,6,0.001518 482,201,512,217,6,0.001396 424,200,443,213,6,0.001118 562,178,577,195,6,0.001007
/home/dysjin/data/CARLA.v20-carla_v20.coco/valid/Town01_007440_png.rf.bed11eeb1dde416bf8789b24a8a5c0f8.jpg 551,177,640,225,6,0.470670 262,194,273,215,1,0.313781 531,182,557,217,6,0.266407 533,186,583,225,6,0.086151 262,190,274,214,0,0.060735 265,192,280,209,6,0.012323 296,189,313,201,6,0.003499 177,212,202,226,6,0.003347 606,187,639,224,1,0.003201 557,31,607,83,4,0.002250 619,186,640,230,6,0.001931
/home/dysjin/data/CARLA.v20-carla_v20.coco/valid/Town05_011760_png.rf.c548e0a947d80bc036151e4db99afcfa.jpg 2,197,224,349,6,0.920699 311,186,323,203,0,0.151711 317,187,329,202,6,0.043819 311,182,323,198,6,0.002618 0,164,241,380,6,0.002108 52,55,191,380,6,0.001073
/home/dysjin/data/CARLA.v20-carla_v20.coco/valid/075708_png.rf.c1818fa586a2b613b2806f928a933d9d.jpg 308,246,349,270,6,0.912380 0,237,185,427,6,0.903129 171,246,258,297,6,0.788273 238,244,266,277,6,0.461560 214,238,267,286,6,0.242786 252,246,267,272,0,0.011753 162,259,226,301,6,0.002783
/home/dysjin/data/CARLA.v20-carla_v20.coco/valid/Town05_009900_png.rf.c90bd5781f975f44de47fd794a1f9ac6.jpg 355,193,437,252,6,0.791881 330,189,344,205,6,0.005243 408,182,420,194,3,0.005110 416,180,429,194,3,0.004020 417,184,430,204,0,0.002740 408,186,421,203,0,0.001512
/home/dysjin/data/CARLA.v20-carla_v20.coco/valid/Town05_009660_png.rf.cc2e0d6a11c64dbe092a6e9321c6a170.jpg 230,198,414,323,6,0.901529 410,188,471,212,6,0.819638 343,185,355,206,0,0.112145 624,183,637,210,6,0.107036 341,186,360,226,0,0.004202 616,178,633,201,6,0.003443 353,181,369,194,6,0.001928 334,188,351,203,6,0.001618 293,189,313,202,6,0.001605 350,188,368,200,6,0.001565 500,49,567,90,3,0.001334
/home/dysjin/data/CARLA.v20-carla_v20.coco/valid/003769_png.rf.c5c0c17fa97551316c57744e9608f796.jpg 493,182,554,247,4,0.215658 495,187,551,248,5,0.206874 305,242,325,256,6,0.009107
/home/dysjin/data/CARLA.v20-carla_v20.coco/valid/121197_png.rf.c99e70822c663f40252f74e6b2ad5094.jpg 243,256,413,385,6,0.882925 193,190,451,418,6,0.002894 392,234,451,258,6,0.002712
/home/dysjin/data/CARLA.v20-carla_v20.coco/valid/004966_png.rf.c9d8d72d0920460b612251c5fddc5770.jpg 427,202,466,243,4,0.452659 439,214,462,230,3,0.001020 421,210,471,245,3,0.001004
/home/dysjin/data/CARLA.v20-carla_v20.coco/valid/Town01_006240_png.rf.cc5628eb556a5a5bd1824a8d19313b41.jpg 316,192,326,217,1,0.341780 311,191,323,212,6,0.207509 592,196,640,242,6,0.055080 299,191,311,204,6,0.028672 365,181,381,195,3,0.010083 621,192,640,247,6,0.004106 311,182,324,198,6,0.003679 358,182,373,194,4,0.003168 368,185,382,201,4,0.002603 0,183,10,257,2,0.002211 629,144,640,221,6,0.001900 315,186,327,224,0,0.001458 318,183,331,197,6,0.001091 360,186,373,199,6,0.001090
/home/dysjin/data/CARLA.v20-carla_v20.coco/valid/001638_png.rf.c98e4c5bc2a68de358073a26469c81b2.jpg 423,208,454,241,3,0.970827 154,224,173,242,3,0.004487
/home/dysjin/data/CARLA.v20-carla_v20.coco/valid/051274_png.rf.d5f64278c64b556983082379a316485f.jpg 559,165,634,250,4,0.508056 564,175,634,256,5,0.314508 357,226,372,243,3,0.001498
/home/dysjin/data/CARLA.v20-carla_v20.coco/valid/Town01_001440_png.rf.e4b4351effd31d5b433710cffb8243e4.jpg 383,177,399,193,3,0.504532 1,189,14,256,2,0.001687
/home/dysjin/data/CARLA.v20-carla_v20.coco/valid/019121_png.rf.deb86464dd224ac85f75272f851fc0a8.jpg 505,240,567,259,6,0.756193 394,250,413,291,2,0.079563 499,244,527,259,6,0.004786 540,238,574,259,6,0.004537 197,233,210,260,2,0.003236 512,225,575,254,6,0.001392
/home/dysjin/data/CARLA.v20-carla_v20.coco/valid/041811_png.rf.e8d4c17844854d24f9b2bec66a8a8889.jpg 46,223,61,243,3,0.541619 0,243,15,299,1,0.040218 0,241,12,319,2,0.006980 1,225,15,293,2,0.002137 49,217,60,237,3,0.001143
/home/dysjin/data/CARLA.v20-carla_v20.coco/valid/041657_png.rf.e06a4a0ae870ee5d8dbe97fc65b5b666.jpg 307,243,337,316,0,0.437996 0,221,13,299,6,0.002903 305,251,340,298,1,0.001944
/home/dysjin/data/CARLA.v20-carla_v20.coco/valid/001519_png.rf.e42bb854e84b40164ed2795569b2eb6f.jpg 573,221,587,239,3,0.781164 281,241,302,251,6,0.003863 301,240,325,251,6,0.001954 625,93,639,168,6,0.001420 568,233,587,250,3,0.001122
/home/dysjin/data/CARLA.v20-carla_v20.coco/valid/Town02_005280_png.rf.ec981f5d8aec80a53ec1f9961c2321af.jpg 55,197,126,221,6,0.847571 158,201,210,270,1,0.371305 93,202,132,221,6,0.007288 174,194,207,255,0,0.006496 582,44,629,94,4,0.004520 1,196,16,222,6,0.004074 148,208,216,258,6,0.003588 43,202,71,220,1,0.002260 589,43,625,94,5,0.001671 632,215,640,249,6,0.001579 47,199,92,219,6,0.001370
/home/dysjin/data/CARLA.v20-carla_v20.coco/valid/001509_png.rf.ed3baed466e7f65c1a01fb57bf942b65.jpg 573,221,588,239,3,0.792562 281,241,302,251,6,0.003869 300,239,324,251,6,0.002193 567,233,587,249,3,0.001917
/home/dysjin/data/CARLA.v20-carla_v20.coco/valid/033890_png.rf.e368755037cdc345b45b625d64db27a1.jpg 243,242,432,373,6,0.911108 594,229,630,334,2,0.848772 16,239,120,276,6,0.004509 122,237,141,281,2,0.002993 623,222,638,322,2,0.002501
/home/dysjin/data/CARLA.v20-carla_v20.coco/valid/075724_png.rf.e0c3e9a2b7f318c71e76ccdcb0dda6a1.jpg 295,246,330,270,6,0.890065 0,256,73,440,6,0.887222 193,241,245,286,6,0.694099 79,250,235,320,6,0.615057 210,249,243,283,1,0.278766 1,255,74,480,6,0.070941 613,235,634,259,6,0.004645 63,258,222,376,6,0.004492 21,235,170,368,6,0.002806 223,243,247,283,0,0.002066 225,256,243,281,1,0.001906 626,229,638,264,6,0.001083
/home/dysjin/data/CARLA.v20-carla_v20.coco/valid/112477_png.rf.ecf5d82849f8b68362ce65c8d2645a1c.jpg 341,230,361,297,2,0.893925
/home/dysjin/data/CARLA.v20-carla_v20.coco/valid/Town02_001980_png.rf.ee7206fcf98c96c61f2900b25e79ce20.jpg 299,200,346,313,1,0.903123 0,190,62,222,6,0.534988 159,189,176,220,1,0.158565 42,185,71,216,1,0.121549 158,187,177,221,0,0.107457 36,192,72,217,6,0.051419 296,208,352,302,6,0.034504 0,183,14,215,6,0.002895 13,192,48,210,6,0.002584 0,199,47,233,6,0.001370 55,184,71,215,0,0.001259 398,162,408,180,3,0.001211
/home/dysjin/data/CARLA.v20-carla_v20.coco/valid/026829_png.rf.e6f26e62f316568466a95ba7fd18d850.jpg 374,221,392,239,3,0.952127 0,210,25,301,2,0.005821 0,232,14,307,2,0.004023
/home/dysjin/data/CARLA.v20-carla_v20.coco/valid/007076_png.rf.d635d979c35f5dd6da756ef9889aef0b.jpg 394,215,422,242,4,0.520678 394,212,421,242,5,0.284581 387,213,422,241,3,0.190704
/home/dysjin/data/CARLA.v20-carla_v20.coco/valid/112475_png.rf.df928fa484eb08e1454caacc1e194352.jpg 337,228,354,296,2,0.885219
/home/dysjin/data/CARLA.v20-carla_v20.coco/valid/Town02_006960_png.rf.eedfb90c1deb0d66a31341acd2e08f4f.jpg 0,180,32,209,6,0.587510 148,167,167,183,3,0.523273 586,177,637,246,6,0.482628
/home/dysjin/data/CARLA.v20-carla_v20.coco/valid/Town05_010860_png.rf.f31c0584fff1474ad2b0f4132e874f7d.jpg 0,185,58,214,6,0.662627 310,191,332,250,1,0.523678 300,186,333,257,0,0.024874 316,187,330,214,6,0.006845 0,193,16,223,6,0.004219 358,186,371,198,3,0.002274 366,188,381,201,3,0.001517
/home/dysjin/data/CARLA.v20-carla_v20.coco/valid/Town05_004800_png.rf.ee7c080c8716cb366969ca625bb6d68b.jpg 242,188,269,205,6,0.674357 345,187,360,205,1,0.097509 351,187,367,204,6,0.047850 217,192,239,206,6,0.038138 489,29,552,85,3,0.001962 489,213,638,368,6,0.001448 208,191,225,207,6,0.001440 346,180,360,199,6,0.001233 395,179,407,197,3,0.001089 397,184,408,201,0,0.001049 474,64,551,101,6,0.001024 486,64,560,101,3,0.001013
/home/dysjin/data/CARLA.v20-carla_v20.coco/valid/Town05_009840_png.rf.f5040ce45ecca2822cb3b1b4ea8a6f61.jpg 294,196,372,251,6,0.734340 295,191,309,208,0,0.002299 305,190,321,206,0,0.001166 280,192,294,206,6,0.001101
/home/dysjin/data/CARLA.v20-carla_v20.coco/valid/041861_png.rf.f5f3812ca6c536c5c25bea3d596be111.jpg 115,240,244,301,6,0.836658 399,210,429,243,3,0.739718 302,245,322,291,1,0.601782 296,239,319,298,0,0.015492 215,231,238,293,1,0.002549 187,243,239,297,6,0.001368
/home/dysjin/data/CARLA.v20-carla_v20.coco/valid/Town02_003120_png.rf.f36fecf8d2ee4965c1f3bddaaaad5f33.jpg 407,191,491,223,6,0.876279 611,184,638,214,6,0.381087 621,186,639,252,6,0.037193 404,199,426,223,1,0.011907 401,196,428,225,0,0.006797 395,197,431,225,6,0.001650
/home/dysjin/data/CARLA.v20-carla_v20.coco/valid/003755_png.rf.f6343810071c5f5401b5697ef363285d.jpg 406,213,434,241,3,0.628040 406,212,434,242,4,0.444172 305,243,325,255,6,0.102617
/home/dysjin/data/CARLA.v20-carla_v20.coco/valid/Town01_003300_png.rf.fae28071a74fa02928094ff14cdbb3aa.jpg 274,208,368,272,6,0.790380 506,179,560,211,6,0.074496 278,193,300,207,6,0.034631 163,189,218,212,6,0.015735 318,190,332,207,6,0.002583 302,192,324,206,6,0.001832 515,180,554,210,3,0.001715 191,196,218,211,6,0.001504
/home/dysjin/data/CARLA.v20-carla_v20.coco/valid/138255_png.rf.fbf65e3e930393318a8312fdaefcae24.jpg 58,231,81,293,2,0.842369 442,291,456,319,2,0.007528 67,214,84,288,2,0.002342 50,236,88,285,1,0.001989
/home/dysjin/data/CARLA.v20-carla_v20.coco/valid/005373_png.rf.f68e0e113c5193c933cbee38c6a6bc2d.jpg 144,233,162,268,2,0.689024 154,234,170,268,2,0.615183 138,230,154,268,2,0.317199 564,49,640,114,6,0.005693 166,235,181,265,2,0.005087 1,225,12,296,2,0.003731 378,236,442,261,6,0.002288 59,230,119,262,6,0.001599 121,235,142,259,2,0.001352 0,248,11,289,2,0.001226
/home/dysjin/data/CARLA.v20-carla_v20.coco/valid/001630_png.rf.ff5ced110f03f998a7a6998ddf647fd2.jpg 410,212,437,241,3,0.947476 168,223,185,243,3,0.006399
/home/dysjin/data/CARLA.v20-carla_v20.coco/valid/006662_png.rf.fa42143249c7b6a780238796639341d3.jpg 463,234,496,311,2,0.398963 463,240,506,306,1,0.001102
/home/dysjin/data/CARLA.v20-carla_v20.coco/valid/Town05_004860_png.rf.f5c138159cbce172c63fa9a736f9c655.jpg 242,188,269,205,6,0.642409 345,186,360,205,1,0.125335 351,187,366,204,6,0.060226 217,191,239,206,6,0.035669 208,191,225,207,6,0.001920 346,180,360,199,3,0.001660 485,64,561,101,4,0.001488 343,178,361,212,0,0.001277 395,179,407,196,3,0.001175 489,30,552,85,4,0.001048
/home/dysjin/data/CARLA.v20-carla_v20.coco/valid/Town01_008460_png.rf.03f3160d63f090b29499596ec3c8c4b5.jpg 21,198,147,247,6,0.815201 554,190,635,221,6,0.796998 541,200,561,220,6,0.048441 628,194,640,224,6,0.028453 422,199,477,218,6,0.005282
/home/dysjin/data/CARLA.v20-carla_v20.coco/valid/005508_png.rf.0ab3da1b4970047c9b42e5bbe5d4e6f1.jpg 34,234,57,286,2,0.874521 92,235,122,314,2,0.316534 27,236,62,280,1,0.004067 462,241,535,276,6,0.003726 42,221,61,281,2,0.003651 22,221,52,291,2,0.002222 85,238,109,308,2,0.001531
/home/dysjin/data/CARLA.v20-carla_v20.coco/valid/Town01_006180_png.rf.089d25ecaf49fe28c7f3bf0c3614732b.jpg 313,193,324,219,1,0.526574 389,178,417,195,6,0.447788 311,190,324,214,6,0.186719 355,179,369,189,3,0.038256 312,187,325,224,0,0.010618 347,180,361,189,3,0.003364 318,182,330,197,6,0.002223 0,195,17,251,6,0.001527 363,179,384,191,6,0.001392 378,177,402,194,6,0.001312 297,193,310,207,6,0.001119
/home/dysjin/data/CARLA.v20-carla_v20.coco/valid/Town02_008340_png.rf.044a76656e2e2fe428cd425926d9acbe.jpg 548,189,616,221,6,0.901814 155,199,243,244,6,0.502380 272,189,288,201,6,0.117571 552,194,576,219,6,0.003184 289,190,310,201,6,0.001453 305,188,322,201,6,0.001319 411,195,430,219,2,0.001253 244,189,258,205,6,0.001185
/home/dysjin/data/CARLA.v20-carla_v20.coco/valid/075710_png.rf.0b62bb94157d1f2113ac6bbefe158022.jpg 0,236,186,428,6,0.903398 309,246,346,271,6,0.899888 171,247,259,298,6,0.762735 237,245,265,278,6,0.509914 214,239,268,286,6,0.287081 252,246,267,272,0,0.005537 162,259,226,302,6,0.002578
/home/dysjin/data/CARLA.v20-carla_v20.coco/valid/041689_png.rf.0d648fbd58416a80b414e4503d51c42e.jpg 304,250,331,312,0,0.600264
/home/dysjin/data/CARLA.v20-carla_v20.coco/valid/003751_png.rf.0ff9ef7c8c8e4f5eab52437609a3b501.jpg 396,216,421,241,3,0.550156 395,218,419,237,4,0.232881 304,243,324,256,6,0.208430 298,241,314,254,6,0.001048
/home/dysjin/data/CARLA.v20-carla_v20.coco/valid/Town02_008820_png.rf.135414697b8215dc125af6b125d3058c.jpg 277,205,367,348,6,0.831903 512,181,558,210,6,0.427217 389,186,431,208,6,0.045500 389,187,409,204,3,0.025700 504,175,522,191,3,0.021523 564,180,624,214,6,0.004966 393,182,407,196,3,0.004893 162,184,213,208,6,0.003175 544,190,600,226,6,0.001916 384,190,398,205,3,0.001352
/home/dysjin/data/CARLA.v20-carla_v20.coco/valid/006664_png.rf.1466f666c872e94bac27eba56bbdfb5b.jpg 481,229,520,323,2,0.878624
/home/dysjin/data/CARLA.v20-carla_v20.coco/valid/014570_png.rf.1235b2ca71c181a49fda1bb53eaa19cd.jpg 435,232,453,285,2,0.916016 61,239,126,261,6,0.860485 302,246,333,262,6,0.804727 429,235,463,277,1,0.002920 326,237,340,259,2,0.001478
/home/dysjin/data/CARLA.v20-carla_v20.coco/valid/112550_png.rf.1ca2fa82e03653536df85cf5faf5753c.jpg 516,234,547,321,2,0.303384 523,220,548,282,2,0.016958 517,235,556,286,1,0.001215
/home/dysjin/data/CARLA.v20-carla_v20.coco/valid/Town02_000780_png.rf.16d5987bcdc7d08470c1b3e757e128e5.jpg 304,198,351,314,1,0.925231 46,186,113,213,6,0.835141 278,187,302,202,6,0.770563 303,205,356,302,6,0.062968 86,189,115,209,6,0.012381 339,185,357,200,6,0.010433 27,189,89,220,6,0.006978 319,186,337,202,6,0.002619 333,181,348,198,6,0.002257
/home/dysjin/data/CARLA.v20-carla_v20.coco/valid/Town02_001500_png.rf.1e8a22666698f8954863a9939bc59942.jpg 182,191,214,216,1,0.765185 606,233,640,284,6,0.010917 605,163,638,302,2,0.007369 482,192,575,254,6,0.002522 429,192,473,223,6,0.001131
/home/dysjin/data/CARLA.v20-carla_v20.coco/valid/Town05_004620_png.rf.0e4a190ca586e0e90df6b90be2c83f5b.jpg 390,180,455,209,6,0.824713 594,172,640,203,6,0.032144 346,183,360,201,6,0.031236 351,181,371,197,6,0.007626 283,186,299,204,6,0.003260 575,185,640,223,6,0.001830 578,194,592,224,0,0.001541 441,51,506,89,4,0.001235 395,183,415,208,6,0.001012
/home/dysjin/data/CARLA.v20-carla_v20.coco/valid/006578_png.rf.21f08e8ed63ab67b3ef05528af8ef9e6.jpg 370,222,383,241,3,0.871190 262,239,292,257,6,0.794976 375,217,389,237,3,0.001671
/home/dysjin/data/CARLA.v20-carla_v20.coco/valid/Town01_004320_png.rf.1f6552094735eb0bd49b614b7e584c58.jpg 267,201,381,285,6,0.721258 293,189,314,202,6,0.024318 366,150,379,167,3,0.003261 575,223,640,265,6,0.002620 296,181,311,197,6,0.001929 314,188,334,201,6,0.001290 303,181,322,197,6,0.001223 359,151,373,166,4,0.001119
/home/dysjin/data/CARLA.v20-carla_v20.coco/valid/Town02_006720_png.rf.2632fd4f3d65ff215e84d472badfd870.jpg 268,192,290,209,6,0.825484 574,180,640,221,6,0.307009 564,175,580,192,3,0.220324 0,167,9,200,4,0.020149 0,180,16,239,6,0.010858 565,183,583,201,3,0.008039 0,153,11,214,3,0.007778 117,193,186,218,6,0.007417 0,186,15,255,6,0.005496 288,193,309,205,6,0.004731 1,155,12,232,6,0.003494 342,192,357,210,1,0.001375
/home/dysjin/data/CARLA.v20-carla_v20.coco/valid/Town05_006900_png.rf.2eaa1f5f6de8c6bffcd968f78f2f53b4.jpg 237,188,260,230,1,0.702559 238,174,258,229,0,0.206294 630,226,640,338,2,0.001187
/home/dysjin/data/CARLA.v20-carla_v20.coco/valid/005482_png.rf.1eef94cb1d26525ab4b64d28fc9be58d.jpg 1,221,30,319,2,0.771873 462,240,536,276,6,0.006675 0,201,14,321,2,0.002331 0,221,26,358,2,0.001625
/home/dysjin/data/CARLA.v20-carla_v20.coco/valid/138251_png.rf.2622df013f55b1f57387212b95c87241.jpg 78,229,97,290,2,0.642354 432,290,446,318,2,0.001998
/home/dysjin/data/CARLA.v20-carla_v20.coco/valid/007070_png.rf.2316a0a54db7e4a749f421570aadd160.jpg 385,218,405,241,5,0.462054 380,217,405,240,4,0.185414 376,215,405,240,3,0.003450
/home/dysjin/data/CARLA.v20-carla_v20.coco/valid/Town05_010920_png.rf.2325292b5e147dc41c10fe128f6256f9.jpg 300,186,347,284,0,0.898046 303,181,326,197,6,0.002688
/home/dysjin/data/CARLA.v20-carla_v20.coco/valid/Town01_006420_png.rf.2b897cd6227874bc930ae1c7e17e3b3b.jpg 313,191,324,216,1,0.357235 349,177,359,188,3,0.007711 382,174,393,190,4,0.007209 596,201,640,235,6,0.003954 593,172,640,223,6,0.003924 311,182,323,220,0,0.001839 298,189,311,209,6,0.001815 625,177,640,238,6,0.001805 145,198,159,219,2,0.001760 1,183,13,258,2,0.001160 1,166,12,255,2,0.001144 380,180,390,207,2,0.001114
/home/dysjin/data/CARLA.v20-carla_v20.coco/valid/Town05_006780_png.rf.253c814d6e368b92a888141244ca1a16.jpg 171,194,211,261,1,0.409243 173,197,212,249,6,0.148957 169,197,199,252,0,0.001828
/home/dysjin/data/CARLA.v20-carla_v20.coco/valid/Town01_008280_png.rf.2f69ce357d9638b109b359e31c238ab4.jpg 68,186,112,209,6,0.585106 279,194,304,209,6,0.304625 433,198,495,221,6,0.264760 314,194,335,209,6,0.044061 193,194,208,213,1,0.004219 400,202,426,219,6,0.002556 382,201,395,215,6,0.002186 187,189,199,213,1,0.001935 272,193,289,208,0,0.001758 135,185,193,206,6,0.001212 388,202,408,215,6,0.001185 384,199,440,222,6,0.001160
/home/dysjin/data/CARLA.v20-carla_v20.coco/valid/Town01_005100_png.rf.262bb9c3104b14f5fb633de3dafd0a52.jpg 575,189,602,223,1,0.130954 579,189,605,224,0,0.071955 573,190,614,221,6,0.003756
/home/dysjin/data/CARLA.v20-carla_v20.coco/valid/Town01_011940_png.rf.2554f5ab3ce2122d2ef300838472450f.jpg 563,197,602,223,6,0.774805 202,184,260,230,6,0.768289 575,189,616,257,6,0.001519 328,188,349,204,6,0.001494 532,43,580,95,4,0.001382 570,191,594,213,6,0.001068 276,187,297,200,6,0.001029
/home/dysjin/data/CARLA.v20-carla_v20.coco/valid/041684_png.rf.2f70db5ab75442cd11fffa13a776ae97.jpg 306,247,337,315,0,0.611411
/home/dysjin/data/CARLA.v20-carla_v20.coco/valid/Town05_010980_png.rf.2071755951cd753466eb2cc53fd2fe0c.jpg 300,187,345,281,0,0.857927
/home/dysjin/data/CARLA.v20-carla_v20.coco/valid/112459_png.rf.33bdc5bd58f0f631808a95c4ceb9a78f.jpg 293,230,313,296,2,0.903557 283,237,320,287,1,0.001041
/home/dysjin/data/CARLA.v20-carla_v20.coco/valid/041653_png.rf.31aa86a50239c7e6cbc52c66846dac06.jpg 304,240,330,309,0,0.642203 301,254,333,302,1,0.001084
/home/dysjin/data/CARLA.v20-carla_v20.coco/valid/041819_png.rf.374472e0a0868df264a4100cb7734e35.jpg 15,239,70,263,6,0.577174 109,246,133,299,0,0.543549 173,222,186,241,3,0.496564 111,251,133,304,1,0.159398 174,217,186,238,4,0.016115 178,224,192,245,3,0.005284 17,249,53,262,6,0.005026
/home/dysjin/data/CARLA.v20-carla_v20.coco/valid/Town05_010800_png.rf.3489607b659edfbc485537135e06f34b.jpg 308,188,329,252,1,0.750826 0,196,137,265,6,0.745501 311,184,330,242,6,0.282140 137,192,168,205,6,0.042170 309,190,326,210,6,0.023947 28,133,145,284,6,0.010668 299,186,311,205,6,0.005640 353,188,368,201,6,0.004233 1,196,33,293,6,0.004173 348,182,360,197,3,0.002171 355,182,368,195,3,0.001705 0,225,46,263,6,0.001163
/home/dysjin/data/CARLA.v20-carla_v20.coco/valid/Town02_001080_png.rf.2d29b90fb99ccf7727caeaa1914436b4.jpg 304,198,351,313,1,0.916414 0,203,86,380,6,0.871285 277,188,301,202,6,0.834023 102,188,252,295,6,0.617809 302,205,356,301,6,0.059062 317,185,334,202,6,0.039334 304,181,327,196,6,0.006228 340,185,358,200,6,0.005550 329,186,345,200,6,0.004999
/home/dysjin/data/CARLA.v20-carla_v20.coco/valid/Town02_005700_png.rf.39e8547ff43ddaa06ed2b24f114c8a27.jpg 242,200,406,321,6,0.875918 281,186,300,201,6,0.577613 302,180,325,197,6,0.076172 557,194,587,208,6,0.015628 289,180,310,198,6,0.009098 313,184,331,199,6,0.007353 199,132,443,374,6,0.001385 276,177,325,200,6,0.001378
/home/dysjin/data/CARLA.v20-carla_v20.coco/valid/Town02_002040_png.rf.3d0fd4b3b3749ac8ebdf480959eb8e66.jpg 299,199,345,314,1,0.893625 0,185,114,360,6,0.623145 267,190,291,211,6,0.330379 117,192,161,221,6,0.091356 288,187,341,290,6,0.077781 271,190,327,210,6,0.038701 268,194,291,212,1,0.034906 59,181,126,214,6,0.015351 262,190,277,210,1,0.008745 52,190,82,227,0,0.007996 52,192,106,224,6,0.006665 88,190,147,222,6,0.005648 299,193,323,207,6,0.004597 58,184,157,234,6,0.004303 51,175,65,201,0,0.003797 51,183,66,210,0,0.003724 55,186,74,212,0,0.002081
/home/dysjin/data/CARLA.v20-carla_v20.coco/valid/075707_png.rf.2ff4a82560cfe658387e361a6cc43ef0.jpg 308,246,350,270,6,0.917759 0,236,185,426,6,0.902807 172,247,258,297,6,0.737096 238,244,266,278,6,0.419324 214,238,266,286,6,0.292598 252,246,268,272,0,0.006720 163,260,225,301,6,0.003887 234,248,263,283,1,0.002679
/home/dysjin/data/CARLA.v20-carla_v20.coco/valid/138320_png.rf.332f3bdf3abffc7dd973858c3061b801.jpg 59,234,80,290,2,0.864274 52,237,85,283,1,0.002279
/home/dysjin/data/CARLA.v20-carla_v20.coco/valid/003766_png.rf.3dbe103da1003d1fb3bd18ad0d0894b4.jpg 456,198,503,244,5,0.433733 459,198,509,245,4,0.347676 304,241,326,255,6,0.038435
/home/dysjin/data/CARLA.v20-carla_v20.coco/valid/121245_png.rf.3c6765f574e34bb200e320d55fc2ffe7.jpg 277,256,366,317,6,0.771938 628,269,640,294,6,0.002938
/home/dysjin/data/CARLA.v20-carla_v20.coco/valid/Town05_011040_png.rf.3f658b3c60547a5478cb61d6b76eb55c.jpg 311,184,326,217,0,0.410529 314,184,329,215,1,0.382197
/home/dysjin/data/CARLA.v20-carla_v20.coco/valid/Town02_004920_png.rf.3cdedb8ebbe317a63567ec577e3789a8.jpg 308,195,329,241,1,0.841522 167,189,189,199,6,0.045315 353,186,376,203,6,0.012629 330,178,344,194,3,0.005267 177,188,199,201,6,0.003230 311,191,326,211,6,0.002302 207,190,225,207,2,0.002162 318,189,333,211,6,0.001911 340,177,382,199,6,0.001457 216,189,235,204,6,0.001456 320,180,335,194,3,0.001406 160,187,179,201,6,0.001046
/home/dysjin/data/CARLA.v20-carla_v20.coco/valid/Town05_002760_png.rf.41faa57cc70298c90c62fe9f6a3f08c9.jpg 113,187,141,204,6,0.148869 246,179,263,198,6,0.046062 382,184,392,205,2,0.014700 345,182,357,194,6,0.008418 247,184,262,199,0,0.007828 234,179,253,196,6,0.007135 332,183,345,194,6,0.006839 355,181,369,195,6,0.002876 321,185,332,199,0,0.002401 320,183,335,195,6,0.002158 366,185,384,200,6,0.002035 119,180,136,200,6,0.001969 267,180,284,194,6,0.001264
/home/dysjin/data/CARLA.v20-carla_v20.coco/valid/Town02_001740_png.rf.4072bb166a4df4f9403df039e28a73f3.jpg 299,200,346,313,1,0.902197 296,208,352,302,6,0.033101 38,185,54,213,1,0.022372 398,162,408,180,3,0.001416
/home/dysjin/data/CARLA.v20-carla_v20.coco/valid/026849_png.rf.52e90800c02b90489d2521817c6942f7.jpg 419,205,457,241,3,0.986611 355,236,370,253,6,0.008081
/home/dysjin/data/CARLA.v20-carla_v20.coco/valid/Town02_001560_png.rf.44c7e46d6d34263ac9f429ccb2cd2655.jpg 80,195,94,223,1,0.506054 60,190,77,210,6,0.129251 13,187,27,206,6,0.079238 48,190,65,207,6,0.029264 72,188,87,216,6,0.021972 20,188,34,206,0,0.016470 65,190,100,222,6,0.005513 3,183,15,210,6,0.003907 32,192,52,205,6,0.002620 82,185,93,219,6,0.001864 15,179,28,200,6,0.001820 79,181,97,222,0,0.001431 362,31,382,83,4,0.001325
/home/dysjin/data/CARLA.v20-carla_v20.coco/valid/Town02_003420_png.rf.4347a7bee8aec9f5c84eb5295856f9a9.jpg 326,200,381,230,6,0.619376 14,188,108,237,6,0.416869 336,199,379,228,1,0.368944 63,203,114,234,6,0.004517
/home/dysjin/data/CARLA.v20-carla_v20.coco/valid/Town01_006060_png.rf.3d76b002da6076434f028293d0c4a498.jpg 304,201,331,265,1,0.626834 313,192,336,260,2,0.078603 189,207,218,220,6,0.020918 422,193,449,225,1,0.008221 203,206,225,218,6,0.003300 181,211,206,225,6,0.001855 403,193,452,226,6,0.001589 616,159,632,181,4,0.001544 217,204,236,216,6,0.001020
/home/dysjin/data/CARLA.v20-carla_v20.coco/valid/Town02_007800_png.rf.4e6520c0e9dd39a93f5048a2caea0283.jpg 334,195,414,224,6,0.756202 611,191,638,231,6,0.441360 621,201,640,260,6,0.251281 307,190,324,203,6,0.151425 321,196,359,225,6,0.080906 364,198,435,233,6,0.051614 297,189,312,201,6,0.013105 318,195,339,218,0,0.005428 519,189,548,203,6,0.005177 315,193,332,208,6,0.004347 282,190,300,200,6,0.001608 353,199,399,216,6,0.001452 0,203,12,238,6,0.001387 393,203,431,229,1,0.001274
/home/dysjin/data/CARLA.v20-carla_v20.coco/valid/Town01_001860_png.rf.53e5db5983ad00d8986ebdc44e1e76ef.jpg 209,205,432,360,6,0.936660 297,188,329,203,6,0.299898 284,187,304,201,6,0.050781 291,181,311,199,6,0.011602 315,181,332,198,6,0.002665 137,185,151,210,2,0.002621 105,180,131,195,6,0.001547
/home/dysjin/data/CARLA.v20-carla_v20.coco/valid/Town01_006120_png.rf.405fede50ad311216cb9943968a5cdf5.jpg 316,191,329,220,1,0.562020 316,188,329,215,6,0.203604 358,177,370,190,3,0.162603 349,180,361,190,3,0.005782 364,177,379,192,3,0.004299 322,182,334,198,6,0.001830
/home/dysjin/data/CARLA.v20-carla_v20.coco/valid/041864_png.rf.51f1d81198f2e5b7a450f586235760ec.jpg 72,244,243,309,6,0.723683 417,209,446,241,3,0.718676 305,246,326,290,0,0.600693 309,250,322,287,1,0.070911 296,238,319,299,0,0.003104 65,278,119,315,6,0.002074 151,230,217,310,6,0.001195 56,268,181,316,6,0.001001
/home/dysjin/data/CARLA.v20-carla_v20.coco/valid/Town01_012060_png.rf.58e57e1a7e8d4f630323ae1827ca68bc.jpg 563,197,602,223,6,0.773057 329,187,352,202,6,0.005073 308,193,325,204,6,0.002344 574,188,617,257,6,0.001427 570,192,593,212,6,0.001077
/home/dysjin/data/CARLA.v20-carla_v20.coco/valid/009044_png.rf.59d4a83882b4b6af242cbd9e0e31ba80.jpg 560,220,578,241,3,0.922889 0,209,11,237,4,0.190667 0,207,13,282,6,0.005655 0,198,21,305,2,0.001594 554,214,587,246,3,0.001111
/home/dysjin/data/CARLA.v20-carla_v20.coco/valid/Town02_002520_png.rf.55f8a7c01a8e4b86c99a794d7b61cd5d.jpg 224,191,414,329,6,0.923953 159,197,230,235,6,0.888153 408,184,463,210,6,0.005677 411,188,435,206,6,0.005027 368,184,381,204,6,0.002859 370,180,383,194,3,0.002186
/home/dysjin/data/CARLA.v20-carla_v20.coco/valid/Town02_008760_png.rf.5bfb07b6a5fbe6700b4b9c150b9c6576.jpg 277,205,367,349,6,0.838081 269,190,290,202,6,0.621928 527,181,588,211,6,0.440706 388,186,432,208,6,0.061594 520,182,551,208,6,0.050149 555,182,613,209,6,0.020603 389,186,409,205,3,0.014196 262,189,277,202,6,0.005998 177,187,203,206,6,0.002916 594,189,622,210,6,0.001967 273,182,286,198,6,0.001384 383,189,398,205,3,0.001244 150,185,207,210,6,0.001244 290,189,306,202,6,0.001206
/home/dysjin/data/CARLA.v20-carla_v20.coco/valid/Town01_008100_png.rf.5942043a53e2ea3c62572bf7029ed896.jpg 276,191,296,206,6,0.697131 386,197,412,213,6,0.461706 87,185,145,211,6,0.146867 289,190,305,204,6,0.020240 60,182,124,212,6,0.005914 187,173,241,201,6,0.005223 174,189,188,208,1,0.005147 341,190,361,204,6,0.003701 438,198,458,212,6,0.003511 159,187,180,203,6,0.003418 368,192,383,208,4,0.003248 425,194,450,209,6,0.002222 369,196,386,214,2,0.001479 283,181,296,199,6,0.001445 380,193,396,209,6,0.001406 354,190,371,206,6,0.001392 305,187,321,200,6,0.001238 321,186,334,201,6,0.001208
/home/dysjin/data/CARLA.v20-carla_v20.coco/valid/Town01_010680_png.rf.5537782525200ced228c602e6dcc3456.jpg 372,179,385,194,3,0.605553 400,203,427,217,6,0.011665 230,190,244,207,6,0.005525 321,190,333,202,6,0.001752 378,183,389,200,3,0.001006
/home/dysjin/data/CARLA.v20-carla_v20.coco/valid/121155_png.rf.5eeb1497380edc240a771f68b9d34669.jpg 243,256,413,385,6,0.883944 562,215,600,304,2,0.746834 193,189,450,418,6,0.003145 395,237,408,258,0,0.002021 392,233,452,258,6,0.001754 548,227,615,304,1,0.001734
/home/dysjin/data/CARLA.v20-carla_v20.coco/valid/007085_png.rf.5a7141063cfddac158b01dce18de1e48.jpg 427,209,465,243,5,0.463421 427,208,466,244,4,0.413724 440,216,461,235,4,0.003124
/home/dysjin/data/CARLA.v20-carla_v20.coco/valid/Town05_006720_png.rf.717ce1e22225ab6a97befb2b8effcc2a.jpg 182,196,219,248,1,0.316622 91,192,120,208,6,0.142364 178,190,220,258,0,0.069035 100,189,154,204,6,0.026281 345,185,358,199,3,0.020146 352,187,369,200,3,0.006286 366,189,382,202,6,0.006253 182,193,224,235,6,0.001027
/home/dysjin/data/CARLA.v20-carla_v20.coco/valid/Town01_006600_png.rf.612f31973b2db2fda3ee5293fd937a64.jpg 372,189,396,211,6,0.334692 583,0,608,46,3,0.001820 597,0,640,49,6,0.001395 581,0,630,45,4,0.001110
/home/dysjin/data/CARLA.v20-carla_v20.coco/valid/112469_png.rf.4fea3a1e3f0858f468ecb362968a08fb.jpg 317,232,339,295,2,0.885203 309,236,345,287,1,0.001214
/home/dysjin/data/CARLA.v20-carla_v20.coco/valid/Town05_009540_png.rf.67accf9da191af14c5f05da1b6fe1e58.jpg 606,190,633,208,6,0.265286 487,216,634,364,6,0.003078 622,185,638,210,6,0.003004
/home/dysjin/data/CARLA.v20-carla_v20.coco/valid/041820_png.rf.69e77a8e269d90d89efc21e5026a7083.jpg 28,244,78,264,6,0.881764 116,246,145,298,0,0.566490 182,223,195,242,3,0.310208 118,249,143,305,1,0.034795 177,224,189,242,4,0.004271 185,218,197,236,4,0.001102
/home/dysjin/data/CARLA.v20-carla_v20.coco/valid/121278_png.rf.6607158f1164a75baf620dcb66d1b07e.jpg 279,254,365,316,6,0.768005 243,240,264,263,1,0.022812 250,240,273,260,6,0.001955
/home/dysjin/data/CARLA.v20-carla_v20.coco/valid/Town02_004620_png.rf.7280640e1c163e7c4b28010b90659788.jpg 248,206,406,332,6,0.855752 280,186,299,200,6,0.645992 311,185,332,202,6,0.447835 138,189,170,204,6,0.058843 459,219,488,269,6,0.008748 286,188,315,202,6,0.007745 330,181,342,196,6,0.006906 345,183,355,206,6,0.005377 326,187,344,204,6,0.002953 274,189,289,202,6,0.002673 280,194,299,212,6,0.002414 257,196,371,269,6,0.001643 344,177,355,199,4,0.001567 271,183,329,205,6,0.001487 196,133,442,372,6,0.001185
/home/dysjin/data/CARLA.v20-carla_v20.coco/valid/Town05_016500_png.rf.75b431585ae9c755044e81517b796324.jpg 340,192,394,234,6,0.828370 453,179,475,198,3,0.752134 117,194,220,243,6,0.751710 0,197,89,293,6,0.733068 369,197,396,236,1,0.022217 340,203,369,236,1,0.004795 113,211,174,246,6,0.004706 341,207,367,232,6,0.002674 167,198,233,240,6,0.001933 343,193,359,208,6,0.001136
/home/dysjin/data/CARLA.v20-carla_v20.coco/valid/Town02_001020_png.rf.79741d4293c684a4f4e895c08f1290d5.jpg 302,196,351,314,1,0.925991 0,205,87,380,6,0.885482 277,190,306,204,6,0.537938 279,185,325,209,6,0.156999 193,186,213,214,1,0.091256 301,203,355,300,6,0.068192 29,183,77,216,6,0.008351 312,185,333,207,6,0.006889 281,181,302,198,6,0.005934 340,185,357,201,6,0.002021 330,186,345,202,6,0.001988 301,180,324,199,6,0.001026
/home/dysjin/data/CARLA.v20-carla_v20.coco/valid/004996_png.rf.758bfe0873e6cba6e1d99146894cae01.jpg 491,266,511,315,2,0.910942 93,212,134,285,2,0.052410 484,266,516,305,1,0.003268 331,252,350,264,6,0.002897 115,212,140,285,2,0.002230 402,252,421,268,2,0.001380 381,250,398,264,6,0.001156 355,249,369,266,2,0.001141 343,251,361,266,6,0.001123 390,252,410,266,2,0.001026
/home/dysjin/data/CARLA.v20-carla_v20.coco/valid/Town02_001620_png.rf.77cda18f042297c4b15936a35acef602.jpg 303,187,331,256,1,0.677914 180,184,195,218,2,0.177466 311,182,332,242,2,0.019785 316,189,332,209,6,0.019072 400,186,444,212,6,0.007458 305,189,338,260,6,0.005623 123,194,136,222,2,0.001627
/home/dysjin/data/CARLA.v20-carla_v20.coco/valid/112362_png.rf.868e587d8bdd37c81e4872223fbdbeb4.jpg 149,234,167,285,2,0.902889 144,236,179,276,1,0.002114
/home/dysjin/data/CARLA.v20-carla_v20.coco/valid/Town05_010080_png.rf.88fb23d739ffa2beacd3c5735d172d03.jpg 313,183,324,218,0,0.530186 315,186,328,214,1,0.392378 269,183,282,200,6,0.313592 276,186,292,201,6,0.004373 267,173,284,203,0,0.003762 261,179,274,199,6,0.002383 346,169,359,184,3,0.002202 329,182,343,195,6,0.002056 319,181,333,199,6,0.001576 246,180,260,195,6,0.001519 344,178,356,192,3,0.001153
/home/dysjin/data/CARLA.v20-carla_v20.coco/valid/026847_png.rf.7a28094ba474fb2fab06e58f1ebea83c.jpg 411,210,446,241,3,0.984079 354,235,369,252,6,0.001272
/home/dysjin/data/CARLA.v20-carla_v20.coco/valid/075709_png.rf.7dd638ab9af378bf60aaa2fb92a0aea4.jpg 308,246,348,271,6,0.908620 0,236,184,428,6,0.904407 169,247,258,298,6,0.798896 238,245,266,278,6,0.503376 215,239,267,286,6,0.264862 252,246,267,272,0,0.007503
/home/dysjin/data/CARLA.v20-carla_v20.coco/valid/Town02_007380_png.rf.8809896fc46f6266a6729640bbc68e4c.jpg 557,194,636,223,6,0.662414 278,193,297,205,6,0.150390 561,209,591,257,1,0.036729 557,185,600,253,6,0.005822 289,189,306,201,6,0.004802 132,190,147,224,2,0.001395
/home/dysjin/data/CARLA.v20-carla_v20.coco/valid/Town01_007500_png.rf.7e4c2487265d812d93246e09a19aeab2.jpg 255,198,281,213,6,0.911610 551,170,640,222,6,0.816710 529,178,552,213,6,0.400614 250,200,266,215,6,0.011038 528,176,586,220,6,0.004703 277,194,294,206,6,0.004356 555,31,610,81,4,0.003274 178,212,201,225,6,0.001881 219,205,235,216,6,0.001562 293,191,310,202,6,0.001501
/home/dysjin/data/CARLA.v20-carla_v20.coco/valid/Town05_007500_png.rf.8a81a882e564e9e99b5c951d3e18dbbc.jpg 351,183,391,203,6,0.897914 255,180,269,197,0,0.097993 125,183,179,204,6,0.074675 305,181,321,194,6,0.045943 376,180,393,199,6,0.033249 346,184,366,201,6,0.018834 391,181,403,196,6,0.003298 297,178,313,192,6,0.001479 408,179,419,194,6,0.001388 315,181,332,193,6,0.001124
/home/dysjin/data/CARLA.v20-carla_v20.coco/valid/Town02_005520_png.rf.8a9d2ba4122736ea3845c9e405936cce.jpg 610,194,640,230,6,0.667876 48,199,115,222,6,0.628109 91,200,135,223,6,0.038603 1,198,16,223,6,0.003624 38,183,134,227,6,0.002648 369,198,381,216,0,0.002078 605,160,636,250,6,0.001136 624,210,636,248,6,0.001084
/home/dysjin/data/CARLA.v20-carla_v20.coco/valid/041735_png.rf.891d950e6341a379e0a80f54f49c126a.jpg 274,242,310,311,0,0.389595 271,252,306,306,1,0.001904
/home/dysjin/data/CARLA.v20-carla_v20.coco/valid/041669_png.rf.8f16c7cc68671f71ba068edf120b2a61.jpg 303,247,333,313,0,0.431264
/home/dysjin/data/CARLA.v20-carla_v20.coco/valid/003814_png.rf.9123d8ff8e23490d6f5201cb816e4fc2.jpg 287,242,317,259,6,0.812582 548,171,620,250,3,0.810122 270,242,290,255,6,0.024011 285,245,303,261,0,0.001079
/home/dysjin/data/CARLA.v20-carla_v20.coco/valid/005413_png.rf.9000d6e877ce40e1d5bd5387ece453c2.jpg 105,235,122,283,2,0.879002 86,233,105,289,2,0.832845 96,238,115,277,2,0.029130 88,240,125,278,1,0.004359 114,239,133,276,2,0.001185
/home/dysjin/data/CARLA.v20-carla_v20.coco/valid/Town01_001500_png.rf.9254a251a5c6eb6313adba6a6adf1620.jpg 387,174,405,193,3,0.299397 630,178,640,212,6,0.001282
/home/dysjin/data/CARLA.v20-carla_v20.coco/valid/Town05_004680_png.rf.93664881511a21c1adf050e2e8993477.jpg 245,187,267,204,6,0.799541 320,175,412,221,6,0.614465 279,180,297,198,6,0.055698 370,177,420,217,6,0.041793 262,187,291,201,6,0.023872 319,183,362,224,6,0.004112 234,184,256,204,6,0.003424 489,30,552,85,3,0.001991 475,64,550,100,6,0.001022
/home/dysjin/data/CARLA.v20-carla_v20.coco/valid/138312_png.rf.93c512dad514948e54a85fd6860eba4e.jpg 96,234,116,282,2,0.825977 0,241,11,328,2,0.005069 89,236,122,277,1,0.001325
/home/dysjin/data/CARLA.v20-carla_v20.coco/valid/005160_png.rf.922d9f2da21b5b11121905df87e629d7.jpg 402,214,431,243,4,0.571197 400,211,437,241,5,0.203494 609,60,638,191,2,0.001877 629,58,640,162,2,0.001044
