/home/dysjin/data/CARLA.v20-carla_v20.coco/valid/Town02_006840_png.rf.a4a970c10202604d1dd8c41fe9097525.jpg 565,175,580,192,0,0.476656 0,160,16,211,0,0.135044 1,170,13,202,1,0.132775 444,190,456,203,0,0.021367 529,162,545,185,0,0.012806 200,164,211,179,1,0.009705 565,163,580,189,1,0.006211 560,158,587,188,0,0.001710 514,138,530,157,1,0.001401 198,171,211,191,1,0.001181 2,181,15,207,1,0.001160 0,161,13,189,1,0.001062
/home/dysjin/data/CARLA.v20-carla_v20.coco/valid/Town02_002640_png.rf.ac6bee6a9e4c4b2a1e149670c97196c1.jpg 391,173,404,189,0,0.430793 334,203,363,232,0,0.031323 338,207,360,229,1,0.011461 389,158,410,190,0,0.001139
/home/dysjin/data/CARLA.v20-carla_v20.coco/valid/007096_png.rf.a26873f70f1467f54f0fd09ea8c1731b.jpg 538,166,625,252,0,0.457723 531,163,637,247,1,0.045163
/home/dysjin/data/CARLA.v20-carla_v20.coco/valid/Town02_006480_png.rf.aec43468267a9993201d034f7031ee5c.jpg 349,175,360,192,0,0.473437 356,165,366,184,0,0.021199 380,165,394,181,0,0.014835 354,184,366,199,0,0.009191 369,165,380,182,0,0.007122 341,154,361,189,0,0.003806 338,167,348,182,0,0.003207 378,151,393,171,0,0.002568 370,152,382,170,0,0.002439 332,187,344,206,0,0.001196 336,176,348,191,0,0.001111 366,175,377,191,0,0.001052
/home/dysjin/data/CARLA.v20-carla_v20.coco/valid/051305_png.rf.af3e2dc55ae45fc793f7f25eb6fdf7b4.jpg 429,206,462,244,0,0.509772 429,210,460,242,1,0.364994
/home/dysjin/data/CARLA.v20-carla_v20.coco/valid/007291_png.rf.b33e9d647d42777054dfb5f46d23bbad.jpg 386,220,403,241,0,0.492356
/home/dysjin/data/CARLA.v20-carla_v20.coco/valid/003752_png.rf.bb0716bc5b93fa8b10f41577e20a2f35.jpg 400,215,426,243,0,0.519753 390,218,422,236,1,0.001727
/home/dysjin/data/CARLA.v20-carla_v20.coco/valid/005173_png.rf.c24ac196d86260d3a384e12093bfa5ef.jpg 472,193,526,247,1,0.238237 476,190,526,245,0,0.195456 474,189,508,249,2,0.001522
/home/dysjin/data/CARLA.v20-carla_v20.coco/valid/003769_png.rf.c5c0c17fa97551316c57744e9608f796.jpg 496,190,549,245,0,0.241928 495,194,548,246,1,0.160518 494,189,535,250,2,0.002193
/home/dysjin/data/CARLA.v20-carla_v20.coco/valid/004966_png.rf.c9d8d72d0920460b612251c5fddc5770.jpg 430,202,466,244,0,0.479563 429,205,465,242,1,0.377766
/home/dysjin/data/CARLA.v20-carla_v20.coco/valid/001638_png.rf.c98e4c5bc2a68de358073a26469c81b2.jpg 424,208,454,243,0,0.602108 156,224,170,241,1,0.023054
/home/dysjin/data/CARLA.v20-carla_v20.coco/valid/051274_png.rf.d5f64278c64b556983082379a316485f.jpg 555,166,640,250,0,0.469194 556,177,640,254,1,0.107396
/home/dysjin/data/CARLA.v20-carla_v20.coco/valid/Town01_001440_png.rf.e4b4351effd31d5b433710cffb8243e4.jpg 385,175,401,191,0,0.548280 344,177,357,192,0,0.008145 50,178,64,193,0,0.004148 386,167,396,187,1,0.002762 58,176,73,194,1,0.001727
/home/dysjin/data/CARLA.v20-carla_v20.coco/valid/041811_png.rf.e8d4c17844854d24f9b2bec66a8a8889.jpg 49,226,65,242,0,0.605705 49,217,61,237,0,0.032287 259,214,272,232,0,0.005631 260,223,272,243,1,0.003509 51,234,66,247,0,0.002470 42,226,55,243,0,0.002110 57,224,68,239,0,0.001795 12,224,25,242,1,0.001632 232,213,247,230,1,0.001590 12,214,26,235,1,0.001516 23,215,38,232,1,0.001167 0,262,15,283,1,0.001129
/home/dysjin/data/CARLA.v20-carla_v20.coco/valid/001519_png.rf.e42bb854e84b40164ed2795569b2eb6f.jpg 572,218,590,241,0,0.624254 578,232,592,249,1,0.001784 571,205,583,224,0,0.001287
/home/dysjin/data/CARLA.v20-carla_v20.coco/valid/001509_png.rf.ed3baed466e7f65c1a01fb57bf942b65.jpg 572,218,590,241,0,0.617003 577,232,591,249,0,0.001960 571,205,583,224,0,0.001251 568,233,582,250,0,0.001107 565,202,602,255,0,0.001044
/home/dysjin/data/CARLA.v20-carla_v20.coco/valid/026829_png.rf.e6f26e62f316568466a95ba7fd18d850.jpg 374,222,390,239,0,0.658655 373,232,385,249,0,0.002270 344,216,357,234,0,0.001750
/home/dysjin/data/CARLA.v20-carla_v20.coco/valid/007076_png.rf.d635d979c35f5dd6da756ef9889aef0b.jpg 396,214,422,243,0,0.450724
/home/dysjin/data/CARLA.v20-carla_v20.coco/valid/Town02_006960_png.rf.eedfb90c1deb0d66a31341acd2e08f4f.jpg 148,161,168,182,0,0.548963 587,175,602,197,0,0.003288 577,176,592,197,1,0.002229 611,100,627,121,1,0.001498 576,188,591,205,1,0.001052
/home/dysjin/data/CARLA.v20-carla_v20.coco/valid/041861_png.rf.f5f3812ca6c536c5c25bea3d596be111.jpg 403,211,429,242,0,0.571785
/home/dysjin/data/CARLA.v20-carla_v20.coco/valid/003755_png.rf.f6343810071c5f5401b5697ef363285d.jpg 408,211,436,242,0,0.539844
/home/dysjin/data/CARLA.v20-carla_v20.coco/valid/001630_png.rf.ff5ced110f03f998a7a6998ddf647fd2.jpg 408,212,437,240,0,0.591004 169,224,183,239,1,0.038826
/home/dysjin/data/CARLA.v20-carla_v20.coco/valid/003751_png.rf.0ff9ef7c8c8e4f5eab52437609a3b501.jpg 397,216,421,242,0,0.457701
/home/dysjin/data/CARLA.v20-carla_v20.coco/valid/Town02_008820_png.rf.135414697b8215dc125af6b125d3058c.jpg 392,184,409,203,0,0.370029 478,179,493,192,0,0.122351 144,173,158,191,1,0.115701 416,179,428,193,0,0.058057 405,176,418,194,0,0.047277 385,186,399,204,0,0.018439 502,175,518,191,0,0.009342 469,178,484,192,0,0.008511 401,184,417,202,0,0.006302 406,162,419,183,0,0.004346 621,153,640,217,0,0.004261 417,163,427,184,0,0.003652 490,178,505,193,0,0.003318 415,186,429,201,0,0.002913 395,164,407,184,0,0.002876 427,177,439,190,0,0.002488 627,170,640,200,1,0.002475 141,166,161,194,0,0.002348 396,152,408,168,1,0.002337 406,152,417,169,0,0.002283 385,179,398,194,0,0.001990 406,139,417,160,1,0.001918 146,165,159,186,1,0.001742 614,74,630,96,1,0.001170
/home/dysjin/data/CARLA.v20-carla_v20.coco/valid/006578_png.rf.21f08e8ed63ab67b3ef05528af8ef9e6.jpg 370,222,386,239,0,0.529553
/home/dysjin/data/CARLA.v20-carla_v20.coco/valid/Town02_006720_png.rf.2632fd4f3d65ff215e84d472badfd870.jpg 565,175,581,193,0,0.450635 0,160,16,211,0,0.137132 1,170,13,202,1,0.135797 529,162,545,185,0,0.013115 444,189,456,203,0,0.012371 565,182,580,200,1,0.007878 565,162,580,189,1,0.005113 200,164,211,179,1,0.004697 467,164,480,182,1,0.002030 198,171,211,191,1,0.001784 560,158,586,189,0,0.001638 477,173,491,192,1,0.001305 530,174,546,191,1,0.001274 0,161,13,189,1,0.001208 2,181,15,207,1,0.001175 514,138,530,157,1,0.001155 466,175,480,192,1,0.001059
/home/dysjin/data/CARLA.v20-carla_v20.coco/valid/007070_png.rf.2316a0a54db7e4a749f421570aadd160.jpg 383,219,406,244,0,0.336332 383,218,402,236,1,0.012029
/home/dysjin/data/CARLA.v20-carla_v20.coco/valid/041819_png.rf.374472e0a0868df264a4100cb7734e35.jpg 175,224,187,239,0,0.630503 165,225,177,241,0,0.002872 168,210,186,237,0,0.002582 165,219,177,231,0,0.002423 357,213,370,230,1,0.001997 174,234,189,247,0,0.001239 149,215,162,234,0,0.001164
/home/dysjin/data/CARLA.v20-carla_v20.coco/valid/003766_png.rf.3dbe103da1003d1fb3bd18ad0d0894b4.jpg 462,200,507,245,1,0.392872 463,196,507,249,0,0.386060 461,196,498,247,2,0.107422
/home/dysjin/data/CARLA.v20-carla_v20.coco/valid/026849_png.rf.52e90800c02b90489d2521817c6942f7.jpg 424,206,457,243,0,0.564422
/home/dysjin/data/CARLA.v20-carla_v20.coco/valid/041864_png.rf.51f1d81198f2e5b7a450f586235760ec.jpg 416,210,443,242,0,0.585156 418,222,446,235,1,0.003159
/home/dysjin/data/CARLA.v20-carla_v20.coco/valid/009044_png.rf.59d4a83882b4b6af242cbd9e0e31ba80.jpg 559,220,578,242,0,0.521300 1,208,14,241,1,0.199543 0,199,16,246,0,0.119047 561,217,577,238,1,0.017409 3,217,16,247,1,0.017352 530,215,542,233,1,0.001364 0,200,28,264,0,0.001162
/home/dysjin/data/CARLA.v20-carla_v20.coco/valid/Town01_010680_png.rf.5537782525200ced228c602e6dcc3456.jpg 371,179,385,194,0,0.588535 343,177,356,193,0,0.001871 377,185,389,200,0,0.001727 23,112,38,133,1,0.001086 35,125,49,145,1,0.001061 370,165,382,188,1,0.001032
/home/dysjin/data/CARLA.v20-carla_v20.coco/valid/007085_png.rf.5a7141063cfddac158b01dce18de1e48.jpg 430,203,464,248,0,0.440718 429,206,463,244,1,0.365680
/home/dysjin/data/CARLA.v20-carla_v20.coco/valid/041820_png.rf.69e77a8e269d90d89efc21e5026a7083.jpg 182,224,194,240,0,0.575508 178,217,188,231,0,0.018658 161,224,173,243,0,0.003035 162,216,176,232,0,0.002333 178,209,196,235,0,0.001155
/home/dysjin/data/CARLA.v20-carla_v20.coco/valid/Town05_016500_png.rf.75b431585ae9c755044e81517b796324.jpg 456,177,477,200,0,0.570599
/home/dysjin/data/CARLA.v20-carla_v20.coco/valid/026847_png.rf.7a28094ba474fb2fab06e58f1ebea83c.jpg 417,210,447,240,0,0.646560
/home/dysjin/data/CARLA.v20-carla_v20.coco/valid/003814_png.rf.9123d8ff8e23490d6f5201cb816e4fc2.jpg 540,171,628,250,0,0.473458 528,166,640,245,1,0.023300
/home/dysjin/data/CARLA.v20-carla_v20.coco/valid/Town01_001500_png.rf.9254a251a5c6eb6313adba6a6adf1620.jpg 387,175,403,192,0,0.558042 391,164,404,190,1,0.003712 625,172,640,195,1,0.001558
/home/dysjin/data/CARLA.v20-carla_v20.coco/valid/005160_png.rf.922d9f2da21b5b11121905df87e629d7.jpg 401,210,429,244,0,0.507684 404,208,433,250,1,0.002516
