/home/dysjin/data/CARLA.v20-carla_v20.coco/valid/Town02_006840_png.rf.a4a970c10202604d1dd8c41fe9097525.jpg 563,175,580,196,0,0.519766 529,158,545,185,0,0.171725 0,158,14,214,0,0.149459 0,169,26,199,0,0.005817 0,138,13,215,0,0.005181 518,158,534,183,0,0.003952 443,183,459,206,0,0.003928 0,160,12,191,0,0.002550 243,162,259,183,0,0.002163 235,162,250,182,0,0.001362 284,171,296,195,0,0.001166 456,157,468,185,0,0.001010
/home/dysjin/data/CARLA.v20-carla_v20.coco/valid/Town02_002640_png.rf.ac6bee6a9e4c4b2a1e149670c97196c1.jpg 388,170,407,188,1,0.580720 390,167,405,194,0,0.016400 436,152,461,167,1,0.006552 417,135,433,155,1,0.003005 220,172,235,194,0,0.001575 232,174,248,194,0,0.001454 337,201,359,239,0,0.001199 246,181,262,205,0,0.001005
/home/dysjin/data/CARLA.v20-carla_v20.coco/valid/007096_png.rf.a26873f70f1467f54f0fd09ea8c1731b.jpg 548,177,617,251,2,0.740820 548,174,626,261,1,0.004935 516,179,563,257,2,0.002046
/home/dysjin/data/CARLA.v20-carla_v20.coco/valid/Town02_006480_png.rf.aec43468267a9993201d034f7031ee5c.jpg 345,178,362,195,0,0.703038 335,175,352,193,0,0.003272 364,177,379,194,0,0.001181 353,161,366,188,0,0.001113
/home/dysjin/data/CARLA.v20-carla_v20.coco/valid/051305_png.rf.af3e2dc55ae45fc793f7f25eb6fdf7b4.jpg 425,204,464,243,0,0.968958
/home/dysjin/data/CARLA.v20-carla_v20.coco/valid/007291_png.rf.b33e9d647d42777054dfb5f46d23bbad.jpg 382,221,403,241,0,0.862804 379,233,404,248,0,0.003718 372,223,389,241,0,0.001396
/home/dysjin/data/CARLA.v20-carla_v20.coco/valid/003752_png.rf.bb0716bc5b93fa8b10f41577e20a2f35.jpg 395,218,427,238,1,0.832386 342,226,361,242,1,0.022953 389,187,423,268,1,0.010427 195,225,214,242,1,0.005174
/home/dysjin/data/CARLA.v20-carla_v20.coco/valid/005173_png.rf.c24ac196d86260d3a384e12093bfa5ef.jpg 472,187,530,250,1,0.463995 480,192,525,246,2,0.351773 320,213,337,228,1,0.001871
/home/dysjin/data/CARLA.v20-carla_v20.coco/valid/003769_png.rf.c5c0c17fa97551316c57744e9608f796.jpg 503,190,541,247,1,0.551389 488,198,517,246,1,0.003249
/home/dysjin/data/CARLA.v20-carla_v20.coco/valid/004966_png.rf.c9d8d72d0920460b612251c5fddc5770.jpg 424,203,473,240,1,0.900007 257,198,272,217,1,0.002818 575,104,593,121,0,0.002708 467,164,485,180,1,0.002015
/home/dysjin/data/CARLA.v20-carla_v20.coco/valid/001638_png.rf.c98e4c5bc2a68de358073a26469c81b2.jpg 421,211,460,240,0,0.995691 157,222,173,244,0,0.001277 431,173,456,272,0,0.001141
/home/dysjin/data/CARLA.v20-carla_v20.coco/valid/051274_png.rf.d5f64278c64b556983082379a316485f.jpg 569,168,635,256,1,0.633826 570,172,636,255,2,0.480701 404,212,425,228,1,0.001001
/home/dysjin/data/CARLA.v20-carla_v20.coco/valid/Town01_001440_png.rf.e4b4351effd31d5b433710cffb8243e4.jpg 380,171,401,195,0,0.971667 228,175,245,195,0,0.193235 342,171,356,193,0,0.028932 332,160,349,182,0,0.012954 363,127,388,168,0,0.011376 431,150,447,170,0,0.006918 282,173,295,196,0,0.006094 271,173,285,195,0,0.006023 372,171,390,191,0,0.005884 334,172,348,193,0,0.002606 293,172,307,196,0,0.001991 269,162,285,182,0,0.001960 281,148,294,172,0,0.001265 320,158,335,181,0,0.001220 394,132,409,157,0,0.001186 271,149,286,173,0,0.001128 307,171,321,196,0,0.001080 280,163,296,183,0,0.001055
/home/dysjin/data/CARLA.v20-carla_v20.coco/valid/041811_png.rf.e8d4c17844854d24f9b2bec66a8a8889.jpg 44,222,67,243,1,0.968290 451,211,469,230,0,0.005360 32,217,65,233,1,0.005077 369,227,387,242,1,0.003216 52,212,72,236,1,0.002661 12,214,31,229,1,0.002099 370,215,388,230,1,0.001769 12,222,29,242,1,0.001723 23,216,44,233,1,0.001639 7,121,36,225,1,0.001414
/home/dysjin/data/CARLA.v20-carla_v20.coco/valid/001519_png.rf.e42bb854e84b40164ed2795569b2eb6f.jpg 570,221,591,244,0,0.953118 341,225,357,244,0,0.010719 417,232,432,254,0,0.004307 479,208,497,239,0,0.004019 574,229,601,251,0,0.003989 406,226,425,245,0,0.002761 503,195,519,223,0,0.002656 342,234,360,252,0,0.001396 484,202,513,240,0,0.001106
/home/dysjin/data/CARLA.v20-carla_v20.coco/valid/001509_png.rf.ed3baed466e7f65c1a01fb57bf942b65.jpg 570,220,591,244,0,0.949784 341,225,356,244,0,0.018450 575,229,601,251,0,0.004985 480,222,497,245,0,0.002863 406,226,425,245,0,0.001952 416,232,432,254,0,0.001466 568,230,585,250,0,0.001157
/home/dysjin/data/CARLA.v20-carla_v20.coco/valid/026829_png.rf.e6f26e62f316568466a95ba7fd18d850.jpg 368,219,394,243,0,0.963564 360,222,375,243,0,0.003763 344,213,360,235,0,0.002160 333,212,349,234,0,0.001584
/home/dysjin/data/CARLA.v20-carla_v20.coco/valid/007076_png.rf.d635d979c35f5dd6da756ef9889aef0b.jpg 397,214,423,243,1,0.556977 390,213,426,242,2,0.127990 402,174,422,251,2,0.001037
/home/dysjin/data/CARLA.v20-carla_v20.coco/valid/Town02_006960_png.rf.eedfb90c1deb0d66a31341acd2e08f4f.jpg 146,159,169,182,0,0.981242 138,160,157,183,0,0.003375 333,133,348,159,0,0.001536 339,101,361,145,0,0.001348 612,95,628,121,0,0.001082
/home/dysjin/data/CARLA.v20-carla_v20.coco/valid/041861_png.rf.f5f3812ca6c536c5c25bea3d596be111.jpg 401,212,433,240,1,0.823832 393,203,415,223,1,0.014359 382,209,400,228,1,0.008368 356,214,374,230,1,0.006981 351,224,371,241,1,0.004227 366,214,384,231,1,0.002065 390,213,419,231,1,0.001129 381,216,396,241,1,0.001009
/home/dysjin/data/CARLA.v20-carla_v20.coco/valid/003755_png.rf.f6343810071c5f5401b5697ef363285d.jpg 405,217,437,239,1,0.828946 398,203,444,252,1,0.556396 191,226,212,242,1,0.002180 344,225,361,242,0,0.001123
/home/dysjin/data/CARLA.v20-carla_v20.coco/valid/001630_png.rf.ff5ced110f03f998a7a6998ddf647fd2.jpg 412,213,440,240,0,0.994301 406,196,430,259,0,0.002115
/home/dysjin/data/CARLA.v20-carla_v20.coco/valid/003751_png.rf.0ff9ef7c8c8e4f5eab52437609a3b501.jpg 385,210,427,245,1,0.809511 392,218,418,237,1,0.160386 341,226,359,242,1,0.046099 391,216,428,238,0,0.001720 344,230,359,253,0,0.001679 195,224,215,242,1,0.001660
/home/dysjin/data/CARLA.v20-carla_v20.coco/valid/Town02_008820_png.rf.135414697b8215dc125af6b125d3058c.jpg 390,183,405,205,0,0.107302 503,171,519,196,0,0.025035 417,157,430,186,0,0.007751 404,155,422,186,0,0.004510 477,173,491,194,0,0.003753 284,170,297,194,0,0.003419 145,172,162,193,0,0.001972 383,176,401,196,0,0.001910 271,172,285,193,0,0.001877 428,157,441,185,0,0.001618 442,157,455,185,0,0.001505 407,145,423,170,0,0.001352 222,174,236,198,0,0.001306 259,170,273,192,0,0.001189
/home/dysjin/data/CARLA.v20-carla_v20.coco/valid/006578_png.rf.21f08e8ed63ab67b3ef05528af8ef9e6.jpg 366,219,387,242,0,0.982210 345,174,361,197,0,0.018813
/home/dysjin/data/CARLA.v20-carla_v20.coco/valid/Town02_006720_png.rf.2632fd4f3d65ff215e84d472badfd870.jpg 563,175,581,196,0,0.557821 0,158,14,214,0,0.147846 529,158,545,184,0,0.074468 278,184,294,203,0,0.027237 0,169,26,199,0,0.005696 0,137,13,215,0,0.005285 273,175,288,197,0,0.004201 0,160,12,192,0,0.002631 443,182,459,206,0,0.001909 518,157,534,183,0,0.001896 235,163,250,182,0,0.001512 527,170,541,191,0,0.001439 344,171,358,196,0,0.001156
/home/dysjin/data/CARLA.v20-carla_v20.coco/valid/007070_png.rf.2316a0a54db7e4a749f421570aadd160.jpg 380,218,404,240,1,0.649363 373,208,420,245,1,0.002965 391,228,422,244,2,0.002541 371,220,388,243,1,0.001623
/home/dysjin/data/CARLA.v20-carla_v20.coco/valid/041819_png.rf.374472e0a0868df264a4100cb7734e35.jpg 167,221,195,239,1,0.950634 169,228,195,252,1,0.006762 155,217,188,231,1,0.002780 147,218,164,240,1,0.002381
/home/dysjin/data/CARLA.v20-carla_v20.coco/valid/003766_png.rf.3dbe103da1003d1fb3bd18ad0d0894b4.jpg 465,188,509,247,1,0.799400 432,187,447,202,1,0.003997 468,200,517,234,0,0.003558 353,225,370,243,1,0.001074
/home/dysjin/data/CARLA.v20-carla_v20.coco/valid/026849_png.rf.52e90800c02b90489d2521817c6942f7.jpg 422,205,459,242,0,0.995175 233,223,248,242,0,0.007528 345,210,358,233,0,0.007031 411,173,438,225,0,0.001443
/home/dysjin/data/CARLA.v20-carla_v20.coco/valid/041864_png.rf.51f1d81198f2e5b7a450f586235760ec.jpg 414,212,447,239,1,0.928137 351,223,371,241,1,0.034768 355,214,374,232,1,0.025855 382,198,397,218,1,0.004170 397,179,430,221,1,0.003018 382,210,399,227,1,0.002222 365,210,381,230,1,0.001056
/home/dysjin/data/CARLA.v20-carla_v20.coco/valid/009044_png.rf.59d4a83882b4b6af242cbd9e0e31ba80.jpg 559,217,578,247,0,0.877829 0,207,11,241,0,0.160954 0,193,12,272,0,0.015013 342,223,357,244,0,0.006239 531,206,544,234,0,0.001881 491,209,509,235,0,0.001784 494,259,509,280,0,0.001735 1,169,11,259,0,0.001588 467,181,482,210,0,0.001356 503,209,518,236,0,0.001221 0,197,11,231,0,0.001152
/home/dysjin/data/CARLA.v20-carla_v20.coco/valid/Town01_010680_png.rf.5537782525200ced228c602e6dcc3456.jpg 364,177,384,195,0,0.954502 156,179,174,193,0,0.016266 195,176,210,194,0,0.013573 331,174,343,193,0,0.011515 343,174,357,192,0,0.007854 220,176,234,195,0,0.007172 231,174,246,192,0,0.006903 205,178,220,195,0,0.005845 182,178,198,193,0,0.005450 320,174,333,194,0,0.004470 149,177,165,192,0,0.002911 344,164,360,182,0,0.002791 169,179,186,193,0,0.002702 208,185,223,203,0,0.002692 307,174,320,193,0,0.001882 197,184,211,202,0,0.001802 169,184,184,201,0,0.001686 242,175,258,194,0,0.001651 307,163,321,182,0,0.001157 283,173,296,196,0,0.001113
/home/dysjin/data/CARLA.v20-carla_v20.coco/valid/007085_png.rf.5a7141063cfddac158b01dce18de1e48.jpg 430,204,466,248,1,0.583060 417,210,476,242,2,0.003144 431,193,467,233,2,0.001809
/home/dysjin/data/CARLA.v20-carla_v20.coco/valid/041820_png.rf.69e77a8e269d90d89efc21e5026a7083.jpg 174,224,200,240,1,0.906152 159,222,179,238,1,0.006714 182,230,205,250,1,0.005354 188,210,206,232,1,0.001832 187,217,207,244,1,0.001116
/home/dysjin/data/CARLA.v20-carla_v20.coco/valid/Town05_016500_png.rf.75b431585ae9c755044e81517b796324.jpg 452,176,481,197,1,0.786214 378,190,397,206,0,0.053456 444,175,465,193,1,0.012085 431,175,447,190,1,0.003910 330,176,345,195,0,0.002164 330,185,348,204,0,0.001721 320,174,335,194,0,0.001432
/home/dysjin/data/CARLA.v20-carla_v20.coco/valid/026847_png.rf.7a28094ba474fb2fab06e58f1ebea83c.jpg 413,208,447,241,0,0.995011 344,209,358,234,0,0.004271 399,176,427,224,0,0.001861 333,209,351,235,0,0.001101
/home/dysjin/data/CARLA.v20-carla_v20.coco/valid/003814_png.rf.9123d8ff8e23490d6f5201cb816e4fc2.jpg 551,171,619,255,0,0.857793
/home/dysjin/data/CARLA.v20-carla_v20.coco/valid/Town01_001500_png.rf.9254a251a5c6eb6313adba6a6adf1620.jpg 384,172,404,194,0,0.989465 172,187,189,202,0,0.017462 286,169,298,198,0,0.011231 173,176,187,195,1,0.007929 372,173,388,193,0,0.006936 246,170,262,200,0,0.005239 294,170,307,198,0,0.004746 319,171,332,198,0,0.003912 307,171,322,199,0,0.003379 627,171,639,198,0,0.003165 193,168,210,194,0,0.002824 355,173,368,196,0,0.002362 180,170,195,192,0,0.002248 346,170,359,195,0,0.002138 356,160,370,185,0,0.001799 172,197,186,216,0,0.001475 272,172,285,196,0,0.001085
/home/dysjin/data/CARLA.v20-carla_v20.coco/valid/005160_png.rf.922d9f2da21b5b11121905df87e629d7.jpg 400,214,430,242,1,0.768206 394,214,432,241,2,0.048284
