/home/dysjin/data/CARLA.v20-carla_v20.coco/valid/Town05_011820_png.rf.a721d4435d03a17b63243ff374e790d2.jpg 14,178,107,232,6,0.580516 55,189,111,225,6,0.132988 585,198,626,307,2,0.036875 607,194,637,308,2,0.030762 37,157,123,221,6,0.014398 625,205,638,311,2,0.005976 74,178,129,218,6,0.002892 489,180,518,276,2,0.002620 61,171,110,227,1,0.002459 565,198,601,303,2,0.002376 6,191,58,225,6,0.001994 66,174,99,219,6,0.001933 474,195,498,246,2,0.001317 429,177,447,243,2,0.001080
/home/dysjin/data/CARLA.v20-carla_v20.coco/valid/Town05_005760_png.rf.a5aa9e8688171e7bfb57f36e4a648f69.jpg 308,183,327,202,6,0.706652 395,180,412,241,2,0.228197 413,185,437,236,2,0.072939 377,172,398,190,3,0.018044 266,178,287,191,6,0.017341 403,165,423,234,2,0.014811 425,164,447,234,2,0.014517 405,193,418,226,2,0.008257 255,178,276,191,6,0.003459 278,180,297,190,6,0.002863 290,187,322,200,6,0.002504 291,183,318,193,6,0.002118 0,152,10,243,2,0.001867 408,191,441,230,6,0.001402 340,179,358,191,3,0.001360 428,190,441,226,2,0.001298 419,185,433,214,2,0.001222 366,175,386,190,3,0.001197 385,166,407,182,3,0.001115
/home/dysjin/data/CARLA.v20-carla_v20.coco/valid/075705_png.rf.9f5447b468e0280dc956a534954f8a5e.jpg 310,244,349,275,6,0.891983 0,251,174,397,6,0.689185 171,242,246,304,6,0.456434 79,247,179,349,6,0.161192 235,241,269,280,6,0.052231 204,249,252,293,6,0.043824 163,262,224,301,6,0.020879 115,248,198,319,6,0.018806 0,0,137,480,6,0.011670 2,248,54,292,6,0.008749 7,255,108,436,0,0.006692 118,211,147,254,3,0.006569 27,289,116,388,6,0.004855 253,245,269,269,0,0.004606 556,282,640,359,6,0.003794 9,213,146,480,6,0.003295 145,252,211,292,6,0.003140 12,156,203,448,6,0.003139 137,259,180,330,1,0.003003 539,230,569,364,2,0.002519 86,289,151,389,6,0.002155 560,226,638,460,6,0.002050 0,278,77,460,6,0.001919 0,229,88,380,6,0.001775 190,245,222,298,6,0.001708 493,254,552,288,6,0.001659 219,233,262,269,6,0.001627 229,255,248,285,6,0.001528 422,250,451,268,6,0.001254 9,247,103,309,6,0.001019
/home/dysjin/data/CARLA.v20-carla_v20.coco/valid/Town02_006840_png.rf.a4a970c10202604d1dd8c41fe9097525.jpg 580,179,636,219,6,0.392612 113,194,169,216,6,0.068816 544,170,615,224,6,0.045092 467,179,525,216,6,0.015390 396,185,447,208,6,0.011322 338,189,359,205,6,0.010217 496,179,548,214,6,0.009864 212,192,247,208,6,0.009549 560,160,589,209,3,0.009301 478,197,515,292,2,0.009053 425,188,448,206,6,0.007853 387,190,411,206,6,0.005929 446,204,514,268,6,0.005422 606,189,637,223,6,0.005356 0,177,14,267,2,0.004643 0,154,28,253,2,0.004241 0,148,14,220,3,0.003542 0,153,13,239,6,0.003242 563,60,606,102,3,0.003135 292,189,314,201,6,0.002971 1,164,13,256,6,0.002865 0,144,13,203,3,0.002244 573,181,601,233,0,0.002104 560,168,589,219,0,0.002083 624,197,640,220,6,0.001910 266,191,289,203,6,0.001784 4,192,32,247,2,0.001611 278,191,302,202,6,0.001604 1,196,13,271,6,0.001594 74,186,160,225,6,0.001566 31,181,54,237,2,0.001472 230,195,249,211,0,0.001311 239,192,259,204,6,0.001193 0,201,42,240,6,0.001149 255,191,276,203,6,0.001126 200,191,231,206,6,0.001126 348,188,369,204,6,0.001114
/home/dysjin/data/CARLA.v20-carla_v20.coco/valid/Town02_002640_png.rf.ac6bee6a9e4c4b2a1e149670c97196c1.jpg 304,192,361,247,6,0.632629 296,190,316,253,0,0.017682 261,199,290,217,6,0.011579 348,192,370,252,1,0.009297 460,191,510,225,6,0.007878 2,199,84,244,6,0.007095 66,194,88,243,0,0.005317 338,189,356,212,6,0.004931 325,180,352,222,6,0.004073 26,193,80,224,6,0.003324 484,190,571,230,6,0.002824 68,180,90,240,2,0.002749 312,191,337,212,6,0.002445 327,190,365,248,1,0.002431 297,184,335,238,6,0.001991 388,187,410,201,6,0.001939 390,177,411,192,3,0.001451 347,184,368,240,0,0.001056 297,206,313,238,1,0.001053 277,198,298,219,6,0.001026
/home/dysjin/data/CARLA.v20-carla_v20.coco/valid/007096_png.rf.a26873f70f1467f54f0fd09ea8c1731b.jpg 547,176,615,246,3,0.478368 539,176,613,256,4,0.171447 531,151,640,264,3,0.001905
/home/dysjin/data/CARLA.v20-carla_v20.coco/valid/041683_png.rf.abc13a183255cbb5f9aeca7d55d8b4c0.jpg 301,244,333,323,0,0.115942 129,221,178,246,6,0.001274 310,266,327,302,1,0.001210
/home/dysjin/data/CARLA.v20-carla_v20.coco/valid/041699_png.rf.a4a6f7fb7672ac47b317ec4fe3e21c97.jpg 308,248,328,315,0,0.311932 310,263,325,303,1,0.002850 494,253,555,286,6,0.002413
/home/dysjin/data/CARLA.v20-carla_v20.coco/valid/Town02_006480_png.rf.aec43468267a9993201d034f7031ee5c.jpg 240,186,267,202,6,0.033969 340,179,358,193,3,0.024532 364,179,382,192,3,0.008799 351,178,369,192,3,0.005228 536,175,572,276,2,0.004062 341,186,359,202,3,0.003407 558,170,597,285,2,0.003038 291,192,312,206,6,0.003020 226,186,252,203,6,0.002954 13,152,98,194,6,0.001329
/home/dysjin/data/CARLA.v20-carla_v20.coco/valid/Town02_003060_png.rf.b28380c7e6ad26a4ccdfda39d4db7f85.jpg 535,178,620,225,6,0.097058 535,192,584,221,6,0.029745 622,182,640,240,6,0.010760 611,196,639,245,1,0.002320 509,191,561,221,6,0.001463 557,58,602,108,3,0.001385 598,189,640,229,6,0.001204 609,159,638,248,2,0.001149
/home/dysjin/data/CARLA.v20-carla_v20.coco/valid/Town01_009120_png.rf.b3886317404f3c307752dac4625c4b0e.jpg 318,194,337,215,6,0.036708 18,206,69,235,6,0.028896 571,182,627,212,6,0.021857 554,145,640,220,6,0.014310 373,197,398,216,6,0.004943 422,195,474,214,6,0.004612 302,192,331,209,6,0.004086 326,195,342,213,0,0.003205 609,185,632,206,6,0.002713 325,189,343,207,6,0.002489 532,31,594,94,5,0.002058 33,197,73,227,6,0.002019 558,195,582,242,0,0.001350 373,184,422,214,6,0.001021
/home/dysjin/data/CARLA.v20-carla_v20.coco/valid/051305_png.rf.af3e2dc55ae45fc793f7f25eb6fdf7b4.jpg 425,205,470,246,3,0.856139 429,219,450,318,2,0.002757
/home/dysjin/data/CARLA.v20-carla_v20.coco/valid/007291_png.rf.b33e9d647d42777054dfb5f46d23bbad.jpg 383,221,409,243,3,0.489396 383,219,403,242,4,0.009731 7,158,104,236,6,0.001538 112,222,199,280,6,0.001360 168,231,199,328,0,0.001026
/home/dysjin/data/CARLA.v20-carla_v20.coco/valid/Town05_005820_png.rf.abc3e70595852b4f2320e8b55c805a27.jpg 304,179,332,222,6,0.894441 314,179,333,199,6,0.013060 305,180,321,198,6,0.009937 465,177,496,279,2,0.007862 354,175,372,189,3,0.006431 3,170,105,225,6,0.006294 326,179,341,193,3,0.004672 296,181,312,194,6,0.003703 279,179,298,190,6,0.002967 353,166,372,181,3,0.002112 268,179,286,189,6,0.002021 561,111,640,189,3,0.001809 329,167,345,181,3,0.001217
/home/dysjin/data/CARLA.v20-carla_v20.coco/valid/Town05_006960_png.rf.9d31f2ffd8a1d723122d28555c0e3321.jpg 282,181,297,208,1,0.163840 610,181,634,204,6,0.026483 282,177,298,211,0,0.023465 375,182,393,207,0,0.016557 367,184,387,207,1,0.012168 622,166,640,208,6,0.005440 368,180,390,209,6,0.004103 269,188,294,205,6,0.001817 236,216,428,329,6,0.001661 352,187,376,203,6,0.001050
/home/dysjin/data/CARLA.v20-carla_v20.coco/valid/Town02_009720_png.rf.b20474373a38fe973889a895d5aba03e.jpg 295,210,346,256,6,0.939434 5,191,108,268,6,0.130728 113,174,211,235,6,0.029299 27,171,135,247,6,0.009825 268,187,284,204,6,0.007161 62,193,155,246,6,0.006261 297,204,317,264,1,0.003238 414,177,435,193,3,0.003059 268,196,283,213,0,0.001929 6,219,34,274,6,0.001725 315,201,336,224,6,0.001667 316,212,332,239,6,0.001556 2,202,17,292,6,0.001474 310,184,342,241,6,0.001257 0,165,81,250,6,0.001179 302,214,326,236,6,0.001013
/home/dysjin/data/CARLA.v20-carla_v20.coco/valid/Town01_002220_png.rf.9b6e376c042a4b43cdf2a33f00250d62.jpg 206,198,453,375,6,0.983034 315,177,333,195,6,0.057469 252,176,271,194,6,0.031097 305,178,324,198,6,0.028390 288,185,317,204,6,0.012141 459,178,484,237,2,0.006608 280,188,298,204,0,0.005530 374,148,394,168,3,0.005392 342,196,360,220,0,0.003789 244,183,265,200,6,0.003738 179,169,228,199,6,0.003367 460,175,512,215,6,0.002408 316,225,419,351,6,0.002184 457,168,543,234,6,0.002047 451,165,474,229,2,0.001791 315,168,335,184,6,0.001648 554,192,640,268,6,0.001636 222,252,422,322,6,0.001568 216,175,234,193,6,0.001229 1,143,77,209,6,0.001110
/home/dysjin/data/CARLA.v20-carla_v20.coco/valid/Town01_003900_png.rf.b43a572a2d61a01bb389880cf86179de.jpg 198,198,467,377,6,0.976721 3,176,36,222,6,0.455788 401,180,423,232,0,0.204366 290,187,311,206,6,0.043973 329,190,352,207,6,0.028902 340,187,362,209,6,0.026928 218,187,235,206,6,0.020075 403,189,420,225,1,0.016853 2,167,59,209,6,0.016730 278,189,302,207,6,0.014458 606,194,638,248,6,0.014071 227,188,247,203,6,0.009984 348,183,372,234,0,0.009495 6,195,30,221,6,0.009008 549,172,575,245,2,0.008786 1,161,18,234,6,0.005910 314,189,338,206,6,0.004560 351,185,369,209,0,0.003894 610,174,638,326,2,0.003525 294,232,446,342,6,0.003127 622,202,640,264,6,0.002810 14,187,40,226,0,0.002358 268,190,287,206,6,0.002197 240,187,262,202,6,0.002061 13,155,102,213,6,0.002051 2,146,15,226,6,0.001906 233,254,412,320,6,0.001712 375,177,400,195,6,0.001658 361,185,388,202,6,0.001509 17,190,36,223,1,0.001416 65,169,115,200,6,0.001386 626,160,640,236,6,0.001299 219,195,237,212,0,0.001070 407,176,434,215,6,0.001017
/home/dysjin/data/CARLA.v20-carla_v20.coco/valid/029067_png.rf.b686edaf28a0971571945f7b069613d5.jpg 542,218,579,345,2,0.945029 396,238,408,260,2,0.007884 479,230,499,292,2,0.005712 454,247,468,273,2,0.005299 58,231,79,287,2,0.002404 50,230,128,282,6,0.002088 443,248,460,272,2,0.001757 195,239,214,259,6,0.001347 556,220,639,373,2,0.001160 76,244,129,275,6,0.001061 331,238,350,254,0,0.001056
/home/dysjin/data/CARLA.v20-carla_v20.coco/valid/Town02_004200_png.rf.b4d2f32e1287253b4f35bf521927be39.jpg 265,189,292,210,6,0.450911 453,191,515,228,6,0.072295 24,184,86,213,6,0.062401 568,193,638,261,6,0.005325 364,190,388,203,6,0.003402 487,185,560,234,6,0.003096 350,178,370,191,3,0.002965 1,164,16,232,6,0.002823 583,177,629,270,2,0.002207 507,178,542,261,2,0.002110 304,186,323,200,6,0.002048 341,178,359,191,3,0.001975 289,186,307,201,6,0.001811 378,191,396,205,6,0.001463 498,176,547,215,6,0.001337 278,195,295,210,0,0.001282 0,240,59,276,6,0.001277 439,203,489,231,6,0.001238 348,189,372,202,3,0.001167
/home/dysjin/data/CARLA.v20-carla_v20.coco/valid/Town02_002100_png.rf.b49da10e2c41ab65d4c132e46f15d3e3.jpg 298,201,338,288,1,0.775478 304,192,339,281,0,0.425138 0,173,16,226,6,0.099845 313,188,331,208,6,0.069124 113,165,166,207,6,0.030643 304,182,330,234,0,0.022040 1,150,14,226,6,0.013663 309,187,337,229,6,0.012852 30,153,133,212,6,0.009109 1,180,30,214,6,0.008618 307,183,325,195,6,0.004175 270,188,289,202,6,0.002915 61,182,119,205,6,0.002862 1,175,16,261,6,0.001504 4,162,34,208,6,0.001282 0,171,12,204,6,0.001188 0,148,75,213,6,0.001120 340,179,357,191,3,0.001119
/home/dysjin/data/CARLA.v20-carla_v20.coco/valid/003752_png.rf.bb0716bc5b93fa8b10f41577e20a2f35.jpg 396,214,424,245,3,0.454489 396,213,422,247,4,0.327496 301,237,328,253,6,0.013198 38,198,130,260,6,0.002556
/home/dysjin/data/CARLA.v20-carla_v20.coco/valid/138327_png.rf.b4aecc174d58e25a6e680c2468864172.jpg 19,237,41,304,2,0.147139 3,233,36,312,2,0.044088 357,248,372,273,2,0.017197 0,216,13,329,2,0.012487 1,230,14,339,2,0.007153 0,207,12,313,2,0.005752 29,224,50,297,2,0.003907 24,243,37,281,2,0.003416 24,251,36,290,2,0.002940 2,240,32,346,2,0.002308 366,246,381,272,2,0.002221 238,237,260,254,6,0.001905 555,383,640,465,6,0.001432 0,208,12,286,6,0.001285
/home/dysjin/data/CARLA.v20-carla_v20.coco/valid/Town05_009600_png.rf.b886b3525f44da0ae66796230d91b958.jpg 111,192,209,232,6,0.877166 463,184,503,216,6,0.684312 587,182,633,206,6,0.660801 156,192,220,222,6,0.533905 370,184,411,207,6,0.378815 525,178,549,198,6,0.191210 105,202,154,230,6,0.077020 482,186,519,319,0,0.058029 412,181,432,202,6,0.043922 399,186,419,207,6,0.018156 470,186,548,357,0,0.014421 425,184,444,200,6,0.013713 485,188,504,211,6,0.007653 512,180,537,196,6,0.007504 189,195,216,218,6,0.007149 497,185,518,204,6,0.004053 625,186,640,207,6,0.003110 485,192,505,219,1,0.002609 467,185,506,275,6,0.002456 576,186,599,205,6,0.002327 463,181,485,197,6,0.001076 471,202,640,339,6,0.001075 627,194,640,217,0,0.001049 475,180,495,198,6,0.001018 499,195,516,219,0,0.001015
/home/dysjin/data/CARLA.v20-carla_v20.coco/valid/Town01_002340_png.rf.b8976b6d8f366e29aeb47fb3b3146b33.jpg 206,197,452,375,6,0.982037 279,186,296,206,0,0.088336 314,176,333,195,6,0.037336 305,178,324,198,6,0.030550 244,177,264,196,6,0.018363 288,184,314,205,6,0.012502 459,177,484,236,2,0.004762 342,196,361,219,0,0.004304 253,184,274,200,6,0.003470 278,181,299,213,6,0.003391 374,148,394,168,3,0.003079 460,176,512,214,6,0.003044 312,221,423,355,6,0.002459 178,168,228,198,6,0.002386 315,168,335,184,6,0.002178 458,168,543,234,6,0.001761 555,192,640,267,6,0.001729 221,251,424,323,6,0.001624 216,175,235,194,6,0.001182 276,183,298,230,0,0.001083 1,143,76,209,6,0.001050
/home/dysjin/data/CARLA.v20-carla_v20.coco/valid/Town05_009780_png.rf.c3069a0d7ec82f2e1960c0497cec36fe.jpg 289,195,359,263,6,0.535797 429,195,449,242,2,0.034863 403,182,422,236,2,0.016227 429,202,473,234,6,0.013156 290,190,321,252,6,0.012081 448,195,475,244,2,0.007095 372,185,400,200,6,0.006940 435,184,463,237,2,0.004063 315,188,335,211,6,0.003430 307,182,344,239,6,0.002999 413,179,436,239,2,0.002931 460,176,481,243,2,0.002227 366,187,384,203,0,0.002198 302,188,321,209,6,0.002106 284,200,304,268,0,0.001970 438,206,457,231,2,0.001895 294,189,310,208,6,0.001799 626,185,639,282,2,0.001750 339,213,427,288,6,0.001636 191,185,217,202,6,0.001350 321,196,355,247,6,0.001116 403,189,463,235,6,0.001096 388,185,410,204,6,0.001094
/home/dysjin/data/CARLA.v20-carla_v20.coco/valid/Town05_002700_png.rf.b9dfa75f628efa31633800bb9dfee796.jpg 368,180,387,197,6,0.368972 351,181,381,195,6,0.021453 338,180,364,193,6,0.009497 387,180,408,191,6,0.007888 328,180,349,194,6,0.006659 425,166,446,179,4,0.004760 426,176,444,188,3,0.004371 626,163,640,254,2,0.003803 414,178,431,189,3,0.003274 9,154,107,210,6,0.002913 401,180,420,191,3,0.002128 0,159,13,238,6,0.001602 436,166,457,180,4,0.001482 119,162,200,202,6,0.001230 316,180,337,194,6,0.001125 415,168,431,181,4,0.001089
/home/dysjin/data/CARLA.v20-carla_v20.coco/valid/005173_png.rf.c24ac196d86260d3a384e12093bfa5ef.jpg 474,196,526,248,3,0.563051 473,198,524,245,5,0.156185 472,198,524,246,4,0.054743
/home/dysjin/data/CARLA.v20-carla_v20.coco/valid/Town01_005820_png.rf.c9053a957ff7561268673aaec9e095f0.jpg 301,197,347,320,1,0.855270 4,191,36,232,6,0.045782 410,196,435,219,6,0.037779 189,201,212,217,6,0.024997 302,201,327,219,6,0.010832 282,214,344,326,0,0.010746 580,227,635,265,6,0.009560 312,198,338,221,6,0.008475 327,207,342,235,0,0.007953 177,202,202,219,6,0.006335 1,192,16,251,6,0.006042 313,191,334,208,6,0.005259 403,189,426,212,6,0.004479 202,202,222,215,6,0.004419 1,178,15,244,6,0.003871 17,206,37,232,0,0.003184 17,193,68,228,6,0.002786 16,203,39,234,6,0.001744 625,218,640,274,6,0.001350 0,204,31,236,6,0.001350 295,211,312,232,0,0.001177 464,202,548,242,6,0.001155
/home/dysjin/data/CARLA.v20-carla_v20.coco/valid/Town01_011580_png.rf.c8aa9ea674a7d69974d55bf63b55ddbf.jpg 264,187,291,208,6,0.394634 422,187,443,210,6,0.209922 51,190,82,230,6,0.139818 468,200,513,242,6,0.103038 582,172,633,220,6,0.090815 10,190,77,225,6,0.065006 380,187,401,207,6,0.053645 592,33,634,83,3,0.042817 2,179,57,215,6,0.023014 474,192,568,258,6,0.015595 543,168,614,226,6,0.009555 572,176,601,221,6,0.008680 43,179,72,221,6,0.005953 327,185,345,200,0,0.005310 289,186,308,200,6,0.003981 416,180,438,198,6,0.003957 318,180,336,194,6,0.003296 2,172,16,245,6,0.003236 627,196,640,222,6,0.002853 5,185,31,227,6,0.002832 7,185,27,210,6,0.002769 547,184,571,233,0,0.002454 2,165,15,230,6,0.002362 476,188,495,207,6,0.002348 389,182,435,210,6,0.002318 90,175,120,192,6,0.002248 17,178,39,197,6,0.002197 305,180,325,193,6,0.002070 238,190,265,205,6,0.001948 56,186,75,213,6,0.001572 17,185,40,209,6,0.001565 46,199,73,236,1,0.001558 494,199,522,242,6,0.001330 559,185,587,229,6,0.001320 338,186,361,201,6,0.001314 583,161,615,207,3,0.001206 513,177,533,194,6,0.001198 486,189,505,206,6,0.001106 350,188,374,203,6,0.001024
/home/dysjin/data/CARLA.v20-carla_v20.coco/valid/Town01_007440_png.rf.bed11eeb1dde416bf8789b24a8a5c0f8.jpg 542,170,624,221,6,0.511068 472,196,497,243,0,0.111064 258,192,276,209,6,0.089270 515,177,585,218,6,0.034096 90,204,140,243,6,0.023758 130,207,175,237,6,0.010506 609,174,639,220,6,0.008077 177,210,202,227,6,0.007087 164,210,190,229,6,0.006711 480,192,541,221,6,0.004730 373,189,399,206,6,0.004356 153,211,175,231,6,0.004030 575,189,638,223,6,0.003942 566,34,611,81,3,0.003408 387,188,410,208,6,0.003381 79,210,107,254,0,0.003359 292,187,311,200,6,0.002280 622,186,640,231,6,0.001955 188,211,213,225,6,0.001821 278,187,300,202,6,0.001710 528,186,549,212,6,0.001683 399,195,418,213,0,0.001240 71,213,118,252,6,0.001167 535,182,557,211,3,0.001096
/home/dysjin/data/CARLA.v20-carla_v20.coco/valid/Town05_011760_png.rf.c548e0a947d80bc036151e4db99afcfa.jpg 13,189,212,309,6,0.453979 307,179,328,196,6,0.147642 608,197,638,307,2,0.039471 0,111,181,375,6,0.039381 0,196,118,353,6,0.031414 314,184,330,199,0,0.019925 624,220,639,319,2,0.008599 355,215,400,301,0,0.006517 105,199,210,294,6,0.005751 31,252,130,342,6,0.004975 278,179,298,192,6,0.004817 0,181,14,260,6,0.004413 85,219,134,330,2,0.004182 1,187,15,277,6,0.003788 267,178,289,192,6,0.003517 1,222,16,296,6,0.003045 596,220,621,294,2,0.002515 2,203,16,289,6,0.002501 315,211,404,294,6,0.002417 27,200,137,347,2,0.002360 0,238,39,277,6,0.001829 0,156,13,241,6,0.001800 290,181,317,192,6,0.001693 1,212,32,334,2,0.001437 29,195,140,271,6,0.001377 1,189,30,315,6,0.001154 91,277,119,333,0,0.001105
/home/dysjin/data/CARLA.v20-carla_v20.coco/valid/075708_png.rf.c1818fa586a2b613b2806f928a933d9d.jpg 308,242,346,275,6,0.656056 0,251,173,397,6,0.647700 170,239,243,303,6,0.364340 78,247,179,350,6,0.165730 216,240,263,284,6,0.063687 0,0,138,480,6,0.017384 114,244,199,319,6,0.010024 188,239,210,260,6,0.005032 0,251,80,442,6,0.004969 11,155,202,447,6,0.004694 29,289,114,388,6,0.004385 148,250,209,294,6,0.004268 0,250,56,289,6,0.004142 180,231,205,265,6,0.003653 3,242,115,406,0,0.003195 540,232,570,363,2,0.002967 554,280,640,360,6,0.002957 8,205,144,480,6,0.002889 190,244,221,298,6,0.002553 138,258,177,329,1,0.002464 558,229,636,458,6,0.002385 118,210,146,255,3,0.002368 253,245,269,269,0,0.002341 0,231,87,375,6,0.002174 625,206,640,260,3,0.002150 228,254,249,284,6,0.001879 86,288,150,390,6,0.001846 202,244,235,297,6,0.001509 0,269,72,480,6,0.001281 241,247,262,274,6,0.001107 216,242,239,260,6,0.001098 203,257,234,304,1,0.001069 141,236,166,281,0,0.001026
/home/dysjin/data/CARLA.v20-carla_v20.coco/valid/Town05_009900_png.rf.c90bd5781f975f44de47fd794a1f9ac6.jpg 358,186,435,256,6,0.884058 327,183,348,203,6,0.092995 411,191,435,251,0,0.057563 424,185,444,204,6,0.022525 414,189,431,209,6,0.018920 485,180,508,194,6,0.009549 3,176,33,217,6,0.009407 375,181,397,196,6,0.008021 438,181,457,194,6,0.006904 1,166,13,251,6,0.006363 414,193,430,226,0,0.006166 0,159,13,237,6,0.006107 522,177,547,193,6,0.005668 497,179,524,193,6,0.005623 473,186,497,200,6,0.005270 20,172,66,198,6,0.005215 376,186,396,209,6,0.004644 362,190,396,250,6,0.003595 404,190,421,209,6,0.003508 389,189,407,209,6,0.003104 414,201,436,258,1,0.002897 462,188,486,201,6,0.002841 419,186,446,230,6,0.002413 400,183,428,238,6,0.002399 511,185,536,200,6,0.002366 365,182,384,195,6,0.001999 533,174,587,195,6,0.001855 0,179,10,216,6,0.001844 338,184,356,201,0,0.001699 0,152,13,221,6,0.001681 415,182,434,196,6,0.001675 19,182,36,208,0,0.001562 351,173,381,243,6,0.001439 15,181,40,230,0,0.001381 28,178,79,209,6,0.001305 462,181,485,194,6,0.001303 388,182,407,195,6,0.001151 452,189,471,201,6,0.001035
/home/dysjin/data/CARLA.v20-carla_v20.coco/valid/Town05_009660_png.rf.cc2e0d6a11c64dbe092a6e9321c6a170.jpg 237,220,422,316,6,0.973030 415,183,464,208,6,0.440134 342,182,357,208,0,0.091015 218,160,406,380,6,0.050229 347,176,373,194,6,0.017541 338,179,361,234,0,0.014115 216,178,239,196,6,0.012235 342,179,359,197,6,0.011559 362,177,381,192,6,0.006628 428,171,488,205,6,0.004211 0,157,13,215,6,0.003132 412,188,439,209,6,0.002301 349,182,369,202,0,0.002159 332,180,352,195,6,0.001691 0,177,9,210,6,0.001608 563,145,638,205,6,0.001364 374,177,393,190,6,0.001222 257,179,271,192,6,0.001201
/home/dysjin/data/CARLA.v20-carla_v20.coco/valid/003769_png.rf.c5c0c17fa97551316c57744e9608f796.jpg 489,197,551,243,3,0.644073 493,195,547,245,4,0.149192 304,239,328,255,6,0.006032 353,226,372,242,3,0.004314 0,201,74,259,6,0.003457
/home/dysjin/data/CARLA.v20-carla_v20.coco/valid/121197_png.rf.c99e70822c663f40252f74e6b2ad5094.jpg 240,274,420,366,6,0.974815 223,210,403,446,6,0.035948 463,208,487,342,2,0.034366 389,235,408,256,1,0.030557 376,238,408,255,6,0.016892 558,209,593,298,2,0.009021 301,238,321,256,0,0.007373 262,236,286,254,6,0.004264 289,239,313,258,6,0.003390 253,235,273,255,6,0.002381 0,304,14,333,6,0.001733 273,238,302,256,6,0.001554 391,232,409,258,0,0.001234
/home/dysjin/data/CARLA.v20-carla_v20.coco/valid/004966_png.rf.c9d8d72d0920460b612251c5fddc5770.jpg 428,199,472,244,3,0.784704 512,219,539,383,2,0.049008 540,197,621,252,6,0.043470 424,229,475,256,6,0.002604 318,226,339,242,6,0.001086 553,214,640,272,6,0.001081 341,234,357,258,0,0.001039 628,188,640,257,6,0.001019
/home/dysjin/data/CARLA.v20-carla_v20.coco/valid/Town01_006240_png.rf.cc5628eb556a5a5bd1824a8d19313b41.jpg 308,189,327,210,6,0.243160 314,193,329,215,0,0.106155 310,193,327,215,1,0.102897 460,195,547,248,6,0.062674 0,175,11,269,2,0.013072 0,187,40,231,6,0.011937 305,182,325,197,6,0.010171 0,166,11,253,6,0.007591 10,202,52,233,6,0.006704 530,193,622,249,6,0.004203 623,187,640,258,6,0.003659 28,200,53,237,0,0.003635 305,184,344,217,6,0.002964 0,188,11,278,2,0.002909 290,191,320,204,6,0.002415 0,164,14,233,6,0.002261 611,152,638,260,2,0.001804 506,188,552,254,1,0.001578 363,177,385,191,3,0.001428 0,202,9,243,6,0.001198 21,199,42,225,6,0.001043 0,182,11,214,6,0.001001
/home/dysjin/data/CARLA.v20-carla_v20.coco/valid/001638_png.rf.c98e4c5bc2a68de358073a26469c81b2.jpg 420,204,457,246,3,0.836092 429,231,449,309,2,0.007249 38,231,93,258,6,0.002874 418,227,458,256,6,0.002737 417,203,444,243,4,0.001006
/home/dysjin/data/CARLA.v20-carla_v20.coco/valid/051274_png.rf.d5f64278c64b556983082379a316485f.jpg 564,170,632,247,3,0.676824 551,168,629,251,4,0.244672 353,225,372,242,3,0.008819 1,201,56,242,6,0.003191 2,214,111,287,6,0.001311
/home/dysjin/data/CARLA.v20-carla_v20.coco/valid/Town01_001440_png.rf.e4b4351effd31d5b433710cffb8243e4.jpg 3,198,34,244,6,0.136626 5,181,34,216,6,0.054335 1,185,19,257,6,0.012556 229,185,248,205,6,0.011434 317,187,338,200,6,0.007735 1,170,17,227,6,0.006204 17,184,36,208,6,0.006166 376,176,398,190,3,0.004707 15,188,97,232,6,0.004428 383,177,411,191,6,0.001322 6,194,29,223,6,0.001262 305,189,328,201,6,0.001226 88,184,140,213,6,0.001208 326,188,345,200,0,0.001040
/home/dysjin/data/CARLA.v20-carla_v20.coco/valid/019121_png.rf.deb86464dd224ac85f75272f851fc0a8.jpg 544,239,572,258,6,0.054342 368,238,383,258,2,0.050586 497,241,524,258,6,0.039283 392,243,411,297,2,0.026209 510,238,560,258,6,0.022809 357,236,375,256,2,0.015077 472,241,501,256,6,0.005403 423,241,451,256,6,0.002828 545,241,597,269,6,0.002234 446,241,477,255,6,0.001837 375,240,397,257,2,0.001783 131,258,196,282,6,0.001409 0,231,12,313,2,0.001272 536,244,561,264,6,0.001137 627,211,640,306,2,0.001075 380,243,402,297,2,0.001043
/home/dysjin/data/CARLA.v20-carla_v20.coco/valid/041811_png.rf.e8d4c17844854d24f9b2bec66a8a8889.jpg 0,225,17,296,6,0.020302 0,235,14,307,0,0.016653 0,237,10,323,0,0.003628 544,257,568,311,0,0.003558 1,219,17,279,6,0.003390 0,251,12,290,6,0.003264 2,236,26,281,0,0.001753 305,233,324,310,2,0.001732 2,206,15,267,3,0.001711
/home/dysjin/data/CARLA.v20-carla_v20.coco/valid/041657_png.rf.e06a4a0ae870ee5d8dbe97fc65b5b666.jpg 304,239,340,330,0,0.085776 466,233,484,284,2,0.007959 240,259,332,311,6,0.003576 1,216,15,327,6,0.001532 0,210,14,308,6,0.001455
/home/dysjin/data/CARLA.v20-carla_v20.coco/valid/001519_png.rf.e42bb854e84b40164ed2795569b2eb6f.jpg 494,234,529,326,2,0.330675 605,226,636,266,6,0.171856 389,235,435,255,6,0.007055 523,232,571,258,6,0.006565 589,195,631,256,3,0.003008 507,239,589,322,6,0.002500 607,144,638,271,3,0.002179 601,218,640,254,6,0.001734 24,225,112,282,6,0.001705 24,255,65,280,6,0.001514 602,236,623,260,6,0.001354 609,193,639,300,6,0.001343 622,210,640,261,6,0.001141
/home/dysjin/data/CARLA.v20-carla_v20.coco/valid/Town02_005280_png.rf.ec981f5d8aec80a53ec1f9961c2321af.jpg 77,195,134,219,6,0.084229 154,208,212,262,6,0.067212 155,221,182,273,0,0.030816 590,45,634,94,3,0.019562 172,195,205,250,6,0.017039 41,195,90,220,6,0.007773 156,206,204,275,0,0.005651 588,177,624,268,2,0.005458 598,198,640,244,6,0.004562 606,174,638,277,2,0.003395 625,187,640,256,6,0.002937 185,192,213,250,0,0.002652 40,176,127,222,6,0.002583 0,194,12,222,6,0.001936 103,182,133,216,6,0.001422 0,166,15,230,6,0.001110 116,198,136,218,0,0.001034
/home/dysjin/data/CARLA.v20-carla_v20.coco/valid/001509_png.rf.ed3baed466e7f65c1a01fb57bf942b65.jpg 495,233,529,326,2,0.348714 605,226,636,266,6,0.160293 390,236,435,255,6,0.006314 523,232,570,258,6,0.005243 589,196,631,257,3,0.002377 507,239,589,322,6,0.002161 24,226,112,282,6,0.001972 608,143,638,272,3,0.001960 602,236,623,259,6,0.001603 24,255,64,280,6,0.001597 605,196,637,247,6,0.001508 622,211,640,260,6,0.001423
/home/dysjin/data/CARLA.v20-carla_v20.coco/valid/033890_png.rf.e368755037cdc345b45b625d64db27a1.jpg 243,274,429,361,6,0.930430 608,282,637,330,6,0.038478 587,254,629,335,2,0.036273 116,240,141,275,2,0.026207 608,265,638,330,1,0.023892 227,204,413,448,6,0.020129 1,239,16,304,6,0.019810 26,250,86,271,6,0.017848 384,274,416,365,1,0.015532 610,248,634,322,2,0.013270 0,246,37,280,6,0.011528 97,244,137,271,6,0.011181 109,245,129,270,2,0.007307 624,238,638,333,2,0.003023 384,252,418,363,0,0.002388 121,236,135,265,2,0.001848 0,245,12,280,6,0.001847 95,247,114,270,2,0.001733 598,241,622,303,2,0.001473 404,237,420,259,2,0.001213 249,280,331,369,6,0.001151 369,233,409,259,6,0.001148 350,270,421,370,6,0.001147 8,230,103,286,6,0.001066 574,262,637,328,6,0.001040
/home/dysjin/data/CARLA.v20-carla_v20.coco/valid/075724_png.rf.e0c3e9a2b7f318c71e76ccdcb0dda6a1.jpg 74,252,176,336,6,0.635181 296,243,333,272,6,0.612782 149,241,224,311,6,0.276086 0,254,80,438,6,0.262510 186,252,239,287,6,0.066899 21,252,219,382,6,0.050740 607,221,637,329,2,0.029845 594,232,623,316,2,0.028940 0,134,184,457,6,0.012662 609,229,636,264,6,0.007773 141,240,178,323,1,0.006545 214,243,244,280,6,0.005241 6,189,212,480,6,0.003968 510,250,603,301,6,0.003429 626,229,640,313,2,0.003421 0,260,68,480,6,0.002548 117,254,203,329,6,0.002519 629,200,640,267,3,0.002279 216,256,239,282,1,0.002098 623,233,640,258,6,0.001962 0,262,79,347,6,0.001716 8,235,98,410,0,0.001580 66,141,115,216,4,0.001503 164,240,219,281,6,0.001494 0,283,46,412,6,0.001407 171,259,231,301,6,0.001139 0,253,103,434,2,0.001060
/home/dysjin/data/CARLA.v20-carla_v20.coco/valid/112477_png.rf.ecf5d82849f8b68362ce65c8d2645a1c.jpg 336,238,364,303,2,0.861745 344,244,355,296,2,0.008508 489,283,561,361,6,0.002406 584,229,633,257,6,0.001605 503,281,550,360,2,0.001179
/home/dysjin/data/CARLA.v20-carla_v20.coco/valid/Town02_001980_png.rf.ee7206fcf98c96c61f2900b25e79ce20.jpg 301,196,347,319,1,0.891653 116,178,167,208,6,0.090424 394,125,424,166,4,0.009084 3,186,37,233,6,0.007178 304,182,323,192,6,0.006684 293,181,310,191,6,0.006606 19,180,70,216,6,0.005829 62,155,154,211,6,0.004202 339,179,357,191,3,0.004097 18,197,42,242,0,0.003657 9,163,54,243,2,0.003573 279,193,347,315,0,0.003216 66,182,117,206,6,0.002746 1,161,14,235,6,0.002671 0,147,76,223,6,0.002566 154,180,205,211,6,0.001969 328,181,346,193,3,0.001860 317,182,334,192,6,0.001723 2,171,16,246,6,0.001382 389,161,412,182,4,0.001277 29,170,131,230,6,0.001270 117,161,196,209,6,0.001262 0,160,34,250,2,0.001254 389,173,409,190,4,0.001246 316,198,333,221,0,0.001201 116,189,171,222,6,0.001075 397,134,423,160,3,0.001069
/home/dysjin/data/CARLA.v20-carla_v20.coco/valid/026829_png.rf.e6f26e62f316568466a95ba7fd18d850.jpg 372,221,394,245,3,0.764227 1,208,14,310,2,0.014636 0,217,12,325,2,0.010616 0,237,39,278,6,0.008113 26,241,83,275,6,0.007228 1,206,14,291,6,0.006409 0,212,31,292,2,0.005507 1,225,30,316,2,0.003588 16,235,43,281,2,0.003375 353,228,375,244,4,0.002232 7,229,52,268,6,0.002068 0,194,13,277,6,0.001451 0,229,11,267,6,0.001364
/home/dysjin/data/CARLA.v20-carla_v20.coco/valid/007076_png.rf.d635d979c35f5dd6da756ef9889aef0b.jpg 396,218,419,245,5,0.416394 396,217,416,247,4,0.018090 611,185,638,317,2,0.002296 394,229,413,253,2,0.001365 585,186,623,321,2,0.001229
/home/dysjin/data/CARLA.v20-carla_v20.coco/valid/112475_png.rf.df928fa484eb08e1454caacc1e194352.jpg 330,236,358,307,2,0.912983 338,251,350,295,2,0.002821 582,228,634,257,6,0.002407 491,283,561,360,6,0.002301
/home/dysjin/data/CARLA.v20-carla_v20.coco/valid/Town02_006960_png.rf.eedfb90c1deb0d66a31341acd2e08f4f.jpg 0,181,33,210,6,0.623352 591,197,635,243,6,0.454683 1,154,20,221,6,0.016365 606,177,635,222,6,0.004917 202,175,226,193,6,0.003192 154,173,175,195,6,0.002526 621,183,640,235,6,0.002283 142,173,171,243,0,0.001403 540,180,626,236,6,0.001374 256,176,349,230,6,0.001325 143,173,165,194,6,0.001037
/home/dysjin/data/CARLA.v20-carla_v20.coco/valid/Town05_010860_png.rf.f31c0584fff1474ad2b0f4132e874f7d.jpg 4,184,57,214,6,0.750076 306,182,332,260,1,0.342552 305,186,330,256,0,0.049258 340,179,360,194,6,0.024386 348,178,372,192,6,0.012247 30,187,54,208,6,0.008637 313,189,331,211,6,0.008213 294,179,310,193,6,0.006967 301,180,321,195,6,0.004888 1,166,15,232,6,0.003448 360,179,385,191,6,0.003364 374,178,398,190,6,0.002786 387,177,410,191,6,0.002722 0,193,12,224,6,0.002300 325,185,345,202,6,0.002110 326,180,351,194,6,0.001920 315,193,327,228,1,0.001622 311,181,334,196,6,0.001455 342,185,359,201,0,0.001378 300,173,329,225,6,0.001052 42,187,61,206,0,0.001048 281,179,301,192,6,0.001021
/home/dysjin/data/CARLA.v20-carla_v20.coco/valid/Town05_004800_png.rf.ee7c080c8716cb366969ca625bb6d68b.jpg 239,182,266,203,6,0.195976 217,184,240,205,6,0.118740 351,179,366,203,1,0.057022 351,175,368,200,6,0.044895 314,177,337,194,6,0.013794 226,185,255,205,6,0.013477 319,172,357,197,6,0.008129 252,179,269,198,6,0.006731 189,185,212,201,6,0.003624 359,209,584,339,6,0.003465 180,186,201,202,6,0.002616 350,176,369,207,0,0.002460 197,180,234,203,6,0.001549 343,171,383,203,6,0.001511 304,178,327,192,6,0.001341 535,142,623,202,6,0.001019
/home/dysjin/data/CARLA.v20-carla_v20.coco/valid/Town05_009840_png.rf.f5040ce45ecca2822cb3b1b4ea8a6f61.jpg 294,191,365,255,6,0.920130 364,181,381,195,6,0.036207 401,180,423,194,6,0.020710 268,179,286,195,6,0.020298 352,185,372,205,6,0.019272 202,183,224,201,6,0.007450 348,192,369,252,0,0.005752 340,189,359,210,6,0.005085 276,180,296,193,6,0.004413 336,180,365,240,6,0.004370 301,175,332,242,6,0.003476 11,173,111,226,6,0.002242 388,181,413,193,6,0.002189 327,189,348,211,6,0.002044 254,179,277,194,6,0.001965 314,188,334,210,6,0.001680 241,185,261,201,6,0.001639 213,178,236,194,6,0.001610 292,190,321,254,6,0.001429 305,188,322,208,6,0.001318 113,171,168,198,6,0.001309 229,185,249,201,0,0.001156 227,178,251,194,6,0.001119 37,150,125,208,6,0.001090 52,182,106,211,6,0.001035
/home/dysjin/data/CARLA.v20-carla_v20.coco/valid/041861_png.rf.f5f3812ca6c536c5c25bea3d596be111.jpg 300,244,325,297,0,0.534112 99,247,212,314,6,0.528741 395,184,434,240,3,0.344713 305,252,319,291,1,0.093447 200,233,238,286,6,0.044257 90,235,128,312,2,0.038331 267,229,290,246,6,0.027280 212,234,238,283,1,0.024117 180,247,234,294,6,0.017381 133,221,229,300,6,0.009665 211,229,236,269,6,0.008482 406,211,435,248,3,0.008264 383,246,397,267,2,0.004699 352,226,368,243,3,0.002335 105,242,150,313,2,0.001944 306,238,323,262,0,0.001791 308,239,333,280,6,0.001778 218,242,232,273,1,0.001719 181,237,207,303,2,0.001686 92,251,130,331,0,0.001631 255,231,277,245,6,0.001464 407,198,432,227,3,0.001264 352,215,370,231,3,0.001212 189,243,222,295,2,0.001187 559,247,638,316,6,0.001085 292,228,310,244,6,0.001036 314,240,331,259,6,0.001024 381,227,398,245,4,0.001004
/home/dysjin/data/CARLA.v20-carla_v20.coco/valid/Town02_003120_png.rf.f36fecf8d2ee4965c1f3bddaaaad5f33.jpg 418,193,483,221,6,0.149621 610,179,638,217,6,0.020984 560,178,634,222,6,0.016676 625,187,640,257,6,0.013457 547,189,599,220,6,0.002603 626,194,640,221,6,0.002402 628,150,640,222,6,0.002226 552,61,599,106,3,0.001320
/home/dysjin/data/CARLA.v20-carla_v20.coco/valid/003755_png.rf.f6343810071c5f5401b5697ef363285d.jpg 403,210,438,248,3,0.593765 402,213,434,247,4,0.071207 312,236,337,252,6,0.021397 10,197,112,266,6,0.003736 10,174,108,236,6,0.002163 117,200,203,255,6,0.001687 5,202,57,238,6,0.001479 325,236,350,251,6,0.001189 1,187,15,256,6,0.001116 61,197,155,257,6,0.001011
/home/dysjin/data/CARLA.v20-carla_v20.coco/valid/Town01_003300_png.rf.fae28071a74fa02928094ff14cdbb3aa.jpg 277,196,368,277,6,0.984871 382,195,395,216,1,0.080411 380,186,419,210,6,0.063800 284,189,343,230,6,0.010899 162,187,214,208,6,0.007554 55,185,102,208,6,0.006398 382,188,397,223,0,0.005260 338,188,358,203,6,0.003972 385,193,436,220,6,0.003958 31,191,77,226,6,0.003692 289,193,310,208,6,0.003518 478,193,573,254,6,0.003016 329,191,347,207,6,0.002944 367,191,389,206,6,0.002517 300,192,326,208,6,0.002485 282,199,300,218,6,0.002167 495,179,549,210,6,0.002118 76,185,127,207,6,0.001842 316,193,336,209,6,0.001769 382,191,398,246,2,0.001647 0,179,10,266,0,0.001634 328,195,345,220,0,0.001576 0,191,9,276,2,0.001443 52,185,76,227,0,0.001234 351,189,372,202,6,0.001228
/home/dysjin/data/CARLA.v20-carla_v20.coco/valid/138255_png.rf.fbf65e3e930393318a8312fdaefcae24.jpg 58,227,81,296,2,0.243016 49,234,71,307,2,0.008787 500,317,523,372,2,0.003119 428,250,448,270,2,0.002508 64,241,75,282,2,0.001746 0,227,11,317,2,0.001396 78,226,103,289,2,0.001352 0,244,77,303,6,0.001203 56,238,76,320,2,0.001040
/home/dysjin/data/CARLA.v20-carla_v20.coco/valid/005373_png.rf.f68e0e113c5193c933cbee38c6a6bc2d.jpg 445,204,475,354,2,0.387801 380,236,437,262,6,0.236014 144,237,166,275,2,0.091663 154,235,177,276,2,0.020503 134,233,157,280,2,0.011306 0,205,13,317,2,0.005929 303,239,324,255,6,0.002527 169,234,182,261,2,0.002289 0,197,24,305,2,0.001649 165,230,184,283,2,0.001593 379,240,401,258,6,0.001503 457,195,493,312,2,0.001412 1,225,11,318,2,0.001323 275,241,303,253,6,0.001307
/home/dysjin/data/CARLA.v20-carla_v20.coco/valid/001630_png.rf.ff5ced110f03f998a7a6998ddf647fd2.jpg 408,209,441,244,3,0.660309 42,233,95,257,6,0.017910 414,234,431,308,2,0.001478
/home/dysjin/data/CARLA.v20-carla_v20.coco/valid/006662_png.rf.fa42143249c7b6a780238796639341d3.jpg 465,227,496,313,2,0.501826 478,222,517,318,2,0.059055 436,227,483,268,6,0.013521 437,234,460,278,2,0.010734 532,200,579,304,2,0.009403 529,211,584,259,6,0.007356 555,187,592,311,2,0.006008 506,221,548,318,2,0.004786 482,211,576,302,6,0.004350 446,228,476,286,2,0.002476 433,243,447,272,2,0.002360 611,207,638,346,2,0.001306 584,208,623,343,2,0.001236 489,193,568,307,2,0.001230 528,238,587,277,6,0.001138
/home/dysjin/data/CARLA.v20-carla_v20.coco/valid/Town05_004860_png.rf.f5c138159cbce172c63fa9a736f9c655.jpg 239,182,266,204,6,0.195442 218,184,240,205,6,0.124187 351,179,366,203,1,0.065699 351,175,367,200,6,0.065220 314,177,337,194,6,0.013699 205,184,231,202,6,0.011650 346,176,366,208,0,0.005222 319,172,356,197,6,0.004857 252,179,269,197,6,0.004048 179,185,201,202,6,0.003707 358,210,584,338,6,0.003108 189,185,212,201,6,0.002492 227,173,257,203,6,0.002051 342,171,382,203,6,0.001997 304,178,326,193,6,0.001523 535,142,623,202,6,0.001112
/home/dysjin/data/CARLA.v20-carla_v20.coco/valid/Town01_008460_png.rf.03f3160d63f090b29499596ec3c8c4b5.jpg 35,195,141,257,6,0.861753 540,194,583,223,6,0.235623 1,203,74,257,6,0.065547 528,182,628,272,6,0.058130 74,203,138,243,6,0.043131 426,194,472,215,6,0.029658 627,181,640,236,6,0.016343 232,187,249,210,1,0.012787 528,186,569,279,0,0.011672 552,176,637,228,6,0.009794 232,193,249,216,0,0.008947 0,198,43,245,6,0.008153 474,186,520,213,6,0.005963 582,191,636,221,6,0.003509 487,215,640,333,6,0.003430 14,188,105,239,6,0.003012 523,197,548,269,0,0.002962 531,157,630,380,6,0.002954 0,189,15,281,6,0.002595 185,197,247,221,6,0.002475 612,180,638,217,6,0.002393 2,205,16,286,6,0.002187 472,196,499,215,6,0.002061 240,188,257,207,0,0.001882 535,199,559,221,6,0.001759 596,189,623,208,6,0.001703 0,171,13,273,6,0.001432 628,173,640,199,6,0.001416 0,208,125,271,6,0.001264 584,188,606,208,6,0.001254 542,43,581,96,3,0.001179 450,185,493,215,6,0.001146 189,187,242,209,6,0.001072
/home/dysjin/data/CARLA.v20-carla_v20.coco/valid/005508_png.rf.0ab3da1b4970047c9b42e5bbe5d4e6f1.jpg 88,233,124,318,2,0.564141 30,227,58,291,2,0.373374 472,247,524,278,6,0.014286 20,218,55,317,2,0.014180 37,214,73,303,2,0.014061 19,189,55,287,2,0.010616 457,247,497,324,2,0.007367 1,191,14,303,2,0.006651 1,204,12,315,2,0.005442 85,239,106,324,2,0.005217 3,209,39,299,2,0.004772 406,237,425,307,2,0.004421 438,251,523,317,6,0.003782 23,240,45,297,2,0.003612 20,213,43,285,2,0.003444 438,241,480,332,2,0.003096 70,217,111,306,2,0.002642 1,176,14,294,2,0.002584 27,242,41,279,2,0.002483 37,239,49,279,2,0.002219 47,233,127,321,6,0.001636 484,244,514,278,2,0.001558 453,276,478,340,2,0.001309 560,326,636,480,6,0.001059
/home/dysjin/data/CARLA.v20-carla_v20.coco/valid/Town01_006180_png.rf.089d25ecaf49fe28c7f3bf0c3614732b.jpg 311,192,325,220,1,0.350285 479,202,541,240,6,0.184982 309,187,328,225,0,0.154736 1,191,19,256,6,0.100338 310,189,326,212,6,0.069974 40,191,92,232,6,0.041019 4,204,58,236,6,0.023199 2,172,17,251,6,0.016524 5,186,31,239,6,0.015122 557,177,593,271,2,0.014191 13,200,100,243,6,0.009221 372,187,404,201,6,0.009134 506,196,593,258,6,0.007742 4,209,28,250,0,0.007215 6,209,25,238,6,0.006870 407,185,421,212,2,0.006183 306,181,326,196,6,0.005681 0,205,31,241,6,0.005642 1,213,15,248,6,0.005299 439,185,521,235,6,0.005219 567,191,639,262,6,0.003930 385,178,410,193,3,0.002614 374,178,402,194,6,0.002472 477,186,530,259,2,0.001764 82,196,125,227,6,0.001729 576,175,626,271,2,0.001620 51,210,82,229,6,0.001602 531,185,578,265,2,0.001399 415,193,430,220,2,0.001279 539,172,623,246,6,0.001171 0,192,13,231,6,0.001002
/home/dysjin/data/CARLA.v20-carla_v20.coco/valid/Town02_008340_png.rf.044a76656e2e2fe428cd425926d9acbe.jpg 166,186,239,249,6,0.864299 555,194,612,222,6,0.308822 558,197,637,251,6,0.143364 265,179,288,197,6,0.016531 243,185,258,206,0,0.011590 609,177,638,218,6,0.008443 228,189,252,230,0,0.007334 279,184,295,200,6,0.006510 252,185,274,201,6,0.005693 198,189,250,234,6,0.003979 545,194,570,243,0,0.003401 596,177,623,219,6,0.003119 606,195,638,245,6,0.003118 547,189,574,228,6,0.002661 626,173,640,224,6,0.002632 598,197,618,222,1,0.002556 626,196,640,270,6,0.002332 230,179,253,220,6,0.002094 231,195,249,223,1,0.002025 597,191,621,227,0,0.001996 570,176,601,218,6,0.001472 214,177,243,222,6,0.001339 629,206,640,235,6,0.001213
/home/dysjin/data/CARLA.v20-carla_v20.coco/valid/075710_png.rf.0b62bb94157d1f2113ac6bbefe158022.jpg 0,248,176,399,6,0.535821 170,240,244,303,6,0.364162 308,240,345,274,6,0.275419 79,247,179,350,6,0.157018 216,240,265,284,6,0.059768 0,0,138,480,6,0.014076 114,245,200,321,6,0.013889 0,247,81,446,0,0.010027 165,244,209,316,6,0.006814 10,152,203,449,6,0.006499 117,210,145,256,3,0.004722 26,283,116,394,6,0.004266 0,250,56,289,6,0.003802 540,231,570,364,2,0.003169 137,259,179,329,1,0.003100 7,204,145,480,6,0.002895 555,281,640,360,6,0.002619 0,231,87,377,6,0.002486 189,240,211,259,6,0.002330 0,281,77,457,6,0.002240 84,288,153,390,6,0.002222 558,226,636,460,6,0.002118 229,255,249,285,6,0.002015 253,245,269,269,0,0.001985 229,233,270,268,6,0.001499 241,248,262,274,6,0.001442 203,242,234,298,6,0.001397 216,242,239,260,6,0.001249 624,207,639,257,3,0.001230 35,268,84,378,2,0.001145
/home/dysjin/data/CARLA.v20-carla_v20.coco/valid/041689_png.rf.0d648fbd58416a80b414e4503d51c42e.jpg 308,248,329,317,0,0.197945 310,265,326,304,1,0.001317 502,237,519,305,2,0.001249 128,222,178,247,6,0.001001
/home/dysjin/data/CARLA.v20-carla_v20.coco/valid/003751_png.rf.0ff9ef7c8c8e4f5eab52437609a3b501.jpg 394,215,421,244,3,0.566337 394,214,418,244,4,0.145574 303,237,327,252,6,0.015891 37,199,134,261,6,0.004582 11,177,102,235,6,0.002186 0,210,114,292,6,0.002025
/home/dysjin/data/CARLA.v20-carla_v20.coco/valid/Town02_008820_png.rf.135414697b8215dc125af6b125d3058c.jpg 263,218,380,336,6,0.962081 559,195,639,251,6,0.067363 568,180,623,216,6,0.029688 401,183,445,214,6,0.025396 492,181,553,209,6,0.023112 476,181,519,210,6,0.013021 92,183,144,211,6,0.012785 435,185,484,206,6,0.011662 386,190,412,207,6,0.009880 548,184,574,235,0,0.007834 1,184,17,259,6,0.007409 0,162,15,259,6,0.006790 392,191,413,247,2,0.006471 156,184,200,207,6,0.005559 426,185,444,208,1,0.005381 476,184,497,209,1,0.005129 400,189,424,210,6,0.003964 510,176,594,227,6,0.003041 32,194,98,224,6,0.002846 626,185,640,258,6,0.002782 4,177,30,241,0,0.002554 1,154,25,251,2,0.002373 0,159,13,237,6,0.002348 474,170,500,205,6,0.002223 253,190,275,202,6,0.002043 363,191,387,203,6,0.001722 336,189,361,202,6,0.001692 521,186,550,207,6,0.001640 278,180,364,380,6,0.001596 380,191,425,226,6,0.001470 426,192,443,216,0,0.001342 243,192,261,204,6,0.001298 611,196,638,246,6,0.001293 187,189,216,206,6,0.001273 477,192,496,217,0,0.001233 425,177,446,196,3,0.001215 130,174,152,220,2,0.001111
/home/dysjin/data/CARLA.v20-carla_v20.coco/valid/006664_png.rf.1466f666c872e94bac27eba56bbdfb5b.jpg 486,229,521,319,2,0.523026 439,223,460,275,2,0.053215 501,232,547,317,2,0.045726 468,227,504,319,2,0.028519 0,147,38,261,3,0.006802 530,232,621,318,6,0.006244 463,225,485,290,2,0.005570 447,228,472,285,2,0.004937 492,242,567,315,6,0.004859 540,225,602,262,6,0.004677 527,229,572,312,2,0.003960 31,112,127,177,6,0.002728 431,233,451,283,2,0.002724 1,133,15,212,6,0.002267 449,227,497,268,6,0.001545 0,124,73,179,6,0.001455 0,139,39,180,6,0.001417 0,201,16,269,6,0.001401 509,192,596,307,2,0.001266 533,186,579,276,2,0.001073 1,125,15,197,6,0.001005
/home/dysjin/data/CARLA.v20-carla_v20.coco/valid/014570_png.rf.1235b2ca71c181a49fda1bb53eaa19cd.jpg 436,235,454,285,2,0.819803 297,240,335,262,6,0.366586 70,235,137,262,6,0.076736 0,227,11,317,2,0.008052 324,242,342,256,0,0.007173 0,217,11,305,2,0.005925 554,281,640,480,6,0.004891 431,224,464,310,2,0.004780 533,241,563,323,2,0.002756 17,236,42,283,2,0.002574 0,252,41,284,6,0.002384 296,246,317,264,6,0.001927 400,250,427,267,2,0.001665 534,249,617,317,6,0.001517 5,233,33,285,2,0.001479 417,247,436,270,2,0.001424 465,226,488,293,2,0.001234 46,230,127,277,6,0.001067 0,253,9,291,2,0.001055
/home/dysjin/data/CARLA.v20-carla_v20.coco/valid/112550_png.rf.1ca2fa82e03653536df85cf5faf5753c.jpg 513,231,548,327,2,0.650648 531,227,559,320,2,0.013489 41,246,97,272,6,0.004997 546,231,595,259,6,0.002844 582,227,632,257,6,0.002293 50,255,107,282,6,0.002093 496,241,535,355,2,0.002091 83,249,104,289,2,0.001150 384,242,416,255,6,0.001030
/home/dysjin/data/CARLA.v20-carla_v20.coco/valid/Town02_000780_png.rf.16d5987bcdc7d08470c1b3e757e128e5.jpg 301,196,351,320,1,0.852145 365,183,387,202,6,0.126600 278,185,297,201,6,0.081526 38,179,93,215,6,0.054755 290,199,361,315,0,0.014836 340,184,359,203,0,0.005030 366,172,405,199,6,0.004465 339,181,360,195,6,0.004016 1,164,15,256,6,0.003935 448,181,474,212,6,0.003912 289,180,306,194,6,0.003673 288,185,306,201,0,0.003020 4,178,30,239,0,0.002813 399,187,423,203,6,0.002391 0,151,13,245,6,0.002341 329,186,350,205,6,0.002205 551,197,640,259,6,0.001893 351,179,379,196,6,0.001858 69,180,114,207,6,0.001068 0,153,26,249,2,0.001062
/home/dysjin/data/CARLA.v20-carla_v20.coco/valid/Town02_001500_png.rf.1e8a22666698f8954863a9939bc59942.jpg 183,183,207,217,6,0.186204 48,184,107,212,6,0.018479 444,189,506,226,6,0.016881 184,184,241,214,6,0.014239 531,188,624,266,6,0.006377 19,188,44,251,0,0.005444 607,171,639,280,2,0.005329 504,174,597,245,6,0.004296 152,185,205,213,6,0.003471 581,180,630,273,2,0.003097 0,160,11,237,6,0.002183 455,189,552,254,6,0.001603
/home/dysjin/data/CARLA.v20-carla_v20.coco/valid/Town05_004620_png.rf.0e4a190ca586e0e90df6b90be2c83f5b.jpg 393,183,452,206,6,0.798880 585,182,634,232,6,0.068249 278,180,304,194,6,0.018862 338,178,360,194,6,0.017543 608,183,631,208,6,0.010885 390,186,414,204,6,0.008528 577,180,630,260,1,0.007094 591,173,629,203,6,0.005244 608,193,638,247,6,0.004455 544,178,618,239,6,0.002768 574,180,599,238,0,0.002350 400,172,429,203,6,0.001950 348,179,369,192,3,0.001743 624,197,640,267,6,0.001589 568,148,640,297,6,0.001386 90,177,118,194,6,0.001306 418,174,474,200,6,0.001269
/home/dysjin/data/CARLA.v20-carla_v20.coco/valid/006578_png.rf.21f08e8ed63ab67b3ef05528af8ef9e6.jpg 260,232,295,258,6,0.738737 365,225,386,240,3,0.095936 464,218,492,331,2,0.047746 372,217,395,233,3,0.013570 366,218,388,234,4,0.013384 437,200,484,241,3,0.007175 356,228,375,243,4,0.006496 356,235,372,255,2,0.003977 441,227,478,329,2,0.003932 363,233,382,251,2,0.003192 0,197,17,269,6,0.001598 355,217,374,233,4,0.001148 373,211,397,239,4,0.001079
/home/dysjin/data/CARLA.v20-carla_v20.coco/valid/Town01_004320_png.rf.1f6552094735eb0bd49b614b7e584c58.jpg 267,189,381,303,6,0.910089 363,150,382,170,3,0.055883 253,179,270,195,6,0.046407 243,185,265,199,6,0.043380 227,186,256,200,6,0.005315 1,174,17,245,6,0.004833 293,186,309,205,0,0.003719 3,186,32,230,6,0.003486 1,165,15,231,6,0.002666 557,195,640,269,6,0.002660 302,177,322,191,6,0.001845 437,166,462,226,2,0.001494 295,179,312,194,6,0.001361 316,178,334,192,6,0.001147 356,163,373,180,3,0.001143
/home/dysjin/data/CARLA.v20-carla_v20.coco/valid/Town02_006720_png.rf.2632fd4f3d65ff215e84d472badfd870.jpg 580,178,636,220,6,0.430334 267,191,289,207,6,0.165866 112,194,169,216,6,0.046555 543,169,615,223,6,0.035132 498,179,547,213,6,0.013508 338,189,359,205,6,0.008634 478,197,515,292,2,0.008345 467,179,525,216,6,0.007082 607,190,637,222,6,0.006879 560,160,588,209,3,0.006727 446,204,514,268,6,0.006389 397,186,447,208,6,0.006090 425,188,448,206,6,0.005537 230,192,248,207,6,0.005249 514,155,598,213,6,0.005223 0,177,14,268,2,0.004882 0,154,28,253,2,0.004339 563,60,607,102,3,0.003510 0,153,13,239,6,0.003479 0,148,14,221,3,0.003349 1,164,13,256,2,0.003054 290,189,312,202,6,0.002813 387,191,412,206,6,0.002737 560,169,589,219,0,0.002461 0,144,13,203,3,0.002034 624,197,640,220,6,0.001897 4,192,32,247,2,0.001762 573,182,601,232,0,0.001658 1,195,13,271,6,0.001539 31,181,54,237,2,0.001483 238,192,261,205,6,0.001442 231,196,249,211,0,0.001311 73,187,160,224,6,0.001145 303,190,322,201,6,0.001131 0,201,42,240,6,0.001099
/home/dysjin/data/CARLA.v20-carla_v20.coco/valid/Town05_006900_png.rf.2eaa1f5f6de8c6bffcd968f78f2f53b4.jpg 236,183,262,231,0,0.575598 240,190,257,226,1,0.046693 610,182,634,204,6,0.020009 365,184,387,205,6,0.015629 375,183,392,206,0,0.008982 623,166,640,208,6,0.003549 263,213,458,330,6,0.003342 352,187,376,204,6,0.002283 288,197,371,380,6,0.001762
/home/dysjin/data/CARLA.v20-carla_v20.coco/valid/005482_png.rf.1eef94cb1d26525ab4b64d28fc9be58d.jpg 4,221,36,331,2,0.655383 11,199,49,317,2,0.202697 473,247,525,278,6,0.013024 406,238,426,306,2,0.011176 456,247,497,324,2,0.010881 0,176,41,332,2,0.010348 1,186,13,308,2,0.005666 1,188,14,330,2,0.004240 0,179,32,286,2,0.003910 438,252,521,317,6,0.003307 2,205,16,339,2,0.002696 6,215,29,304,2,0.002612 2,174,12,298,2,0.002344 412,236,449,330,2,0.001973 35,209,69,302,2,0.001817 323,239,377,259,6,0.001661 428,246,491,269,6,0.001457 453,275,478,340,2,0.001387 77,239,129,258,6,0.001344 13,190,54,283,2,0.001325 485,244,515,278,2,0.001155
/home/dysjin/data/CARLA.v20-carla_v20.coco/valid/138251_png.rf.2622df013f55b1f57387212b95c87241.jpg 79,224,105,296,2,0.307718 72,231,96,308,2,0.128033 531,252,621,303,6,0.013572 222,238,257,255,6,0.011754 1,214,14,331,2,0.005800 0,203,12,317,2,0.003657 8,236,29,307,2,0.002858 526,254,572,285,6,0.002169 58,218,82,300,2,0.001160 24,235,93,287,6,0.001141 365,238,386,253,2,0.001016
/home/dysjin/data/CARLA.v20-carla_v20.coco/valid/007070_png.rf.2316a0a54db7e4a749f421570aadd160.jpg 381,225,401,241,5,0.144824 386,221,407,241,4,0.022341 608,184,637,317,2,0.015318 589,185,626,319,2,0.006689 381,231,396,254,2,0.003450 0,197,12,298,2,0.002693 0,185,12,287,2,0.002275 511,200,550,301,2,0.002051 531,192,568,303,2,0.001245 0,205,12,314,2,0.001209
/home/dysjin/data/CARLA.v20-carla_v20.coco/valid/Town05_010920_png.rf.2325292b5e147dc41c10fe128f6256f9.jpg 299,172,350,297,0,0.950767 314,174,334,195,6,0.012608 309,171,338,245,0,0.004525 364,173,382,194,0,0.003823 305,186,329,281,0,0.002981 594,230,621,378,2,0.002169 314,180,332,206,0,0.001788 322,173,348,191,6,0.001573 353,175,375,194,6,0.001322 292,175,313,190,6,0.001040
/home/dysjin/data/CARLA.v20-carla_v20.coco/valid/Town01_006420_png.rf.2b897cd6227874bc930ae1c7e17e3b3b.jpg 308,189,325,209,6,0.501609 309,193,326,213,0,0.098342 481,182,569,242,6,0.032870 375,187,395,204,6,0.014458 0,185,13,260,6,0.006628 30,196,80,220,6,0.005991 473,202,525,237,6,0.005797 305,182,324,196,6,0.004903 339,176,357,189,3,0.004827 294,192,319,203,6,0.003656 382,185,440,212,6,0.002952 0,172,13,249,6,0.002795 434,183,524,235,6,0.002693 6,186,33,233,6,0.002529 528,184,574,257,1,0.002049 530,188,624,253,6,0.001955 377,177,395,196,3,0.001724 520,211,574,251,6,0.001489 404,195,445,218,6,0.001425 529,172,573,249,0,0.001408 375,167,397,183,3,0.001155 18,207,37,230,0,0.001076 426,198,446,219,0,0.001009
/home/dysjin/data/CARLA.v20-carla_v20.coco/valid/Town05_006780_png.rf.253c814d6e368b92a888141244ca1a16.jpg 163,190,213,262,0,0.639213 174,186,211,255,6,0.045055 169,195,197,266,1,0.005537 184,178,214,243,0,0.004904 423,177,451,193,6,0.003569 386,178,411,191,6,0.001198 464,174,493,280,2,0.001153 363,179,383,192,3,0.001020
/home/dysjin/data/CARLA.v20-carla_v20.coco/valid/Town01_008280_png.rf.2f69ce357d9638b109b359e31c238ab4.jpg 442,202,487,237,6,0.781258 528,225,626,285,6,0.268339 378,201,395,220,2,0.124317 382,204,411,219,6,0.079926 291,197,311,211,6,0.019919 399,206,424,220,6,0.017248 411,204,437,220,6,0.016678 316,198,335,210,6,0.014149 365,200,388,217,6,0.011502 468,202,495,239,6,0.010928 65,186,115,206,6,0.010558 302,198,326,210,6,0.008963 446,192,474,210,6,0.008802 276,190,302,205,6,0.008510 3,180,54,217,6,0.008020 447,186,496,216,6,0.004220 407,198,463,224,6,0.004068 264,189,285,202,6,0.003507 107,186,132,229,0,0.002778 457,191,511,234,6,0.002765 473,206,491,235,1,0.002677 449,198,471,226,6,0.002337 379,198,396,222,6,0.001900 140,187,192,208,6,0.001621 498,199,524,219,6,0.001422 253,188,272,201,6,0.001366 558,163,640,233,6,0.001283 425,203,451,220,6,0.001254 442,208,463,232,6,0.001158 463,198,482,227,6,0.001148 13,182,111,223,6,0.001135 1,162,15,233,6,0.001075 5,189,33,223,6,0.001070
/home/dysjin/data/CARLA.v20-carla_v20.coco/valid/Town01_005100_png.rf.262bb9c3104b14f5fb633de3dafd0a52.jpg 577,180,635,215,6,0.071286 606,176,638,279,2,0.040402 298,184,350,214,6,0.020979 606,191,639,253,6,0.016121 165,198,215,218,6,0.015274 580,33,620,91,3,0.006999 572,177,601,217,6,0.005818 623,199,639,288,2,0.005522 237,178,291,212,6,0.003039 628,183,640,210,6,0.001992 623,179,640,241,6,0.001704 587,176,640,237,6,0.001565 582,165,612,206,6,0.001236 596,192,626,249,2,0.001227 549,183,616,223,6,0.001220 607,188,633,209,6,0.001198
/home/dysjin/data/CARLA.v20-carla_v20.coco/valid/Town01_011940_png.rf.2554f5ab3ce2122d2ef300838472450f.jpg 206,190,268,227,6,0.787026 560,190,605,223,6,0.352307 560,178,639,228,6,0.049953 541,150,614,222,6,0.020318 164,173,258,230,6,0.014462 0,83,35,171,3,0.005524 539,190,587,228,6,0.005051 251,189,274,226,0,0.003844 33,192,135,265,6,0.002840 254,194,271,221,1,0.002580 0,94,36,202,3,0.002354 239,178,269,221,6,0.002243 17,194,42,246,2,0.002074 7,201,56,239,6,0.001917 1,173,13,271,2,0.001864 597,199,640,242,6,0.001730 12,181,53,266,2,0.001706 4,179,37,237,6,0.001558 537,48,578,93,3,0.001309 0,158,12,261,6,0.001261
/home/dysjin/data/CARLA.v20-carla_v20.coco/valid/041684_png.rf.2f70db5ab75442cd11fffa13a776ae97.jpg 307,240,336,305,0,0.154396 310,267,327,301,1,0.001159 313,261,331,300,0,0.001147
/home/dysjin/data/CARLA.v20-carla_v20.coco/valid/Town05_010980_png.rf.2071755951cd753466eb2cc53fd2fe0c.jpg 303,179,343,290,0,0.723045 610,168,638,202,6,0.025768 309,179,336,240,0,0.013304 364,183,382,204,0,0.005624 624,174,640,198,6,0.005595 315,183,331,210,0,0.004926 314,174,333,194,0,0.003801 352,186,377,203,6,0.002043 586,180,635,204,6,0.001837 290,162,346,371,0,0.001182
/home/dysjin/data/CARLA.v20-carla_v20.coco/valid/112459_png.rf.33bdc5bd58f0f631808a95c4ceb9a78f.jpg 288,238,316,300,2,0.685046 298,238,307,287,2,0.007197 586,230,630,256,6,0.006022 458,239,488,255,6,0.001651 489,281,561,363,6,0.001437 502,279,550,362,2,0.001332
/home/dysjin/data/CARLA.v20-carla_v20.coco/valid/041653_png.rf.31aa86a50239c7e6cbc52c66846dac06.jpg 308,250,328,313,0,0.134719 455,234,475,281,2,0.006486 309,264,325,302,1,0.002731 246,259,328,308,6,0.001478 463,217,482,280,2,0.001130
/home/dysjin/data/CARLA.v20-carla_v20.coco/valid/041819_png.rf.374472e0a0868df264a4100cb7734e35.jpg 23,234,67,263,6,0.822958 108,245,133,299,0,0.420161 112,256,129,291,1,0.034295 100,248,131,334,0,0.008638 197,205,225,238,3,0.006767 93,228,131,299,0,0.006606 45,234,118,281,6,0.002357 1,221,60,256,6,0.002167 18,228,93,273,6,0.001930 55,232,73,258,0,0.001646 73,234,145,290,6,0.001194
/home/dysjin/data/CARLA.v20-carla_v20.coco/valid/Town05_010800_png.rf.3489607b659edfbc485537135e06f34b.jpg 2,189,129,266,6,0.885144 307,182,331,258,1,0.506699 306,176,331,245,0,0.312070 71,189,141,251,6,0.029113 5,198,57,262,6,0.018770 340,178,357,191,3,0.011121 306,186,325,209,6,0.007222 301,181,323,196,6,0.003848 315,193,327,229,1,0.003568 0,208,146,322,6,0.003263 2,194,17,275,6,0.003258 314,189,329,210,0,0.003115 82,188,126,249,1,0.002338 292,181,312,195,6,0.002332 310,178,332,224,6,0.001764 0,138,155,254,6,0.001038 294,187,314,203,6,0.001023
/home/dysjin/data/CARLA.v20-carla_v20.coco/valid/Town02_001080_png.rf.2d29b90fb99ccf7727caeaa1914436b4.jpg 98,186,218,277,6,0.939592 304,198,350,318,1,0.911643 0,203,92,355,6,0.616942 179,188,230,261,6,0.290768 277,183,297,202,6,0.160477 366,182,386,203,6,0.113986 5,199,105,359,0,0.079885 106,199,163,270,6,0.078204 7,205,106,380,1,0.069409 140,180,225,245,6,0.043860 27,194,80,219,6,0.031927 306,184,346,290,6,0.010156 27,241,91,345,6,0.009968 0,200,79,258,6,0.008483 291,203,359,313,0,0.005802 447,181,474,211,6,0.005192 95,200,136,267,6,0.004588 339,181,360,196,6,0.004334 0,177,13,242,6,0.002837 7,194,52,224,6,0.002595 366,171,405,200,6,0.002335 316,188,337,208,6,0.002241 100,185,180,242,6,0.002093 351,179,380,196,6,0.002074 288,179,307,193,6,0.001943 311,184,343,231,6,0.001922 328,185,348,207,6,0.001922 551,198,640,259,6,0.001881 0,182,16,258,6,0.001841 5,200,29,221,6,0.001827 3,195,34,242,6,0.001679 400,186,422,203,6,0.001404 0,183,14,282,6,0.001385 324,181,350,234,0,0.001214 0,161,81,309,6,0.001190 35,201,132,255,6,0.001179 306,187,325,205,0,0.001171 304,183,329,234,0,0.001155
/home/dysjin/data/CARLA.v20-carla_v20.coco/valid/Town02_005700_png.rf.39e8547ff43ddaa06ed2b24f114c8a27.jpg 240,220,406,326,6,0.982288 98,182,156,212,6,0.233866 154,184,180,231,0,0.119305 279,184,302,201,6,0.088889 224,157,393,380,6,0.069532 464,182,507,207,6,0.060858 63,176,161,224,6,0.030167 454,187,474,228,0,0.016367 317,179,336,193,6,0.011511 157,193,175,224,1,0.007101 142,178,171,217,0,0.003748 128,178,177,217,6,0.003206 494,186,523,203,6,0.003108 627,189,640,277,6,0.002383 289,181,307,195,6,0.001594 108,167,171,206,6,0.001477 458,179,486,216,6,0.001171 114,187,143,208,6,0.001169
/home/dysjin/data/CARLA.v20-carla_v20.coco/valid/Town02_002040_png.rf.3d0fd4b3b3749ac8ebdf480959eb8e66.jpg 302,198,345,317,1,0.831316 0,187,119,314,6,0.455195 269,190,287,210,6,0.344415 302,195,320,219,6,0.120201 115,174,164,222,6,0.088251 289,193,311,209,6,0.042693 73,180,150,229,6,0.032156 276,187,298,213,6,0.014143 40,195,128,272,6,0.009760 295,195,317,242,0,0.007546 394,127,424,166,3,0.006531 297,198,327,237,6,0.006362 116,184,145,232,1,0.006343 279,198,346,312,6,0.005186 314,191,333,207,6,0.004219 258,190,279,206,6,0.003462 120,200,158,233,6,0.002713 0,191,83,380,6,0.002536 56,184,80,232,0,0.002337 391,134,417,183,4,0.001908 389,174,410,191,4,0.001589 288,206,358,308,0,0.001587 293,187,331,215,6,0.001547 129,195,152,221,6,0.001114 328,198,343,218,0,0.001080 2,191,13,300,2,0.001023
/home/dysjin/data/CARLA.v20-carla_v20.coco/valid/075707_png.rf.2ff4a82560cfe658387e361a6cc43ef0.jpg 0,251,174,398,6,0.651090 307,241,346,275,6,0.353471 171,240,242,303,6,0.277312 80,248,179,349,6,0.145294 216,249,258,288,6,0.067296 235,240,267,280,6,0.015921 0,0,137,480,6,0.013495 114,244,198,319,6,0.010530 192,231,264,292,6,0.005728 147,251,210,294,6,0.005101 0,249,56,290,6,0.005029 0,248,81,445,1,0.004836 10,155,203,448,6,0.004696 28,289,114,388,6,0.004432 3,242,115,407,0,0.004025 7,208,145,480,6,0.003478 178,238,203,259,6,0.002998 554,279,640,359,6,0.002861 538,233,569,360,2,0.002831 490,255,552,287,6,0.002725 253,245,269,269,0,0.002372 0,230,87,375,6,0.002280 137,258,178,328,1,0.002211 85,288,152,390,6,0.002192 559,230,635,457,6,0.001934 117,211,146,254,3,0.001687 0,274,73,480,6,0.001685 202,245,234,297,6,0.001683 219,234,261,268,6,0.001569 203,258,233,304,1,0.001279 235,246,264,290,0,0.001061 176,234,224,264,6,0.001057 626,206,640,258,3,0.001052
/home/dysjin/data/CARLA.v20-carla_v20.coco/valid/138320_png.rf.332f3bdf3abffc7dd973858c3061b801.jpg 56,227,78,294,2,0.166494 45,227,71,292,2,0.011651 380,238,396,259,2,0.007787 0,204,12,318,2,0.007698 1,220,13,324,2,0.007133 17,229,72,267,6,0.004219 366,238,384,258,2,0.003182 165,235,213,258,6,0.002680 356,249,371,272,2,0.002463 65,222,87,295,2,0.002361 356,240,372,260,2,0.002356 17,223,60,297,2,0.002203 0,206,28,303,2,0.002149 124,235,180,258,6,0.002032 61,239,73,280,2,0.001610 7,235,27,304,2,0.001085 523,326,545,387,2,0.001068 430,272,625,384,6,0.001044
/home/dysjin/data/CARLA.v20-carla_v20.coco/valid/003766_png.rf.3dbe103da1003d1fb3bd18ad0d0894b4.jpg 463,195,512,249,3,0.663150 303,239,330,254,6,0.019449 464,202,505,246,4,0.016108 352,227,371,242,3,0.001897 0,199,75,262,6,0.001295
/home/dysjin/data/CARLA.v20-carla_v20.coco/valid/121245_png.rf.3c6765f574e34bb200e320d55fc2ffe7.jpg 274,256,356,318,6,0.953807 565,266,637,480,6,0.001517 252,236,274,255,6,0.001307 401,238,420,256,6,0.001301 266,237,352,447,6,0.001081
/home/dysjin/data/CARLA.v20-carla_v20.coco/valid/Town05_011040_png.rf.3f658b3c60547a5478cb61d6b76eb55c.jpg 309,176,329,217,0,0.082940 309,182,327,212,1,0.051893 365,182,383,207,0,0.027787 324,173,377,200,6,0.006554 352,185,379,203,6,0.004582 595,184,619,203,6,0.003735 609,184,635,203,6,0.002297 373,183,393,203,0,0.002269 376,169,420,196,6,0.002259 627,183,640,207,6,0.002248 307,167,331,207,6,0.001887 310,180,347,211,6,0.001070 278,177,302,191,6,0.001022
/home/dysjin/data/CARLA.v20-carla_v20.coco/valid/Town02_004920_png.rf.3cdedb8ebbe317a63567ec577e3789a8.jpg 308,177,329,245,0,0.619344 311,191,325,233,1,0.018502 380,190,421,206,6,0.013099 309,177,335,226,6,0.011507 416,185,434,210,2,0.006965 309,185,325,215,0,0.006187 414,181,438,212,6,0.004408 313,201,345,241,0,0.002507 338,185,360,201,6,0.002273 325,184,344,204,6,0.001886 422,176,445,215,2,0.001590 627,171,640,270,2,0.001402
/home/dysjin/data/CARLA.v20-carla_v20.coco/valid/Town05_002760_png.rf.41faa57cc70298c90c62fe9f6a3f08c9.jpg 242,177,264,196,6,0.101934 292,178,312,190,6,0.097264 376,167,396,182,3,0.063456 280,177,300,189,6,0.024114 386,165,406,181,4,0.021503 304,180,321,189,6,0.018454 367,165,387,180,4,0.012300 264,177,287,189,6,0.009017 43,152,65,219,2,0.005300 32,153,55,216,2,0.003333 366,175,388,188,3,0.002553 339,166,358,179,4,0.002169 201,176,254,196,6,0.001818 352,167,372,180,4,0.001305 327,180,345,190,3,0.001253 317,181,333,190,6,0.001252 338,178,357,189,3,0.001215 403,188,423,203,2,0.001179 397,165,420,181,4,0.001148
/home/dysjin/data/CARLA.v20-carla_v20.coco/valid/Town02_001740_png.rf.4072bb166a4df4f9403df039e28a73f3.jpg 301,196,347,319,1,0.881123 112,164,165,207,6,0.030986 394,125,424,166,4,0.008291 32,152,133,213,6,0.006419 13,159,50,248,2,0.003977 306,182,323,191,6,0.003320 279,194,348,314,0,0.003154 29,174,53,218,0,0.003153 339,179,357,191,3,0.003040 292,181,309,191,6,0.002979 21,195,46,247,0,0.002855 63,182,118,206,6,0.002760 316,198,333,221,0,0.001878 390,150,415,189,4,0.001558 328,180,346,192,3,0.001303 58,170,155,225,6,0.001276 153,183,206,205,6,0.001149 389,173,410,190,4,0.001131 317,190,333,206,0,0.001032 317,182,334,192,6,0.001023 396,134,423,160,3,0.001014
/home/dysjin/data/CARLA.v20-carla_v20.coco/valid/026849_png.rf.52e90800c02b90489d2521817c6942f7.jpg 418,205,461,245,3,0.804341 87,234,145,263,6,0.009451 43,229,139,277,6,0.002635 19,225,42,291,2,0.002203 0,198,28,300,2,0.001568 0,205,12,314,2,0.001453 568,199,640,255,6,0.001014
/home/dysjin/data/CARLA.v20-carla_v20.coco/valid/Town02_001560_png.rf.44c7e46d6d34263ac9f429ccb2cd2655.jpg 79,192,95,218,1,0.176355 71,183,95,218,6,0.095793 57,189,82,209,6,0.052576 79,190,96,221,0,0.044373 42,189,71,206,6,0.022184 5,183,31,204,6,0.004544 625,196,640,295,2,0.004246 18,184,36,205,0,0.002906 22,183,67,205,6,0.002607 584,181,623,280,2,0.002273 44,190,93,218,6,0.001904 0,181,12,210,6,0.001615 1,154,15,220,6,0.001543 80,181,126,212,6,0.001479 608,199,635,268,2,0.001307 562,178,598,280,2,0.001268 104,190,129,206,6,0.001073
/home/dysjin/data/CARLA.v20-carla_v20.coco/valid/Town02_003420_png.rf.4347a7bee8aec9f5c84eb5295856f9a9.jpg 329,192,382,232,6,0.932887 52,193,111,230,6,0.246408 2,193,109,245,6,0.041617 609,180,637,214,6,0.013177 561,179,635,221,6,0.011010 625,184,640,260,6,0.006389 13,191,71,226,6,0.005126 2,205,61,232,6,0.004275 625,185,640,210,6,0.002389 77,207,107,229,6,0.001399 553,61,599,106,3,0.001156 0,213,81,284,6,0.001101 627,217,640,249,6,0.001059
/home/dysjin/data/CARLA.v20-carla_v20.coco/valid/Town01_006060_png.rf.3d76b002da6076434f028293d0c4a498.jpg 308,197,338,269,1,0.358940 421,195,451,228,6,0.241206 151,212,178,233,6,0.059251 307,194,337,252,6,0.051064 203,204,224,220,6,0.024330 308,192,335,265,0,0.019279 214,202,239,216,6,0.018269 313,201,331,224,6,0.010903 176,210,200,226,6,0.006611 1,206,36,237,6,0.006583 189,209,218,224,6,0.006308 164,210,186,230,6,0.005914 386,206,438,235,6,0.004311 0,191,12,254,6,0.004286 484,203,533,240,6,0.003958 563,221,637,268,6,0.003781 495,202,605,261,6,0.003343 230,203,246,214,6,0.002441 417,207,438,230,6,0.002004 41,210,70,229,6,0.001988 308,208,327,237,6,0.001557 607,224,638,267,6,0.001548 0,216,10,247,6,0.001243 0,178,11,244,3,0.001139
/home/dysjin/data/CARLA.v20-carla_v20.coco/valid/Town02_007800_png.rf.4e6520c0e9dd39a93f5048a2caea0283.jpg 355,198,418,224,6,0.336454 324,192,354,228,6,0.259916 612,202,638,264,1,0.061266 497,178,548,208,6,0.041093 610,195,636,250,6,0.018882 510,183,534,206,6,0.014554 622,208,640,280,6,0.012514 386,207,434,226,6,0.009352 278,186,299,200,6,0.008917 580,36,631,83,3,0.006128 1,188,56,228,6,0.005346 0,164,14,255,6,0.003812 0,179,13,266,2,0.002861 624,180,640,242,6,0.002530 511,179,588,214,6,0.001793 568,201,637,261,6,0.001787 348,191,379,223,6,0.001783 610,191,638,305,2,0.001687 333,204,392,227,6,0.001657 316,191,339,209,6,0.001536 229,186,247,202,6,0.001488 0,153,13,240,6,0.001434 317,199,342,220,6,0.001379 9,173,112,226,6,0.001341
/home/dysjin/data/CARLA.v20-carla_v20.coco/valid/Town01_001860_png.rf.53e5db5983ad00d8986ebdc44e1e76ef.jpg 195,191,454,380,6,0.976819 316,177,336,197,6,0.101797 303,179,328,196,6,0.019076 5,146,75,211,6,0.015665 289,180,311,196,6,0.013047 135,180,151,210,1,0.007386 134,174,154,215,0,0.007251 227,178,250,194,6,0.006788 420,182,477,210,6,0.006388 218,177,239,193,6,0.005063 165,174,190,191,6,0.003907 278,184,305,201,6,0.003821 537,173,621,231,6,0.003779 2,169,18,226,6,0.003318 5,161,35,209,6,0.002830 179,175,200,190,6,0.002640 328,184,342,205,0,0.002640 414,185,433,205,6,0.002488 29,150,82,192,6,0.002381 326,177,342,193,0,0.002240 413,175,461,198,6,0.001986 477,180,519,208,6,0.001957 221,198,339,357,6,0.001900 238,177,264,194,6,0.001761 6,185,27,208,6,0.001518 103,185,129,205,6,0.001293 579,176,636,216,6,0.001293 266,179,287,193,6,0.001242 2,147,17,223,6,0.001160 254,178,273,193,6,0.001122 623,178,640,240,6,0.001086
/home/dysjin/data/CARLA.v20-carla_v20.coco/valid/Town01_006120_png.rf.405fede50ad311216cb9943968a5cdf5.jpg 316,191,329,223,1,0.470033 315,189,330,225,0,0.297284 18,211,101,265,6,0.260758 5,220,34,272,6,0.059752 363,176,383,189,3,0.031886 42,228,110,258,6,0.013123 7,203,55,271,6,0.009340 41,208,96,239,6,0.008236 3,204,18,287,6,0.007987 306,191,331,208,6,0.005313 3,188,16,281,6,0.005166 2,183,13,264,6,0.004622 355,177,372,190,3,0.004527 4,202,32,246,6,0.004000 316,182,333,196,0,0.002279 6,235,58,275,6,0.002140 483,181,579,223,6,0.001890 305,181,328,195,6,0.001630 625,168,640,249,2,0.001625 529,179,622,232,6,0.001559 102,217,153,243,6,0.001397 373,176,397,189,3,0.001362 477,180,519,210,6,0.001217 65,204,150,251,6,0.001161 7,220,25,251,6,0.001016
/home/dysjin/data/CARLA.v20-carla_v20.coco/valid/041864_png.rf.51f1d81198f2e5b7a450f586235760ec.jpg 70,243,194,328,6,0.667996 306,232,328,295,0,0.556887 145,237,228,313,6,0.171003 307,252,322,287,1,0.139880 394,181,428,235,3,0.137062 309,241,332,282,6,0.028044 69,235,105,324,2,0.025812 417,216,456,244,3,0.022310 176,248,232,292,6,0.021201 395,177,427,225,4,0.016137 72,258,107,327,0,0.015623 268,229,289,246,6,0.014461 213,229,237,287,0,0.012607 159,237,209,310,1,0.012194 194,227,235,267,6,0.008679 389,248,405,267,2,0.007827 216,235,235,259,6,0.004799 391,210,416,231,4,0.004350 340,240,361,256,6,0.003354 80,242,125,322,2,0.003217 326,240,349,256,6,0.003164 313,247,328,276,1,0.002307 388,222,408,272,2,0.001997 293,230,324,293,6,0.001783 308,238,324,263,0,0.001751 203,245,234,295,1,0.001539 384,240,400,259,2,0.001468 67,200,98,312,2,0.001378 354,228,371,243,3,0.001360 364,227,383,242,4,0.001352 391,221,412,242,4,0.001189 292,228,310,244,6,0.001157 216,228,237,248,6,0.001133
/home/dysjin/data/CARLA.v20-carla_v20.coco/valid/Town01_012060_png.rf.58e57e1a7e8d4f630323ae1827ca68bc.jpg 559,190,605,223,6,0.340186 182,193,224,226,6,0.040183 145,180,218,230,6,0.021199 536,175,586,223,6,0.012675 203,196,222,220,6,0.008335 337,184,360,204,6,0.007845 0,84,35,170,3,0.007749 265,185,286,202,6,0.006240 559,192,640,257,6,0.003864 561,149,638,221,6,0.002991 0,93,37,204,3,0.002831 11,179,54,266,2,0.002513 6,187,58,230,6,0.002440 579,191,636,225,6,0.002294 598,198,640,242,6,0.002033 17,193,42,246,2,0.002016 1,172,13,272,2,0.001737 583,197,609,238,0,0.001492 0,157,13,262,6,0.001440 4,170,36,221,6,0.001438 277,186,296,200,6,0.001340 5,193,34,248,6,0.001325 230,189,250,205,6,0.001186 626,192,640,251,6,0.001165 304,190,324,203,6,0.001112
/home/dysjin/data/CARLA.v20-carla_v20.coco/valid/009044_png.rf.59d4a83882b4b6af242cbd9e0e31ba80.jpg 485,231,515,325,2,0.581805 462,215,510,250,3,0.033646 0,199,29,296,2,0.024116 465,217,524,252,6,0.022487 423,238,473,257,6,0.015313 0,205,11,314,2,0.014100 0,199,12,297,2,0.011558 0,187,13,282,6,0.010517 120,232,141,282,2,0.009389 576,224,595,294,2,0.007053 20,225,41,293,2,0.006943 127,225,155,269,2,0.005749 596,231,639,259,6,0.005718 0,216,28,323,2,0.005332 102,228,155,267,6,0.004299 564,204,636,257,6,0.004239 502,226,541,328,2,0.003824 0,215,11,328,2,0.003644 1,181,14,264,6,0.002987 139,226,164,267,2,0.002656 484,233,533,260,6,0.002490 549,217,573,274,2,0.001922 625,236,640,258,6,0.001821 94,218,118,273,2,0.001704 464,225,489,245,3,0.001275 628,226,640,315,2,0.001194 448,230,499,255,6,0.001164
/home/dysjin/data/CARLA.v20-carla_v20.coco/valid/Town02_002520_png.rf.55f8a7c01a8e4b86c99a794d7b61cd5d.jpg 223,208,417,338,6,0.951717 168,203,218,233,6,0.715418 521,190,636,265,6,0.550015 232,231,289,336,6,0.063974 420,191,475,219,6,0.027763 29,192,85,227,6,0.013209 517,213,575,248,6,0.010806 323,208,389,332,6,0.008577 400,181,447,216,6,0.008444 257,190,299,228,6,0.006468 511,186,591,238,6,0.005930 168,209,192,236,6,0.005694 611,197,639,245,6,0.003688 253,187,275,232,0,0.003431 362,185,386,232,0,0.002550 364,187,382,208,0,0.002405 398,190,425,209,6,0.002107 624,205,639,235,6,0.001630 282,265,356,313,6,0.001511 226,223,260,342,0,0.001256 353,188,376,209,6,0.001251 230,206,324,299,6,0.001167 255,189,273,209,0,0.001093 582,175,632,246,6,0.001078
/home/dysjin/data/CARLA.v20-carla_v20.coco/valid/Town02_008760_png.rf.5bfb07b6a5fbe6700b4b9c150b9c6576.jpg 263,219,380,335,6,0.956965 267,188,290,204,6,0.105301 493,183,552,210,6,0.028441 547,186,572,234,0,0.022454 402,184,445,214,6,0.018595 558,193,640,253,6,0.016458 434,185,484,206,6,0.010721 476,182,520,211,6,0.010665 386,190,412,207,6,0.009681 1,186,18,257,6,0.009345 391,192,414,246,2,0.007380 426,185,444,208,1,0.005874 558,182,611,211,6,0.005178 156,185,200,208,6,0.004728 517,180,571,218,6,0.004710 4,178,30,241,0,0.004664 399,190,423,210,6,0.003889 31,183,139,224,6,0.003650 254,190,278,202,6,0.003357 92,183,144,212,6,0.003188 398,188,423,226,2,0.003031 625,183,640,260,6,0.002706 388,186,415,230,6,0.002481 0,157,14,239,6,0.002356 509,187,536,208,6,0.001979 1,155,25,249,2,0.001902 187,189,216,206,6,0.001839 242,192,260,204,6,0.001769 230,191,249,205,6,0.001690 335,189,361,202,6,0.001648 478,192,496,217,0,0.001641 278,179,364,380,6,0.001607 522,187,549,209,6,0.001593 427,192,443,216,0,0.001437 363,191,386,203,6,0.001374 0,203,28,238,6,0.001341 474,169,500,205,6,0.001193 129,174,152,220,2,0.001184 347,189,375,201,6,0.001081 50,182,109,210,6,0.001060
/home/dysjin/data/CARLA.v20-carla_v20.coco/valid/Town01_008100_png.rf.5942043a53e2ea3c62572bf7029ed896.jpg 389,198,408,213,6,0.171753 278,187,302,202,6,0.081432 424,190,450,205,6,0.057309 86,185,145,207,6,0.054213 63,183,122,211,6,0.039394 413,191,437,205,6,0.025402 374,194,399,207,6,0.017547 328,189,346,200,6,0.011000 398,193,421,205,6,0.009577 338,191,359,202,6,0.008941 365,191,382,205,2,0.006158 226,188,250,204,6,0.006028 349,192,372,203,6,0.004300 319,182,337,194,6,0.003784 435,185,462,210,6,0.002421 215,189,238,205,6,0.002378 585,169,631,197,6,0.002250 289,188,306,200,0,0.002229 367,198,383,215,2,0.002087 249,188,278,202,6,0.001867 17,182,112,221,6,0.001639 448,189,468,203,6,0.001596 238,188,259,203,6,0.001295 611,174,634,195,6,0.001125 437,180,460,196,6,0.001087
/home/dysjin/data/CARLA.v20-carla_v20.coco/valid/Town01_010680_png.rf.5537782525200ced228c602e6dcc3456.jpg 386,189,407,202,6,0.007321 375,186,397,200,3,0.004343 212,190,241,205,6,0.003616 376,178,394,192,3,0.003441 0,152,13,243,2,0.002142 367,179,385,192,3,0.002089 228,189,246,204,6,0.001877 396,191,425,203,6,0.001442
/home/dysjin/data/CARLA.v20-carla_v20.coco/valid/121155_png.rf.5eeb1497380edc240a771f68b9d34669.jpg 240,274,423,366,6,0.975317 559,214,598,300,2,0.418146 390,235,408,256,1,0.039701 223,210,406,445,6,0.036405 574,217,614,321,2,0.025256 463,208,487,342,2,0.024866 376,238,408,255,6,0.016432 301,238,321,256,6,0.007567 262,235,286,254,6,0.004096 541,217,581,299,2,0.003995 266,237,312,256,6,0.002327 518,224,590,290,6,0.002250 0,304,14,334,6,0.001363 391,232,409,258,0,0.001220 564,220,640,293,6,0.001206 396,236,419,253,6,0.001047
/home/dysjin/data/CARLA.v20-carla_v20.coco/valid/007085_png.rf.5a7141063cfddac158b01dce18de1e48.jpg 428,206,469,244,3,0.374873 429,206,470,244,4,0.362768 431,212,470,244,5,0.257980
/home/dysjin/data/CARLA.v20-carla_v20.coco/valid/Town05_006720_png.rf.717ce1e22225ab6a97befb2b8effcc2a.jpg 174,188,215,257,1,0.134354 183,190,219,253,6,0.132777 292,179,314,194,6,0.101221 184,174,215,250,0,0.016830 341,180,358,192,3,0.010079 350,180,369,191,3,0.007252 90,186,142,206,6,0.006659 280,180,301,192,6,0.006422 340,187,358,201,3,0.004657 313,180,334,191,6,0.002828 330,188,348,201,0,0.002577 401,165,422,182,3,0.002197 191,186,209,213,6,0.002195 305,186,322,199,6,0.002183 115,189,148,207,6,0.002112 485,169,512,292,2,0.001765 329,182,346,193,3,0.001725 363,179,384,191,3,0.001709 375,178,397,191,3,0.001409 254,180,271,193,6,0.001340 187,175,214,226,6,0.001007
/home/dysjin/data/CARLA.v20-carla_v20.coco/valid/Town01_006600_png.rf.612f31973b2db2fda3ee5293fd937a64.jpg 375,188,394,206,6,0.059804 483,123,529,190,3,0.018745 5,188,30,231,0,0.006969 623,169,640,227,6,0.006957 484,144,566,198,6,0.006903 2,175,18,245,6,0.004419 490,181,509,206,1,0.003296 487,163,515,207,6,0.003018 375,195,397,212,0,0.001665 31,182,78,211,6,0.001604 496,176,553,212,6,0.001415 36,183,132,228,6,0.001191
/home/dysjin/data/CARLA.v20-carla_v20.coco/valid/112469_png.rf.4fea3a1e3f0858f468ecb362968a08fb.jpg 312,241,345,300,2,0.900736 322,246,333,294,2,0.009832 586,230,631,256,6,0.008546 490,282,560,361,6,0.002951 502,281,550,359,1,0.001783
/home/dysjin/data/CARLA.v20-carla_v20.coco/valid/Town05_009540_png.rf.67accf9da191af14c5f05da1b6fe1e58.jpg 605,183,635,210,6,0.536492 524,179,549,197,6,0.188353 490,184,508,202,0,0.007477 495,184,521,200,6,0.005610 462,183,544,331,0,0.005079 534,184,557,199,6,0.003732 545,177,571,193,6,0.003460 4,175,34,216,6,0.002633 303,177,326,195,6,0.002228 1,159,14,236,6,0.002150 317,183,335,202,0,0.002077 587,187,611,205,6,0.001921 287,176,317,194,6,0.001634 489,180,509,196,6,0.001611 619,186,640,206,6,0.001274 599,179,625,198,6,0.001211 0,149,13,223,6,0.001208 16,175,39,215,0,0.001099
/home/dysjin/data/CARLA.v20-carla_v20.coco/valid/041820_png.rf.69e77a8e269d90d89efc21e5026a7083.jpg 33,233,78,262,6,0.916765 116,238,144,304,0,0.746376 205,206,233,240,3,0.043915 121,252,139,294,1,0.029642 0,203,74,262,6,0.010077 0,206,12,269,6,0.008775 124,235,148,287,0,0.007883 0,228,8,260,6,0.006859 4,233,58,264,6,0.004126 40,233,121,276,6,0.004104 52,218,82,258,6,0.002059 31,239,57,263,6,0.002030 110,224,135,298,0,0.001443 75,235,143,287,6,0.001097 66,232,84,255,0,0.001089 0,188,12,257,3,0.001054
/home/dysjin/data/CARLA.v20-carla_v20.coco/valid/121278_png.rf.6607158f1164a75baf620dcb66d1b07e.jpg 280,255,365,318,6,0.982540 474,242,491,268,0,0.014296 597,238,626,258,6,0.013983 249,239,274,258,6,0.011665 468,242,488,270,1,0.002509 434,238,463,255,6,0.002463 465,239,488,262,6,0.002278 239,245,263,263,6,0.002002 283,241,342,287,6,0.001843 554,275,638,480,6,0.001766 611,233,635,259,6,0.001586 625,235,640,257,6,0.001534 7,252,32,289,6,0.001416
/home/dysjin/data/CARLA.v20-carla_v20.coco/valid/Town02_004620_png.rf.7280640e1c163e7c4b28010b90659788.jpg 236,215,408,326,6,0.914621 219,152,396,380,6,0.047418 307,183,328,202,6,0.046199 91,187,172,230,6,0.024380 402,175,428,220,6,0.017255 113,168,168,206,6,0.009845 277,186,298,203,6,0.009310 142,167,171,205,6,0.006889 454,202,498,303,6,0.005188 376,175,395,193,3,0.004672 141,184,169,230,0,0.002709 144,182,165,208,6,0.002162 339,178,359,194,3,0.001912 0,154,28,291,2,0.001474 350,185,373,204,6,0.001449 341,185,359,206,0,0.001321 367,175,384,194,3,0.001025
/home/dysjin/data/CARLA.v20-carla_v20.coco/valid/Town05_016500_png.rf.75b431585ae9c755044e81517b796324.jpg 344,197,399,237,6,0.915256 132,177,224,245,6,0.859866 0,188,84,278,6,0.721156 121,198,184,241,6,0.054758 175,191,227,231,6,0.050818 344,183,368,241,6,0.034127 376,189,392,211,6,0.022366 449,178,469,193,6,0.020358 350,192,372,211,6,0.014562 345,194,366,243,1,0.011359 0,180,82,357,6,0.009223 26,210,87,257,6,0.008486 429,187,446,203,0,0.006860 434,185,460,201,6,0.006115 608,194,639,249,6,0.005217 361,182,391,221,6,0.003719 16,198,72,241,6,0.003198 347,200,374,223,6,0.002505 1,171,14,248,6,0.002369 4,190,55,229,6,0.001556 1,175,13,266,6,0.001512 0,163,14,233,6,0.001144 376,202,394,234,1,0.001040
/home/dysjin/data/CARLA.v20-carla_v20.coco/valid/Town02_001020_png.rf.79741d4293c684a4f4e895c08f1290d5.jpg 302,195,350,319,1,0.884166 0,199,94,361,6,0.464382 3,186,107,370,0,0.288191 365,182,387,203,6,0.091510 303,189,325,210,6,0.052325 5,198,108,380,1,0.044735 28,194,82,219,6,0.029663 277,188,300,204,6,0.027126 300,185,325,229,0,0.013992 303,180,347,292,0,0.013520 289,190,316,207,6,0.013337 328,185,348,206,6,0.008849 314,188,333,208,6,0.008345 339,185,360,204,6,0.004742 342,179,385,207,6,0.003182 0,199,81,259,6,0.002134 187,180,238,210,6,0.002079 365,170,405,199,6,0.001881 309,185,338,229,6,0.001864 552,197,640,259,6,0.001805 324,181,350,234,0,0.001568 448,180,475,212,6,0.001499 314,192,333,219,0,0.001100 400,187,423,203,6,0.001030 121,181,184,209,6,0.001025
/home/dysjin/data/CARLA.v20-carla_v20.coco/valid/004996_png.rf.758bfe0873e6cba6e1d99146894cae01.jpg 490,253,515,317,2,0.931916 20,207,105,264,6,0.025021 5,217,52,254,6,0.014286 497,260,508,310,2,0.011982 1,203,18,269,6,0.007613 287,248,319,261,6,0.007404 94,220,116,277,2,0.007232 355,248,368,268,2,0.007170 42,232,113,261,6,0.005775 357,238,370,258,2,0.005516 344,251,361,265,2,0.003020 88,193,123,272,2,0.002604 5,226,31,259,6,0.002169 431,251,447,272,2,0.002045 300,245,323,256,6,0.001226 1,229,14,261,6,0.001226 479,241,504,320,2,0.001042 40,218,96,250,6,0.001033 325,253,353,264,6,0.001027 466,246,483,292,2,0.001004
/home/dysjin/data/CARLA.v20-carla_v20.coco/valid/Town02_001620_png.rf.77cda18f042297c4b15936a35acef602.jpg 304,181,330,260,1,0.550050 307,177,338,242,6,0.134701 307,183,336,256,0,0.110634 312,186,334,212,6,0.098923 2,206,39,235,6,0.012456 152,193,201,223,6,0.002954 326,188,340,207,0,0.002226 314,180,336,199,6,0.002140 5,190,56,233,6,0.001462 401,185,446,211,6,0.001192 42,177,65,194,3,0.001131 448,173,471,221,2,0.001005
/home/dysjin/data/CARLA.v20-carla_v20.coco/valid/112362_png.rf.868e587d8bdd37c81e4872223fbdbeb4.jpg 147,231,168,287,2,0.664423 586,229,631,257,6,0.014768 152,229,163,273,2,0.007697 450,235,495,255,6,0.002160 134,227,157,290,2,0.001565 384,242,416,255,6,0.001494
/home/dysjin/data/CARLA.v20-carla_v20.coco/valid/Town05_010080_png.rf.88fb23d739ffa2beacd3c5735d172d03.jpg 314,180,328,208,1,0.324847 267,179,285,197,6,0.228132 313,178,330,211,0,0.181963 310,179,326,199,6,0.047198 274,179,297,193,6,0.030261 293,180,315,191,6,0.012282 5,170,105,226,6,0.011800 559,108,640,187,3,0.011072 352,174,371,187,3,0.008816 354,164,373,180,3,0.008487 325,176,342,189,3,0.004111 340,176,359,189,3,0.003271 361,176,383,189,3,0.001456 248,177,278,199,6,0.001351 464,309,555,379,6,0.001106
/home/dysjin/data/CARLA.v20-carla_v20.coco/valid/026847_png.rf.7a28094ba474fb2fab06e58f1ebea83c.jpg 408,213,446,244,3,0.400935 561,202,640,254,6,0.006187 0,201,12,319,2,0.003307 0,195,24,307,2,0.001992 0,217,12,327,2,0.001934 41,226,133,278,6,0.001091 561,254,627,480,6,0.001043
/home/dysjin/data/CARLA.v20-carla_v20.coco/valid/075709_png.rf.7dd638ab9af378bf60aaa2fb92a0aea4.jpg 307,242,346,275,6,0.624742 0,249,175,399,6,0.603724 171,239,243,303,6,0.345524 78,247,179,351,6,0.158089 216,240,264,285,6,0.060743 0,0,138,480,6,0.013374 112,244,200,320,6,0.011929 8,155,206,447,6,0.006401 0,246,80,447,6,0.005267 27,286,116,391,6,0.004459 189,239,211,260,6,0.004277 2,242,115,407,0,0.004232 7,207,146,480,6,0.003610 0,250,56,289,6,0.002997 0,231,88,376,6,0.002978 146,251,211,294,6,0.002795 421,249,452,267,6,0.002557 555,279,640,360,6,0.002541 253,244,269,269,0,0.002371 84,287,153,391,6,0.002331 537,220,564,336,2,0.002208 559,226,636,460,6,0.002151 202,244,235,297,6,0.002113 241,230,268,270,6,0.001815 180,231,205,265,6,0.001814 117,210,146,255,3,0.001789 0,272,72,480,6,0.001599 624,207,640,258,3,0.001583 228,254,248,284,6,0.001549 137,258,178,329,1,0.001493 216,242,239,260,6,0.001290 11,243,102,311,6,0.001156 610,213,636,250,6,0.001117
/home/dysjin/data/CARLA.v20-carla_v20.coco/valid/Town02_007380_png.rf.8809896fc46f6266a6729640bbc68e4c.jpg 278,184,301,201,6,0.133493 564,175,628,219,6,0.082983 468,174,496,275,2,0.054058 559,205,592,263,0,0.046573 555,190,640,249,6,0.022003 552,177,595,242,6,0.005631 488,186,508,253,2,0.004245 252,189,282,203,6,0.003712 464,189,485,251,2,0.002934 3,180,35,237,6,0.002727 13,161,47,247,2,0.002720 554,210,594,259,6,0.002554 0,162,12,257,6,0.002279 542,189,579,257,2,0.002236 1,156,33,252,2,0.001835 0,175,14,267,2,0.001602 1,155,12,239,6,0.001169 15,179,42,237,0,0.001112
/home/dysjin/data/CARLA.v20-carla_v20.coco/valid/Town01_007500_png.rf.7e4c2487265d812d93246e09a19aeab2.jpg 544,170,625,219,6,0.433798 256,185,281,213,6,0.136596 524,178,553,216,6,0.068101 130,205,176,238,6,0.042940 474,195,497,244,0,0.042622 528,176,584,215,3,0.034717 512,176,585,217,6,0.024776 478,193,541,219,6,0.024556 90,204,140,243,6,0.022852 153,210,176,231,6,0.011113 576,189,638,222,6,0.008210 165,210,188,229,6,0.007188 372,188,399,206,6,0.006423 177,210,203,226,6,0.006349 32,209,81,231,6,0.004635 386,187,410,207,6,0.004331 191,210,213,225,6,0.003615 607,174,640,219,6,0.003022 9,205,99,260,6,0.002373 78,210,106,253,0,0.002286 45,205,131,254,6,0.002213 566,34,611,80,3,0.002097 244,199,268,214,6,0.001932 118,204,146,241,6,0.001611 623,196,640,219,6,0.001472 535,182,557,210,3,0.001451 121,216,165,243,6,0.001141 399,189,419,206,6,0.001032
/home/dysjin/data/CARLA.v20-carla_v20.coco/valid/Town05_007500_png.rf.8a81a882e564e9e99b5c951d3e18dbbc.jpg 350,178,390,205,6,0.688091 426,174,471,200,6,0.070014 346,178,365,198,6,0.055636 372,181,395,204,6,0.009304 304,173,325,189,6,0.009217 452,181,472,207,1,0.006338 279,210,484,323,6,0.005983 0,146,74,205,6,0.004837 126,171,178,201,6,0.003953 453,178,475,210,0,0.003546 545,145,618,203,6,0.003004 507,166,558,201,6,0.002767 421,178,451,195,6,0.002525 458,163,483,203,0,0.002187 469,168,521,200,6,0.002052 310,189,405,308,6,0.001622
/home/dysjin/data/CARLA.v20-carla_v20.coco/valid/Town02_005520_png.rf.8a9d2ba4122736ea3845c9e405936cce.jpg 72,196,136,222,6,0.137485 598,189,624,253,2,0.036918 50,198,107,221,6,0.036722 605,191,637,250,6,0.032236 365,182,380,208,0,0.029394 40,179,126,226,6,0.012091 605,175,638,270,2,0.009497 1,182,16,235,6,0.006728 354,179,379,212,6,0.005795 4,198,25,218,6,0.004691 40,201,68,221,6,0.004452 621,183,640,238,6,0.004078 104,199,130,220,6,0.002261 277,177,297,194,6,0.001438 337,187,367,206,6,0.001414 116,198,136,218,0,0.001234 161,185,215,210,6,0.001186
/home/dysjin/data/CARLA.v20-carla_v20.coco/valid/041735_png.rf.891d950e6341a379e0a80f54f49c126a.jpg 277,239,306,304,0,0.483559 626,212,640,283,6,0.009150 0,170,13,224,3,0.005925 41,211,125,257,6,0.004852 281,255,300,292,1,0.003825 627,189,640,282,2,0.002569 73,204,129,244,6,0.001942 484,251,640,401,6,0.001389 167,230,233,262,6,0.001183 13,222,101,267,6,0.001124 0,173,12,201,3,0.001021
/home/dysjin/data/CARLA.v20-carla_v20.coco/valid/041669_png.rf.8f16c7cc68671f71ba068edf120b2a61.jpg 300,243,333,324,0,0.211055 309,229,335,294,0,0.004514 219,252,331,315,6,0.002683
/home/dysjin/data/CARLA.v20-carla_v20.coco/valid/003814_png.rf.9123d8ff8e23490d6f5201cb816e4fc2.jpg 548,184,615,243,3,0.563636 286,238,321,259,6,0.225865 7,218,110,293,6,0.001151
/home/dysjin/data/CARLA.v20-carla_v20.coco/valid/005413_png.rf.9000d6e877ce40e1d5bd5387ece453c2.jpg 82,228,105,291,2,0.560046 106,230,128,285,2,0.532401 91,229,117,289,2,0.245516 365,236,386,279,2,0.046043 73,227,96,290,2,0.037462 555,247,639,294,6,0.034364 115,226,134,287,2,0.010098 377,238,424,258,6,0.007874 87,240,99,279,2,0.006347 96,240,111,275,2,0.004665 597,254,640,285,6,0.003459 110,232,123,266,2,0.003278 557,248,589,295,2,0.003223 4,240,102,310,6,0.002306 358,235,372,263,2,0.002188 312,239,362,255,6,0.001323 624,260,640,284,6,0.001140 497,247,548,269,6,0.001051
/home/dysjin/data/CARLA.v20-carla_v20.coco/valid/Town01_001500_png.rf.9254a251a5c6eb6313adba6a6adf1620.jpg 303,190,324,206,6,0.079587 385,185,410,202,6,0.018121 200,189,227,210,6,0.014142 313,190,334,204,6,0.008889 327,190,349,203,6,0.005827 625,167,640,230,6,0.004880 396,186,423,201,6,0.003848 216,194,234,215,0,0.003232 363,189,391,202,6,0.003033 249,191,277,207,6,0.002414 380,179,401,195,3,0.002074 178,191,228,219,6,0.001820 276,192,301,205,6,0.001711 168,195,186,219,0,0.001483 617,156,640,296,2,0.001148 0,157,13,212,3,0.001019
/home/dysjin/data/CARLA.v20-carla_v20.coco/valid/Town05_004680_png.rf.93664881511a21c1adf050e2e8993477.jpg 326,169,401,224,6,0.806384 319,182,362,216,6,0.610994 353,178,420,217,6,0.358672 243,182,268,202,6,0.288265 279,178,300,194,6,0.025111 385,167,416,210,6,0.008386 178,184,201,201,6,0.007492 319,188,341,212,6,0.006603 204,176,227,193,6,0.003279 358,210,585,338,6,0.002679 216,179,235,191,6,0.002004 253,174,293,197,6,0.001856 233,148,599,380,6,0.001652 191,184,209,200,0,0.001492 401,175,417,198,6,0.001325 261,201,484,345,6,0.001173 326,178,347,200,6,0.001027 534,140,624,203,6,0.001017
/home/dysjin/data/CARLA.v20-carla_v20.coco/valid/138312_png.rf.93c512dad514948e54a85fd6860eba4e.jpg 2,230,34,319,2,0.088854 0,225,14,347,2,0.054524 93,230,114,285,2,0.024911 1,213,14,332,2,0.016527 2,239,30,346,2,0.006635 18,231,39,311,2,0.005376 181,235,224,255,6,0.004901 2,193,13,326,2,0.002991 53,228,109,265,6,0.002604 80,224,109,272,2,0.002143 24,229,106,287,6,0.001805 96,231,110,265,2,0.001044
/home/dysjin/data/CARLA.v20-carla_v20.coco/valid/005160_png.rf.922d9f2da21b5b11121905df87e629d7.jpg 398,216,424,245,4,0.362595 402,229,421,307,2,0.002426 536,200,619,265,6,0.001613 609,198,638,306,2,0.001331 393,222,412,290,2,0.001298 582,205,626,301,2,0.001110 627,214,640,302,2,0.001039
