/home/dysjin/data/CARLA.v20-carla_v20.coco/valid/Town02_006840_png.rf.a4a970c10202604d1dd8c41fe9097525.jpg 566,174,582,189,0,0.807651 444,185,456,201,0,0.277243 0,166,13,195,1,0.145947 562,156,586,194,0,0.053141 0,164,16,204,0,0.034971 566,57,599,95,1,0.023621 558,178,573,192,0,0.003967 567,181,580,201,0,0.003903 531,162,546,182,0,0.003421 575,166,594,181,0,0.003190 436,180,461,211,0,0.002850 557,185,571,201,0,0.002546 457,177,470,191,0,0.002480 558,55,596,98,0,0.001331 557,165,573,185,0,0.001121
/home/dysjin/data/CARLA.v20-carla_v20.coco/valid/Town02_002640_png.rf.ac6bee6a9e4c4b2a1e149670c97196c1.jpg 391,171,405,189,1,0.561919 340,199,358,218,0,0.001112
/home/dysjin/data/CARLA.v20-carla_v20.coco/valid/007096_png.rf.a26873f70f1467f54f0fd09ea8c1731b.jpg 540,164,617,251,1,0.546818 540,168,615,248,2,0.284609
/home/dysjin/data/CARLA.v20-carla_v20.coco/valid/Town02_006480_png.rf.aec43468267a9993201d034f7031ee5c.jpg 347,169,362,184,0,0.219864 356,169,373,182,0,0.171314 368,164,384,180,0,0.020977 368,174,380,186,0,0.004920 341,164,365,200,0,0.002957 387,140,410,180,0,0.002639 370,155,389,171,0,0.002422 357,184,369,200,0,0.002055 376,162,395,180,0,0.001597 349,185,361,198,0,0.001540 362,157,387,189,0,0.001369 335,167,352,184,0,0.001104 380,152,400,171,0,0.001076
/home/dysjin/data/CARLA.v20-carla_v20.coco/valid/051305_png.rf.af3e2dc55ae45fc793f7f25eb6fdf7b4.jpg 429,208,461,242,0,0.899099
/home/dysjin/data/CARLA.v20-carla_v20.coco/valid/007291_png.rf.b33e9d647d42777054dfb5f46d23bbad.jpg 383,224,401,238,0,0.772065 377,213,413,240,0,0.002046
/home/dysjin/data/CARLA.v20-carla_v20.coco/valid/003752_png.rf.bb0716bc5b93fa8b10f41577e20a2f35.jpg 397,217,423,240,1,0.547025 400,217,425,241,2,0.388790
/home/dysjin/data/CARLA.v20-carla_v20.coco/valid/005173_png.rf.c24ac196d86260d3a384e12093bfa5ef.jpg 476,187,528,248,2,0.226890 474,190,525,246,1,0.164575 467,171,548,273,1,0.001385
/home/dysjin/data/CARLA.v20-carla_v20.coco/valid/003769_png.rf.c5c0c17fa97551316c57744e9608f796.jpg 493,191,551,244,1,0.186029 489,187,559,246,2,0.167020 487,168,568,278,1,0.001036
/home/dysjin/data/CARLA.v20-carla_v20.coco/valid/004966_png.rf.c9d8d72d0920460b612251c5fddc5770.jpg 426,205,467,241,1,0.686521 428,215,467,233,2,0.001914
/home/dysjin/data/CARLA.v20-carla_v20.coco/valid/001638_png.rf.c98e4c5bc2a68de358073a26469c81b2.jpg 422,211,450,241,0,0.920681 155,223,171,242,0,0.001993
/home/dysjin/data/CARLA.v20-carla_v20.coco/valid/051274_png.rf.d5f64278c64b556983082379a316485f.jpg 560,167,638,249,1,0.544883 563,169,635,249,2,0.327068
/home/dysjin/data/CARLA.v20-carla_v20.coco/valid/Town01_001440_png.rf.e4b4351effd31d5b433710cffb8243e4.jpg 385,177,400,190,0,0.657847 345,175,357,188,0,0.139018 357,177,370,190,0,0.009401 336,176,349,190,0,0.005926 389,182,402,200,0,0.005227 307,176,322,192,0,0.001993 337,170,361,199,0,0.001394 374,180,388,193,0,0.001343 50,177,66,193,0,0.001317 37,178,53,193,0,0.001098 23,178,39,194,0,0.001076 333,167,348,184,0,0.001069
/home/dysjin/data/CARLA.v20-carla_v20.coco/valid/041811_png.rf.e8d4c17844854d24f9b2bec66a8a8889.jpg 48,224,61,241,1,0.641326 41,221,65,251,1,0.015364 49,216,65,237,1,0.004032 50,234,62,251,1,0.003304 40,228,56,243,1,0.002236
/home/dysjin/data/CARLA.v20-carla_v20.coco/valid/001519_png.rf.e42bb854e84b40164ed2795569b2eb6f.jpg 571,222,589,241,0,0.939353 482,236,494,251,0,0.020912 482,228,496,243,0,0.004224 502,236,516,254,0,0.002860 576,230,587,251,0,0.002055 491,236,506,252,0,0.001718 570,233,582,249,0,0.001600 597,178,621,216,0,0.001104
/home/dysjin/data/CARLA.v20-carla_v20.coco/valid/001509_png.rf.ed3baed466e7f65c1a01fb57bf942b65.jpg 571,222,589,242,0,0.924167 481,235,494,251,0,0.035574 570,233,582,249,0,0.005529 502,236,517,254,0,0.001376 565,214,595,260,0,0.001306 490,236,505,252,0,0.001251
/home/dysjin/data/CARLA.v20-carla_v20.coco/valid/026829_png.rf.e6f26e62f316568466a95ba7fd18d850.jpg 373,221,391,237,0,0.968776
/home/dysjin/data/CARLA.v20-carla_v20.coco/valid/007076_png.rf.d635d979c35f5dd6da756ef9889aef0b.jpg 396,218,421,240,1,0.543670 399,216,421,243,2,0.317592
/home/dysjin/data/CARLA.v20-carla_v20.coco/valid/Town02_006960_png.rf.eedfb90c1deb0d66a31341acd2e08f4f.jpg 146,158,166,178,1,0.531622 580,177,594,191,0,0.116863 589,175,605,189,0,0.080049 610,99,627,120,0,0.016267 568,178,583,193,0,0.013150 599,173,614,189,0,0.008389 587,212,603,228,0,0.007754 581,199,593,214,0,0.006089 581,186,593,200,0,0.005553 569,188,582,202,0,0.004268 145,158,176,180,0,0.002742 556,177,571,194,0,0.002426 599,160,619,181,0,0.002164 590,187,604,200,0,0.002151 573,170,597,201,0,0.002049 589,165,612,184,0,0.001774 556,188,569,203,0,0.001494 332,136,346,157,0,0.001386 529,176,544,194,0,0.001295 590,200,603,216,0,0.001261
/home/dysjin/data/CARLA.v20-carla_v20.coco/valid/041861_png.rf.f5f3812ca6c536c5c25bea3d596be111.jpg 401,213,429,239,0,0.353572 400,215,426,242,1,0.176997
/home/dysjin/data/CARLA.v20-carla_v20.coco/valid/003755_png.rf.f6343810071c5f5401b5697ef363285d.jpg 408,217,435,240,1,0.517148 408,217,438,241,2,0.202260
/home/dysjin/data/CARLA.v20-carla_v20.coco/valid/001630_png.rf.ff5ced110f03f998a7a6998ddf647fd2.jpg 407,212,434,241,0,0.939711
/home/dysjin/data/CARLA.v20-carla_v20.coco/valid/003751_png.rf.0ff9ef7c8c8e4f5eab52437609a3b501.jpg 396,218,421,240,1,0.534076 393,219,417,245,2,0.064086
/home/dysjin/data/CARLA.v20-carla_v20.coco/valid/Town02_008820_png.rf.135414697b8215dc125af6b125d3058c.jpg 479,178,492,189,0,0.446117 504,175,517,188,0,0.319774 395,184,407,200,0,0.158981 471,177,485,190,0,0.068292 386,179,399,191,0,0.020429 144,174,159,193,1,0.017840 479,167,495,185,0,0.017608 444,175,456,187,0,0.017337 471,166,485,184,0,0.016558 430,175,443,187,0,0.015851 386,186,398,200,0,0.015530 415,165,432,183,0,0.013137 418,176,431,188,0,0.012588 493,176,506,188,0,0.010100 361,177,374,190,0,0.009559 405,165,422,182,0,0.009429 372,178,384,190,0,0.008558 479,185,492,198,0,0.005392 444,166,458,181,0,0.005199 408,177,420,188,0,0.004538 406,184,418,199,0,0.003537 395,166,413,183,0,0.003189 458,178,472,191,0,0.002852 470,185,483,198,0,0.002671 387,178,412,210,0,0.002541 347,177,361,192,0,0.002013 497,171,523,197,0,0.001808 455,167,470,182,0,0.001798 513,176,527,192,0,0.001594 419,186,431,198,0,0.001584 406,152,423,171,0,0.001536 472,172,495,201,0,0.001377 146,165,163,184,1,0.001341 398,155,425,192,0,0.001150 371,165,386,184,0,0.001137 432,185,443,199,0,0.001091
/home/dysjin/data/CARLA.v20-carla_v20.coco/valid/006578_png.rf.21f08e8ed63ab67b3ef05528af8ef9e6.jpg 370,222,385,238,0,0.933112 366,208,389,245,0,0.040722 564,115,580,132,0,0.002282 362,230,376,243,0,0.001369
/home/dysjin/data/CARLA.v20-carla_v20.coco/valid/Town02_006720_png.rf.2632fd4f3d65ff215e84d472badfd870.jpg 566,174,582,189,0,0.786338 444,185,456,201,0,0.253048 0,166,13,195,1,0.145533 563,156,586,194,0,0.062984 0,163,16,204,0,0.037265 566,57,599,95,1,0.019463 574,166,594,181,0,0.007435 457,177,469,191,0,0.003856 558,178,573,191,0,0.002973 437,180,461,211,0,0.002780 531,162,546,182,0,0.002743 557,185,571,201,0,0.002415 567,181,580,201,0,0.002356 558,55,596,98,0,0.001542
/home/dysjin/data/CARLA.v20-carla_v20.coco/valid/007070_png.rf.2316a0a54db7e4a749f421570aadd160.jpg 381,219,404,243,1,0.398702 381,219,404,242,2,0.367043
/home/dysjin/data/CARLA.v20-carla_v20.coco/valid/041819_png.rf.374472e0a0868df264a4100cb7734e35.jpg 172,223,186,241,1,0.647975 164,226,178,242,1,0.003368 163,217,178,235,1,0.002651 174,233,187,252,1,0.002303 178,225,194,242,1,0.002203 369,237,383,254,0,0.001912 148,228,164,242,1,0.001719 370,227,385,243,0,0.001068
/home/dysjin/data/CARLA.v20-carla_v20.coco/valid/003766_png.rf.3dbe103da1003d1fb3bd18ad0d0894b4.jpg 463,200,507,239,1,0.575279 463,209,493,234,2,0.001136
/home/dysjin/data/CARLA.v20-carla_v20.coco/valid/026849_png.rf.52e90800c02b90489d2521817c6942f7.jpg 420,208,456,241,0,0.907325
/home/dysjin/data/CARLA.v20-carla_v20.coco/valid/041864_png.rf.51f1d81198f2e5b7a450f586235760ec.jpg 416,211,442,240,1,0.500517 417,214,440,236,2,0.178113
/home/dysjin/data/CARLA.v20-carla_v20.coco/valid/009044_png.rf.59d4a83882b4b6af242cbd9e0e31ba80.jpg 559,219,577,240,0,0.880795 0,205,13,236,1,0.253586 0,217,14,243,1,0.016675 0,209,17,255,0,0.009447 0,190,17,234,0,0.002577 547,214,584,253,0,0.002083
/home/dysjin/data/CARLA.v20-carla_v20.coco/valid/Town01_010680_png.rf.5537782525200ced228c602e6dcc3456.jpg 367,176,382,189,1,0.500379 359,179,376,191,0,0.042747 335,176,348,190,0,0.039969 349,178,361,193,0,0.016191 322,176,336,190,0,0.011280 310,178,323,191,0,0.008668 361,174,384,198,0,0.008306 234,177,249,193,0,0.003707 246,178,260,193,0,0.003081 259,177,273,192,0,0.002718 376,177,390,191,1,0.002536 284,177,298,192,0,0.002381 272,178,286,192,0,0.002181 296,177,310,192,0,0.001601 365,169,387,185,0,0.001568
/home/dysjin/data/CARLA.v20-carla_v20.coco/valid/007085_png.rf.5a7141063cfddac158b01dce18de1e48.jpg 426,207,465,241,1,0.696468 429,213,454,236,2,0.004152
/home/dysjin/data/CARLA.v20-carla_v20.coco/valid/041820_png.rf.69e77a8e269d90d89efc21e5026a7083.jpg 181,224,195,242,1,0.490253 174,221,200,252,1,0.010705 370,239,383,253,0,0.009583 161,228,175,242,1,0.004773 147,227,163,242,1,0.003199 380,237,394,253,0,0.002351 134,228,151,243,1,0.002060 184,235,197,252,1,0.001788 183,215,199,236,1,0.001418 175,217,190,234,1,0.001014
/home/dysjin/data/CARLA.v20-carla_v20.coco/valid/Town05_016500_png.rf.75b431585ae9c755044e81517b796324.jpg 457,179,477,196,0,0.772758 455,168,481,206,0,0.002663 258,177,273,192,0,0.001529
/home/dysjin/data/CARLA.v20-carla_v20.coco/valid/026847_png.rf.7a28094ba474fb2fab06e58f1ebea83c.jpg 413,206,441,243,0,0.925968
/home/dysjin/data/CARLA.v20-carla_v20.coco/valid/003814_png.rf.9123d8ff8e23490d6f5201cb816e4fc2.jpg 548,170,621,249,0,0.884148
/home/dysjin/data/CARLA.v20-carla_v20.coco/valid/Town01_001500_png.rf.9254a251a5c6eb6313adba6a6adf1620.jpg 386,175,403,191,0,0.954198 284,177,298,192,0,0.009066 272,177,287,192,0,0.001921 295,177,310,192,0,0.001403 391,182,402,199,0,0.001311 308,176,324,193,0,0.001092
/home/dysjin/data/CARLA.v20-carla_v20.coco/valid/005160_png.rf.922d9f2da21b5b11121905df87e629d7.jpg 397,213,431,240,1,0.623104 401,218,427,236,2,0.114300 389,219,423,254,1,0.001387 394,219,416,248,2,0.001080
