/home/dysjin/data/CARLA.v20-carla_v20.coco/valid/Town02_006840_png.rf.a4a970c10202604d1dd8c41fe9097525.jpg 564,178,577,192,0,0.595382 0,168,14,195,2,0.024844 556,183,570,199,0,0.020725 0,154,14,212,1,0.020097 544,184,557,201,0,0.013021 557,168,570,183,0,0.011313 544,176,557,192,0,0.008270 572,179,586,192,0,0.005722 557,170,581,195,0,0.003093 0,145,17,200,1,0.002365 441,187,454,203,0,0.002272 1,160,15,188,2,0.002222 543,167,555,183,0,0.001893 0,167,24,201,0,0.001183
/home/dysjin/data/CARLA.v20-carla_v20.coco/valid/Town02_002640_png.rf.ac6bee6a9e4c4b2a1e149670c97196c1.jpg 390,173,405,189,0,0.436999
/home/dysjin/data/CARLA.v20-carla_v20.coco/valid/007096_png.rf.a26873f70f1467f54f0fd09ea8c1731b.jpg 547,167,615,253,0,0.410750 545,176,613,256,1,0.275208
/home/dysjin/data/CARLA.v20-carla_v20.coco/valid/Town02_006480_png.rf.aec43468267a9993201d034f7031ee5c.jpg 347,177,361,190,0,0.466588 355,169,366,183,0,0.007719 365,166,376,181,0,0.003463 367,154,379,170,0,0.003191 344,184,359,198,0,0.003150 353,182,367,199,0,0.001604
/home/dysjin/data/CARLA.v20-carla_v20.coco/valid/051305_png.rf.af3e2dc55ae45fc793f7f25eb6fdf7b4.jpg 426,211,466,246,0,0.471488
/home/dysjin/data/CARLA.v20-carla_v20.coco/valid/007291_png.rf.b33e9d647d42777054dfb5f46d23bbad.jpg 385,222,400,238,0,0.473503
/home/dysjin/data/CARLA.v20-carla_v20.coco/valid/003752_png.rf.bb0716bc5b93fa8b10f41577e20a2f35.jpg 396,216,425,243,0,0.543101
/home/dysjin/data/CARLA.v20-carla_v20.coco/valid/005173_png.rf.c24ac196d86260d3a384e12093bfa5ef.jpg 474,191,527,245,0,0.278225 474,181,530,254,1,0.073234
/home/dysjin/data/CARLA.v20-carla_v20.coco/valid/003769_png.rf.c5c0c17fa97551316c57744e9608f796.jpg 497,182,548,245,0,0.195036 489,182,556,251,1,0.191589 472,164,579,275,0,0.001754
/home/dysjin/data/CARLA.v20-carla_v20.coco/valid/004966_png.rf.c9d8d72d0920460b612251c5fddc5770.jpg 430,203,466,241,0,0.440054
/home/dysjin/data/CARLA.v20-carla_v20.coco/valid/001638_png.rf.c98e4c5bc2a68de358073a26469c81b2.jpg 422,210,454,242,0,0.503657
/home/dysjin/data/CARLA.v20-carla_v20.coco/valid/051274_png.rf.d5f64278c64b556983082379a316485f.jpg 566,164,630,256,0,0.425198 561,173,633,259,1,0.224514
/home/dysjin/data/CARLA.v20-carla_v20.coco/valid/Town01_001440_png.rf.e4b4351effd31d5b433710cffb8243e4.jpg 384,175,399,190,0,0.582141 344,175,357,189,0,0.009327 382,182,398,198,0,0.009158 374,172,388,189,0,0.007372
/home/dysjin/data/CARLA.v20-carla_v20.coco/valid/041811_png.rf.e8d4c17844854d24f9b2bec66a8a8889.jpg 49,225,63,241,0,0.511446 50,219,61,235,0,0.013240 47,233,62,248,0,0.008625 41,217,67,245,0,0.007564 54,228,69,241,0,0.004708 42,223,56,239,0,0.001096
/home/dysjin/data/CARLA.v20-carla_v20.coco/valid/001519_png.rf.e42bb854e84b40164ed2795569b2eb6f.jpg 571,219,589,239,0,0.566849 343,225,356,240,0,0.002018 570,214,588,238,1,0.001246
/home/dysjin/data/CARLA.v20-carla_v20.coco/valid/001509_png.rf.ed3baed466e7f65c1a01fb57bf942b65.jpg 571,219,588,239,0,0.573466 343,225,356,240,0,0.004762 568,232,583,248,0,0.001590
/home/dysjin/data/CARLA.v20-carla_v20.coco/valid/026829_png.rf.e6f26e62f316568466a95ba7fd18d850.jpg 374,220,391,239,0,0.545365
/home/dysjin/data/CARLA.v20-carla_v20.coco/valid/007076_png.rf.d635d979c35f5dd6da756ef9889aef0b.jpg 395,216,421,243,0,0.493751
/home/dysjin/data/CARLA.v20-carla_v20.coco/valid/Town02_006960_png.rf.eedfb90c1deb0d66a31341acd2e08f4f.jpg 148,161,167,179,0,0.528805 148,169,166,187,0,0.001988
/home/dysjin/data/CARLA.v20-carla_v20.coco/valid/041861_png.rf.f5f3812ca6c536c5c25bea3d596be111.jpg 403,210,431,241,0,0.511429
/home/dysjin/data/CARLA.v20-carla_v20.coco/valid/003755_png.rf.f6343810071c5f5401b5697ef363285d.jpg 407,216,435,243,0,0.545676
/home/dysjin/data/CARLA.v20-carla_v20.coco/valid/001630_png.rf.ff5ced110f03f998a7a6998ddf647fd2.jpg 408,212,437,240,0,0.525332
/home/dysjin/data/CARLA.v20-carla_v20.coco/valid/003751_png.rf.0ff9ef7c8c8e4f5eab52437609a3b501.jpg 394,216,421,243,0,0.535843
/home/dysjin/data/CARLA.v20-carla_v20.coco/valid/Town02_008820_png.rf.135414697b8215dc125af6b125d3058c.jpg 393,188,405,203,0,0.073871 477,177,491,192,0,0.013236 385,188,398,202,0,0.008496 391,197,406,211,0,0.003593 402,188,416,204,0,0.002689 393,181,406,195,0,0.002191 428,179,442,192,0,0.001059 382,197,397,213,0,0.001013
/home/dysjin/data/CARLA.v20-carla_v20.coco/valid/006578_png.rf.21f08e8ed63ab67b3ef05528af8ef9e6.jpg 372,223,386,238,0,0.557390 362,220,391,241,0,0.003553 370,232,385,248,0,0.003529
/home/dysjin/data/CARLA.v20-carla_v20.coco/valid/Town02_006720_png.rf.2632fd4f3d65ff215e84d472badfd870.jpg 564,177,578,193,0,0.585087 0,168,14,195,2,0.022371 0,154,14,212,1,0.018254 557,183,570,200,0,0.012489 557,167,571,183,0,0.008664 544,184,557,202,0,0.008042 572,179,586,192,0,0.004728 557,169,581,195,0,0.004534 0,145,17,200,1,0.002253 343,177,357,190,0,0.002148 1,159,15,188,2,0.002147 441,187,454,203,0,0.002018 467,174,480,190,0,0.001608 468,165,482,180,0,0.001480 543,167,556,183,0,0.001120 0,167,24,202,0,0.001106
/home/dysjin/data/CARLA.v20-carla_v20.coco/valid/007070_png.rf.2316a0a54db7e4a749f421570aadd160.jpg 383,216,403,243,0,0.368470 385,219,405,240,1,0.337562
/home/dysjin/data/CARLA.v20-carla_v20.coco/valid/041819_png.rf.374472e0a0868df264a4100cb7734e35.jpg 176,225,187,239,0,0.525193 172,232,186,249,0,0.006414 166,218,191,243,0,0.001931 179,219,191,235,0,0.001775 165,223,179,239,0,0.001050
/home/dysjin/data/CARLA.v20-carla_v20.coco/valid/003766_png.rf.3dbe103da1003d1fb3bd18ad0d0894b4.jpg 463,203,507,241,0,0.414602
/home/dysjin/data/CARLA.v20-carla_v20.coco/valid/026849_png.rf.52e90800c02b90489d2521817c6942f7.jpg 424,207,457,241,0,0.507314 424,212,458,244,1,0.067848
/home/dysjin/data/CARLA.v20-carla_v20.coco/valid/041864_png.rf.51f1d81198f2e5b7a450f586235760ec.jpg 416,209,442,243,0,0.501953
/home/dysjin/data/CARLA.v20-carla_v20.coco/valid/009044_png.rf.59d4a83882b4b6af242cbd9e0e31ba80.jpg 561,218,577,241,0,0.586935 0,209,14,236,2,0.043381 0,197,16,248,1,0.023664 557,209,578,244,1,0.004576 1,215,13,246,2,0.003481 0,205,18,241,0,0.001377
/home/dysjin/data/CARLA.v20-carla_v20.coco/valid/Town01_010680_png.rf.5537782525200ced228c602e6dcc3456.jpg 370,179,382,192,0,0.532067 362,175,375,190,0,0.007431 360,172,387,195,0,0.001740
/home/dysjin/data/CARLA.v20-carla_v20.coco/valid/007085_png.rf.5a7141063cfddac158b01dce18de1e48.jpg 430,208,465,243,0,0.455335 417,208,469,248,1,0.001987
/home/dysjin/data/CARLA.v20-carla_v20.coco/valid/041820_png.rf.69e77a8e269d90d89efc21e5026a7083.jpg 181,225,194,241,0,0.472934 183,230,197,251,0,0.008787 174,217,199,247,0,0.005640 183,219,194,235,0,0.003412
/home/dysjin/data/CARLA.v20-carla_v20.coco/valid/Town05_016500_png.rf.75b431585ae9c755044e81517b796324.jpg 458,178,475,196,0,0.567774 459,176,479,204,1,0.008496
/home/dysjin/data/CARLA.v20-carla_v20.coco/valid/026847_png.rf.7a28094ba474fb2fab06e58f1ebea83c.jpg 414,208,445,241,0,0.483290 412,213,447,242,1,0.072922
/home/dysjin/data/CARLA.v20-carla_v20.coco/valid/003814_png.rf.9123d8ff8e23490d6f5201cb816e4fc2.jpg 551,169,615,252,0,0.396699 549,177,615,254,1,0.269700
/home/dysjin/data/CARLA.v20-carla_v20.coco/valid/Town01_001500_png.rf.9254a251a5c6eb6313adba6a6adf1620.jpg 386,175,404,193,0,0.446861 380,172,409,196,1,0.012145
/home/dysjin/data/CARLA.v20-carla_v20.coco/valid/005160_png.rf.922d9f2da21b5b11121905df87e629d7.jpg 399,214,432,242,0,0.474259 407,215,432,242,1,0.017060
