/home/dysjin/data/CARLA.v20-carla_v20.coco/valid/Town05_011820_png.rf.a721d4435d03a17b63243ff374e790d2.jpg 10,185,109,228,6,0.884988 309,189,325,199,6,0.059192 318,188,332,198,6,0.058238 246,176,260,188,3,0.004981 66,186,117,226,6,0.004047 296,189,313,199,6,0.003409 258,177,273,190,3,0.002078 267,188,286,198,6,0.001441 0,190,50,226,6,0.001050 281,189,298,198,6,0.001006
/home/dysjin/data/CARLA.v20-carla_v20.coco/valid/Town05_005760_png.rf.a5aa9e8688171e7bfb57f36e4a648f69.jpg 309,186,329,200,6,0.834870 345,177,358,189,3,0.003394 298,186,316,198,6,0.002053 344,166,359,180,3,0.001573 243,164,261,178,3,0.001445
/home/dysjin/data/CARLA.v20-carla_v20.coco/valid/075705_png.rf.9f5447b468e0280dc956a534954f8a5e.jpg 308,241,354,274,6,0.960598 164,245,255,304,6,0.941017 0,247,183,409,6,0.854426 239,239,266,272,6,0.651977 283,240,304,253,6,0.073194 137,240,296,350,6,0.005997 214,246,264,286,6,0.003403 511,210,549,292,2,0.002126 0,215,88,480,6,0.001686 0,94,239,480,6,0.001358 253,238,270,263,6,0.001342 231,240,256,260,6,0.001297
/home/dysjin/data/CARLA.v20-carla_v20.coco/valid/Town02_006840_png.rf.a4a970c10202604d1dd8c41fe9097525.jpg 575,179,640,222,6,0.823693 563,177,582,196,3,0.171290 0,206,18,232,6,0.012869 342,195,357,212,1,0.010044 117,191,172,219,6,0.002757 0,183,16,236,6,0.002352 0,162,13,230,2,0.002026 561,176,587,209,1,0.001792 0,149,13,220,2,0.001470 583,184,613,227,6,0.001453
/home/dysjin/data/CARLA.v20-carla_v20.coco/valid/Town02_002640_png.rf.ac6bee6a9e4c4b2a1e149670c97196c1.jpg 261,196,291,214,6,0.801509 300,191,363,245,6,0.787133 392,175,409,191,3,0.265812 331,186,366,234,6,0.014658 274,192,300,207,6,0.013135 293,190,312,205,6,0.006808 305,188,324,203,6,0.005822 58,187,83,235,2,0.001032
/home/dysjin/data/CARLA.v20-carla_v20.coco/valid/007096_png.rf.a26873f70f1467f54f0fd09ea8c1731b.jpg 542,173,621,248,5,0.383272 546,168,619,253,3,0.244330 544,162,623,270,4,0.006117
/home/dysjin/data/CARLA.v20-carla_v20.coco/valid/041683_png.rf.abc13a183255cbb5f9aeca7d55d8b4c0.jpg 297,235,336,318,0,0.215542
/home/dysjin/data/CARLA.v20-carla_v20.coco/valid/041699_png.rf.a4a6f7fb7672ac47b317ec4fe3e21c97.jpg 298,236,335,316,0,0.253792 441,212,459,232,3,0.001012
/home/dysjin/data/CARLA.v20-carla_v20.coco/valid/Town02_006480_png.rf.aec43468267a9993201d034f7031ee5c.jpg 353,175,370,189,3,0.025877 345,167,362,183,3,0.005022 293,198,308,213,0,0.001440
/home/dysjin/data/CARLA.v20-carla_v20.coco/valid/Town02_003060_png.rf.b28380c7e6ad26a4ccdfda39d4db7f85.jpg 554,191,638,221,6,0.721103 541,190,586,221,6,0.024098 608,186,637,225,6,0.021879 615,164,640,272,6,0.003641 623,184,640,212,6,0.002490
/home/dysjin/data/CARLA.v20-carla_v20.coco/valid/Town01_009120_png.rf.b3886317404f3c307752dac4625c4b0e.jpg 306,195,332,211,6,0.781047 19,205,71,235,6,0.010955 370,196,430,220,6,0.010578 296,194,317,206,6,0.009898 323,192,346,204,6,0.003606 429,177,447,190,3,0.002771 319,166,333,181,3,0.002354 337,191,394,219,6,0.002058 367,178,386,196,3,0.001480 337,190,363,201,6,0.001066
/home/dysjin/data/CARLA.v20-carla_v20.coco/valid/051305_png.rf.af3e2dc55ae45fc793f7f25eb6fdf7b4.jpg 423,205,462,245,3,0.712474 429,211,455,245,4,0.032371
/home/dysjin/data/CARLA.v20-carla_v20.coco/valid/007291_png.rf.b33e9d647d42777054dfb5f46d23bbad.jpg 384,221,405,239,3,0.707635
/home/dysjin/data/CARLA.v20-carla_v20.coco/valid/Town05_005820_png.rf.abc3e70595852b4f2320e8b55c805a27.jpg 301,191,338,218,6,0.864789 356,177,373,189,3,0.001219
/home/dysjin/data/CARLA.v20-carla_v20.coco/valid/Town05_006960_png.rf.9d31f2ffd8a1d723122d28555c0e3321.jpg 282,187,297,210,0,0.299823 0,188,263,380,6,0.005099 271,189,293,207,6,0.001320
/home/dysjin/data/CARLA.v20-carla_v20.coco/valid/Town02_009720_png.rf.b20474373a38fe973889a895d5aba03e.jpg 292,206,345,254,6,0.777723 192,177,211,193,3,0.068679 269,189,281,207,2,0.067583 267,196,281,210,0,0.010957 611,173,633,192,3,0.001788
/home/dysjin/data/CARLA.v20-carla_v20.coco/valid/Town01_002220_png.rf.9b6e376c042a4b43cdf2a33f00250d62.jpg 204,213,446,361,6,0.875698 284,189,317,202,6,0.012675 282,187,302,202,0,0.005794 207,98,442,380,6,0.003254 330,188,347,204,0,0.001856 321,187,335,202,0,0.001487 626,208,640,236,6,0.001232
/home/dysjin/data/CARLA.v20-carla_v20.coco/valid/Town01_003900_png.rf.b43a572a2d61a01bb389880cf86179de.jpg 203,211,447,360,6,0.871495 329,192,353,205,6,0.011317 0,196,17,218,6,0.004646 0,191,44,224,6,0.002979 0,171,16,223,6,0.002531 337,195,358,213,6,0.002404 2,181,58,214,6,0.001476
/home/dysjin/data/CARLA.v20-carla_v20.coco/valid/029067_png.rf.b686edaf28a0971571945f7b069613d5.jpg 543,229,582,350,2,0.913794 396,232,409,261,2,0.020214 342,214,360,229,3,0.001322
/home/dysjin/data/CARLA.v20-carla_v20.coco/valid/Town02_004200_png.rf.b4d2f32e1287253b4f35bf521927be39.jpg 265,190,294,207,6,0.817304 290,189,310,200,6,0.006897 305,188,324,197,6,0.003595 356,188,372,201,3,0.001100 367,187,384,202,3,0.001034
/home/dysjin/data/CARLA.v20-carla_v20.coco/valid/Town02_002100_png.rf.b49da10e2c41ab65d4c132e46f15d3e3.jpg 299,196,334,288,1,0.750580 271,190,290,203,6,0.544854 309,189,325,203,6,0.186445 1,186,18,209,6,0.104068 295,191,311,202,6,0.007879 307,194,327,214,6,0.004772 257,189,280,202,6,0.003249 308,181,324,193,6,0.001214
/home/dysjin/data/CARLA.v20-carla_v20.coco/valid/003752_png.rf.bb0716bc5b93fa8b10f41577e20a2f35.jpg 399,214,425,244,3,0.565846 397,216,423,240,4,0.277304 305,237,325,254,6,0.030213
/home/dysjin/data/CARLA.v20-carla_v20.coco/valid/138327_png.rf.b4aecc174d58e25a6e680c2468864172.jpg 15,232,41,304,2,0.721479 0,235,17,305,2,0.014099 25,236,50,298,2,0.007356 233,235,248,252,2,0.001959
/home/dysjin/data/CARLA.v20-carla_v20.coco/valid/Town05_009600_png.rf.b886b3525f44da0ae66796230d91b958.jpg 99,186,214,237,6,0.917867 373,188,411,210,6,0.885510 465,191,503,214,6,0.841514 583,183,635,208,6,0.729459 528,185,545,199,6,0.086823 90,202,163,237,6,0.045524 411,186,432,199,6,0.043112 436,190,463,202,6,0.027748 571,188,604,204,6,0.025010 368,187,393,204,6,0.017506 161,189,224,225,6,0.011976 397,188,422,205,6,0.009151 426,187,449,198,6,0.008147 624,173,640,217,6,0.003427 568,159,632,212,6,0.002333 441,185,491,211,6,0.002093 455,190,476,206,6,0.001982 520,187,535,200,6,0.001701 536,185,553,199,1,0.001039 608,180,640,214,6,0.001022
/home/dysjin/data/CARLA.v20-carla_v20.coco/valid/Town01_002340_png.rf.b8976b6d8f366e29aeb47fb3b3146b33.jpg 204,213,445,362,6,0.875974 279,187,298,207,0,0.075696 282,183,328,209,6,0.005681 270,188,290,203,0,0.004204 330,188,347,203,6,0.001686 626,209,640,236,6,0.001395 301,187,324,200,6,0.001260 320,187,335,202,0,0.001209
/home/dysjin/data/CARLA.v20-carla_v20.coco/valid/Town05_009780_png.rf.c3069a0d7ec82f2e1960c0497cec36fe.jpg 287,194,358,249,6,0.519819 371,187,383,201,2,0.014113 432,207,470,236,6,0.012757 304,191,325,203,6,0.006038 313,192,337,204,6,0.003789 268,188,287,199,6,0.003672 257,187,274,198,6,0.001799 295,189,312,203,0,0.001723
/home/dysjin/data/CARLA.v20-carla_v20.coco/valid/Town05_002700_png.rf.b9dfa75f628efa31633800bb9dfee796.jpg 365,187,389,196,6,0.513749 357,180,399,196,6,0.088791 389,180,406,194,6,0.017177 354,181,375,195,6,0.009939 345,180,360,194,1,0.003624 348,185,360,197,0,0.001865 374,174,420,194,6,0.001237
/home/dysjin/data/CARLA.v20-carla_v20.coco/valid/005173_png.rf.c24ac196d86260d3a384e12093bfa5ef.jpg 468,188,532,248,5,0.349550 471,187,528,239,4,0.301171
/home/dysjin/data/CARLA.v20-carla_v20.coco/valid/Town01_005820_png.rf.c9053a957ff7561268673aaec9e095f0.jpg 295,190,340,316,1,0.859383 344,177,362,188,3,0.083412 309,189,325,202,6,0.011186 396,190,435,221,6,0.009239 159,185,173,211,2,0.007030 400,189,430,222,2,0.004951 394,183,414,226,2,0.003781 169,195,187,221,2,0.001991 175,200,204,217,6,0.001963 398,195,428,219,1,0.001712 168,188,184,211,2,0.001520 239,197,402,318,6,0.001379 627,232,640,260,6,0.001369
/home/dysjin/data/CARLA.v20-carla_v20.coco/valid/Town01_011580_png.rf.c8aa9ea674a7d69974d55bf63b55ddbf.jpg 580,189,640,222,6,0.871688 259,192,292,206,6,0.831983 314,187,333,196,6,0.083825 582,165,639,209,6,0.014274 621,186,637,226,6,0.013006 555,177,572,195,3,0.007607 416,198,438,215,1,0.004296 600,157,640,192,6,0.004289 388,191,409,206,1,0.002929 620,160,639,212,6,0.002776 593,196,630,214,6,0.002731 497,178,519,192,3,0.002623 380,190,401,205,6,0.002395 545,177,624,221,6,0.002386 462,196,539,246,6,0.002211 601,134,636,235,6,0.002089 35,193,84,222,6,0.001672 553,177,574,216,6,0.001665 161,195,173,216,2,0.001640 609,163,637,183,6,0.001305 486,187,510,201,6,0.001195 630,203,640,228,6,0.001131 578,0,634,285,6,0.001120 168,196,183,214,2,0.001040 382,196,398,212,1,0.001026
/home/dysjin/data/CARLA.v20-carla_v20.coco/valid/Town01_007440_png.rf.bed11eeb1dde416bf8789b24a8a5c0f8.jpg 535,170,634,224,6,0.919049 259,191,278,207,1,0.252892 261,192,284,206,6,0.120027 525,177,554,214,6,0.102094 276,190,300,200,6,0.003784 291,189,313,198,6,0.003345 247,192,266,205,6,0.001600 78,194,108,268,2,0.001254
/home/dysjin/data/CARLA.v20-carla_v20.coco/valid/Town05_011760_png.rf.c548e0a947d80bc036151e4db99afcfa.jpg 0,201,216,325,6,0.862181 311,184,324,201,0,0.249499 298,186,314,197,6,0.007081 308,181,324,197,1,0.006482 173,202,365,312,6,0.006304 344,179,358,190,3,0.003625 0,0,330,380,6,0.001678 281,181,301,192,6,0.001429
/home/dysjin/data/CARLA.v20-carla_v20.coco/valid/075708_png.rf.c1818fa586a2b613b2806f928a933d9d.jpg 309,241,352,274,6,0.964254 166,241,255,303,6,0.936508 0,242,180,410,6,0.849189 237,240,266,271,6,0.320389 250,243,270,271,1,0.004655 134,237,298,348,6,0.004391 281,240,305,253,6,0.004188 0,221,93,478,6,0.002086 0,102,226,480,6,0.001613 231,241,256,260,6,0.001504 214,247,264,286,6,0.001501
/home/dysjin/data/CARLA.v20-carla_v20.coco/valid/Town05_009900_png.rf.c90bd5781f975f44de47fd794a1f9ac6.jpg 355,197,437,251,6,0.911947 404,180,420,193,3,0.193766 331,187,345,202,1,0.167441 412,179,429,192,3,0.027421 340,187,355,201,1,0.026176 391,182,411,194,6,0.014742 378,182,399,194,6,0.014061 322,188,339,200,6,0.009284 377,183,427,209,6,0.003268 370,180,387,193,6,0.003150 440,179,463,191,6,0.002227 332,181,348,197,3,0.002105 413,187,434,252,0,0.001744 417,185,431,203,3,0.001542 209,200,222,214,0,0.001363
/home/dysjin/data/CARLA.v20-carla_v20.coco/valid/Town05_009660_png.rf.cc2e0d6a11c64dbe092a6e9321c6a170.jpg 232,194,418,331,6,0.887411 403,186,476,210,6,0.830205 342,180,357,208,0,0.243730 611,186,636,201,6,0.077970 625,183,640,206,6,0.029767 209,186,227,198,6,0.010674 335,184,351,204,0,0.005190 215,185,233,199,0,0.003865 348,178,373,192,6,0.003407 255,179,274,194,6,0.002760 78,0,580,380,6,0.001593
/home/dysjin/data/CARLA.v20-carla_v20.coco/valid/003769_png.rf.c5c0c17fa97551316c57744e9608f796.jpg 491,188,555,248,3,0.343888 496,187,550,249,4,0.254786 305,239,327,256,6,0.019326
/home/dysjin/data/CARLA.v20-carla_v20.coco/valid/121197_png.rf.c99e70822c663f40252f74e6b2ad5094.jpg 239,250,413,376,6,0.825871
/home/dysjin/data/CARLA.v20-carla_v20.coco/valid/004966_png.rf.c9d8d72d0920460b612251c5fddc5770.jpg 429,201,466,247,3,0.486974 432,206,462,250,4,0.058456
/home/dysjin/data/CARLA.v20-carla_v20.coco/valid/Town01_006240_png.rf.cc5628eb556a5a5bd1824a8d19313b41.jpg 315,193,328,215,1,0.337801 608,152,638,253,2,0.234971 297,190,313,200,6,0.121295 363,178,383,190,3,0.095411 0,188,12,252,2,0.026662 314,182,329,213,0,0.020094 622,164,640,229,6,0.015243 615,148,639,285,6,0.007891 601,164,640,208,6,0.007696 402,166,420,179,3,0.004100 0,201,12,257,2,0.003765
/home/dysjin/data/CARLA.v20-carla_v20.coco/valid/001638_png.rf.c98e4c5bc2a68de358073a26469c81b2.jpg 422,210,453,242,3,0.754607 151,227,174,242,3,0.013219 424,217,448,239,4,0.011425
/home/dysjin/data/CARLA.v20-carla_v20.coco/valid/051274_png.rf.d5f64278c64b556983082379a316485f.jpg 558,172,633,249,5,0.438331 556,169,623,248,4,0.357285 567,175,630,256,3,0.209111 357,227,374,244,3,0.003106
/home/dysjin/data/CARLA.v20-carla_v20.coco/valid/Town01_001440_png.rf.e4b4351effd31d5b433710cffb8243e4.jpg 384,174,402,192,3,0.704432 343,179,358,192,3,0.009791 0,220,14,243,6,0.002643 271,178,286,191,3,0.001752 335,180,350,193,3,0.001450
/home/dysjin/data/CARLA.v20-carla_v20.coco/valid/019121_png.rf.deb86464dd224ac85f75272f851fc0a8.jpg 505,237,566,258,6,0.888994 536,237,576,254,6,0.217288 499,241,530,257,6,0.063612 193,233,207,262,2,0.001188
/home/dysjin/data/CARLA.v20-carla_v20.coco/valid/041811_png.rf.e8d4c17844854d24f9b2bec66a8a8889.jpg 45,222,65,242,3,0.461158 0,235,12,302,2,0.056939 1,229,16,287,2,0.031234 0,231,31,261,6,0.021335 0,215,30,297,2,0.006935 0,239,40,272,6,0.005112 1,244,14,272,6,0.003894 49,216,64,238,4,0.003798 0,186,29,284,2,0.002243 2,222,18,273,2,0.001982 0,236,11,323,2,0.001680 627,212,639,280,6,0.001665
/home/dysjin/data/CARLA.v20-carla_v20.coco/valid/041657_png.rf.e06a4a0ae870ee5d8dbe97fc65b5b666.jpg 304,239,332,308,0,0.390536 283,231,349,316,0,0.001703
/home/dysjin/data/CARLA.v20-carla_v20.coco/valid/001519_png.rf.e42bb854e84b40164ed2795569b2eb6f.jpg 571,223,590,242,3,0.825272 340,229,360,243,3,0.006923
/home/dysjin/data/CARLA.v20-carla_v20.coco/valid/Town02_005280_png.rf.ec981f5d8aec80a53ec1f9961c2321af.jpg 42,194,122,223,6,0.850487 161,194,210,270,1,0.505354 94,196,133,220,6,0.192342 0,196,18,218,6,0.130897 179,191,208,254,0,0.053350 628,203,640,260,6,0.003710 184,197,201,225,0,0.002665 0,185,15,212,6,0.001812 0,205,15,226,6,0.001518 166,204,218,258,6,0.001463 87,198,258,299,6,0.001348 605,58,634,195,6,0.001152 585,37,628,184,5,0.001035
/home/dysjin/data/CARLA.v20-carla_v20.coco/valid/001509_png.rf.ed3baed466e7f65c1a01fb57bf942b65.jpg 571,223,589,243,3,0.805908 341,228,359,243,3,0.008163 570,233,584,248,3,0.001548 340,233,358,252,2,0.001365
/home/dysjin/data/CARLA.v20-carla_v20.coco/valid/033890_png.rf.e368755037cdc345b45b625d64db27a1.jpg 593,230,631,338,2,0.909041 244,250,428,370,6,0.833681 624,251,639,340,2,0.003891 81,236,99,281,2,0.002133 121,234,138,261,2,0.001877
/home/dysjin/data/CARLA.v20-carla_v20.coco/valid/075724_png.rf.e0c3e9a2b7f318c71e76ccdcb0dda6a1.jpg 295,240,335,273,6,0.949417 53,243,223,342,6,0.788820 191,243,245,280,6,0.770326 0,254,73,445,6,0.688521 0,226,74,480,6,0.084247 269,239,292,252,6,0.062980 127,246,231,308,6,0.061039 222,240,247,277,6,0.005363 24,189,251,387,6,0.001547 204,255,233,277,6,0.001380 611,237,636,260,6,0.001087 0,262,78,351,6,0.001067 0,154,87,416,6,0.001061
/home/dysjin/data/CARLA.v20-carla_v20.coco/valid/112477_png.rf.ecf5d82849f8b68362ce65c8d2645a1c.jpg 337,233,360,299,2,0.859815 609,236,639,255,6,0.005416
/home/dysjin/data/CARLA.v20-carla_v20.coco/valid/Town02_001980_png.rf.ee7206fcf98c96c61f2900b25e79ce20.jpg 296,202,337,312,1,0.857213 0,190,65,223,6,0.709657 155,181,177,217,2,0.163020 158,190,177,218,1,0.122649 39,184,71,216,1,0.043649 33,191,72,217,6,0.034737 2,185,16,208,6,0.013852 308,187,324,200,6,0.009686 2,186,36,214,6,0.008958 2,194,19,215,6,0.005698 147,182,186,216,1,0.005685 137,181,179,214,6,0.003386 51,192,75,219,2,0.001274 10,191,51,210,6,0.001178
/home/dysjin/data/CARLA.v20-carla_v20.coco/valid/026829_png.rf.e6f26e62f316568466a95ba7fd18d850.jpg 372,220,393,240,3,0.707497 0,221,12,293,2,0.012900 629,267,640,300,6,0.002235 0,231,10,305,2,0.001367 1,214,25,329,2,0.001265
/home/dysjin/data/CARLA.v20-carla_v20.coco/valid/007076_png.rf.d635d979c35f5dd6da756ef9889aef0b.jpg 395,209,421,245,5,0.585518 387,214,428,242,4,0.144335 389,216,420,241,3,0.073913
/home/dysjin/data/CARLA.v20-carla_v20.coco/valid/112475_png.rf.df928fa484eb08e1454caacc1e194352.jpg 334,231,356,301,2,0.819116 609,237,638,255,6,0.003298 377,235,392,261,2,0.001378
/home/dysjin/data/CARLA.v20-carla_v20.coco/valid/Town02_006960_png.rf.eedfb90c1deb0d66a31341acd2e08f4f.jpg 0,178,30,210,6,0.789056 147,165,169,179,3,0.634078 583,173,639,245,6,0.541248 0,145,26,224,6,0.001966 0,194,21,213,6,0.001594 145,167,174,249,2,0.001184
/home/dysjin/data/CARLA.v20-carla_v20.coco/valid/Town05_010860_png.rf.f31c0584fff1474ad2b0f4132e874f7d.jpg 0,183,63,213,6,0.461597 306,178,331,257,0,0.415929 314,185,331,209,0,0.006185 2,196,18,216,6,0.005802 6,197,51,212,6,0.004297 0,162,34,232,6,0.001322 1,184,16,210,6,0.001073
/home/dysjin/data/CARLA.v20-carla_v20.coco/valid/Town05_004800_png.rf.ee7c080c8716cb366969ca625bb6d68b.jpg 240,186,271,203,6,0.887194 213,189,240,203,6,0.319604 346,184,363,202,1,0.265149 183,187,204,200,6,0.022276 194,188,212,204,1,0.007021 330,186,352,199,6,0.004804 320,187,338,199,6,0.004668 345,178,363,207,0,0.003443 627,170,640,200,6,0.002600 519,193,640,380,6,0.002423 352,179,369,199,3,0.002341 143,166,162,181,3,0.002304 240,196,270,208,6,0.001879 343,176,363,201,2,0.001409
/home/dysjin/data/CARLA.v20-carla_v20.coco/valid/Town05_009840_png.rf.f5040ce45ecca2822cb3b1b4ea8a6f61.jpg 290,200,367,251,6,0.868820 295,189,311,204,0,0.008563 272,188,285,202,2,0.002094 304,190,322,204,0,0.001445 347,197,368,242,0,0.001235 283,188,296,204,2,0.001006
/home/dysjin/data/CARLA.v20-carla_v20.coco/valid/041861_png.rf.f5f3812ca6c536c5c25bea3d596be111.jpg 97,246,229,310,6,0.920809 398,208,430,242,3,0.707063 300,235,327,289,0,0.667218 403,218,426,239,4,0.136842 152,236,247,299,6,0.007293 303,249,322,286,1,0.004909
/home/dysjin/data/CARLA.v20-carla_v20.coco/valid/Town02_003120_png.rf.f36fecf8d2ee4965c1f3bddaaaad5f33.jpg 408,192,494,223,6,0.883504 612,182,640,218,6,0.600479 613,195,638,243,6,0.046315 393,193,438,221,6,0.015817 573,185,628,211,6,0.004385 400,193,431,222,1,0.001996 623,204,637,231,6,0.001768
/home/dysjin/data/CARLA.v20-carla_v20.coco/valid/003755_png.rf.f6343810071c5f5401b5697ef363285d.jpg 408,210,433,244,3,0.569165 405,212,431,244,4,0.272533 305,237,327,254,6,0.012011
/home/dysjin/data/CARLA.v20-carla_v20.coco/valid/Town01_003300_png.rf.fae28071a74fa02928094ff14cdbb3aa.jpg 273,199,369,274,6,0.926141 270,191,290,205,6,0.069413 194,198,217,213,1,0.043375 318,191,336,204,6,0.023482 507,180,564,213,3,0.017668 275,195,301,213,6,0.007962 501,179,553,214,6,0.007113 306,192,326,204,6,0.006520 629,202,640,264,6,0.004404 291,192,309,205,6,0.003537 180,198,208,212,6,0.003284 166,189,219,212,6,0.002196 82,188,101,209,2,0.001147 65,190,97,207,6,0.001128 260,190,276,205,6,0.001059
/home/dysjin/data/CARLA.v20-carla_v20.coco/valid/138255_png.rf.fbf65e3e930393318a8312fdaefcae24.jpg 51,236,78,296,2,0.815767 63,230,86,291,2,0.075228 0,235,9,303,2,0.001387
/home/dysjin/data/CARLA.v20-carla_v20.coco/valid/005373_png.rf.f68e0e113c5193c933cbee38c6a6bc2d.jpg 145,234,159,265,2,0.739799 157,235,169,264,2,0.661869 138,230,154,267,2,0.222842 168,235,179,264,2,0.011455 565,40,635,107,6,0.003473 0,242,13,292,2,0.001993 0,253,13,287,6,0.001612 166,237,180,279,2,0.001255
/home/dysjin/data/CARLA.v20-carla_v20.coco/valid/001630_png.rf.ff5ced110f03f998a7a6998ddf647fd2.jpg 409,213,435,240,3,0.760137 510,226,531,244,3,0.003151 165,226,186,242,3,0.001431
/home/dysjin/data/CARLA.v20-carla_v20.coco/valid/006662_png.rf.fa42143249c7b6a780238796639341d3.jpg 462,230,500,312,2,0.744404
/home/dysjin/data/CARLA.v20-carla_v20.coco/valid/Town05_004860_png.rf.f5c138159cbce172c63fa9a736f9c655.jpg 239,187,271,203,6,0.869553 213,189,240,203,6,0.333722 346,183,363,202,1,0.274041 183,187,203,200,6,0.012604 346,178,363,207,0,0.004816 193,188,212,204,1,0.004735 520,194,640,380,6,0.003926 351,179,369,199,3,0.003843 331,186,351,200,6,0.003361 320,187,337,200,6,0.003282 627,169,640,200,6,0.002287 143,166,162,181,3,0.002014 240,196,269,208,6,0.001995 343,176,363,201,2,0.001623
/home/dysjin/data/CARLA.v20-carla_v20.coco/valid/Town01_008460_png.rf.03f3160d63f090b29499596ec3c8c4b5.jpg 15,194,142,247,6,0.947837 538,185,630,231,6,0.578744 538,200,563,218,6,0.028784 573,183,624,215,6,0.019048 622,184,638,228,6,0.014408 427,197,478,215,6,0.013286 590,190,640,222,6,0.005641 584,185,615,204,6,0.003772 0,145,172,266,6,0.002583 235,195,251,213,1,0.002581 240,197,258,213,0,0.001378 628,170,640,199,6,0.001062
/home/dysjin/data/CARLA.v20-carla_v20.coco/valid/005508_png.rf.0ab3da1b4970047c9b42e5bbe5d4e6f1.jpg 30,231,57,282,2,0.896101 87,229,124,314,2,0.437651 23,223,58,300,1,0.006143 66,222,111,299,2,0.002441 37,223,75,290,2,0.001963
/home/dysjin/data/CARLA.v20-carla_v20.coco/valid/Town01_006180_png.rf.089d25ecaf49fe28c7f3bf0c3614732b.jpg 312,193,326,214,1,0.300912 315,187,327,212,2,0.272387 398,177,420,190,3,0.038381 311,184,327,214,0,0.016683 355,178,373,189,3,0.012148 27,209,88,235,6,0.006374 363,178,382,191,3,0.003741 316,180,326,197,2,0.002142 298,191,315,204,6,0.001760
/home/dysjin/data/CARLA.v20-carla_v20.coco/valid/Town02_008340_png.rf.044a76656e2e2fe428cd425926d9acbe.jpg 545,190,624,222,6,0.924200 161,194,239,243,6,0.791280 598,182,640,217,6,0.016740 625,175,640,220,6,0.015590 268,186,289,198,6,0.014693 408,184,427,224,2,0.003759 146,213,218,248,6,0.002491 305,188,323,200,6,0.002198 629,157,640,185,6,0.001079
/home/dysjin/data/CARLA.v20-carla_v20.coco/valid/075710_png.rf.0b62bb94157d1f2113ac6bbefe158022.jpg 310,241,350,273,6,0.957165 165,242,254,303,6,0.940140 1,245,181,409,6,0.855133 238,239,266,273,6,0.318031 134,239,297,349,6,0.005318 250,243,270,272,1,0.003144 280,240,305,253,6,0.002845 0,89,237,480,6,0.001460 0,180,57,480,6,0.001460 214,247,264,286,6,0.001436 0,231,78,480,6,0.001014
/home/dysjin/data/CARLA.v20-carla_v20.coco/valid/041689_png.rf.0d648fbd58416a80b414e4503d51c42e.jpg 303,241,332,307,0,0.452067
/home/dysjin/data/CARLA.v20-carla_v20.coco/valid/003751_png.rf.0ff9ef7c8c8e4f5eab52437609a3b501.jpg 396,213,420,244,3,0.600632 395,218,416,239,4,0.186302 306,237,325,254,6,0.152290
/home/dysjin/data/CARLA.v20-carla_v20.coco/valid/Town02_008820_png.rf.135414697b8215dc125af6b125d3058c.jpg 276,215,367,339,6,0.876602 509,177,560,211,6,0.850054 526,176,619,222,6,0.036957 500,176,522,195,3,0.026154 387,187,412,203,3,0.016217 136,177,163,194,3,0.013248 388,182,436,210,6,0.007366 0,178,14,240,6,0.003991 389,180,409,196,3,0.002313 0,205,13,234,6,0.001386
/home/dysjin/data/CARLA.v20-carla_v20.coco/valid/006664_png.rf.1466f666c872e94bac27eba56bbdfb5b.jpg 478,232,522,324,2,0.840524
/home/dysjin/data/CARLA.v20-carla_v20.coco/valid/014570_png.rf.1235b2ca71c181a49fda1bb53eaa19cd.jpg 432,230,456,283,2,0.924034 58,237,130,262,6,0.876172 302,237,332,264,6,0.712625 0,213,10,279,2,0.008263 0,221,10,290,2,0.006700 416,235,441,276,2,0.004407 427,212,460,310,1,0.002001 328,236,340,259,2,0.001611 0,206,25,304,2,0.001347 368,235,381,258,2,0.001283
/home/dysjin/data/CARLA.v20-carla_v20.coco/valid/112550_png.rf.1ca2fa82e03653536df85cf5faf5753c.jpg 519,229,554,323,2,0.615433 589,233,636,255,6,0.008843
/home/dysjin/data/CARLA.v20-carla_v20.coco/valid/Town02_000780_png.rf.16d5987bcdc7d08470c1b3e757e128e5.jpg 278,188,302,201,6,0.797805 303,202,344,309,1,0.773999 45,186,115,216,6,0.702421 74,187,107,211,6,0.076378 320,185,335,200,6,0.030411 598,181,640,212,6,0.013119 331,181,349,194,6,0.007231 290,182,309,196,6,0.004401 31,191,89,218,6,0.003348 310,186,324,200,0,0.003251 380,177,397,194,3,0.003184 0,180,15,237,6,0.002397 280,182,315,207,6,0.002267 307,181,325,194,6,0.001393 343,181,360,193,3,0.001365
/home/dysjin/data/CARLA.v20-carla_v20.coco/valid/Town02_001500_png.rf.1e8a22666698f8954863a9939bc59942.jpg 178,190,213,217,6,0.400555 183,182,218,221,1,0.164278 607,197,636,302,2,0.003926
/home/dysjin/data/CARLA.v20-carla_v20.coco/valid/Town05_004620_png.rf.0e4a190ca586e0e90df6b90be2c83f5b.jpg 387,178,464,210,6,0.840646 341,181,363,197,6,0.421986 282,186,298,199,6,0.136350 589,184,636,212,6,0.034154 625,181,640,208,6,0.016941 569,190,631,230,6,0.010712 219,187,239,198,6,0.007453 270,187,290,199,6,0.003992 337,185,350,198,6,0.003692 625,190,640,252,6,0.002891 291,186,305,198,0,0.002888 613,180,640,213,6,0.001550
/home/dysjin/data/CARLA.v20-carla_v20.coco/valid/006578_png.rf.21f08e8ed63ab67b3ef05528af8ef9e6.jpg 259,238,295,254,6,0.761681 371,223,388,238,3,0.739900 0,202,14,264,6,0.001333 616,238,640,355,2,0.001074
/home/dysjin/data/CARLA.v20-carla_v20.coco/valid/Town01_004320_png.rf.1f6552094735eb0bd49b614b7e584c58.jpg 259,198,373,293,6,0.675769 320,188,337,201,6,0.011067 363,152,382,167,3,0.006407 331,187,345,205,0,0.004652 304,187,324,200,6,0.003481 187,185,199,204,2,0.002766
/home/dysjin/data/CARLA.v20-carla_v20.coco/valid/Town02_006720_png.rf.2632fd4f3d65ff215e84d472badfd870.jpg 266,193,293,207,6,0.864300 574,179,640,222,6,0.818864 563,177,583,197,3,0.120535 0,206,18,232,6,0.013494 343,195,357,212,1,0.008702 0,182,16,236,6,0.002312 0,162,13,230,2,0.002097 561,177,589,208,1,0.001617 117,191,171,219,6,0.001569 0,149,13,220,2,0.001517 584,184,612,227,6,0.001358 617,183,639,228,6,0.001156
/home/dysjin/data/CARLA.v20-carla_v20.coco/valid/Town05_006900_png.rf.2eaa1f5f6de8c6bffcd968f78f2f53b4.jpg 234,184,262,226,1,0.839785 234,173,261,231,0,0.051671 0,189,257,380,6,0.007322
/home/dysjin/data/CARLA.v20-carla_v20.coco/valid/005482_png.rf.1eef94cb1d26525ab4b64d28fc9be58d.jpg 3,228,32,319,2,0.680750 3,219,25,360,2,0.013835
/home/dysjin/data/CARLA.v20-carla_v20.coco/valid/138251_png.rf.2622df013f55b1f57387212b95c87241.jpg 73,234,95,289,2,0.719513 195,235,209,257,2,0.001367 61,235,99,291,1,0.001184 81,247,95,292,2,0.001158
/home/dysjin/data/CARLA.v20-carla_v20.coco/valid/007070_png.rf.2316a0a54db7e4a749f421570aadd160.jpg 384,219,402,239,5,0.333381 375,218,408,240,3,0.050993
/home/dysjin/data/CARLA.v20-carla_v20.coco/valid/Town05_010920_png.rf.2325292b5e147dc41c10fe128f6256f9.jpg 300,173,348,295,0,0.900216 248,194,399,310,6,0.023761 304,179,326,193,6,0.013305 294,179,313,192,6,0.010830 578,167,640,196,6,0.003878 622,158,638,208,6,0.002338
/home/dysjin/data/CARLA.v20-carla_v20.coco/valid/Town01_006420_png.rf.2b897cd6227874bc930ae1c7e17e3b3b.jpg 311,188,324,209,1,0.371151 379,175,393,191,3,0.042820 297,189,315,200,6,0.014546 310,181,324,211,0,0.008676 347,176,360,188,3,0.005638 604,154,636,247,6,0.005487 379,182,393,204,2,0.005100 313,183,329,209,2,0.004692 352,178,370,189,3,0.002385 623,179,638,239,6,0.001942 0,192,14,246,2,0.001373
/home/dysjin/data/CARLA.v20-carla_v20.coco/valid/Town05_006780_png.rf.253c814d6e368b92a888141244ca1a16.jpg 169,183,213,264,0,0.428106 195,174,209,191,0,0.019181 176,191,210,253,1,0.002808 187,176,201,193,0,0.001657 174,179,206,299,1,0.001538 94,196,259,298,6,0.001429 353,179,377,195,3,0.001053 194,184,209,206,0,0.001018
/home/dysjin/data/CARLA.v20-carla_v20.coco/valid/Town01_008280_png.rf.2f69ce357d9638b109b359e31c238ab4.jpg 68,186,112,208,6,0.493470 278,195,322,208,6,0.357725 314,195,334,207,6,0.144052 529,218,627,278,6,0.056681 391,202,439,220,6,0.053573 441,196,485,223,6,0.028313 268,192,290,206,1,0.016277 381,201,396,220,2,0.009804 182,186,200,211,2,0.007197 401,209,429,223,6,0.004128 1,195,62,221,6,0.004039 386,204,412,219,2,0.001917 626,170,640,197,6,0.001685
/home/dysjin/data/CARLA.v20-carla_v20.coco/valid/Town01_005100_png.rf.262bb9c3104b14f5fb633de3dafd0a52.jpg 579,167,640,204,6,0.104189 578,195,600,218,6,0.019316 1,185,17,205,6,0.010896 38,185,100,210,6,0.009834 2,190,34,205,6,0.005077 582,176,609,219,1,0.005030 582,190,605,222,0,0.003519 622,159,638,209,6,0.003259 145,199,159,214,2,0.002259 326,179,346,218,2,0.002014 135,198,150,214,2,0.001341 157,196,223,221,6,0.001320 612,168,640,202,6,0.001232 627,145,640,173,6,0.001108 37,189,74,202,6,0.001080 304,199,326,218,1,0.001034 568,178,609,217,6,0.001013
/home/dysjin/data/CARLA.v20-carla_v20.coco/valid/Town01_011940_png.rf.2554f5ab3ce2122d2ef300838472450f.jpg 566,195,606,224,6,0.581396 203,178,271,230,6,0.523220 329,188,346,200,1,0.019818 264,185,290,202,6,0.005374 1,179,42,216,6,0.005101 305,189,325,200,6,0.003599 248,177,276,220,1,0.002847 541,194,589,222,6,0.002580 320,190,336,202,6,0.001736 337,189,358,201,6,0.001692 625,182,640,211,6,0.001554 239,176,287,219,6,0.001245 627,191,640,253,6,0.001044
/home/dysjin/data/CARLA.v20-carla_v20.coco/valid/041684_png.rf.2f70db5ab75442cd11fffa13a776ae97.jpg 298,235,336,318,0,0.231528
/home/dysjin/data/CARLA.v20-carla_v20.coco/valid/Town05_010980_png.rf.2071755951cd753466eb2cc53fd2fe0c.jpg 305,182,341,282,0,0.834586 0,190,341,380,6,0.067417 263,186,289,198,6,0.006017
/home/dysjin/data/CARLA.v20-carla_v20.coco/valid/112459_png.rf.33bdc5bd58f0f631808a95c4ceb9a78f.jpg 291,229,314,295,2,0.918628 608,236,639,255,6,0.005570 283,227,315,301,1,0.001112
/home/dysjin/data/CARLA.v20-carla_v20.coco/valid/041653_png.rf.31aa86a50239c7e6cbc52c66846dac06.jpg 305,238,331,308,0,0.539662
/home/dysjin/data/CARLA.v20-carla_v20.coco/valid/041819_png.rf.374472e0a0868df264a4100cb7734e35.jpg 13,240,75,263,6,0.844144 173,224,189,240,3,0.629705 113,241,136,298,2,0.397478 19,247,48,263,6,0.004682 102,245,138,295,1,0.003195 562,175,634,231,6,0.001654 164,217,177,234,3,0.001396 105,232,137,303,0,0.001344 164,223,179,239,4,0.001156
/home/dysjin/data/CARLA.v20-carla_v20.coco/valid/Town05_010800_png.rf.3489607b659edfbc485537135e06f34b.jpg 0,194,131,270,6,0.771256 306,178,331,257,0,0.505031 129,185,178,206,6,0.323479 309,183,326,207,0,0.011190 295,181,313,194,6,0.005610 151,186,174,201,6,0.005406 295,184,313,199,0,0.003285 310,197,336,258,1,0.002548 122,190,142,206,0,0.001940 304,180,324,194,6,0.001775 283,186,300,198,6,0.001721 561,125,634,178,6,0.001603 316,181,334,193,6,0.001445 344,179,359,192,3,0.001078 89,186,263,296,6,0.001039
/home/dysjin/data/CARLA.v20-carla_v20.coco/valid/Town02_001080_png.rf.2d29b90fb99ccf7727caeaa1914436b4.jpg 277,187,299,201,6,0.882648 102,193,222,275,6,0.849683 0,212,76,380,6,0.835726 304,202,343,307,1,0.777194 318,182,332,202,0,0.165881 317,180,334,196,6,0.096819 2,164,79,380,6,0.019663 598,181,640,212,6,0.012373 18,186,72,212,6,0.011494 311,186,326,200,0,0.008398 329,181,348,194,6,0.006341 0,197,17,218,6,0.006056 184,193,346,303,6,0.004908 276,182,320,208,6,0.003335 0,126,70,380,6,0.002201 288,182,311,195,6,0.001957 0,193,46,223,6,0.001329 259,189,278,201,6,0.001310 0,207,16,230,6,0.001232 380,177,396,194,3,0.001157 0,185,16,210,6,0.001014
/home/dysjin/data/CARLA.v20-carla_v20.coco/valid/Town02_005700_png.rf.39e8547ff43ddaa06ed2b24f114c8a27.jpg 243,192,403,334,6,0.824461 283,185,302,200,6,0.783068 557,190,593,204,6,0.206419 316,185,333,197,6,0.027213 275,187,290,199,6,0.014267 303,181,330,195,6,0.012675 482,185,512,198,6,0.006862 281,178,323,199,6,0.003297 471,179,506,193,6,0.003033 242,179,259,192,3,0.002930 232,178,252,190,3,0.001641 17,0,640,380,6,0.001305 574,182,618,208,6,0.001210
/home/dysjin/data/CARLA.v20-carla_v20.coco/valid/Town02_002040_png.rf.3d0fd4b3b3749ac8ebdf480959eb8e66.jpg 294,201,337,312,1,0.832045 2,188,109,366,6,0.627212 271,193,302,208,6,0.427934 303,191,321,205,6,0.171855 284,193,316,206,6,0.099507 73,189,137,222,6,0.059297 258,192,280,207,6,0.030252 98,190,163,222,6,0.021318 52,179,78,213,0,0.006579 48,178,67,196,3,0.005948 0,155,97,380,6,0.005292 317,190,330,202,6,0.002880 50,185,69,204,3,0.002214 0,182,11,205,6,0.002089
/home/dysjin/data/CARLA.v20-carla_v20.coco/valid/075707_png.rf.2ff4a82560cfe658387e361a6cc43ef0.jpg 308,241,353,274,6,0.960469 169,241,254,303,6,0.930647 1,242,180,410,6,0.848391 238,239,267,271,6,0.403703 281,240,304,253,6,0.007484 250,243,270,271,1,0.004832 135,238,298,348,6,0.004502 213,246,264,286,6,0.002053 231,241,256,260,6,0.001904 0,99,228,480,6,0.001573 0,217,92,479,6,0.001553
/home/dysjin/data/CARLA.v20-carla_v20.coco/valid/138320_png.rf.332f3bdf3abffc7dd973858c3061b801.jpg 56,232,78,287,2,0.932256 0,239,11,299,2,0.003690 63,242,86,289,2,0.002603 47,224,83,301,1,0.002228
/home/dysjin/data/CARLA.v20-carla_v20.coco/valid/003766_png.rf.3dbe103da1003d1fb3bd18ad0d0894b4.jpg 459,195,511,246,4,0.453536 464,196,521,245,3,0.046525 305,239,327,256,6,0.003196 0,179,9,262,2,0.001390 0,192,10,274,2,0.001219
/home/dysjin/data/CARLA.v20-carla_v20.coco/valid/121245_png.rf.3c6765f574e34bb200e320d55fc2ffe7.jpg 267,253,362,318,6,0.927040 256,237,274,256,2,0.001831
/home/dysjin/data/CARLA.v20-carla_v20.coco/valid/Town05_011040_png.rf.3f658b3c60547a5478cb61d6b76eb55c.jpg 309,181,326,216,0,0.412563 630,158,640,186,3,0.002630 298,189,316,208,0,0.002245
/home/dysjin/data/CARLA.v20-carla_v20.coco/valid/Town02_004920_png.rf.3cdedb8ebbe317a63567ec577e3789a8.jpg 308,189,334,245,1,0.692459 305,192,339,241,0,0.003865 331,180,348,194,3,0.001217 307,177,327,227,0,0.001052
/home/dysjin/data/CARLA.v20-carla_v20.coco/valid/Town05_002760_png.rf.41faa57cc70298c90c62fe9f6a3f08c9.jpg 112,188,143,201,6,0.033810 248,184,263,200,0,0.014729 107,187,129,206,1,0.011750 243,178,265,194,6,0.003065 319,181,336,193,6,0.001573
/home/dysjin/data/CARLA.v20-carla_v20.coco/valid/Town02_001740_png.rf.4072bb166a4df4f9403df039e28a73f3.jpg 296,202,337,312,1,0.854588 308,187,323,200,6,0.009007 295,187,312,198,6,0.004531 293,181,312,192,6,0.003150 283,187,299,198,6,0.001841 0,183,13,207,6,0.001060
/home/dysjin/data/CARLA.v20-carla_v20.coco/valid/026849_png.rf.52e90800c02b90489d2521817c6942f7.jpg 422,206,455,242,3,0.816395
/home/dysjin/data/CARLA.v20-carla_v20.coco/valid/Town02_001560_png.rf.44c7e46d6d34263ac9f429ccb2cd2655.jpg 78,193,96,220,1,0.487388 68,185,93,217,1,0.144347 58,190,83,209,1,0.045240 47,187,72,202,6,0.011079 21,186,38,203,1,0.005810 63,195,83,213,6,0.005193 0,122,27,223,6,0.004012 429,186,472,254,2,0.003165 11,187,30,207,1,0.002685 70,191,105,221,0,0.002051 52,190,92,217,6,0.001942 33,186,56,202,6,0.001277
/home/dysjin/data/CARLA.v20-carla_v20.coco/valid/Town02_003420_png.rf.4347a7bee8aec9f5c84eb5295856f9a9.jpg 7,189,109,234,6,0.811674 325,197,383,235,6,0.698606 337,190,386,238,1,0.405712 583,185,640,213,6,0.011626 0,194,70,228,6,0.005895 625,184,640,214,6,0.005242 0,183,17,236,6,0.002702 625,186,639,261,6,0.002626 612,193,636,215,6,0.001078 0,206,17,230,6,0.001052 352,193,423,224,6,0.001004
/home/dysjin/data/CARLA.v20-carla_v20.coco/valid/Town01_006060_png.rf.3d76b002da6076434f028293d0c4a498.jpg 300,187,336,270,1,0.230689 615,162,633,180,3,0.009140 420,187,450,229,2,0.004378 412,191,459,231,1,0.002833 407,191,449,226,6,0.002632 178,197,231,222,6,0.002313 610,141,638,180,6,0.001266
/home/dysjin/data/CARLA.v20-carla_v20.coco/valid/Town02_007800_png.rf.4e6520c0e9dd39a93f5048a2caea0283.jpg 336,196,416,227,6,0.777884 307,188,328,200,6,0.421728 515,189,549,204,6,0.236796 313,193,370,224,6,0.189476 610,193,640,230,6,0.185021 612,172,640,273,6,0.080778 388,194,440,230,6,0.063560 621,207,639,259,6,0.011931 522,186,570,211,6,0.009074 297,191,314,201,6,0.007852 500,188,530,203,6,0.006337 0,205,12,234,6,0.005365 281,190,299,199,6,0.004362 399,191,429,231,1,0.003595 316,181,335,196,3,0.002801 311,184,344,210,6,0.002519 577,85,627,172,6,0.001475 0,179,14,241,6,0.001356 306,196,326,210,0,0.001023
/home/dysjin/data/CARLA.v20-carla_v20.coco/valid/Town01_001860_png.rf.53e5db5983ad00d8986ebdc44e1e76ef.jpg 213,211,432,364,6,0.862757 295,187,314,205,0,0.249757 314,186,333,200,6,0.233666 329,185,344,203,0,0.047707 283,188,305,203,6,0.028580 45,167,67,181,3,0.018044 304,180,328,198,6,0.008469 196,76,454,380,6,0.003292 45,163,72,204,3,0.002510 339,187,360,199,6,0.001531 628,176,640,238,6,0.001120 267,175,317,201,6,0.001010
/home/dysjin/data/CARLA.v20-carla_v20.coco/valid/Town01_006120_png.rf.405fede50ad311216cb9943968a5cdf5.jpg 316,192,330,219,1,0.630816 315,183,329,218,2,0.180385 354,167,374,184,3,0.079361 304,168,325,183,3,0.006033 487,158,573,204,6,0.002880 229,178,250,191,3,0.001711 478,171,525,196,6,0.001382 346,167,362,183,3,0.001212
/home/dysjin/data/CARLA.v20-carla_v20.coco/valid/041864_png.rf.51f1d81198f2e5b7a450f586235760ec.jpg 303,235,328,289,0,0.847213 417,207,447,243,3,0.672379 89,222,231,325,6,0.654540 416,217,440,240,4,0.005715 195,222,241,251,6,0.001287
/home/dysjin/data/CARLA.v20-carla_v20.coco/valid/Town01_012060_png.rf.58e57e1a7e8d4f630323ae1827ca68bc.jpg 567,196,605,224,6,0.560057 306,192,325,203,6,0.039678 304,198,325,210,6,0.009483 1,179,42,216,6,0.007443 540,194,589,222,6,0.001930 627,191,640,252,6,0.001160
/home/dysjin/data/CARLA.v20-carla_v20.coco/valid/009044_png.rf.59d4a83882b4b6af242cbd9e0e31ba80.jpg 561,221,579,242,3,0.739900 0,196,11,266,2,0.014808 0,205,10,283,2,0.001256 0,206,10,241,4,0.001242 131,229,151,282,2,0.001171
/home/dysjin/data/CARLA.v20-carla_v20.coco/valid/Town02_002520_png.rf.55f8a7c01a8e4b86c99a794d7b61cd5d.jpg 156,199,232,237,6,0.927619 231,190,417,333,6,0.841414 525,195,629,259,6,0.501945 145,177,168,194,3,0.102811 77,0,579,380,6,0.001784 0,208,15,230,6,0.001111 366,186,382,204,3,0.001033
/home/dysjin/data/CARLA.v20-carla_v20.coco/valid/Town02_008760_png.rf.5bfb07b6a5fbe6700b4b9c150b9c6576.jpg 276,215,367,340,6,0.882679 509,176,563,213,6,0.777159 271,190,291,203,6,0.530256 550,178,596,211,6,0.035786 388,181,437,210,6,0.019380 387,187,412,204,3,0.015156 260,190,278,202,6,0.009589 567,182,627,212,6,0.006003 136,177,163,195,3,0.005325 517,184,551,204,6,0.005201 0,177,14,241,6,0.004579 0,205,13,234,6,0.002663 341,187,360,199,6,0.001699 332,188,348,200,6,0.001482 478,180,525,206,6,0.001441 270,195,288,210,0,0.001375 380,180,400,195,3,0.001364 527,161,615,211,6,0.001294 478,178,496,193,3,0.001021 271,180,288,198,6,0.001010
/home/dysjin/data/CARLA.v20-carla_v20.coco/valid/Town01_008100_png.rf.5942043a53e2ea3c62572bf7029ed896.jpg 274,191,297,203,6,0.809733 381,196,415,212,6,0.290945 411,189,461,209,6,0.216576 319,186,337,197,6,0.034609 339,189,364,200,6,0.031986 94,187,145,213,6,0.017058 379,190,403,206,6,0.015345 307,187,326,196,6,0.012410 330,186,348,199,6,0.011782 288,188,307,200,6,0.007191 391,193,427,207,6,0.003703 353,181,372,195,3,0.003526 625,172,640,198,6,0.002724 589,173,634,196,6,0.002499 364,188,387,204,2,0.001985 353,185,403,207,6,0.001576 271,197,291,209,0,0.001346 365,179,383,194,3,0.001191
/home/dysjin/data/CARLA.v20-carla_v20.coco/valid/Town01_010680_png.rf.5537782525200ced228c602e6dcc3456.jpg 370,179,386,190,3,0.754271 372,185,385,197,3,0.003567 322,188,337,200,6,0.003511 360,180,377,192,3,0.003287 175,186,205,199,6,0.002302 332,189,344,201,2,0.001126
/home/dysjin/data/CARLA.v20-carla_v20.coco/valid/121155_png.rf.5eeb1497380edc240a771f68b9d34669.jpg 239,250,414,375,6,0.824527 560,214,595,305,2,0.806948 583,225,605,293,2,0.001070
/home/dysjin/data/CARLA.v20-carla_v20.coco/valid/007085_png.rf.5a7141063cfddac158b01dce18de1e48.jpg 432,209,462,247,5,0.481110 424,204,462,244,4,0.376282
/home/dysjin/data/CARLA.v20-carla_v20.coco/valid/Town05_006720_png.rf.717ce1e22225ab6a97befb2b8effcc2a.jpg 176,179,214,261,1,0.328809 185,172,215,254,0,0.015335 319,186,335,196,6,0.010042 343,180,360,192,3,0.009618 101,185,162,208,6,0.006789 381,165,397,180,3,0.006726 352,180,370,191,3,0.005397 102,191,132,202,6,0.004601 103,199,128,208,6,0.004292 95,199,115,208,6,0.003771 130,189,152,201,6,0.003669 112,190,145,201,6,0.003533 197,192,224,244,1,0.002653 333,184,345,199,0,0.002444 174,195,218,242,6,0.001741 341,186,356,198,0,0.001123
/home/dysjin/data/CARLA.v20-carla_v20.coco/valid/Town01_006600_png.rf.612f31973b2db2fda3ee5293fd937a64.jpg 369,189,390,208,6,0.019222 369,195,390,213,1,0.009755 290,192,312,205,6,0.004006
/home/dysjin/data/CARLA.v20-carla_v20.coco/valid/112469_png.rf.4fea3a1e3f0858f468ecb362968a08fb.jpg 310,237,339,295,2,0.865843 610,237,639,255,6,0.006965 371,234,386,257,2,0.002574 307,229,337,310,1,0.001237
/home/dysjin/data/CARLA.v20-carla_v20.coco/valid/Town05_009540_png.rf.67accf9da191af14c5f05da1b6fe1e58.jpg 603,190,636,205,6,0.436915 596,196,627,210,6,0.001928 416,180,432,191,3,0.001868 618,181,639,212,6,0.001139 406,188,422,199,6,0.001074
/home/dysjin/data/CARLA.v20-carla_v20.coco/valid/041820_png.rf.69e77a8e269d90d89efc21e5026a7083.jpg 29,242,83,266,6,0.900979 179,221,196,241,3,0.546446 116,241,141,296,2,0.355307 176,217,189,236,4,0.022840 117,230,151,305,0,0.003151 111,244,148,295,1,0.002413 181,231,198,250,3,0.001892
/home/dysjin/data/CARLA.v20-carla_v20.coco/valid/121278_png.rf.6607158f1164a75baf620dcb66d1b07e.jpg 269,255,360,316,6,0.933055 244,243,262,263,1,0.146033 235,246,254,262,1,0.002066 611,239,635,257,6,0.002051 626,235,640,260,6,0.001797 226,253,400,349,6,0.001397 179,213,200,231,3,0.001111
/home/dysjin/data/CARLA.v20-carla_v20.coco/valid/Town02_004620_png.rf.7280640e1c163e7c4b28010b90659788.jpg 245,198,395,343,6,0.832080 276,186,303,200,6,0.788530 312,183,332,200,6,0.411548 136,184,178,206,6,0.023524 278,180,325,204,6,0.021455 270,180,292,196,6,0.002811
/home/dysjin/data/CARLA.v20-carla_v20.coco/valid/Town05_016500_png.rf.75b431585ae9c755044e81517b796324.jpg 123,194,226,241,6,0.886611 343,187,393,235,6,0.799827 456,179,482,195,3,0.776436 0,199,89,292,6,0.748098 342,188,362,202,6,0.075943 367,192,397,222,1,0.021931 334,187,350,199,6,0.010958 41,191,204,289,6,0.006555 342,182,363,193,6,0.006472 348,190,378,208,6,0.004911 342,191,367,242,1,0.004379 0,195,15,218,6,0.003679 0,185,15,207,6,0.003532 362,195,390,224,6,0.002530 0,91,86,335,6,0.002492 429,187,443,205,2,0.001722 118,213,187,249,6,0.001367 369,192,395,224,2,0.001309
/home/dysjin/data/CARLA.v20-carla_v20.coco/valid/Town02_001020_png.rf.79741d4293c684a4f4e895c08f1290d5.jpg 0,211,77,380,6,0.879291 298,197,339,312,1,0.773020 276,190,302,202,6,0.335044 298,186,327,204,6,0.304870 313,184,333,202,6,0.062213 328,185,347,198,6,0.029855 598,181,640,212,6,0.013741 3,157,80,380,6,0.011109 286,184,314,208,6,0.010538 192,195,212,216,2,0.006075 340,186,357,197,6,0.005113 303,179,343,210,6,0.003594 380,178,397,194,3,0.003045 303,191,321,215,0,0.001780 343,182,360,194,3,0.001240 260,189,277,201,6,0.001063
/home/dysjin/data/CARLA.v20-carla_v20.coco/valid/004996_png.rf.758bfe0873e6cba6e1d99146894cae01.jpg 492,259,512,312,2,0.796249 100,207,133,288,2,0.007066 112,213,147,285,2,0.002230 94,214,117,274,2,0.002175 479,259,517,316,1,0.001511
/home/dysjin/data/CARLA.v20-carla_v20.coco/valid/Town02_001620_png.rf.77cda18f042297c4b15936a35acef602.jpg 302,189,332,254,1,0.714592 172,185,190,206,2,0.012648 306,189,327,207,6,0.001716 179,195,199,213,2,0.001593
/home/dysjin/data/CARLA.v20-carla_v20.coco/valid/112362_png.rf.868e587d8bdd37c81e4872223fbdbeb4.jpg 148,230,169,278,2,0.931442 603,232,640,257,6,0.005726 370,235,385,256,2,0.002496 137,219,174,296,1,0.002395 623,225,638,266,6,0.001357 134,236,159,274,2,0.001054
/home/dysjin/data/CARLA.v20-carla_v20.coco/valid/Town05_010080_png.rf.88fb23d739ffa2beacd3c5735d172d03.jpg 313,183,330,216,0,0.436003 270,186,287,200,6,0.363324 260,187,278,199,6,0.003339 297,187,316,205,6,0.001640
/home/dysjin/data/CARLA.v20-carla_v20.coco/valid/026847_png.rf.7a28094ba474fb2fab06e58f1ebea83c.jpg 414,210,444,241,3,0.830947 415,211,448,240,4,0.059499
/home/dysjin/data/CARLA.v20-carla_v20.coco/valid/075709_png.rf.7dd638ab9af378bf60aaa2fb92a0aea4.jpg 309,241,351,273,6,0.960184 165,241,255,303,6,0.941044 0,243,180,410,6,0.853699 238,240,267,272,6,0.318007 250,244,270,271,1,0.005472 134,238,297,348,6,0.005299 281,241,304,253,6,0.005275 213,247,264,286,6,0.001654 0,98,228,480,6,0.001579 0,219,95,478,6,0.001217
/home/dysjin/data/CARLA.v20-carla_v20.coco/valid/Town02_007380_png.rf.8809896fc46f6266a6729640bbc68e4c.jpg 556,191,638,221,6,0.680043 269,190,289,204,6,0.085063 276,188,298,200,6,0.084451 243,177,261,190,3,0.010124 622,172,637,226,6,0.006278 270,196,286,210,1,0.005348 292,188,309,198,6,0.005137 305,188,323,197,6,0.002106 0,166,12,226,2,0.001113 320,188,336,198,6,0.001030
/home/dysjin/data/CARLA.v20-carla_v20.coco/valid/Town01_007500_png.rf.7e4c2487265d812d93246e09a19aeab2.jpg 252,197,284,210,6,0.930846 537,167,635,223,6,0.926003 525,175,553,212,6,0.127214 268,191,300,203,6,0.002570 79,195,108,270,2,0.001990 0,221,15,241,6,0.001583 255,189,315,209,6,0.001359
/home/dysjin/data/CARLA.v20-carla_v20.coco/valid/Town05_007500_png.rf.8a81a882e564e9e99b5c951d3e18dbbc.jpg 351,180,395,204,6,0.874563 300,177,324,188,6,0.074584 249,180,273,197,1,0.066284 248,183,265,200,0,0.012043 124,170,189,203,6,0.005585 258,180,291,191,6,0.004104 346,185,364,199,6,0.003527 275,180,304,191,6,0.001560 247,176,282,197,6,0.001323
/home/dysjin/data/CARLA.v20-carla_v20.coco/valid/Town02_005520_png.rf.8a9d2ba4122736ea3845c9e405936cce.jpg 50,195,134,223,6,0.754166 94,199,135,221,6,0.238604 610,190,640,228,6,0.215240 0,197,19,218,6,0.172198 326,189,350,201,6,0.006631 626,204,639,232,6,0.002355 0,206,16,225,6,0.001957 628,217,640,244,6,0.001624 624,185,639,214,6,0.001436 303,187,356,207,6,0.001329 30,196,89,223,6,0.001013 0,186,14,212,6,0.001010
/home/dysjin/data/CARLA.v20-carla_v20.coco/valid/041735_png.rf.891d950e6341a379e0a80f54f49c126a.jpg 273,232,310,315,0,0.521727 0,208,11,280,2,0.003935 1,219,11,292,2,0.001417
/home/dysjin/data/CARLA.v20-carla_v20.coco/valid/041669_png.rf.8f16c7cc68671f71ba068edf120b2a61.jpg 303,239,332,308,0,0.382049 283,227,347,320,0,0.001921
/home/dysjin/data/CARLA.v20-carla_v20.coco/valid/003814_png.rf.9123d8ff8e23490d6f5201cb816e4fc2.jpg 284,242,321,257,6,0.770003 549,171,619,253,3,0.490486 545,175,623,248,4,0.370266 271,240,291,254,6,0.001051
/home/dysjin/data/CARLA.v20-carla_v20.coco/valid/005413_png.rf.9000d6e877ce40e1d5bd5387ece453c2.jpg 102,228,124,279,2,0.964406 85,227,107,288,2,0.614528 113,235,133,272,2,0.002714 72,230,96,287,2,0.002627 95,208,128,309,2,0.002544 84,218,123,298,1,0.002241
/home/dysjin/data/CARLA.v20-carla_v20.coco/valid/Town01_001500_png.rf.9254a251a5c6eb6313adba6a6adf1620.jpg 386,174,405,192,3,0.801055 294,192,311,205,6,0.030355 246,176,260,190,3,0.019194 304,193,321,205,6,0.014935 285,191,301,203,6,0.004928 235,178,250,190,3,0.003823 285,177,296,192,3,0.003647 221,199,236,214,2,0.003157 257,176,270,191,3,0.002358 284,199,299,209,6,0.002325 226,200,249,211,6,0.001454 272,177,284,191,3,0.001148
/home/dysjin/data/CARLA.v20-carla_v20.coco/valid/Town05_004680_png.rf.93664881511a21c1adf050e2e8993477.jpg 241,184,271,203,6,0.923276 312,171,417,224,6,0.911898 278,185,297,197,6,0.145503 182,187,204,200,6,0.073154 263,185,288,198,6,0.006280 192,186,208,203,1,0.006080 294,154,456,257,6,0.004041 627,170,640,200,6,0.003351 519,193,640,380,6,0.002435 252,181,301,205,6,0.002211 319,175,337,194,6,0.001208 221,186,241,200,6,0.001078 135,187,149,202,2,0.001063 315,177,341,219,6,0.001019
/home/dysjin/data/CARLA.v20-carla_v20.coco/valid/138312_png.rf.93c512dad514948e54a85fd6860eba4e.jpg 93,232,111,279,2,0.908093 0,250,12,316,2,0.002479 0,256,11,329,2,0.002088 510,258,547,353,2,0.001751 101,235,121,276,2,0.001568 83,225,119,294,2,0.001563
/home/dysjin/data/CARLA.v20-carla_v20.coco/valid/005160_png.rf.922d9f2da21b5b11121905df87e629d7.jpg 396,215,434,242,3,0.394566 404,212,433,245,5,0.375852 404,217,426,239,4,0.035991
