/home/dysjin/data/CARLA.v20-carla_v20.coco/valid/Town05_011820_png.rf.a721d4435d03a17b63243ff374e790d2.jpg 28,154,112,232,6,0.273798 0,153,156,240,6,0.016120 0,167,87,236,6,0.006562 62,185,119,228,6,0.002305 19,164,123,292,6,0.002237 0,98,115,271,6,0.001852 6,0,135,203,6,0.001646 577,154,640,227,6,0.001201 609,240,640,310,6,0.001188 0,0,238,202,6,0.001024
/home/dysjin/data/CARLA.v20-carla_v20.coco/valid/Town05_005760_png.rf.a5aa9e8688171e7bfb57f36e4a648f69.jpg 314,187,335,203,6,0.058790 294,169,338,202,6,0.028646 403,178,445,213,6,0.015416 315,174,342,218,6,0.009747 388,155,451,221,6,0.006074 304,153,355,208,6,0.002663 221,27,320,154,6,0.002056 391,175,424,225,6,0.001895 183,155,256,213,6,0.001801 81,154,159,215,6,0.001523 172,30,261,150,6,0.001430 190,172,243,195,6,0.001188 55,0,184,186,6,0.001090 364,176,387,193,6,0.001008
/home/dysjin/data/CARLA.v20-carla_v20.coco/valid/075705_png.rf.9f5447b468e0280dc956a534954f8a5e.jpg 178,248,258,310,6,0.251454 310,235,357,272,6,0.175322 178,215,268,285,6,0.141131 215,252,264,290,6,0.064618 104,243,281,299,6,0.041482 226,242,278,278,6,0.037249 53,269,183,396,6,0.022430 65,235,184,351,6,0.019037 178,242,228,275,6,0.011890 145,227,232,287,6,0.011589 0,236,177,441,6,0.007516 32,94,191,480,6,0.007462 336,227,374,276,6,0.005061 539,212,567,288,2,0.003421 1,187,240,392,6,0.003412 116,155,328,335,6,0.002024 230,217,294,269,6,0.001927 0,18,138,480,6,0.001812 186,228,244,267,6,0.001746 197,260,231,302,6,0.001629 0,126,346,480,6,0.001603 145,245,214,321,6,0.001370
/home/dysjin/data/CARLA.v20-carla_v20.coco/valid/Town02_006840_png.rf.a4a970c10202604d1dd8c41fe9097525.jpg 398,178,461,221,6,0.080772 479,166,549,219,6,0.034739 456,179,512,227,6,0.013423 578,157,640,223,6,0.009295 196,184,237,209,6,0.005658 347,186,378,206,6,0.004363 367,157,384,186,3,0.004148 515,183,554,208,6,0.003623 447,190,517,261,6,0.003608 370,145,471,239,6,0.002909 462,146,569,242,6,0.002222 390,194,438,219,6,0.001950 488,197,511,245,6,0.001799 597,191,640,224,6,0.001743 136,197,175,218,6,0.001571 188,163,250,215,6,0.001473 428,174,481,229,6,0.001473 381,178,424,213,6,0.001459 132,180,186,223,6,0.001373 197,198,236,219,6,0.001329 0,167,14,200,3,0.001320 1,144,24,210,6,0.001019
/home/dysjin/data/CARLA.v20-carla_v20.coco/valid/Town02_002640_png.rf.ac6bee6a9e4c4b2a1e149670c97196c1.jpg 260,189,391,252,6,0.413167 302,180,364,235,6,0.344780 157,164,495,276,6,0.112765 292,189,339,253,6,0.066845 256,197,300,219,6,0.020506 335,194,374,250,1,0.009492 331,190,369,229,6,0.005941 343,185,379,256,0,0.003853 389,169,409,198,3,0.002736 287,183,322,259,0,0.002619 252,176,313,229,6,0.002192 25,146,110,224,6,0.002111 335,174,365,219,0,0.001629 576,152,640,223,6,0.001404 12,48,131,236,6,0.001211 267,184,310,210,6,0.001012
/home/dysjin/data/CARLA.v20-carla_v20.coco/valid/007096_png.rf.a26873f70f1467f54f0fd09ea8c1731b.jpg 539,163,623,250,3,0.466423 477,160,640,257,3,0.277722 138,31,640,387,3,0.032271 131,217,152,248,3,0.015717 454,65,640,354,3,0.014668 123,201,150,255,2,0.003074 581,150,631,267,3,0.001307 546,102,640,294,3,0.001225
/home/dysjin/data/CARLA.v20-carla_v20.coco/valid/041683_png.rf.abc13a183255cbb5f9aeca7d55d8b4c0.jpg 294,234,329,315,0,0.368345 303,183,328,381,0,0.051016 280,230,358,330,0,0.046071 309,220,339,322,0,0.044670 538,232,557,285,2,0.001345 244,239,262,253,6,0.001265
/home/dysjin/data/CARLA.v20-carla_v20.coco/valid/041699_png.rf.a4a6f7fb7672ac47b317ec4fe3e21c97.jpg 294,235,329,314,0,0.307507 303,182,328,382,0,0.063027 312,232,336,334,0,0.052855 279,230,358,329,0,0.028476 547,222,572,295,2,0.002271
/home/dysjin/data/CARLA.v20-carla_v20.coco/valid/Town02_006480_png.rf.aec43468267a9993201d034f7031ee5c.jpg 227,167,281,202,6,0.057452 197,155,272,207,6,0.045443 198,167,236,201,6,0.018633 291,180,326,220,6,0.014915 213,184,243,206,6,0.014180 213,174,257,217,6,0.008941 243,184,283,204,6,0.005466 290,186,314,207,6,0.002676 285,163,347,214,6,0.002518 176,137,280,239,6,0.001981 243,155,322,207,6,0.001299 344,192,383,225,6,0.001047 310,178,353,223,6,0.001016
/home/dysjin/data/CARLA.v20-carla_v20.coco/valid/Town02_003060_png.rf.b28380c7e6ad26a4ccdfda39d4db7f85.jpg 568,181,640,229,6,0.021775 363,178,406,222,6,0.013273 538,198,559,243,0,0.012431 308,177,358,225,6,0.012204 603,195,640,223,6,0.011658 184,163,258,217,6,0.005852 608,201,640,246,6,0.005176 208,196,246,220,6,0.004947 371,185,429,209,6,0.004808 539,193,558,224,6,0.002265 318,196,359,218,6,0.002239 379,161,453,215,6,0.002122 374,197,424,218,6,0.002027 230,160,311,217,6,0.002018 447,184,502,210,6,0.001999 534,159,604,219,6,0.001384 562,140,640,247,6,0.001359 135,162,210,214,6,0.001343 550,196,571,221,6,0.001341 557,195,614,223,6,0.001300 299,149,366,211,6,0.001277 35,163,108,210,6,0.001263 240,195,289,223,6,0.001232 135,197,174,220,6,0.001163 428,178,484,222,6,0.001148 287,184,343,210,6,0.001095 135,178,186,226,6,0.001065
/home/dysjin/data/CARLA.v20-carla_v20.coco/valid/Town01_009120_png.rf.b3886317404f3c307752dac4625c4b0e.jpg 311,198,339,216,6,0.008057 377,201,400,214,6,0.007259 195,187,238,206,6,0.005475 289,180,331,219,6,0.005263 46,210,64,232,2,0.004880 368,182,398,220,6,0.004634 43,191,67,226,6,0.004633 43,194,75,250,2,0.003441 44,178,76,227,2,0.003322 24,207,63,235,6,0.002799 310,188,342,208,6,0.002790 378,199,422,219,6,0.002675 218,188,263,206,6,0.002101 57,191,78,226,2,0.001756 283,188,322,205,6,0.001666 368,189,386,205,6,0.001632 16,172,61,234,2,0.001363 191,189,217,203,6,0.001340 14,175,64,233,6,0.001337 565,197,578,243,0,0.001178 15,195,63,251,2,0.001158
/home/dysjin/data/CARLA.v20-carla_v20.coco/valid/051305_png.rf.af3e2dc55ae45fc793f7f25eb6fdf7b4.jpg 437,205,466,249,3,0.221470 430,203,466,245,4,0.173692 421,199,454,254,3,0.017854 428,200,487,264,3,0.005822 584,435,632,480,6,0.001759
/home/dysjin/data/CARLA.v20-carla_v20.coco/valid/007291_png.rf.b33e9d647d42777054dfb5f46d23bbad.jpg 388,218,410,247,3,0.013740 107,227,126,266,2,0.003801 92,202,120,291,2,0.002534 115,223,141,268,2,0.002079 103,239,130,277,2,0.002010 183,245,198,271,6,0.002000 220,235,261,257,6,0.001972 188,255,222,340,0,0.001699 117,239,139,278,2,0.001486 191,238,220,312,0,0.001131 178,230,202,264,6,0.001111
/home/dysjin/data/CARLA.v20-carla_v20.coco/valid/Town05_005820_png.rf.abc3e70595852b4f2320e8b55c805a27.jpg 300,182,349,214,6,0.394127 115,83,222,202,6,0.006576 278,146,365,243,6,0.004382 124,142,219,222,6,0.004031 181,156,254,214,6,0.003712 155,168,229,199,6,0.003090 214,30,327,154,6,0.002617 0,0,318,143,6,0.002494 286,177,320,216,6,0.002365 69,68,188,211,6,0.002156 0,0,266,326,6,0.002050 48,0,197,161,6,0.001888 10,0,134,137,6,0.001781 203,172,254,196,6,0.001672 6,54,132,224,6,0.001513 312,174,340,197,6,0.001450 283,158,339,207,6,0.001273 594,156,640,189,6,0.001125
/home/dysjin/data/CARLA.v20-carla_v20.coco/valid/Town05_006960_png.rf.9d31f2ffd8a1d723122d28555c0e3321.jpg 285,184,295,208,0,0.016622 369,188,384,203,6,0.007480 282,190,297,223,0,0.003982 361,172,392,199,6,0.003369 382,172,418,196,6,0.002526 355,188,377,204,6,0.001455 270,181,305,219,6,0.001392 367,176,396,219,1,0.001279 362,181,403,215,6,0.001225 380,186,396,207,6,0.001013
/home/dysjin/data/CARLA.v20-carla_v20.coco/valid/Town02_009720_png.rf.b20474373a38fe973889a895d5aba03e.jpg 288,192,352,272,6,0.293509 291,164,351,233,6,0.023955 235,183,397,280,6,0.014570 256,188,274,204,6,0.008445 266,181,286,211,0,0.006011 268,177,284,214,1,0.004891 235,186,272,205,6,0.004005 244,175,277,219,6,0.003941 272,141,373,258,6,0.002359 238,161,283,202,6,0.002102 416,208,433,260,0,0.001972 353,196,373,221,0,0.001850 182,194,224,224,6,0.001804 410,191,446,262,0,0.001695 169,7,275,173,6,0.001512 185,160,256,214,6,0.001496 348,194,377,223,6,0.001391 18,188,120,279,6,0.001357 165,176,208,228,6,0.001307 134,156,213,217,6,0.001108 353,185,373,208,6,0.001065 205,26,334,155,6,0.001012
/home/dysjin/data/CARLA.v20-carla_v20.coco/valid/Town01_002220_png.rf.9b6e376c042a4b43cdf2a33f00250d62.jpg 214,168,427,380,6,0.572874 220,0,399,380,6,0.107737 71,49,549,380,6,0.084249 367,136,387,160,3,0.013142 249,159,370,305,6,0.012488 229,173,279,196,6,0.010742 303,191,454,380,6,0.008156 202,159,267,204,6,0.006082 429,206,447,258,0,0.005085 186,169,334,380,6,0.004900 234,187,271,203,6,0.004354 195,187,236,206,6,0.003587 573,198,640,273,6,0.002678 190,170,244,199,6,0.002532 595,214,640,251,6,0.002520 365,146,390,172,3,0.002353
/home/dysjin/data/CARLA.v20-carla_v20.coco/valid/Town01_003900_png.rf.b43a572a2d61a01bb389880cf86179de.jpg 182,145,460,380,6,0.591364 200,0,416,380,6,0.122148 0,48,640,380,6,0.078606 401,181,425,235,0,0.067225 551,176,599,232,6,0.031801 0,178,31,226,6,0.025066 246,147,392,346,6,0.022665 401,128,422,165,3,0.008016 546,180,579,237,0,0.006452 600,194,640,259,6,0.005431 539,169,579,239,1,0.004322 22,198,38,217,6,0.003849 555,202,584,235,6,0.003846 23,155,98,201,6,0.003272 18,196,42,219,0,0.003271 243,72,518,380,6,0.003252 393,184,412,232,0,0.003062 34,172,76,193,6,0.002872 572,157,640,228,6,0.002837 200,195,323,380,6,0.002431 386,185,430,260,0,0.001952 0,195,22,222,6,0.001918 0,182,20,211,6,0.001843 7,181,64,219,6,0.001814 195,20,328,380,6,0.001159
/home/dysjin/data/CARLA.v20-carla_v20.coco/valid/029067_png.rf.b686edaf28a0971571945f7b069613d5.jpg 540,218,574,337,2,0.234963 557,214,588,339,2,0.084928 537,155,583,388,2,0.050274 205,238,224,253,6,0.022512 198,239,212,253,6,0.010946 195,228,225,268,6,0.002775 190,204,230,255,6,0.001840 518,206,622,360,2,0.001760
/home/dysjin/data/CARLA.v20-carla_v20.coco/valid/Town02_004200_png.rf.b4d2f32e1287253b4f35bf521927be39.jpg 263,184,294,208,6,0.381658 241,163,303,217,6,0.032709 475,181,533,225,6,0.010262 376,187,399,204,6,0.005318 574,199,640,272,6,0.005258 432,160,510,222,6,0.003159 268,168,310,201,6,0.003117 423,198,452,216,6,0.002031 473,202,527,238,6,0.001619 272,180,328,213,6,0.001190 227,144,320,239,6,0.001170 575,151,640,231,6,0.001079 451,204,497,237,6,0.001071 186,157,259,212,6,0.001015
/home/dysjin/data/CARLA.v20-carla_v20.coco/valid/Town02_002100_png.rf.b49da10e2c41ab65d4c132e46f15d3e3.jpg 290,173,335,288,0,0.283117 294,190,332,300,1,0.103928 284,150,349,340,1,0.102677 300,117,349,349,0,0.039912 270,0,361,380,1,0.017373 303,159,329,256,0,0.012835 311,174,342,244,0,0.012039 278,186,297,205,6,0.006279 265,182,293,209,6,0.003502 258,170,299,199,6,0.002737 164,184,219,208,6,0.001919 0,196,45,247,6,0.001682 318,173,332,219,0,0.001374 136,159,209,214,6,0.001037
/home/dysjin/data/CARLA.v20-carla_v20.coco/valid/003752_png.rf.bb0716bc5b93fa8b10f41577e20a2f35.jpg 398,216,427,247,3,0.074377 400,213,426,250,4,0.057132 389,193,427,265,2,0.004043 392,213,413,255,2,0.003776 590,457,628,480,6,0.001574 194,215,214,251,3,0.001390 416,85,432,208,0,0.001344 402,108,453,198,0,0.001162
/home/dysjin/data/CARLA.v20-carla_v20.coco/valid/138327_png.rf.b4aecc174d58e25a6e680c2468864172.jpg 16,226,44,292,2,0.129107 14,193,47,349,2,0.102380 26,227,57,289,2,0.008759 3,208,35,309,2,0.008340 16,241,44,325,2,0.005025 34,229,53,263,2,0.001738 0,184,61,300,2,0.001586 67,211,93,255,3,0.001358 596,279,640,312,6,0.001036 0,230,65,333,2,0.001006
/home/dysjin/data/CARLA.v20-carla_v20.coco/valid/Town05_009600_png.rf.b886b3525f44da0ae66796230d91b958.jpg 121,158,226,238,6,0.461107 465,184,507,212,6,0.420834 379,186,418,205,6,0.396122 598,167,640,206,6,0.238934 161,181,220,237,6,0.190837 102,178,175,235,6,0.151978 368,177,405,217,6,0.116229 124,192,214,258,6,0.028880 382,164,437,215,6,0.023724 37,161,297,257,6,0.022153 180,179,224,217,6,0.015328 464,194,489,218,6,0.014605 580,175,634,218,6,0.013166 445,166,501,219,6,0.007617 481,179,518,220,6,0.006409 97,198,142,243,6,0.005792 583,185,613,206,6,0.005705 89,189,168,268,6,0.004974 365,183,388,209,6,0.003360 233,172,272,197,6,0.002465 571,139,640,238,6,0.002330 393,173,431,198,6,0.002267 361,171,393,199,6,0.001966 456,186,471,207,6,0.001483 525,178,546,192,6,0.001431 383,194,415,216,6,0.001321 470,173,502,198,6,0.001123 191,190,234,225,6,0.001096
/home/dysjin/data/CARLA.v20-carla_v20.coco/valid/Town01_002340_png.rf.b8976b6d8f366e29aeb47fb3b3146b33.jpg 213,168,427,380,6,0.570848 220,0,398,380,6,0.110203 71,48,548,380,6,0.087232 367,136,387,160,3,0.013025 248,160,371,304,6,0.012849 303,191,454,380,6,0.008336 229,174,279,196,6,0.005555 203,159,265,203,6,0.005525 429,206,447,259,0,0.005413 186,170,334,380,6,0.005030 195,187,236,206,6,0.003686 189,170,244,199,6,0.002845 573,198,640,273,6,0.002635 595,214,640,251,6,0.002499 365,146,390,172,3,0.002349 294,54,468,380,6,0.002141 234,187,271,203,6,0.002124
/home/dysjin/data/CARLA.v20-carla_v20.coco/valid/Town05_009780_png.rf.c3069a0d7ec82f2e1960c0497cec36fe.jpg 285,191,356,276,6,0.558676 145,120,509,320,6,0.017171 292,162,354,237,6,0.013277 432,181,478,228,6,0.012565 292,139,380,302,6,0.007931 428,207,471,235,6,0.004387 403,185,422,231,2,0.002580 246,196,407,289,6,0.001763 183,171,226,199,6,0.001554 429,205,446,236,2,0.001514 412,175,450,230,6,0.001178 371,170,406,199,6,0.001002
/home/dysjin/data/CARLA.v20-carla_v20.coco/valid/Town05_002700_png.rf.b9dfa75f628efa31633800bb9dfee796.jpg 135,155,209,215,6,0.003388 312,25,426,158,6,0.002506 379,188,395,202,6,0.002319 372,188,383,203,6,0.002262 271,0,368,103,6,0.001774 370,176,395,218,6,0.001745 373,173,404,197,6,0.001686 25,144,119,222,6,0.001226 365,155,398,203,6,0.001165 80,151,163,216,6,0.001086
/home/dysjin/data/CARLA.v20-carla_v20.coco/valid/005173_png.rf.c24ac196d86260d3a384e12093bfa5ef.jpg 464,189,534,250,3,0.518185 413,150,604,291,3,0.012125 584,434,633,480,6,0.001776 180,217,201,248,3,0.001539
/home/dysjin/data/CARLA.v20-carla_v20.coco/valid/Town01_005820_png.rf.c9053a957ff7561268673aaec9e095f0.jpg 296,167,358,340,0,0.291567 289,190,337,317,1,0.286388 284,149,366,380,1,0.076554 407,182,443,213,6,0.052620 412,196,437,217,6,0.012346 254,0,397,380,1,0.010908 298,168,329,300,0,0.007111 322,180,353,260,0,0.005185 313,181,341,238,0,0.004398 386,160,452,214,6,0.003212 274,36,333,380,0,0.002726 159,130,472,350,0,0.001990 301,50,372,380,0,0.001122 318,179,332,211,0,0.001033
/home/dysjin/data/CARLA.v20-carla_v20.coco/valid/Town01_011580_png.rf.c8aa9ea674a7d69974d55bf63b55ddbf.jpg 263,186,292,207,6,0.293450 569,150,640,229,6,0.049812 57,192,78,226,6,0.039081 468,197,539,254,6,0.028076 549,178,608,230,6,0.023819 170,188,188,201,6,0.023536 542,191,572,257,1,0.012077 563,193,629,223,6,0.007440 577,180,640,214,6,0.007257 542,171,572,237,0,0.005153 53,204,80,232,6,0.005083 437,175,592,297,6,0.004326 265,197,291,214,6,0.003882 9,171,53,198,6,0.003297 180,188,199,202,6,0.003253 361,159,403,203,6,0.003188 242,165,300,213,6,0.003106 480,163,547,220,6,0.003087 572,120,639,189,6,0.002716 551,179,570,214,0,0.002455 173,200,186,216,6,0.002328 163,170,196,202,6,0.002169 380,188,397,202,6,0.002118 596,167,640,200,6,0.001922 169,179,199,216,6,0.001799 266,176,288,195,6,0.001661 408,187,444,207,6,0.001644 522,183,609,282,0,0.001562 392,188,409,204,6,0.001233 368,176,399,217,6,0.001178 0,152,29,204,6,0.001124 58,179,77,214,6,0.001119 37,174,74,194,6,0.001113
/home/dysjin/data/CARLA.v20-carla_v20.coco/valid/Town01_007440_png.rf.bed11eeb1dde416bf8789b24a8a5c0f8.jpg 572,152,640,224,6,0.111723 103,210,171,244,6,0.050890 259,193,274,220,0,0.019813 83,210,144,248,6,0.019751 396,185,426,206,6,0.019641 259,186,274,209,6,0.019162 134,203,185,245,6,0.016541 550,140,614,218,6,0.007916 380,153,430,207,6,0.007396 159,210,198,232,6,0.007133 121,221,161,241,6,0.006111 267,187,285,206,6,0.006017 267,178,294,221,6,0.005437 249,180,276,221,6,0.005422 367,167,410,203,6,0.005071 520,182,556,211,6,0.004109 604,188,640,225,6,0.004093 614,175,640,218,6,0.003138 178,212,203,229,6,0.003127 535,170,571,230,2,0.002433 78,219,110,247,6,0.002378 531,174,576,227,6,0.002331 236,186,270,208,6,0.001976 475,191,498,250,0,0.001802 89,233,120,253,6,0.001725 483,158,553,212,6,0.001618 71,188,180,282,6,0.001417 569,118,639,195,6,0.001368 378,188,400,206,6,0.001302 510,128,640,249,6,0.001257 87,220,135,268,6,0.001042 267,194,282,220,0,0.001010
/home/dysjin/data/CARLA.v20-carla_v20.coco/valid/Town05_011760_png.rf.c548e0a947d80bc036151e4db99afcfa.jpg 122,197,208,284,6,0.090039 19,219,115,356,6,0.081756 54,179,203,302,6,0.015838 0,142,133,380,6,0.013023 0,135,249,343,6,0.007289 594,247,640,295,6,0.004951 16,178,126,314,6,0.004192 48,0,285,380,6,0.003447 109,210,220,348,6,0.003423 70,193,150,359,2,0.001398 4,0,138,200,6,0.001163 0,79,398,380,6,0.001076
/home/dysjin/data/CARLA.v20-carla_v20.coco/valid/075708_png.rf.c1818fa586a2b613b2806f928a933d9d.jpg 178,248,258,309,6,0.217411 310,235,355,271,6,0.169574 179,215,267,285,6,0.165730 227,242,277,278,6,0.070915 216,252,263,289,6,0.038138 110,243,275,299,6,0.037983 50,264,185,402,6,0.019017 178,241,229,276,6,0.016081 146,228,232,286,6,0.014932 0,235,175,442,6,0.009670 30,79,192,480,6,0.008040 539,211,567,289,2,0.004063 0,187,239,391,6,0.003391 191,263,236,299,6,0.003029 230,217,294,269,6,0.002164 116,156,329,334,6,0.002088 70,211,150,350,6,0.001898 332,231,379,273,6,0.001738 0,131,345,480,6,0.001489 473,252,550,289,6,0.001361 0,245,82,463,6,0.001264 134,343,285,480,6,0.001233 92,229,227,328,6,0.001182
/home/dysjin/data/CARLA.v20-carla_v20.coco/valid/Town05_009900_png.rf.c90bd5781f975f44de47fd794a1f9ac6.jpg 365,189,441,261,6,0.463085 287,182,491,260,6,0.106354 152,124,640,316,6,0.035046 383,168,439,230,6,0.014667 335,155,418,288,6,0.010125 409,185,441,234,0,0.009053 343,183,355,208,0,0.008532 334,185,344,207,0,0.006744 321,175,348,222,0,0.004747 323,185,333,207,0,0.004411 337,118,483,322,6,0.003814 343,176,370,229,0,0.003351 416,179,432,214,0,0.002467 606,181,636,210,6,0.002420 400,191,456,258,0,0.002209 351,177,419,239,6,0.001713 578,151,640,217,6,0.001405 319,192,333,223,0,0.001278 345,188,378,258,0,0.001214
/home/dysjin/data/CARLA.v20-carla_v20.coco/valid/Town05_009660_png.rf.cc2e0d6a11c64dbe092a6e9321c6a170.jpg 233,195,410,367,6,0.403691 420,183,480,206,6,0.136407 176,131,485,380,6,0.098957 237,28,383,380,6,0.062267 426,159,494,214,6,0.029732 600,170,640,199,6,0.027327 401,152,466,210,6,0.012852 265,165,394,300,6,0.009907 578,153,640,217,6,0.004636 337,184,365,235,0,0.003637 69,173,116,196,6,0.002338 413,183,440,209,6,0.002086 407,140,517,237,6,0.001888 196,0,456,380,6,0.001828 407,168,444,201,6,0.001650 216,176,240,194,6,0.001483
/home/dysjin/data/CARLA.v20-carla_v20.coco/valid/003769_png.rf.c5c0c17fa97551316c57744e9608f796.jpg 484,182,562,256,3,0.592167 465,137,585,286,3,0.027747 438,92,460,153,0,0.002485 150,201,181,290,2,0.002221 143,212,167,255,2,0.001543 140,208,170,259,3,0.001252 156,207,175,257,3,0.001144
/home/dysjin/data/CARLA.v20-carla_v20.coco/valid/121197_png.rf.c99e70822c663f40252f74e6b2ad5094.jpg 257,265,387,400,6,0.461604 156,230,505,421,6,0.205656 239,175,384,476,6,0.041782 526,90,544,109,6,0.017017 159,0,516,480,6,0.007131 442,219,471,281,2,0.004394 561,253,584,291,2,0.003109 465,216,492,287,2,0.002459 267,230,448,363,6,0.002429 444,224,458,268,2,0.002266 450,244,471,271,2,0.001690 517,64,553,111,6,0.001126 487,222,523,280,2,0.001124 0,116,640,480,6,0.001064
/home/dysjin/data/CARLA.v20-carla_v20.coco/valid/004966_png.rf.c9d8d72d0920460b612251c5fddc5770.jpg 435,200,469,250,3,0.453845 130,216,152,248,3,0.016948 120,215,149,282,2,0.005143 123,201,148,256,2,0.002609 504,233,550,360,0,0.001316 404,193,472,263,3,0.001263 103,220,131,274,2,0.001233
/home/dysjin/data/CARLA.v20-carla_v20.coco/valid/Town01_006240_png.rf.cc5628eb556a5a5bd1824a8d19313b41.jpg 317,181,331,233,0,0.132847 311,181,347,222,0,0.012251 309,187,323,206,6,0.004105 299,177,325,220,6,0.002269 308,189,326,227,0,0.002234 318,174,336,195,6,0.002155 603,172,640,233,6,0.002011 411,150,451,203,6,0.001570 419,186,433,207,6,0.001456 545,167,640,241,6,0.001184 521,354,549,380,6,0.001086 300,176,328,194,6,0.001081 426,187,448,206,6,0.001054 235,188,270,204,6,0.001040
/home/dysjin/data/CARLA.v20-carla_v20.coco/valid/001638_png.rf.c98e4c5bc2a68de358073a26469c81b2.jpg 421,204,448,249,3,0.304167 434,204,461,247,3,0.003079 392,202,455,261,3,0.002684 156,217,175,248,3,0.001580 292,224,338,245,6,0.001261
/home/dysjin/data/CARLA.v20-carla_v20.coco/valid/051274_png.rf.d5f64278c64b556983082379a316485f.jpg 565,164,640,250,3,0.522523 482,157,640,262,3,0.187121 541,127,640,290,3,0.164045 280,18,640,401,3,0.022046 529,28,640,368,3,0.005139 440,86,463,158,0,0.003091 445,77,477,140,0,0.002440 137,201,170,290,2,0.001374 590,458,628,480,6,0.001320 354,218,373,248,3,0.001062 130,210,154,256,3,0.001060
/home/dysjin/data/CARLA.v20-carla_v20.coco/valid/Town01_001440_png.rf.e4b4351effd31d5b433710cffb8243e4.jpg
/home/dysjin/data/CARLA.v20-carla_v20.coco/valid/019121_png.rf.deb86464dd224ac85f75272f851fc0a8.jpg 523,232,576,260,6,0.048478 501,236,545,257,6,0.021213 498,229,562,271,6,0.018072 388,230,411,289,2,0.011065 357,219,395,251,6,0.006493 541,222,579,250,6,0.005988 587,186,622,270,2,0.005954 599,256,640,284,6,0.005116 524,213,601,266,6,0.004902 606,213,640,291,6,0.003725 539,244,580,268,6,0.001876 591,192,640,250,6,0.001805 591,441,630,475,6,0.001552 503,247,545,266,6,0.001459 477,236,522,257,6,0.001447 580,137,617,330,2,0.001012
/home/dysjin/data/CARLA.v20-carla_v20.coco/valid/041811_png.rf.e8d4c17844854d24f9b2bec66a8a8889.jpg 601,243,640,272,6,0.005983 304,223,324,294,2,0.003490 581,205,640,271,6,0.003435 49,221,61,246,3,0.002950 352,218,373,247,6,0.002239 412,221,451,281,6,0.001573 285,221,318,246,6,0.001313
/home/dysjin/data/CARLA.v20-carla_v20.coco/valid/041657_png.rf.e06a4a0ae870ee5d8dbe97fc65b5b666.jpg 296,235,329,314,0,0.352927 310,213,337,352,0,0.080255 281,232,358,327,0,0.050558 14,22,130,161,6,0.001266
/home/dysjin/data/CARLA.v20-carla_v20.coco/valid/001519_png.rf.e42bb854e84b40164ed2795569b2eb6f.jpg 40,262,70,277,6,0.009242 42,248,69,273,6,0.007109 42,232,79,276,2,0.005056 24,258,65,281,6,0.004653 586,198,640,271,6,0.002927 500,245,520,296,0,0.002723 19,228,61,281,2,0.002469 29,245,60,274,6,0.002411 559,236,585,257,6,0.001380 97,228,126,276,2,0.001346 110,247,125,271,2,0.001232 36,248,80,294,6,0.001122 514,239,607,332,6,0.001050 17,248,63,296,2,0.001017
/home/dysjin/data/CARLA.v20-carla_v20.coco/valid/Town02_005280_png.rf.ec981f5d8aec80a53ec1f9961c2321af.jpg 160,201,209,258,6,0.367979 572,190,640,251,6,0.091254 583,153,640,235,6,0.062049 92,194,141,222,6,0.039447 163,172,220,297,6,0.027445 583,157,627,251,2,0.020927 162,176,220,268,0,0.018974 42,181,133,224,6,0.015532 373,173,404,199,6,0.015477 82,165,151,219,6,0.011456 0,197,20,218,6,0.008114 167,146,215,298,1,0.006582 149,215,188,274,6,0.005769 12,186,128,280,6,0.005702 378,156,430,203,6,0.005656 0,175,29,229,6,0.005268 561,164,640,305,6,0.005267 0,183,20,212,6,0.004087 369,186,388,206,6,0.003502 528,183,568,208,6,0.002826 146,194,191,274,0,0.002741 146,215,185,280,1,0.002441 11,133,149,254,6,0.002307 588,182,609,260,2,0.002153 600,215,619,247,6,0.002070 523,171,575,199,6,0.001805 179,198,223,268,1,0.001792 136,152,213,243,6,0.001772 42,193,97,223,6,0.001574 172,198,248,267,6,0.001549 531,157,602,216,6,0.001510 341,160,403,211,6,0.001432 611,167,640,224,6,0.001147 529,198,542,243,0,0.001079
/home/dysjin/data/CARLA.v20-carla_v20.coco/valid/001509_png.rf.ed3baed466e7f65c1a01fb57bf942b65.jpg 39,262,70,277,6,0.009853 42,248,69,273,6,0.007652 42,232,79,276,2,0.005296 24,258,65,281,6,0.005069 586,198,640,271,6,0.003330 500,245,520,296,0,0.003041 29,245,60,275,6,0.002781 19,228,61,281,2,0.002616 559,237,585,257,6,0.001569 97,228,126,276,2,0.001358 110,247,125,271,2,0.001201 36,248,80,294,6,0.001196 514,239,607,332,6,0.001119
/home/dysjin/data/CARLA.v20-carla_v20.coco/valid/033890_png.rf.e368755037cdc345b45b625d64db27a1.jpg 261,232,391,358,6,0.126669 590,226,623,328,2,0.085073 218,144,446,466,6,0.072689 607,209,640,345,2,0.054864 54,192,610,417,6,0.049281 590,158,630,384,2,0.029719 70,242,102,303,2,0.011183 78,243,103,274,2,0.010177 69,244,91,272,2,0.008742 93,231,128,273,6,0.005021 94,249,115,268,6,0.004344 104,248,131,270,6,0.003188 83,251,100,290,2,0.002737 295,279,425,378,6,0.002688 64,232,108,277,6,0.002436 609,285,636,332,2,0.001598 567,202,640,362,2,0.001264 375,242,431,361,0,0.001018
/home/dysjin/data/CARLA.v20-carla_v20.coco/valid/075724_png.rf.e0c3e9a2b7f318c71e76ccdcb0dda6a1.jpg 60,240,185,343,6,0.319560 173,232,250,281,6,0.060304 295,247,336,267,6,0.042754 6,194,239,385,6,0.027394 188,253,244,286,6,0.016064 0,263,68,413,6,0.011105 0,184,92,473,6,0.010992 147,243,228,307,6,0.009435 204,243,254,276,6,0.007904 287,215,348,266,6,0.006948 124,208,228,284,6,0.006921 108,228,212,329,6,0.006407 601,227,640,264,6,0.005922 0,71,146,480,6,0.004188 314,251,336,264,6,0.004163 165,240,217,277,6,0.003994 165,196,271,299,6,0.003447 0,245,173,422,6,0.003155 0,208,416,381,6,0.002803 610,177,640,281,2,0.002233 0,287,66,474,6,0.002126 132,260,190,338,1,0.001252 66,183,181,309,6,0.001155 453,259,495,282,6,0.001089
/home/dysjin/data/CARLA.v20-carla_v20.coco/valid/112477_png.rf.ecf5d82849f8b68362ce65c8d2645a1c.jpg 341,227,360,291,2,0.150716 334,205,373,305,2,0.040688 610,459,632,478,6,0.002279 596,222,640,249,6,0.001630 589,440,628,475,6,0.001612
/home/dysjin/data/CARLA.v20-carla_v20.coco/valid/Town02_001980_png.rf.ee7206fcf98c96c61f2900b25e79ce20.jpg 289,191,336,316,1,0.385396 297,175,354,329,0,0.326846 280,123,349,368,1,0.092443 292,35,356,380,0,0.018295 247,0,382,380,1,0.008647 165,175,207,221,6,0.005588 0,175,32,231,6,0.003645 184,160,252,214,6,0.003086 138,159,209,214,6,0.003056 40,197,70,216,6,0.002451 312,180,340,236,0,0.002378 175,181,230,211,6,0.002352 156,186,180,229,0,0.001879 123,185,163,206,6,0.001842 3,178,71,227,6,0.001646 0,204,46,238,6,0.001538 119,167,168,202,6,0.001496 322,187,354,278,0,0.001301 161,128,468,351,0,0.001204 213,24,328,155,6,0.001037
/home/dysjin/data/CARLA.v20-carla_v20.coco/valid/026829_png.rf.e6f26e62f316568466a95ba7fd18d850.jpg 377,221,396,245,3,0.018511 42,221,81,281,2,0.002141 68,223,103,279,2,0.002025 82,241,105,277,2,0.001364 91,240,116,279,2,0.001228
/home/dysjin/data/CARLA.v20-carla_v20.coco/valid/007076_png.rf.d635d979c35f5dd6da756ef9889aef0b.jpg 399,218,426,245,5,0.062939 397,219,426,244,4,0.056078 386,217,418,248,3,0.005335 386,198,429,261,3,0.002731 387,188,417,257,2,0.002280
/home/dysjin/data/CARLA.v20-carla_v20.coco/valid/112475_png.rf.df928fa484eb08e1454caacc1e194352.jpg 336,233,363,306,2,0.055215 324,241,351,304,2,0.006841 610,459,632,478,6,0.002265 343,216,358,275,2,0.001850 596,222,640,249,6,0.001545 589,440,628,475,6,0.001485
/home/dysjin/data/CARLA.v20-carla_v20.coco/valid/Town02_006960_png.rf.eedfb90c1deb0d66a31341acd2e08f4f.jpg 3,183,33,208,6,0.189090 581,160,640,230,6,0.122879 0,155,31,207,6,0.101798 594,190,640,256,6,0.055895 148,171,172,229,0,0.020247 0,166,35,230,6,0.013624 498,170,640,267,6,0.013177 561,165,640,300,6,0.006094 4,156,63,204,6,0.004057 0,154,21,189,6,0.002581 149,154,170,205,0,0.002366 149,170,162,198,0,0.001524 159,164,173,204,0,0.001461 12,170,54,224,6,0.001090
/home/dysjin/data/CARLA.v20-carla_v20.coco/valid/Town05_010860_png.rf.f31c0584fff1474ad2b0f4132e874f7d.jpg 299,172,327,239,0,0.377854 308,165,341,277,0,0.243755 278,171,360,285,0,0.057263 0,183,63,212,6,0.029783 313,173,334,220,0,0.021332 287,155,350,233,0,0.013144 0,174,38,227,6,0.010786 7,197,56,216,6,0.003157 0,149,37,211,6,0.001640 5,155,67,209,6,0.001200 293,176,312,216,0,0.001169
/home/dysjin/data/CARLA.v20-carla_v20.coco/valid/Town05_004800_png.rf.ee7c080c8716cb366969ca625bb6d68b.jpg 239,187,268,204,6,0.227550 352,184,371,205,6,0.028276 215,189,241,203,6,0.020943 349,171,378,200,6,0.017635 225,186,256,206,6,0.013032 239,161,277,205,6,0.012104 400,173,451,196,6,0.006754 219,171,264,201,6,0.005111 252,174,276,196,6,0.004737 349,186,359,205,6,0.004127 194,164,258,212,6,0.003564 214,175,242,196,6,0.003125 208,187,227,205,6,0.003074 389,160,426,201,6,0.003006 346,183,360,207,0,0.002949 395,177,409,193,6,0.002750 186,188,197,202,6,0.002717 337,160,397,213,6,0.002176 397,184,429,205,6,0.001768 309,174,345,196,6,0.001289 194,188,213,204,6,0.001276 0,151,29,206,6,0.001169 195,176,227,219,6,0.001150 247,180,303,211,6,0.001117 502,170,522,198,6,0.001117 354,182,393,210,6,0.001037 395,186,408,204,6,0.001009
/home/dysjin/data/CARLA.v20-carla_v20.coco/valid/Town05_009840_png.rf.f5040ce45ecca2822cb3b1b4ea8a6f61.jpg 291,191,371,261,6,0.642780 254,173,419,270,6,0.074571 141,113,513,327,6,0.022975 445,179,478,212,6,0.014758 436,157,498,216,6,0.002307 462,176,493,220,6,0.002159 203,176,230,195,6,0.002010 332,186,371,232,0,0.001232 267,175,287,195,6,0.001202 290,182,315,234,0,0.001065 338,171,383,271,0,0.001045
/home/dysjin/data/CARLA.v20-carla_v20.coco/valid/041861_png.rf.f5f3812ca6c536c5c25bea3d596be111.jpg 300,242,327,301,0,0.317268 192,228,233,281,6,0.248734 184,236,248,305,6,0.052243 565,233,640,332,6,0.023388 292,228,318,290,0,0.018197 131,246,216,317,6,0.015136 393,212,408,233,3,0.013300 214,226,243,280,6,0.004238 277,222,354,337,0,0.003029 215,228,239,265,0,0.002997 393,204,415,247,3,0.002778 212,239,241,278,0,0.002615 129,193,229,293,6,0.002361 519,50,640,480,6,0.002341 172,191,264,301,6,0.002321 541,156,640,338,6,0.002046 169,20,272,159,6,0.001875 303,222,324,271,0,0.001560 93,247,181,311,6,0.001272 382,249,397,266,6,0.001245 316,237,332,280,0,0.001165
/home/dysjin/data/CARLA.v20-carla_v20.coco/valid/Town02_003120_png.rf.f36fecf8d2ee4965c1f3bddaaaad5f33.jpg 608,177,640,229,6,0.070066 423,178,493,225,6,0.044982 538,195,558,245,0,0.012183 283,161,355,216,6,0.008191 184,163,258,217,6,0.005510 208,196,246,220,6,0.004695 363,177,405,224,6,0.004467 450,196,496,221,6,0.004028 316,184,362,210,6,0.003524 408,147,505,216,6,0.003290 370,197,406,217,6,0.002767 379,159,463,218,6,0.002561 445,183,502,210,6,0.002430 556,179,600,223,6,0.002376 617,203,640,237,6,0.002336 230,160,311,217,6,0.002057 599,166,640,203,6,0.002020 301,194,354,221,6,0.001556 135,162,210,214,6,0.001435 135,197,174,220,6,0.001299 240,195,289,223,6,0.001290 35,162,108,210,6,0.001204 135,178,186,226,6,0.001186 567,139,640,246,6,0.001160 332,162,407,214,6,0.001141 611,216,636,246,6,0.001086 586,196,635,221,6,0.001070 210,183,270,212,6,0.001054
/home/dysjin/data/CARLA.v20-carla_v20.coco/valid/003755_png.rf.f6343810071c5f5401b5697ef363285d.jpg 410,215,440,247,3,0.138212 386,192,454,273,3,0.002460 394,199,428,257,3,0.002258 414,114,435,180,0,0.002110 585,435,632,479,6,0.001021
/home/dysjin/data/CARLA.v20-carla_v20.coco/valid/Town01_003300_png.rf.fae28071a74fa02928094ff14cdbb3aa.jpg 279,187,359,289,6,0.765990 249,114,405,351,6,0.110714 132,152,520,312,6,0.072199 189,179,231,219,6,0.033705 198,199,456,287,6,0.020643 565,145,640,212,6,0.016061 507,136,629,238,6,0.015631 478,150,561,222,6,0.007058 233,0,421,380,6,0.005933 588,165,640,203,6,0.005206 189,197,221,216,6,0.004011 481,45,640,248,6,0.003849 161,182,222,209,6,0.003024 0,28,640,380,6,0.002607 547,111,640,198,6,0.002602 510,184,625,283,6,0.001897 515,183,556,208,6,0.001823 504,164,567,205,6,0.001698 55,199,79,242,0,0.001586 464,169,484,198,3,0.001304 209,176,256,223,6,0.001121 461,69,580,217,6,0.001112
/home/dysjin/data/CARLA.v20-carla_v20.coco/valid/138255_png.rf.fbf65e3e930393318a8312fdaefcae24.jpg 47,203,79,305,2,0.053217 49,234,77,311,2,0.051919 67,213,98,290,2,0.010502 41,187,107,295,2,0.004750 56,265,78,301,2,0.003437 170,184,198,272,2,0.001730 82,214,104,278,2,0.001702 610,260,634,306,2,0.001605 172,217,198,282,2,0.001172
/home/dysjin/data/CARLA.v20-carla_v20.coco/valid/005373_png.rf.f68e0e113c5193c933cbee38c6a6bc2d.jpg 168,241,190,301,0,0.022254 152,232,179,262,6,0.016647 378,239,401,254,6,0.009208 153,243,178,273,2,0.003452 140,210,201,272,6,0.003270 142,238,167,279,2,0.003175 141,229,168,264,2,0.002909 385,235,413,257,6,0.002880 167,224,194,283,2,0.002458 166,233,192,283,0,0.002270 143,221,181,282,2,0.002063 449,214,474,302,2,0.001780 365,228,403,268,6,0.001607 310,237,321,255,6,0.001227
/home/dysjin/data/CARLA.v20-carla_v20.coco/valid/001630_png.rf.ff5ced110f03f998a7a6998ddf647fd2.jpg 409,215,439,249,3,0.270910 54,234,108,256,6,0.004365 387,201,451,263,3,0.002312 170,219,186,247,3,0.001723 166,220,189,272,0,0.001680 38,212,108,259,6,0.001544 407,208,424,237,3,0.001295
/home/dysjin/data/CARLA.v20-carla_v20.coco/valid/006662_png.rf.fa42143249c7b6a780238796639341d3.jpg 468,245,494,307,2,0.006393 602,238,640,413,2,0.004800 0,174,24,281,2,0.004519 470,257,501,308,0,0.003400 256,213,275,256,2,0.002878 0,190,19,303,2,0.002747 443,187,479,280,2,0.002587 443,222,505,270,6,0.002416 459,215,499,288,2,0.002052 467,247,484,319,0,0.001360 255,226,276,266,0,0.001067
/home/dysjin/data/CARLA.v20-carla_v20.coco/valid/Town05_004860_png.rf.f5c138159cbce172c63fa9a736f9c655.jpg 239,187,268,204,6,0.200188 353,184,370,205,6,0.029308 215,188,241,203,6,0.027211 349,171,378,200,6,0.016283 215,177,257,216,6,0.014435 238,161,277,205,6,0.011264 399,173,451,196,6,0.007145 252,174,276,196,6,0.004386 349,186,359,205,6,0.004064 214,175,243,196,6,0.003499 390,160,426,201,6,0.003255 208,187,227,205,6,0.003151 346,183,360,207,0,0.002981 186,188,197,202,6,0.002905 395,177,409,193,6,0.002899 337,160,397,213,6,0.002023 397,184,429,205,6,0.001908 202,153,269,212,6,0.001462 194,187,213,204,6,0.001326 501,170,522,198,6,0.001254 309,174,345,196,6,0.001221 195,176,228,219,6,0.001181 0,151,29,206,6,0.001097 247,180,303,211,6,0.001057 495,155,566,203,6,0.001041 341,186,363,227,0,0.001030 395,186,408,204,6,0.001027 354,181,393,210,6,0.001016
/home/dysjin/data/CARLA.v20-carla_v20.coco/valid/Town01_008460_png.rf.03f3160d63f090b29499596ec3c8c4b5.jpg 75,195,150,252,6,0.357269 104,203,153,241,6,0.108701 23,195,130,266,6,0.107515 523,186,619,289,6,0.067648 25,158,133,239,6,0.038444 78,166,160,233,6,0.033650 62,184,175,283,6,0.027162 601,181,640,212,6,0.017064 501,147,640,312,6,0.014379 536,196,586,220,6,0.006907 369,178,394,222,6,0.005946 537,180,619,229,6,0.004829 0,190,90,262,6,0.004719 368,178,385,213,0,0.004672 210,183,245,208,6,0.004155 371,175,382,216,1,0.003793 570,159,640,227,6,0.003339 0,140,201,319,6,0.002701 187,161,252,213,6,0.002664 474,199,524,219,6,0.002220 15,188,97,232,6,0.002189 524,203,548,263,0,0.001716 378,196,396,218,6,0.001597 551,185,594,210,6,0.001541 384,179,424,222,6,0.001392 618,192,640,221,6,0.001320 377,180,640,309,6,0.001311 231,182,250,210,6,0.001293 449,196,500,222,6,0.001216
/home/dysjin/data/CARLA.v20-carla_v20.coco/valid/005508_png.rf.0ab3da1b4970047c9b42e5bbe5d4e6f1.jpg 28,221,58,297,2,0.190638 95,237,124,312,2,0.159643 91,195,117,347,2,0.030904 479,232,534,275,6,0.024006 32,187,54,306,2,0.020771 92,204,128,308,2,0.010175 42,218,65,298,2,0.005913 449,269,477,346,2,0.004462 17,209,48,309,2,0.004385 87,244,155,320,6,0.003063 93,210,158,278,6,0.003041 387,131,416,213,0,0.002625 35,221,78,284,6,0.002429 39,233,74,311,2,0.001425
/home/dysjin/data/CARLA.v20-carla_v20.coco/valid/Town01_006180_png.rf.089d25ecaf49fe28c7f3bf0c3614732b.jpg 317,179,331,234,0,0.071982 308,188,326,227,0,0.040090 309,180,346,223,0,0.013466 300,178,324,222,1,0.011937 309,185,323,210,1,0.010853 296,182,330,221,6,0.004411 367,174,410,193,6,0.003180 530,179,581,222,6,0.002594 0,224,16,241,6,0.002268 0,198,27,254,6,0.001307 551,173,604,228,6,0.001263 39,209,71,233,6,0.001215 521,354,549,380,6,0.001209 381,156,428,201,6,0.001167 203,0,226,27,6,0.001131 221,188,260,205,6,0.001130 0,210,17,234,6,0.001091
/home/dysjin/data/CARLA.v20-carla_v20.coco/valid/Town02_008340_png.rf.044a76656e2e2fe428cd425926d9acbe.jpg 171,195,245,249,6,0.239063 183,166,249,231,6,0.141232 141,191,220,269,6,0.031849 156,177,271,285,6,0.030211 12,185,395,254,6,0.026469 147,192,282,226,6,0.019522 264,179,306,219,6,0.019363 136,150,228,243,6,0.014090 282,180,330,221,6,0.013493 569,153,640,226,6,0.007484 200,194,253,224,6,0.006597 410,181,439,213,6,0.006312 264,187,291,204,6,0.005803 263,173,291,197,6,0.005399 533,156,610,227,6,0.004253 104,208,279,255,6,0.004237 245,185,259,206,0,0.002823 223,187,256,230,0,0.002391 529,180,612,288,6,0.002376 258,155,309,207,6,0.001643 562,190,633,225,6,0.001542 386,159,451,216,6,0.001517 311,178,353,223,6,0.001301 243,175,263,195,6,0.001252 478,156,548,212,6,0.001210 16,69,125,212,6,0.001153
/home/dysjin/data/CARLA.v20-carla_v20.coco/valid/075710_png.rf.0b62bb94157d1f2113ac6bbefe158022.jpg 178,248,258,309,6,0.223062 311,235,355,271,6,0.178120 179,215,267,285,6,0.167390 227,242,277,277,6,0.058457 216,252,263,289,6,0.042629 50,265,184,400,6,0.021885 178,242,229,275,6,0.017026 115,241,238,324,6,0.015074 146,228,232,286,6,0.014449 0,235,177,442,6,0.011479 32,87,190,480,6,0.008428 539,211,567,289,2,0.004002 0,188,239,391,6,0.003808 191,263,236,299,6,0.003139 116,156,329,334,6,0.002097 335,227,375,276,6,0.001954 0,16,137,480,6,0.001953 230,217,294,269,6,0.001937 69,211,151,351,6,0.001790 0,130,343,480,6,0.001639 0,245,84,464,6,0.001382 133,342,286,480,6,0.001191
/home/dysjin/data/CARLA.v20-carla_v20.coco/valid/041689_png.rf.0d648fbd58416a80b414e4503d51c42e.jpg 294,234,329,315,0,0.330014 309,211,338,354,0,0.085266 281,230,358,330,0,0.047028 574,238,595,303,2,0.001556
/home/dysjin/data/CARLA.v20-carla_v20.coco/valid/003751_png.rf.0ff9ef7c8c8e4f5eab52437609a3b501.jpg 399,214,425,249,3,0.037362 394,206,418,251,4,0.028924 388,193,426,266,3,0.003660 392,208,422,285,2,0.003169 592,433,625,480,6,0.001162
/home/dysjin/data/CARLA.v20-carla_v20.coco/valid/Town02_008820_png.rf.135414697b8215dc125af6b125d3058c.jpg 269,203,370,362,6,0.534457 569,156,640,226,6,0.043555 163,0,468,380,6,0.020676 514,183,556,210,6,0.019012 197,33,435,380,6,0.013845 220,187,259,205,6,0.013741 239,149,416,338,6,0.011421 441,187,484,206,6,0.010866 401,187,424,204,6,0.007573 0,65,640,380,6,0.007415 155,186,498,301,6,0.006315 389,177,422,220,6,0.006282 387,185,413,206,6,0.005860 380,187,397,204,6,0.005064 143,170,162,197,3,0.004435 432,178,477,219,6,0.004319 376,175,399,195,6,0.003501 513,134,638,248,6,0.003353 425,190,450,226,0,0.003331 415,186,434,205,6,0.003314 508,155,553,205,6,0.003018 428,186,447,207,6,0.002015 400,174,425,196,6,0.001930 416,178,445,221,6,0.001893 386,160,448,214,6,0.001770 0,192,27,259,6,0.001733 189,162,254,214,6,0.001704 368,176,385,194,6,0.001448 428,155,484,205,6,0.001411 393,194,408,221,6,0.001410 1,169,27,236,6,0.001353 218,172,263,199,6,0.001324 538,159,608,233,6,0.001258 368,159,398,202,6,0.001191 372,187,383,205,0,0.001099 521,78,619,208,6,0.001081 215,196,242,217,6,0.001032
/home/dysjin/data/CARLA.v20-carla_v20.coco/valid/006664_png.rf.1466f666c872e94bac27eba56bbdfb5b.jpg 488,235,519,320,2,0.022470 256,214,275,256,2,0.007966 129,207,155,262,2,0.004114 498,271,524,322,2,0.004068 270,235,281,257,0,0.001561 142,210,164,258,2,0.001510 478,228,519,265,6,0.001308 248,222,276,275,0,0.001129 67,25,174,158,6,0.001022
/home/dysjin/data/CARLA.v20-carla_v20.coco/valid/014570_png.rf.1235b2ca71c181a49fda1bb53eaa19cd.jpg 438,219,465,287,2,0.305683 427,234,449,285,2,0.110035 304,239,327,257,6,0.086616 296,230,328,269,6,0.071153 312,230,344,268,6,0.040477 52,232,123,268,6,0.030346 314,249,336,263,6,0.009848 290,215,352,269,6,0.006605 467,221,491,284,2,0.005388 21,217,52,287,2,0.004767 518,242,546,313,2,0.004375 476,249,494,293,2,0.004187 434,194,496,288,2,0.003427 427,220,476,322,2,0.003281 522,283,547,306,6,0.002799 548,280,608,319,6,0.002679 35,229,93,273,6,0.002145 38,224,88,276,2,0.001974 297,237,311,258,6,0.001914 15,236,57,311,2,0.001765 42,196,131,266,6,0.001673 96,230,138,262,6,0.001562 536,271,573,326,2,0.001230 21,247,42,295,2,0.001151 469,240,483,302,2,0.001112 83,213,153,263,6,0.001045 0,209,28,297,2,0.001040 6,250,31,291,2,0.001016 45,233,67,285,2,0.001001
/home/dysjin/data/CARLA.v20-carla_v20.coco/valid/112550_png.rf.1ca2fa82e03653536df85cf5faf5753c.jpg 515,217,547,333,2,0.045674 513,169,558,397,2,0.006675 595,222,640,249,6,0.002389 610,459,632,478,6,0.002112 589,440,628,475,6,0.001349 571,200,639,256,6,0.001269 594,207,640,237,6,0.001112
/home/dysjin/data/CARLA.v20-carla_v20.coco/valid/Town02_000780_png.rf.16d5987bcdc7d08470c1b3e757e128e5.jpg 301,177,356,325,0,0.518911 76,183,111,211,6,0.037235 295,0,356,380,0,0.036504 290,202,364,336,1,0.033602 452,182,475,208,6,0.021327 390,134,410,160,3,0.013885 366,170,388,200,6,0.011714 297,76,356,380,1,0.011002 261,0,388,380,1,0.010858 533,175,563,242,0,0.008301 597,165,640,202,6,0.004446 301,187,331,280,0,0.003490 433,158,499,213,6,0.003298 459,176,496,219,6,0.002830 285,184,297,208,0,0.002749 392,127,418,177,3,0.002431 11,200,27,241,0,0.001953 35,160,109,214,6,0.001934 93,185,115,207,6,0.001634 357,173,373,197,6,0.001599 199,183,258,210,6,0.001497 322,186,354,280,0,0.001436 517,353,553,380,6,0.001195 33,181,79,212,6,0.001169 439,169,464,202,6,0.001158 397,151,464,203,6,0.001112 281,173,301,197,6,0.001100 357,160,372,183,3,0.001082 391,155,422,200,6,0.001073 406,171,443,197,6,0.001015
/home/dysjin/data/CARLA.v20-carla_v20.coco/valid/Town02_001500_png.rf.1e8a22666698f8954863a9939bc59942.jpg 183,177,232,222,6,0.248051 169,183,216,213,6,0.027239 144,159,214,219,6,0.006561 174,148,244,217,6,0.004678 564,191,640,266,6,0.004054 519,195,615,268,6,0.002901 201,174,262,226,6,0.002243 517,148,615,235,6,0.002230 607,217,640,286,6,0.001823 19,206,43,259,0,0.001632 0,170,18,198,6,0.001397 0,148,27,209,6,0.001028
/home/dysjin/data/CARLA.v20-carla_v20.coco/valid/Town05_004620_png.rf.0e4a190ca586e0e90df6b90be2c83f5b.jpg 415,185,458,205,6,0.148887 407,163,457,203,6,0.077077 395,181,432,212,6,0.021107 604,173,639,197,6,0.010767 581,156,640,219,6,0.008857 610,172,640,227,6,0.004167 396,188,409,206,6,0.003804 392,160,427,202,6,0.003676 215,176,243,195,6,0.003404 345,177,360,193,6,0.003353 355,177,372,193,6,0.001547 431,173,467,199,6,0.001515 425,159,495,210,6,0.001278 213,157,253,201,6,0.001242 391,176,412,195,6,0.001145 428,182,478,213,6,0.001097 345,176,371,220,0,0.001034 348,187,357,203,0,0.001019
/home/dysjin/data/CARLA.v20-carla_v20.coco/valid/006578_png.rf.21f08e8ed63ab67b3ef05528af8ef9e6.jpg 260,233,298,255,6,0.179367 246,209,304,270,6,0.024188 368,221,384,246,3,0.018919 270,221,306,251,6,0.011227 115,32,228,149,6,0.002248 377,251,425,293,6,0.001673 355,241,374,276,0,0.001635 599,276,640,313,6,0.001346 164,160,192,209,3,0.001317 67,0,178,100,6,0.001078
/home/dysjin/data/CARLA.v20-carla_v20.coco/valid/Town01_004320_png.rf.1f6552094735eb0bd49b614b7e584c58.jpg 272,177,368,301,6,0.714737 193,0,461,380,6,0.029733 205,142,439,333,6,0.020029 231,173,277,197,6,0.015724 50,85,603,379,6,0.011137 205,158,264,204,6,0.006919 2,204,33,236,6,0.004364 0,177,28,230,6,0.004358 245,13,431,380,6,0.004197 235,187,271,203,6,0.004187 0,197,18,221,6,0.002324 355,163,372,179,6,0.001777 575,199,640,273,6,0.001633 600,217,640,249,6,0.001589 403,162,423,180,6,0.001473 280,145,357,252,6,0.001416 6,151,68,205,6,0.001202 597,229,640,264,6,0.001196 215,175,257,217,6,0.001175 233,153,302,218,6,0.001125 192,171,242,198,6,0.001054
/home/dysjin/data/CARLA.v20-carla_v20.coco/valid/Town02_006720_png.rf.2632fd4f3d65ff215e84d472badfd870.jpg 398,178,461,221,6,0.080262 479,166,549,219,6,0.035456 456,179,512,227,6,0.013652 578,157,640,223,6,0.009398 196,184,237,209,6,0.005630 351,186,374,205,6,0.005512 273,185,306,208,6,0.005146 367,157,384,186,3,0.003812 447,190,517,261,6,0.003380 515,183,554,208,6,0.003345 342,178,372,220,6,0.003081 370,145,471,239,6,0.002950 462,146,569,242,6,0.002260 390,194,438,219,6,0.001911 488,197,511,245,6,0.001724 597,191,640,224,6,0.001660 381,178,423,212,6,0.001620 136,197,174,218,6,0.001546 197,198,236,219,6,0.001452 428,174,481,229,6,0.001410 386,167,441,203,6,0.001390 188,163,250,214,6,0.001375 132,180,186,223,6,0.001369 0,167,14,200,3,0.001265
/home/dysjin/data/CARLA.v20-carla_v20.coco/valid/Town05_006900_png.rf.2eaa1f5f6de8c6bffcd968f78f2f53b4.jpg 237,181,264,235,0,0.271849 225,172,254,230,1,0.014053 370,187,384,204,6,0.003517 360,171,393,200,6,0.001579 381,172,419,196,6,0.001413 367,175,397,220,0,0.001009
/home/dysjin/data/CARLA.v20-carla_v20.coco/valid/005482_png.rf.1eef94cb1d26525ab4b64d28fc9be58d.jpg 0,224,27,330,2,0.175396 0,200,28,311,2,0.038011 479,232,534,275,6,0.026169 2,248,33,343,2,0.008757 449,270,477,345,2,0.004460 0,225,59,343,2,0.001442 388,133,415,211,1,0.001318 387,127,417,216,0,0.001215 7,209,29,282,2,0.001071 459,224,499,328,2,0.001059
/home/dysjin/data/CARLA.v20-carla_v20.coco/valid/138251_png.rf.2622df013f55b1f57387212b95c87241.jpg 71,211,99,295,2,0.072019 71,234,99,310,2,0.009355 82,217,101,275,2,0.003862 612,248,632,269,6,0.002775 224,236,259,257,6,0.001995 65,164,104,296,2,0.001937 574,228,635,278,6,0.001740 608,244,640,309,6,0.001505 600,290,640,323,6,0.001204 611,338,640,461,2,0.001144 194,221,221,279,2,0.001115
/home/dysjin/data/CARLA.v20-carla_v20.coco/valid/007070_png.rf.2316a0a54db7e4a749f421570aadd160.jpg 388,218,409,245,3,0.007924
/home/dysjin/data/CARLA.v20-carla_v20.coco/valid/Town05_010920_png.rf.2325292b5e147dc41c10fe128f6256f9.jpg 303,170,351,283,0,0.384077 301,71,348,370,0,0.045099 302,154,349,312,1,0.044144 294,161,333,251,0,0.007069 317,175,333,218,0,0.003451 600,158,640,186,6,0.001918
/home/dysjin/data/CARLA.v20-carla_v20.coco/valid/Town01_006420_png.rf.2b897cd6227874bc930ae1c7e17e3b3b.jpg 573,150,640,228,6,0.020421 317,190,330,224,0,0.012546 315,174,342,224,0,0.009373 309,185,322,209,0,0.007681 516,159,534,185,6,0.005988 588,200,640,239,6,0.005608 234,187,271,205,6,0.003890 300,178,324,219,0,0.003499 511,148,537,172,6,0.003266 526,155,543,188,6,0.003064 315,175,339,196,6,0.003005 331,176,346,192,6,0.002805 509,155,551,196,6,0.002496 218,189,239,203,6,0.002122 523,157,545,186,1,0.001990 294,183,331,217,6,0.001739 0,207,17,234,6,0.001712 508,135,550,178,6,0.001378 292,177,314,193,6,0.001326 302,175,327,195,6,0.001249 529,148,629,208,6,0.001090 366,163,386,180,6,0.001060 574,100,640,188,6,0.001034 0,176,25,230,6,0.001031
/home/dysjin/data/CARLA.v20-carla_v20.coco/valid/Town05_006780_png.rf.253c814d6e368b92a888141244ca1a16.jpg 171,185,203,261,1,0.409333 183,187,219,258,0,0.085610 162,118,220,326,1,0.068586 160,169,203,274,0,0.059609 129,173,234,295,0,0.007087 189,174,214,219,0,0.003678 183,172,201,222,0,0.002209 145,160,209,228,6,0.001834 346,187,357,204,0,0.001774 477,154,557,220,6,0.001687 590,258,621,341,0,0.001465 182,198,218,264,1,0.001202
/home/dysjin/data/CARLA.v20-carla_v20.coco/valid/Town01_008280_png.rf.2f69ce357d9638b109b359e31c238ab4.jpg 431,205,493,235,6,0.122054 284,186,318,209,6,0.110716 188,185,217,205,6,0.075233 565,177,640,234,6,0.063518 289,199,313,214,6,0.052957 529,184,640,268,6,0.050443 397,198,430,219,6,0.034226 270,179,304,218,6,0.026736 450,198,499,222,6,0.025183 432,169,501,225,6,0.020490 193,177,226,216,6,0.016068 593,194,640,223,6,0.015415 380,198,396,217,6,0.014809 396,187,468,221,6,0.009856 432,196,470,223,6,0.008135 437,208,467,231,6,0.007697 317,189,336,205,6,0.007331 184,160,234,205,6,0.005894 356,187,370,202,6,0.005600 282,175,329,222,6,0.005507 216,187,238,203,6,0.004980 355,174,371,195,6,0.004386 271,189,285,204,6,0.004039 194,197,211,214,6,0.003519 461,208,507,232,6,0.003400 401,187,425,207,6,0.003352 379,178,434,226,6,0.002876 526,156,617,233,6,0.002759 367,182,398,222,6,0.002689 585,213,640,277,6,0.002608 292,196,333,217,6,0.002589 344,190,360,203,6,0.002373 1,198,38,217,6,0.002232 384,185,417,211,6,0.002172 321,186,356,208,6,0.002165 116,182,141,236,2,0.002098 215,175,241,195,6,0.002075 603,170,640,200,6,0.002065 217,176,250,218,6,0.002011 401,198,640,291,6,0.001931 320,200,332,215,0,0.001926 0,176,29,228,6,0.001920 161,176,214,218,6,0.001874 510,197,562,220,6,0.001846 405,178,527,284,6,0.001825 236,186,269,205,6,0.001706 367,188,384,205,6,0.001608 208,159,258,203,6,0.001588 231,173,275,197,6,0.001554 152,155,221,208,6,0.001465 242,164,305,214,6,0.001419 446,132,640,332,6,0.001232 2,184,37,210,6,0.001222 340,176,365,195,6,0.001219 157,185,201,207,6,0.001160 380,189,397,206,6,0.001139 344,180,372,219,6,0.001122 472,197,525,220,6,0.001089 73,186,113,205,6,0.001053 258,188,273,204,6,0.001049
/home/dysjin/data/CARLA.v20-carla_v20.coco/valid/Town01_005100_png.rf.262bb9c3104b14f5fb633de3dafd0a52.jpg 582,159,640,222,6,0.029201 306,197,345,219,6,0.017669 594,191,640,250,6,0.015772 576,186,595,205,6,0.009308 352,198,375,218,6,0.007058 284,182,336,225,6,0.006165 342,181,374,222,6,0.003042 578,181,616,210,6,0.002909 59,186,103,209,6,0.002486 6,186,33,207,6,0.002041 17,186,72,208,6,0.001608 340,199,365,220,6,0.001584 32,179,90,219,6,0.001244 572,169,601,200,6,0.001238 0,176,28,226,6,0.001202 329,186,348,206,6,0.001124 594,178,628,264,2,0.001115 41,189,72,204,6,0.001105 84,200,101,216,6,0.001085 313,184,342,211,6,0.001049
/home/dysjin/data/CARLA.v20-carla_v20.coco/valid/Town01_011940_png.rf.2554f5ab3ce2122d2ef300838472450f.jpg 230,180,282,229,6,0.209748 192,161,268,232,6,0.054226 591,225,640,267,6,0.036417 567,196,605,222,6,0.017267 200,194,272,247,6,0.014599 573,150,640,235,6,0.013096 558,174,640,296,6,0.005874 572,193,640,259,6,0.005802 157,166,327,253,6,0.005629 226,189,296,265,6,0.004309 552,180,611,228,6,0.003959 199,206,235,235,6,0.003749 390,183,434,210,6,0.002913 0,171,33,233,6,0.002186 381,156,452,212,6,0.001800 573,94,640,191,6,0.001777 159,177,210,227,6,0.001286 11,177,62,228,6,0.001272 579,206,614,232,6,0.001260 411,89,520,191,6,0.001157 582,196,635,223,6,0.001074
/home/dysjin/data/CARLA.v20-carla_v20.coco/valid/041684_png.rf.2f70db5ab75442cd11fffa13a776ae97.jpg 294,233,329,315,0,0.326615 280,230,358,330,0,0.046789 311,174,336,366,0,0.042406 244,239,263,254,6,0.001611
/home/dysjin/data/CARLA.v20-carla_v20.coco/valid/Town05_010980_png.rf.2071755951cd753466eb2cc53fd2fe0c.jpg 304,172,348,281,0,0.402107 303,86,345,379,0,0.054699 272,167,372,299,0,0.018928 294,162,333,252,0,0.007172 603,157,640,187,6,0.005373 369,181,382,210,0,0.003093 292,177,336,311,1,0.002696 316,175,334,217,0,0.001644 204,185,611,380,6,0.001597 252,23,561,380,6,0.001370
/home/dysjin/data/CARLA.v20-carla_v20.coco/valid/112459_png.rf.33bdc5bd58f0f631808a95c4ceb9a78f.jpg 293,221,317,287,2,0.146895 286,230,324,315,2,0.007438 596,222,640,249,6,0.003718 574,202,637,255,6,0.002278 610,459,632,477,6,0.002216 596,207,640,236,6,0.001523 589,441,628,474,6,0.001132
/home/dysjin/data/CARLA.v20-carla_v20.coco/valid/041653_png.rf.31aa86a50239c7e6cbc52c66846dac06.jpg 296,236,328,313,0,0.359080 305,183,328,380,0,0.058053 309,220,339,322,0,0.057386 280,232,357,327,0,0.045931 593,451,624,480,6,0.001052
/home/dysjin/data/CARLA.v20-carla_v20.coco/valid/041819_png.rf.374472e0a0868df264a4100cb7734e35.jpg 104,237,134,305,0,0.245941 115,211,138,329,0,0.087220 101,219,131,292,0,0.032764 13,232,76,264,6,0.028342 112,217,145,291,0,0.018805 82,224,162,334,0,0.017059 110,230,128,333,0,0.012764 39,237,73,259,6,0.009683 87,198,154,285,0,0.002206 410,219,439,297,2,0.002157 35,213,103,264,6,0.001681 574,196,640,283,6,0.001611 121,221,137,271,0,0.001026 17,241,48,272,6,0.001020
/home/dysjin/data/CARLA.v20-carla_v20.coco/valid/Town05_010800_png.rf.3489607b659edfbc485537135e06f34b.jpg 308,166,340,275,0,0.328518 300,172,327,240,0,0.204988 279,173,360,284,0,0.048215 29,196,116,266,6,0.024019 138,186,169,205,6,0.015483 316,171,332,221,0,0.014432 288,154,351,235,0,0.011415 25,146,126,245,6,0.004947 132,168,177,203,6,0.003573 95,190,137,253,2,0.002902 71,189,138,254,6,0.002820 134,182,184,215,6,0.002177 82,160,163,224,6,0.001550 112,179,166,223,6,0.001185 23,0,115,120,6,0.001184 65,16,175,167,6,0.001149 0,193,80,261,6,0.001070
/home/dysjin/data/CARLA.v20-carla_v20.coco/valid/Town02_001080_png.rf.2d29b90fb99ccf7727caeaa1914436b4.jpg 301,178,356,325,0,0.499385 185,182,232,266,6,0.160295 0,202,81,365,6,0.159044 184,178,232,269,1,0.109617 279,187,301,203,6,0.108527 163,151,247,293,6,0.064053 0,84,90,380,6,0.056154 273,169,308,202,6,0.047142 291,203,364,335,1,0.037304 184,184,246,276,0,0.036540 295,0,356,380,0,0.034704 451,182,476,209,6,0.029225 133,192,223,275,6,0.022616 390,134,410,160,3,0.015993 19,216,102,347,6,0.013335 298,75,356,380,1,0.012225 133,56,276,380,6,0.011352 366,171,388,200,6,0.011097 259,0,390,380,1,0.010576 534,175,563,241,0,0.007947 155,164,219,248,6,0.006203 86,193,173,284,6,0.004804 597,164,640,203,6,0.004762 0,173,149,380,6,0.004641 187,158,246,234,6,0.003948 165,148,220,297,0,0.003841 433,158,499,214,6,0.003810 0,0,126,380,6,0.003093 459,176,496,219,6,0.003091 392,126,418,176,3,0.002541 301,189,331,278,0,0.002338 18,184,112,301,6,0.002172 357,173,373,197,6,0.001880 168,92,240,371,1,0.001624 312,182,341,234,0,0.001581 285,156,326,203,6,0.001391 93,219,144,273,6,0.001358 322,187,354,279,0,0.001236 517,353,553,380,6,0.001181 0,10,195,380,6,0.001068 438,169,464,202,6,0.001067
/home/dysjin/data/CARLA.v20-carla_v20.coco/valid/Town02_005700_png.rf.39e8547ff43ddaa06ed2b24f114c8a27.jpg 231,197,408,368,6,0.598943 247,33,373,380,6,0.107133 186,115,476,380,6,0.018927 453,186,474,230,0,0.004853 85,157,160,215,6,0.003177 155,192,178,224,0,0.002135 96,196,141,219,6,0.001736 109,184,151,211,6,0.001703 158,185,176,208,6,0.001663 191,0,412,380,6,0.001567 475,186,499,206,6,0.001238 149,177,177,224,1,0.001236 460,175,497,224,6,0.001062 223,174,260,196,6,0.001008
/home/dysjin/data/CARLA.v20-carla_v20.coco/valid/Town02_002040_png.rf.3d0fd4b3b3749ac8ebdf480959eb8e66.jpg 290,192,336,316,1,0.403350 297,179,353,325,0,0.280982 26,186,112,302,6,0.162399 279,115,350,376,1,0.089534 269,183,309,209,6,0.071992 1,200,129,363,6,0.027756 281,175,330,225,6,0.016249 272,0,356,380,1,0.013295 116,176,160,224,6,0.012831 239,0,390,380,1,0.005713 243,157,306,219,6,0.005471 0,68,155,380,6,0.005045 163,183,220,209,6,0.003382 87,159,162,219,6,0.002503 136,159,209,216,6,0.001904 260,166,298,205,6,0.001716 185,157,253,214,6,0.001452 0,0,171,380,6,0.001429 213,21,329,158,6,0.001380 173,124,456,353,0,0.001259 323,191,354,274,0,0.001133 266,128,364,266,6,0.001108 137,174,179,225,6,0.001041
/home/dysjin/data/CARLA.v20-carla_v20.coco/valid/075707_png.rf.2ff4a82560cfe658387e361a6cc43ef0.jpg 178,248,258,309,6,0.209332 178,215,268,285,6,0.179836 310,235,356,271,6,0.145203 227,242,277,278,6,0.083586 216,252,263,289,6,0.037873 110,243,274,299,6,0.036154 50,263,185,402,6,0.019201 177,241,230,276,6,0.017202 146,227,232,286,6,0.015967 0,235,176,442,6,0.010263 31,74,190,480,6,0.008375 540,212,567,289,2,0.003816 0,187,239,391,6,0.003507 230,217,294,269,6,0.002674 193,263,235,299,6,0.002614 116,156,329,334,6,0.002320 333,230,379,273,6,0.001989 69,210,151,352,6,0.001862 0,131,341,480,6,0.001486 0,245,82,463,6,0.001329 132,342,286,480,6,0.001290 93,229,225,328,6,0.001213 473,252,549,289,6,0.001147
/home/dysjin/data/CARLA.v20-carla_v20.coco/valid/138320_png.rf.332f3bdf3abffc7dd973858c3061b801.jpg 55,228,79,290,2,0.085969 59,215,76,278,2,0.029338 44,220,68,298,2,0.010155 47,231,78,313,2,0.008113 612,346,640,455,2,0.003365 559,342,584,398,2,0.003271 46,221,66,273,2,0.001976 68,222,96,280,2,0.001332 71,239,88,278,2,0.001005 238,237,268,256,6,0.001003
/home/dysjin/data/CARLA.v20-carla_v20.coco/valid/003766_png.rf.3dbe103da1003d1fb3bd18ad0d0894b4.jpg 465,197,502,252,3,0.498244 439,172,534,268,3,0.481530 592,441,628,476,6,0.001229 429,107,449,161,0,0.001149
/home/dysjin/data/CARLA.v20-carla_v20.coco/valid/121245_png.rf.3c6765f574e34bb200e320d55fc2ffe7.jpg 278,245,358,331,6,0.707920 247,213,382,355,6,0.148084 119,232,509,335,6,0.076069 222,261,432,325,6,0.023738 233,101,396,443,6,0.008545 42,186,586,380,6,0.003574 499,224,526,293,2,0.001064
/home/dysjin/data/CARLA.v20-carla_v20.coco/valid/Town05_011040_png.rf.3f658b3c60547a5478cb61d6b76eb55c.jpg 315,179,334,214,0,0.025989 307,180,324,213,0,0.013352 355,188,376,204,6,0.011417 369,186,381,205,1,0.005714 366,185,383,206,0,0.005239 348,173,381,200,6,0.003689 383,172,418,195,6,0.002499 360,158,401,203,6,0.002377 367,174,386,197,6,0.001835 336,182,386,214,6,0.001789 604,169,639,199,6,0.001477 293,179,333,222,0,0.001251
/home/dysjin/data/CARLA.v20-carla_v20.coco/valid/Town02_004920_png.rf.3cdedb8ebbe317a63567ec577e3789a8.jpg 308,163,342,255,0,0.235710 300,173,327,238,0,0.108993 238,168,294,202,6,0.023708 299,185,328,257,1,0.017383 280,172,358,286,0,0.017029 211,170,270,200,6,0.003923 376,154,436,203,6,0.002111 341,172,388,196,6,0.001707 254,184,298,206,6,0.001624 185,156,261,210,6,0.001480 363,170,413,199,6,0.001129 328,174,350,195,6,0.001070 264,171,314,198,6,0.001036 177,170,231,199,6,0.001022
/home/dysjin/data/CARLA.v20-carla_v20.coco/valid/Town05_002760_png.rf.41faa57cc70298c90c62fe9f6a3f08c9.jpg 186,156,253,213,6,0.001744 218,33,323,148,6,0.001583 0,147,32,207,6,0.001242 360,174,394,194,6,0.001203
/home/dysjin/data/CARLA.v20-carla_v20.coco/valid/Town02_001740_png.rf.4072bb166a4df4f9403df039e28a73f3.jpg 289,191,336,317,1,0.389255 296,175,354,329,0,0.327206 280,123,349,368,1,0.093191 292,38,356,380,0,0.018450 246,0,383,380,1,0.008510 163,184,221,208,6,0.003586 312,181,340,236,0,0.002793 121,185,163,206,6,0.001960 135,160,209,213,6,0.001846 184,159,253,213,6,0.001838 323,188,354,278,0,0.001335 160,128,469,350,0,0.001205 213,24,329,155,6,0.001095 86,160,160,210,6,0.001033 269,0,338,380,0,0.001014
/home/dysjin/data/CARLA.v20-carla_v20.coco/valid/026849_png.rf.52e90800c02b90489d2521817c6942f7.jpg 420,201,450,249,3,0.445191 392,201,460,260,3,0.016236 531,146,564,298,2,0.003004 427,201,485,262,3,0.002542 4,151,57,266,3,0.001381
/home/dysjin/data/CARLA.v20-carla_v20.coco/valid/Town02_001560_png.rf.44c7e46d6d34263ac9f429ccb2cd2655.jpg 74,176,99,224,1,0.100125 69,180,92,213,6,0.081896 82,181,98,232,0,0.026665 74,189,90,227,6,0.008509 75,177,107,215,6,0.007975 45,162,108,217,6,0.005474 67,162,93,207,6,0.005187 61,186,80,206,6,0.004339 574,39,640,138,6,0.001598
/home/dysjin/data/CARLA.v20-carla_v20.coco/valid/Town02_003420_png.rf.4347a7bee8aec9f5c84eb5295856f9a9.jpg 333,184,383,229,6,0.338783 27,162,117,232,6,0.310159 70,191,115,228,6,0.116226 23,190,119,266,6,0.045398 0,186,176,230,6,0.012441 538,194,559,246,0,0.012051 328,189,398,265,6,0.011996 317,149,417,246,6,0.008484 302,174,372,234,6,0.007376 606,200,640,242,6,0.005774 579,162,640,220,6,0.004412 183,161,258,218,6,0.003111 0,109,184,278,6,0.002921 209,196,247,220,6,0.002539 603,184,640,210,6,0.002510 79,176,136,234,6,0.002479 0,151,82,229,6,0.001980 326,204,356,234,6,0.001822 231,159,309,216,6,0.001803 555,179,601,223,6,0.001728 133,160,211,216,6,0.001398 448,184,501,210,6,0.001347 433,161,498,213,6,0.001333 349,188,425,230,6,0.001329 135,197,174,220,6,0.001269 355,208,392,231,6,0.001146 84,208,120,229,6,0.001053 275,177,342,226,6,0.001039
/home/dysjin/data/CARLA.v20-carla_v20.coco/valid/Town01_006060_png.rf.3d76b002da6076434f028293d0c4a498.jpg 299,189,328,267,1,0.276772 309,184,341,267,0,0.229180 421,196,453,220,6,0.040928 296,145,337,323,1,0.020826 274,171,371,298,0,0.008406 316,177,334,240,0,0.007159 305,165,326,255,0,0.004857 179,212,202,228,6,0.002774 423,179,481,225,6,0.002505 573,92,640,188,6,0.001657 173,196,209,223,6,0.001445 293,181,335,310,0,0.001389 168,211,193,230,6,0.001172 417,187,437,207,6,0.001018
/home/dysjin/data/CARLA.v20-carla_v20.coco/valid/Town02_007800_png.rf.4e6520c0e9dd39a93f5048a2caea0283.jpg 373,179,442,229,6,0.223664 322,181,396,226,6,0.173853 321,193,358,223,6,0.033641 312,145,438,250,6,0.023496 579,154,640,225,6,0.020038 465,183,485,233,0,0.010377 613,187,640,264,6,0.006648 466,171,483,245,1,0.006455 324,172,478,221,6,0.005732 530,174,564,194,6,0.004437 388,203,438,233,6,0.004423 398,197,449,220,6,0.004375 502,156,560,205,6,0.002803 459,188,497,260,0,0.001954 574,179,622,211,6,0.001950 515,185,558,207,6,0.001863 577,177,640,288,6,0.001496 527,160,578,200,6,0.001329 261,104,486,281,6,0.001226 312,182,341,210,6,0.001175 467,202,481,262,0,0.001032 293,158,361,219,6,0.001011
/home/dysjin/data/CARLA.v20-carla_v20.coco/valid/Town01_001860_png.rf.53e5db5983ad00d8986ebdc44e1e76ef.jpg 215,170,421,380,6,0.627988 217,0,448,380,6,0.109805 12,75,604,380,6,0.079612 240,158,377,306,6,0.027269 133,177,153,216,0,0.010173 373,236,439,364,0,0.006355 48,187,65,204,6,0.005892 56,187,78,205,6,0.004993 10,185,28,209,6,0.004415 141,182,164,211,0,0.003579 102,175,134,194,6,0.003434 189,222,374,380,6,0.003277 278,101,435,380,6,0.003185 9,159,69,201,6,0.002678 216,174,266,195,6,0.002520 208,73,320,380,6,0.002276 597,175,640,219,6,0.001949 395,219,427,345,0,0.001748 109,188,127,202,6,0.001673 43,159,79,200,6,0.001672 26,174,60,193,6,0.001554 56,172,79,196,6,0.001485 122,159,149,201,6,0.001447 546,355,574,380,6,0.001444 11,184,49,207,6,0.001407 44,174,68,195,6,0.001318 45,177,78,218,6,0.001231 92,159,132,199,6,0.001176 564,149,640,233,6,0.001168 504,170,630,298,6,0.001157 131,166,154,202,2,0.001103 11,198,25,216,0,0.001018
/home/dysjin/data/CARLA.v20-carla_v20.coco/valid/Town01_006120_png.rf.405fede50ad311216cb9943968a5cdf5.jpg 318,184,331,230,1,0.133767 315,191,335,224,0,0.117840 27,209,113,267,6,0.070314 0,220,83,279,6,0.028285 318,183,333,210,6,0.028172 84,218,125,251,6,0.014105 312,184,345,219,6,0.010170 294,176,330,221,6,0.004915 0,225,44,267,6,0.004321 304,187,329,207,6,0.003396 363,174,389,195,6,0.003163 476,153,536,201,6,0.003114 361,156,403,201,6,0.002885 366,188,387,203,6,0.002672 0,197,33,260,6,0.002377 78,206,155,265,6,0.002348 424,155,489,202,6,0.001966 400,169,450,199,6,0.001874 310,174,344,230,0,0.001836 378,153,434,201,6,0.001581 100,222,133,246,6,0.001526 317,174,336,194,6,0.001037
/home/dysjin/data/CARLA.v20-carla_v20.coco/valid/041864_png.rf.51f1d81198f2e5b7a450f586235760ec.jpg 302,242,329,300,0,0.229466 189,230,234,278,6,0.113733 316,231,333,286,0,0.008654 184,241,235,302,6,0.007384 393,246,407,268,6,0.004768 391,244,408,269,1,0.003527 413,203,443,250,3,0.003491 293,231,316,286,0,0.003342 277,220,356,337,0,0.003288 303,220,325,273,0,0.003283 310,230,340,312,0,0.002982 134,243,213,321,6,0.002862 217,226,244,276,0,0.002783 395,203,422,250,3,0.001362 168,19,275,160,6,0.001251 599,220,640,334,6,0.001162 133,269,188,327,6,0.001064
/home/dysjin/data/CARLA.v20-carla_v20.coco/valid/Town01_012060_png.rf.58e57e1a7e8d4f630323ae1827ca68bc.jpg 573,192,640,274,6,0.049231 591,225,640,267,6,0.047338 181,184,236,223,6,0.044518 566,195,606,222,6,0.032826 572,153,640,235,6,0.023255 391,184,433,209,6,0.006372 161,178,213,228,6,0.005188 547,177,615,231,6,0.002608 0,170,33,233,6,0.002266 382,157,451,213,6,0.002235 199,179,267,223,6,0.001826 578,206,615,232,6,0.001671 535,193,569,254,0,0.001507 13,173,58,231,6,0.001460 581,195,636,223,6,0.001414 413,93,515,188,6,0.001281 554,206,566,235,0,0.001276 572,91,640,195,6,0.001205 294,187,336,207,6,0.001063
/home/dysjin/data/CARLA.v20-carla_v20.coco/valid/009044_png.rf.59d4a83882b4b6af242cbd9e0e31ba80.jpg 0,203,17,241,3,0.084754 489,254,512,312,0,0.019533 561,221,583,247,3,0.006377 0,188,30,268,3,0.004706 0,198,27,302,2,0.002020 476,242,553,324,6,0.001265
/home/dysjin/data/CARLA.v20-carla_v20.coco/valid/Town02_002520_png.rf.55f8a7c01a8e4b86c99a794d7b61cd5d.jpg 180,184,232,230,6,0.435035 212,198,426,368,6,0.244196 280,179,389,330,6,0.112951 152,198,256,238,6,0.087995 146,161,220,233,6,0.039689 267,79,403,380,6,0.028754 215,6,350,380,6,0.025316 524,159,600,225,6,0.024972 143,195,217,262,6,0.021297 163,148,266,250,6,0.014826 206,154,316,380,6,0.012364 158,186,203,236,6,0.009787 63,86,555,380,6,0.006212 298,150,425,380,1,0.004511 482,157,562,219,6,0.004157 28,178,94,227,6,0.003528 320,122,404,367,6,0.003395 521,191,606,268,6,0.002505 533,167,586,201,6,0.002312 0,167,83,238,6,0.001746 248,182,320,277,6,0.001369 344,160,409,347,0,0.001295 512,200,561,242,6,0.001008
/home/dysjin/data/CARLA.v20-carla_v20.coco/valid/Town02_008760_png.rf.5bfb07b6a5fbe6700b4b9c150b9c6576.jpg 269,203,370,362,6,0.538779 164,0,467,380,6,0.021795 571,155,640,223,6,0.016570 514,183,555,210,6,0.015377 220,187,259,204,6,0.014193 198,178,442,380,6,0.014004 441,187,484,206,6,0.011942 0,64,640,380,6,0.007693 401,187,423,204,6,0.007549 12,151,640,360,6,0.006743 528,154,615,221,6,0.006394 389,177,422,220,6,0.006174 387,185,414,206,6,0.005223 432,178,477,219,6,0.004709 144,170,161,197,3,0.004698 380,187,397,204,6,0.004610 271,188,287,205,6,0.004219 585,181,633,211,6,0.003975 387,161,427,202,6,0.003734 415,186,434,205,6,0.003299 425,190,450,226,0,0.003195 377,175,399,195,6,0.003148 508,156,553,205,6,0.003055 281,186,296,206,6,0.002184 428,186,447,207,6,0.002027 416,178,445,221,6,0.001914 401,174,425,196,6,0.001792 0,192,27,259,6,0.001712 278,184,298,207,0,0.001697 190,162,254,213,6,0.001541 393,194,408,221,6,0.001352 428,158,485,205,6,0.001305 1,169,27,236,6,0.001280 410,156,450,205,6,0.001248 218,172,263,199,6,0.001197 271,175,297,222,0,0.001111 557,171,640,269,6,0.001085 369,159,398,202,6,0.001070 215,196,242,217,6,0.001055 368,176,385,194,6,0.001055 494,187,529,206,6,0.001048 254,168,407,299,6,0.001045 521,83,619,202,6,0.001006
/home/dysjin/data/CARLA.v20-carla_v20.coco/valid/Town01_008100_png.rf.5942043a53e2ea3c62572bf7029ed896.jpg 603,169,640,197,6,0.175756 391,201,408,212,6,0.031508 572,156,640,204,6,0.018080 386,187,414,209,6,0.011825 281,188,299,204,6,0.009956 214,187,243,203,6,0.009344 343,190,360,202,6,0.006393 368,181,399,219,6,0.004569 380,200,399,213,6,0.004344 216,177,251,216,6,0.004098 270,178,300,218,6,0.004006 355,188,371,203,6,0.003226 560,171,610,196,6,0.002437 113,186,147,206,6,0.002119 206,188,228,202,6,0.002081 207,158,258,205,6,0.002019 197,170,238,199,6,0.001759 284,186,318,207,6,0.001717 264,187,293,206,6,0.001461 365,183,385,210,2,0.001437 168,186,190,206,6,0.001042 343,179,371,219,6,0.001006
/home/dysjin/data/CARLA.v20-carla_v20.coco/valid/Town01_010680_png.rf.5537782525200ced228c602e6dcc3456.jpg 220,187,239,207,6,0.012863 231,188,249,205,6,0.012719 223,177,248,218,6,0.004973 231,174,249,196,6,0.003375 284,187,320,205,6,0.002310 282,175,324,195,6,0.001994 20,143,121,230,6,0.001961 118,41,226,143,6,0.001572 220,196,237,219,6,0.001561 217,194,237,220,0,0.001468 233,185,270,208,6,0.001453 221,177,238,195,6,0.001333 267,177,302,219,6,0.001241 231,195,247,220,0,0.001097
/home/dysjin/data/CARLA.v20-carla_v20.coco/valid/121155_png.rf.5eeb1497380edc240a771f68b9d34669.jpg 258,266,386,400,6,0.443465 157,229,504,422,6,0.191797 565,237,594,309,2,0.106508 239,173,384,478,6,0.036454 559,191,602,320,2,0.035724 526,90,544,110,6,0.015770 582,200,617,307,2,0.007050 159,0,517,480,6,0.006273 442,218,471,282,2,0.005092 464,215,492,288,2,0.003295 266,230,449,363,6,0.002653 450,243,471,272,2,0.001606 486,221,523,281,2,0.001229 517,64,553,111,6,0.001162 535,209,577,295,2,0.001058
/home/dysjin/data/CARLA.v20-carla_v20.coco/valid/007085_png.rf.5a7141063cfddac158b01dce18de1e48.jpg 436,204,469,248,5,0.292539 433,205,472,249,4,0.235299 428,200,488,264,3,0.010372 422,202,458,243,3,0.002901 435,193,464,232,3,0.002685
/home/dysjin/data/CARLA.v20-carla_v20.coco/valid/Town05_006720_png.rf.717ce1e22225ab6a97befb2b8effcc2a.jpg 188,170,222,240,0,0.176858 186,185,222,258,1,0.131883 174,186,205,259,1,0.098678 162,122,244,321,1,0.062736 177,179,246,279,0,0.033274 175,157,211,263,0,0.016895 109,186,150,206,6,0.011061 140,189,221,273,0,0.010848 63,24,178,162,6,0.001953 142,159,213,228,6,0.001805 88,162,154,210,6,0.001668 163,176,198,241,0,0.001216
/home/dysjin/data/CARLA.v20-carla_v20.coco/valid/Town01_006600_png.rf.612f31973b2db2fda3ee5293fd937a64.jpg 121,205,140,238,0,0.005618 284,187,320,206,6,0.003854 378,184,396,209,6,0.002591 474,120,499,149,6,0.001687 459,106,504,152,6,0.001344 167,179,203,224,6,0.001186 240,178,277,220,6,0.001107
/home/dysjin/data/CARLA.v20-carla_v20.coco/valid/112469_png.rf.4fea3a1e3f0858f468ecb362968a08fb.jpg 316,224,341,284,2,0.130276 316,219,338,274,1,0.035889 610,459,632,478,6,0.002272 596,222,640,249,6,0.001914 589,440,628,475,6,0.001405
/home/dysjin/data/CARLA.v20-carla_v20.coco/valid/Town05_009540_png.rf.67accf9da191af14c5f05da1b6fe1e58.jpg 602,183,640,208,6,0.245083 588,156,640,215,6,0.008501 284,158,331,201,6,0.005580 291,175,325,217,6,0.002542 172,173,201,224,0,0.001830 185,184,198,209,0,0.001450 184,190,198,225,0,0.001205 285,185,317,205,6,0.001136 606,194,637,218,6,0.001061
/home/dysjin/data/CARLA.v20-carla_v20.coco/valid/041820_png.rf.69e77a8e269d90d89efc21e5026a7083.jpg 114,233,146,310,0,0.294335 38,229,81,271,6,0.085198 117,219,147,290,0,0.039324 571,225,640,318,6,0.011543 11,226,70,275,6,0.004302 422,223,449,269,2,0.003506 85,226,166,334,0,0.002528 250,197,280,296,2,0.002283 580,195,640,288,6,0.002205 386,203,452,267,6,0.001823 572,258,600,330,1,0.001559 121,221,137,272,0,0.001473 390,221,436,245,6,0.001397 81,212,105,233,6,0.001248 582,229,625,320,1,0.001090 29,242,62,271,6,0.001034
/home/dysjin/data/CARLA.v20-carla_v20.coco/valid/121278_png.rf.6607158f1164a75baf620dcb66d1b07e.jpg 279,246,358,324,6,0.584170 250,204,377,363,6,0.137924 130,225,496,340,6,0.061463 250,233,278,259,6,0.029082 223,258,433,327,6,0.006532 476,244,494,271,2,0.006133 602,235,640,257,6,0.004058 79,165,548,400,6,0.002877 256,219,275,250,6,0.002036 280,206,358,290,6,0.001243 245,247,264,268,6,0.001187
/home/dysjin/data/CARLA.v20-carla_v20.coco/valid/Town02_004620_png.rf.7280640e1c163e7c4b28010b90659788.jpg 237,197,401,367,6,0.469571 248,59,370,380,6,0.097954 363,14,463,167,6,0.019030 443,213,508,278,6,0.016762 87,154,167,222,6,0.010559 166,112,453,380,6,0.009901 305,6,509,205,6,0.006014 314,173,338,197,6,0.005940 136,184,173,207,6,0.005853 226,0,589,248,6,0.003328 341,0,476,305,6,0.003185 148,0,481,380,6,0.002923 131,169,178,201,6,0.002689 23,153,62,209,3,0.002099 78,163,108,229,0,0.002033 283,155,334,206,6,0.001978 310,156,353,205,6,0.001891 279,186,298,203,6,0.001740 118,16,227,166,6,0.001621 274,172,305,198,6,0.001530 509,80,617,196,6,0.001348 82,94,168,193,6,0.001268 130,0,312,202,6,0.001265 31,142,110,226,6,0.001232 520,354,550,380,6,0.001185 223,0,397,380,6,0.001146 340,154,373,203,6,0.001101 331,87,410,191,6,0.001066 25,85,116,197,6,0.001049 10,145,70,210,6,0.001019
/home/dysjin/data/CARLA.v20-carla_v20.coco/valid/Town05_016500_png.rf.75b431585ae9c755044e81517b796324.jpg 354,185,402,227,6,0.395631 130,195,212,261,6,0.223329 129,159,222,240,6,0.207100 0,184,79,290,6,0.186577 320,176,408,245,6,0.110011 26,194,100,278,6,0.082161 74,200,259,243,6,0.052633 182,185,235,228,6,0.036935 118,202,167,240,6,0.011579 0,0,138,380,6,0.010536 427,190,447,224,0,0.008364 343,178,386,217,6,0.007100 0,162,129,329,6,0.004882 0,84,240,380,6,0.004383 111,173,166,236,6,0.003095 71,104,281,285,6,0.002771 176,190,249,266,6,0.002730 337,174,369,246,6,0.002568 0,139,73,254,6,0.002467 432,183,443,210,0,0.001706 452,187,470,204,6,0.001129 157,141,273,252,6,0.001006
/home/dysjin/data/CARLA.v20-carla_v20.coco/valid/Town02_001020_png.rf.79741d4293c684a4f4e895c08f1290d5.jpg 300,176,356,327,0,0.522133 0,208,78,359,6,0.187102 288,161,327,205,6,0.052051 295,0,356,380,0,0.038724 276,151,369,328,1,0.037942 285,184,319,206,6,0.031956 451,182,475,208,6,0.021694 390,134,410,160,3,0.013202 366,171,388,200,6,0.012050 297,65,356,380,1,0.011746 264,0,385,380,1,0.011302 0,0,109,380,6,0.008521 534,176,563,241,0,0.006789 271,169,312,201,6,0.006559 0,147,110,380,6,0.004991 18,220,102,343,6,0.004464 597,164,640,202,6,0.004213 299,183,333,284,0,0.003983 0,37,181,380,6,0.003601 433,158,499,214,6,0.003231 37,182,76,213,6,0.003060 459,176,496,219,6,0.002799 392,126,418,177,3,0.002327 40,197,72,217,6,0.002279 324,176,353,265,0,0.002140 197,182,260,211,6,0.001908 305,203,348,356,1,0.001685 300,170,351,200,6,0.001573 166,127,463,347,0,0.001250 273,130,366,261,6,0.001194 517,353,553,380,6,0.001156 351,169,379,200,6,0.001140 438,169,464,202,6,0.001080 0,162,141,329,6,0.001065 406,171,443,197,6,0.001007
/home/dysjin/data/CARLA.v20-carla_v20.coco/valid/004996_png.rf.758bfe0873e6cba6e1d99146894cae01.jpg 483,232,513,336,2,0.100717 486,248,509,294,2,0.014082 463,234,485,283,2,0.002348 465,240,501,308,2,0.002325 611,460,632,475,6,0.002258 0,223,31,277,6,0.002159 0,233,38,258,6,0.001676
/home/dysjin/data/CARLA.v20-carla_v20.coco/valid/Town02_001620_png.rf.77cda18f042297c4b15936a35acef602.jpg 299,183,326,261,1,0.225818 304,170,343,272,0,0.068710 295,114,337,329,1,0.051214 310,176,340,216,0,0.010121 312,171,337,221,6,0.009376 298,164,333,230,0,0.008101 269,163,371,298,0,0.006948 290,157,320,261,0,0.001084
/home/dysjin/data/CARLA.v20-carla_v20.coco/valid/112362_png.rf.868e587d8bdd37c81e4872223fbdbeb4.jpg 147,225,170,281,2,0.137552 159,240,171,276,2,0.015068 575,203,637,255,6,0.010747 594,222,640,249,6,0.009388 158,224,173,267,2,0.005875 595,207,640,236,6,0.004185 144,251,165,292,2,0.002527 585,234,635,257,6,0.002307 610,460,632,477,6,0.002173
/home/dysjin/data/CARLA.v20-carla_v20.coco/valid/Town05_010080_png.rf.88fb23d739ffa2beacd3c5735d172d03.jpg 314,176,336,218,0,0.201634 300,175,325,222,1,0.018860 308,182,326,232,0,0.013347 271,187,283,203,6,0.011287 213,28,326,159,6,0.004199 183,156,254,212,6,0.002690 75,77,171,202,6,0.002650 267,173,288,197,6,0.002454 288,157,349,218,6,0.002200 268,175,299,219,6,0.002186 282,174,323,194,6,0.002170 128,149,216,217,6,0.002035 0,0,336,145,6,0.002031 373,175,404,194,6,0.001891 51,0,192,165,6,0.001751 264,156,303,202,6,0.001667 176,171,232,197,6,0.001616 19,128,122,247,6,0.001536 75,136,169,232,6,0.001487 0,0,178,222,6,0.001393 340,177,362,192,6,0.001364 353,0,478,172,6,0.001347 317,180,355,212,6,0.001282 366,158,398,201,6,0.001261 117,82,226,199,6,0.001206 13,57,134,223,6,0.001125
/home/dysjin/data/CARLA.v20-carla_v20.coco/valid/026847_png.rf.7a28094ba474fb2fab06e58f1ebea83c.jpg 415,204,445,248,3,0.447017 390,201,456,260,3,0.014949 517,180,544,274,2,0.010930 520,121,550,322,2,0.005598 17,162,70,255,3,0.002269 358,232,369,260,0,0.001211
/home/dysjin/data/CARLA.v20-carla_v20.coco/valid/075709_png.rf.7dd638ab9af378bf60aaa2fb92a0aea4.jpg 178,248,258,309,6,0.222227 311,235,355,271,6,0.182260 179,215,267,285,6,0.169247 227,242,277,278,6,0.064227 216,252,263,289,6,0.042434 111,242,274,299,6,0.037453 50,264,184,402,6,0.022987 178,241,228,276,6,0.015896 145,228,232,286,6,0.013929 0,235,176,442,6,0.011031 32,78,189,480,6,0.009594 1,188,239,390,6,0.004216 539,211,567,289,2,0.004170 192,263,236,299,6,0.003207 69,211,151,351,6,0.002321 230,217,294,269,6,0.002126 116,156,329,334,6,0.002121 0,129,337,480,6,0.001699 472,252,550,289,6,0.001623 331,230,380,273,6,0.001516 0,244,83,464,6,0.001302 93,229,225,328,6,0.001277 134,344,284,480,6,0.001232
/home/dysjin/data/CARLA.v20-carla_v20.coco/valid/Town02_007380_png.rf.8809896fc46f6266a6729640bbc68e4c.jpg 573,162,640,227,6,0.106614 436,183,487,210,6,0.035994 561,193,599,256,6,0.019867 594,181,640,213,6,0.017381 552,174,612,236,6,0.008447 557,182,640,265,6,0.006309 503,182,545,210,6,0.004325 556,201,593,266,0,0.002803 68,168,120,201,6,0.002533 35,159,112,211,6,0.002153 362,154,400,203,6,0.002130 78,155,142,203,6,0.001516 443,195,478,220,6,0.001342 462,176,494,226,2,0.001091
/home/dysjin/data/CARLA.v20-carla_v20.coco/valid/Town01_007500_png.rf.7e4c2487265d812d93246e09a19aeab2.jpg 242,183,290,214,6,0.177862 572,152,640,224,6,0.150755 254,196,282,216,6,0.087066 104,210,171,244,6,0.038898 83,210,143,248,6,0.018520 146,210,186,234,6,0.014555 396,186,427,205,6,0.014426 551,141,614,217,6,0.009785 256,173,300,226,6,0.006311 122,221,161,241,6,0.005747 162,212,196,231,6,0.004224 380,159,450,209,6,0.003802 603,188,640,224,6,0.003315 178,212,204,229,6,0.003057 355,154,410,204,6,0.002752 518,181,557,212,6,0.002388 130,205,202,254,6,0.002286 78,219,110,246,6,0.002204 475,190,497,250,0,0.001949 536,170,572,229,2,0.001835 164,200,205,243,6,0.001805 483,158,552,211,6,0.001624 532,174,577,226,6,0.001562 88,233,121,253,6,0.001378 71,188,181,282,6,0.001262 225,144,317,245,6,0.001093 509,127,640,248,6,0.001088 87,220,135,269,6,0.001067
/home/dysjin/data/CARLA.v20-carla_v20.coco/valid/Town05_007500_png.rf.8a81a882e564e9e99b5c951d3e18dbbc.jpg 353,181,398,209,6,0.114987 340,159,402,218,6,0.063263 345,170,383,202,6,0.027785 183,155,238,201,6,0.022120 403,156,464,204,6,0.019773 418,172,481,195,6,0.017190 371,173,402,199,6,0.008482 424,151,501,213,6,0.007450 475,149,556,218,6,0.007050 429,104,504,178,6,0.003229 271,23,369,158,6,0.003041 371,87,472,197,6,0.003017 416,185,460,204,6,0.002969 477,101,558,183,6,0.002604 131,152,215,213,6,0.002292 300,162,327,182,6,0.001977 186,112,254,174,6,0.001966 503,154,569,191,6,0.001841 459,90,499,165,0,0.001804 354,134,490,240,6,0.001663 126,169,183,200,6,0.001431 85,104,159,172,6,0.001327 567,143,640,228,6,0.001246 133,105,218,177,6,0.001243 342,174,365,197,6,0.001201 82,151,162,215,6,0.001174 455,126,581,248,6,0.001152 304,174,324,192,6,0.001107 406,78,530,210,6,0.001048
/home/dysjin/data/CARLA.v20-carla_v20.coco/valid/Town02_005520_png.rf.8a9d2ba4122736ea3845c9e405936cce.jpg 585,191,640,251,6,0.140776 584,159,640,231,6,0.121857 561,174,640,268,6,0.064833 0,198,20,219,6,0.052108 93,195,140,221,6,0.031062 41,181,134,224,6,0.029835 372,188,402,204,6,0.020326 367,179,397,217,6,0.019014 0,177,29,228,6,0.018464 82,167,151,218,6,0.008608 12,189,128,274,6,0.005736 12,138,147,251,6,0.003763 386,157,424,201,6,0.002948 369,170,408,200,6,0.002881 0,175,83,231,6,0.002663 367,197,387,216,6,0.002410 34,194,79,222,6,0.001829 532,177,572,222,6,0.001685 603,228,640,258,6,0.001610 262,188,292,205,6,0.001567 342,188,360,202,6,0.001429 341,160,402,213,6,0.001391 543,184,575,207,6,0.001186 260,170,297,198,6,0.001137 529,198,542,243,0,0.001039
/home/dysjin/data/CARLA.v20-carla_v20.coco/valid/041735_png.rf.891d950e6341a379e0a80f54f49c126a.jpg 271,238,301,309,0,0.385021 268,165,309,376,0,0.139827 275,236,302,326,1,0.036637 241,236,314,324,0,0.015678 288,219,308,322,0,0.002123 270,226,286,268,0,0.001490 589,435,628,479,6,0.001397 608,457,635,480,6,0.001084 282,228,297,264,0,0.001083
/home/dysjin/data/CARLA.v20-carla_v20.coco/valid/041669_png.rf.8f16c7cc68671f71ba068edf120b2a61.jpg 295,236,328,314,0,0.399275 303,166,330,397,0,0.065391 280,232,357,328,0,0.047603 310,218,338,324,0,0.020484
/home/dysjin/data/CARLA.v20-carla_v20.coco/valid/003814_png.rf.9123d8ff8e23490d6f5201cb816e4fc2.jpg 542,164,620,249,3,0.500235 528,129,640,287,3,0.275099 475,161,640,256,3,0.259873 152,50,640,368,3,0.040020 290,237,316,255,6,0.036833 461,96,640,323,3,0.015057 584,153,629,265,3,0.002015
/home/dysjin/data/CARLA.v20-carla_v20.coco/valid/005413_png.rf.9000d6e877ce40e1d5bd5387ece453c2.jpg 410,235,443,257,6,0.115448 545,230,611,282,6,0.056480 95,220,122,285,2,0.039850 78,219,106,299,2,0.036421 367,241,387,276,0,0.034642 104,235,128,283,2,0.015857 531,245,608,311,6,0.006593 549,240,616,301,2,0.005026 69,228,93,314,2,0.004793 84,228,99,312,2,0.004415 581,214,624,294,2,0.004279 108,213,127,281,2,0.003734 411,246,439,266,6,0.003282 519,187,625,306,6,0.003187 388,215,451,264,6,0.002644 535,245,579,301,2,0.002079 363,232,399,272,6,0.001932 572,246,632,302,6,0.001530 66,214,93,279,2,0.001240 375,137,400,205,0,0.001054 92,229,125,314,2,0.001051
/home/dysjin/data/CARLA.v20-carla_v20.coco/valid/Town01_001500_png.rf.9254a251a5c6eb6313adba6a6adf1620.jpg 575,183,618,209,6,0.003165 390,172,409,197,3,0.002767 516,186,556,207,6,0.001771 523,159,608,217,6,0.001661 380,177,399,194,3,0.001352 385,168,414,200,6,0.001258 600,182,640,211,6,0.001252 547,184,598,209,6,0.001158 0,142,16,177,6,0.001091
/home/dysjin/data/CARLA.v20-carla_v20.coco/valid/Town05_004680_png.rf.93664881511a21c1adf050e2e8993477.jpg 330,158,412,232,6,0.509855 378,176,419,219,6,0.462481 259,145,444,250,6,0.106540 315,172,364,223,6,0.097798 246,186,265,205,6,0.095385 244,178,273,215,6,0.066015 239,164,281,203,6,0.013441 253,173,276,199,6,0.008433 187,188,198,203,6,0.002930 247,182,304,209,6,0.002116 396,190,424,222,1,0.001838 399,191,421,220,6,0.001302 194,188,210,202,6,0.001061 0,150,29,206,6,0.001032 316,189,342,227,6,0.001021
/home/dysjin/data/CARLA.v20-carla_v20.coco/valid/138312_png.rf.93c512dad514948e54a85fd6860eba4e.jpg 0,234,29,319,2,0.061082 18,232,50,317,2,0.051027 94,229,114,264,2,0.022427 0,191,40,352,2,0.022143 17,196,54,314,2,0.013182 93,236,115,281,2,0.011772 73,220,104,283,2,0.003703 31,207,57,334,2,0.002547 87,223,101,270,2,0.002124 601,397,640,442,6,0.001565 611,357,640,442,2,0.001306 40,233,70,285,2,0.001231 0,222,37,297,2,0.001151 88,216,128,286,2,0.001037
/home/dysjin/data/CARLA.v20-carla_v20.coco/valid/005160_png.rf.922d9f2da21b5b11121905df87e629d7.jpg 398,216,430,245,4,0.085648 395,215,431,246,3,0.052247 396,206,423,249,2,0.025869 412,205,439,251,2,0.005604 586,434,631,480,6,0.001221 381,189,454,278,2,0.001172
