/home/dysjin/data/CARLA.v20-carla_v20.coco/valid/Town05_011820_png.rf.a721d4435d03a17b63243ff374e790d2.jpg 5,187,113,232,6,0.185061 308,181,322,194,6,0.017409 257,173,271,187,6,0.011875 255,167,268,181,6,0.009173 267,176,282,188,6,0.009096 64,190,111,226,6,0.008608 317,185,331,200,6,0.008086 293,180,313,192,6,0.005769 330,179,343,192,6,0.003545 279,178,295,190,6,0.003486 0,199,66,233,6,0.003033 356,173,369,188,6,0.002992 343,177,357,191,6,0.002352 245,166,262,180,6,0.002253 36,185,74,227,6,0.002198 159,172,172,189,6,0.002168 266,168,281,181,6,0.001896 245,174,262,188,6,0.001859 367,173,382,189,6,0.001684 4,194,32,225,6,0.001597 30,198,58,219,0,0.001366 26,183,92,236,5,0.001295 268,184,282,199,6,0.001084 379,174,394,189,6,0.001025
/home/dysjin/data/CARLA.v20-carla_v20.coco/valid/Town05_005760_png.rf.a5aa9e8688171e7bfb57f36e4a648f69.jpg 308,183,329,203,6,0.136403 410,190,437,224,6,0.007822 258,165,271,182,6,0.004738 355,173,369,190,6,0.003532 293,175,336,204,6,0.002552 295,183,317,201,6,0.002544 403,189,426,226,2,0.001699 267,174,283,190,6,0.001447 3,147,57,176,6,0.001443 346,176,359,193,6,0.001395 245,174,261,192,6,0.001299 329,177,341,194,6,0.001221 314,191,329,214,6,0.001214 279,178,294,191,6,0.001208 368,172,381,190,6,0.001194
/home/dysjin/data/CARLA.v20-carla_v20.coco/valid/075705_png.rf.9f5447b468e0280dc956a534954f8a5e.jpg 169,246,260,300,6,0.305476 309,243,350,274,6,0.272593 0,240,171,425,6,0.109102 239,240,267,275,6,0.050407 214,242,264,280,6,0.034012 253,241,266,276,1,0.011576 251,239,268,276,0,0.008653 254,238,268,263,6,0.006055 308,243,326,271,1,0.005782 0,247,75,480,6,0.004500 351,235,366,252,6,0.004427 0,173,233,480,4,0.003732 294,237,306,252,6,0.003418 0,256,174,480,6,0.002996 343,236,357,259,6,0.002934 345,226,361,243,6,0.002889 293,227,307,244,3,0.002869 229,247,256,269,6,0.002397 285,238,300,252,6,0.002297 47,251,176,315,6,0.001943 212,241,243,292,5,0.001876 537,218,553,272,2,0.001736 244,252,262,280,6,0.001688 325,238,349,264,6,0.001515 83,234,174,480,6,0.001509 163,212,266,338,2,0.001379 228,244,271,287,1,0.001375 244,241,281,276,1,0.001355 308,239,323,262,0,0.001337 3,266,65,480,6,0.001247 284,230,299,245,6,0.001134 227,239,257,259,6,0.001062 297,244,311,266,6,0.001020
/home/dysjin/data/CARLA.v20-carla_v20.coco/valid/Town02_006840_png.rf.a4a970c10202604d1dd8c41fe9097525.jpg 577,176,640,220,6,0.119154 564,173,581,199,6,0.056046 563,170,610,204,6,0.008900 0,190,15,248,6,0.007547 202,187,222,201,6,0.006819 0,148,10,217,6,0.004896 0,159,12,231,6,0.004383 0,178,14,239,6,0.003997 570,181,592,207,6,0.003798 557,180,572,208,6,0.003094 0,166,7,202,3,0.002698 232,188,246,203,6,0.002472 610,182,631,213,6,0.002448 199,178,212,196,6,0.002204 478,185,541,211,6,0.002190 598,185,623,208,0,0.001935 623,159,639,233,0,0.001877 0,202,11,238,2,0.001840 344,188,357,208,6,0.001792 216,190,236,204,6,0.001664 625,164,638,245,6,0.001410 0,176,8,212,3,0.001369 488,200,512,239,6,0.001327 583,160,634,191,6,0.001305 0,137,9,209,0,0.001268 585,184,606,208,0,0.001260 244,187,258,202,6,0.001212 0,188,12,269,0,0.001182 573,162,589,188,6,0.001150 182,190,198,206,6,0.001135 2,199,25,237,0,0.001071
/home/dysjin/data/CARLA.v20-carla_v20.coco/valid/Town02_002640_png.rf.ac6bee6a9e4c4b2a1e149670c97196c1.jpg 392,173,406,188,3,0.151210 298,189,369,246,6,0.148151 261,193,290,214,6,0.057535 19,197,83,225,6,0.018350 383,176,402,191,6,0.008742 308,174,321,199,6,0.008508 275,187,296,210,6,0.008058 302,184,326,228,6,0.005588 300,180,357,218,6,0.003738 394,180,406,201,6,0.003310 326,186,358,235,6,0.002745 268,175,284,198,6,0.002612 294,184,308,207,6,0.002522 66,199,86,235,0,0.002473 244,187,254,204,6,0.002343 292,153,377,288,6,0.002163 400,173,414,191,6,0.002007 235,177,250,192,6,0.001951 279,173,293,196,6,0.001934 403,166,417,183,6,0.001932 68,204,83,234,1,0.001681 235,185,247,202,6,0.001576 555,169,640,231,6,0.001516 354,177,368,192,6,0.001497 315,175,330,197,6,0.001394 276,181,330,213,6,0.001364 296,179,338,215,1,0.001341 0,193,88,254,6,0.001202 386,170,418,188,4,0.001196 156,96,250,164,6,0.001149 248,193,292,215,1,0.001135 366,178,382,193,6,0.001045
/home/dysjin/data/CARLA.v20-carla_v20.coco/valid/007096_png.rf.a26873f70f1467f54f0fd09ea8c1731b.jpg 543,174,622,243,3,0.295410 532,153,634,254,5,0.008685
/home/dysjin/data/CARLA.v20-carla_v20.coco/valid/041683_png.rf.abc13a183255cbb5f9aeca7d55d8b4c0.jpg 301,241,332,318,0,0.074342 305,245,331,312,1,0.035207 296,245,334,306,5,0.003318 303,250,341,300,6,0.002419 306,253,341,306,2,0.001568 309,255,325,290,2,0.001485
/home/dysjin/data/CARLA.v20-carla_v20.coco/valid/041699_png.rf.a4a6f7fb7672ac47b317ec4fe3e21c97.jpg 306,242,331,307,0,0.073005 306,244,329,311,1,0.033292 297,245,334,305,5,0.002965 303,251,342,298,6,0.002335 310,254,324,290,2,0.001597 561,0,636,221,6,0.001165
/home/dysjin/data/CARLA.v20-carla_v20.coco/valid/Town02_006480_png.rf.aec43468267a9993201d034f7031ee5c.jpg 353,177,370,191,6,0.090723 363,176,378,192,6,0.009056 355,167,372,185,6,0.005497 344,184,360,198,6,0.004556 364,185,379,199,6,0.004448 343,167,358,184,6,0.004165 332,178,346,191,6,0.003375 195,184,211,208,6,0.002774 218,185,236,203,6,0.001868 203,183,226,202,6,0.001748 267,176,283,194,6,0.001546 254,184,273,200,6,0.001050
/home/dysjin/data/CARLA.v20-carla_v20.coco/valid/Town02_003060_png.rf.b28380c7e6ad26a4ccdfda39d4db7f85.jpg 550,181,622,220,6,0.042611 554,194,573,221,6,0.005956 372,188,426,212,6,0.005041 607,186,636,225,6,0.002956 529,197,544,219,6,0.002179 626,158,639,237,0,0.002027 625,168,638,245,6,0.001717 536,198,558,220,6,0.001638 45,187,111,214,6,0.001389 560,186,581,213,6,0.001374 575,200,639,233,6,0.001199
/home/dysjin/data/CARLA.v20-carla_v20.coco/valid/Town01_009120_png.rf.b3886317404f3c307752dac4625c4b0e.jpg 308,189,336,210,6,0.076352 369,182,413,215,6,0.014516 339,189,360,205,6,0.011616 327,187,347,205,6,0.009599 369,186,389,212,6,0.008011 245,187,260,202,6,0.005982 325,186,375,209,6,0.004567 254,189,271,202,6,0.004209 315,177,337,198,6,0.003729 305,176,324,199,6,0.002706 353,188,374,206,6,0.002522 22,208,66,235,6,0.002516 330,177,347,196,6,0.002292 298,190,313,207,6,0.002179 375,175,397,198,6,0.001925 373,171,422,201,6,0.001759 31,188,49,207,6,0.001665 268,190,283,203,6,0.001592 339,179,357,197,6,0.001489 314,174,362,202,6,0.001294 179,196,198,215,6,0.001278 281,189,297,202,6,0.001230 32,197,52,220,6,0.001057 293,175,340,203,6,0.001010
/home/dysjin/data/CARLA.v20-carla_v20.coco/valid/051305_png.rf.af3e2dc55ae45fc793f7f25eb6fdf7b4.jpg 424,207,465,242,3,0.154706 430,211,464,238,4,0.008815 270,227,287,244,6,0.002426 307,238,322,254,6,0.001985 433,209,465,246,5,0.001426 420,211,463,244,6,0.001169 278,236,296,253,6,0.001107
/home/dysjin/data/CARLA.v20-carla_v20.coco/valid/007291_png.rf.b33e9d647d42777054dfb5f46d23bbad.jpg 382,220,402,238,3,0.147005 382,216,408,237,6,0.011987 382,214,408,238,4,0.006476 136,237,148,260,1,0.002929 375,219,408,238,1,0.002646 368,224,394,242,6,0.002180 388,0,480,237,6,0.001444 187,245,218,344,1,0.001326
/home/dysjin/data/CARLA.v20-carla_v20.coco/valid/Town05_005820_png.rf.abc3e70595852b4f2320e8b55c805a27.jpg 303,185,339,216,6,0.076159 245,165,264,182,6,0.016182 255,171,269,188,6,0.004456 330,178,343,193,6,0.003043 315,179,335,198,6,0.002953 327,184,341,209,6,0.002636 29,25,138,86,6,0.002222 343,175,354,189,6,0.002178 346,163,358,181,6,0.002132 280,175,296,188,6,0.002033 267,174,283,189,6,0.001965 303,178,325,196,6,0.001599 293,175,310,190,6,0.001588 235,166,252,182,6,0.001407 266,164,283,182,6,0.001336
/home/dysjin/data/CARLA.v20-carla_v20.coco/valid/Town05_006960_png.rf.9d31f2ffd8a1d723122d28555c0e3321.jpg 284,183,295,206,1,0.039398 281,180,297,208,0,0.005828 381,172,424,195,6,0.005076 282,176,295,200,6,0.001955 329,174,346,189,6,0.001480 270,185,292,203,6,0.001398 289,185,304,203,6,0.001118 631,233,640,332,2,0.001001
/home/dysjin/data/CARLA.v20-carla_v20.coco/valid/Town02_009720_png.rf.b20474373a38fe973889a895d5aba03e.jpg 268,188,282,209,6,0.155369 299,194,345,252,6,0.038413 266,183,284,211,0,0.025425 609,169,631,191,6,0.007588 270,178,285,200,6,0.006315 260,183,297,208,3,0.003097 205,197,220,217,6,0.003031 301,201,324,221,6,0.003021 294,206,316,254,0,0.002790 263,193,277,213,0,0.001981 278,184,290,204,6,0.001777 301,209,325,232,0,0.001560 259,183,281,209,4,0.001412 248,185,286,208,6,0.001401 278,177,293,194,6,0.001262 280,211,333,253,1,0.001181 563,152,640,203,6,0.001139 244,188,261,204,6,0.001126 624,144,639,200,6,0.001088 304,188,320,209,6,0.001053
/home/dysjin/data/CARLA.v20-carla_v20.coco/valid/Town01_002220_png.rf.9b6e376c042a4b43cdf2a33f00250d62.jpg 194,199,437,361,6,0.272370 315,187,335,201,6,0.023358 556,208,640,252,6,0.015163 281,187,296,201,6,0.005980 288,189,312,202,6,0.005815 169,112,467,380,1,0.005138 541,217,605,246,6,0.005080 329,187,344,203,6,0.003950 255,176,271,194,6,0.003235 43,177,68,194,6,0.002803 33,180,81,211,6,0.002696 592,211,640,238,6,0.002647 267,186,284,199,6,0.002184 307,180,326,195,6,0.002182 217,174,234,192,6,0.002081 330,178,342,195,6,0.001747 195,249,445,380,6,0.001695 216,164,235,183,6,0.001625 301,185,347,203,6,0.001579 266,177,282,192,6,0.001384 291,179,309,194,6,0.001253 340,190,355,206,6,0.001237 255,164,271,182,6,0.001204 152,0,486,380,6,0.001151 206,174,226,190,6,0.001116
/home/dysjin/data/CARLA.v20-carla_v20.coco/valid/Town01_003900_png.rf.b43a572a2d61a01bb389880cf86179de.jpg 193,196,438,364,6,0.231476 403,176,423,222,2,0.005861 2,192,37,223,6,0.005860 0,167,14,226,6,0.005786 170,120,466,380,1,0.005418 341,189,358,205,6,0.004887 0,182,14,230,6,0.004291 0,177,28,218,6,0.003804 219,186,234,206,6,0.003600 0,192,11,224,1,0.003422 285,187,341,207,6,0.002994 0,179,10,213,1,0.002479 548,163,592,242,6,0.001999 315,187,336,203,6,0.001753 195,250,448,380,6,0.001735 279,187,297,204,6,0.001442 289,186,313,203,6,0.001436 140,0,497,380,6,0.001372 251,202,379,265,6,0.001369 0,178,32,233,1,0.001336 208,187,227,206,6,0.001310
/home/dysjin/data/CARLA.v20-carla_v20.coco/valid/029067_png.rf.b686edaf28a0971571945f7b069613d5.jpg 536,221,582,342,2,0.283431 203,236,218,260,6,0.004519 397,233,407,264,2,0.004074 345,214,357,232,6,0.004010 344,220,356,241,2,0.002274 201,231,221,260,0,0.001476 269,235,286,251,6,0.001447 342,234,354,257,2,0.001347 615,229,640,372,2,0.001139
/home/dysjin/data/CARLA.v20-carla_v20.coco/valid/Town02_004200_png.rf.b4d2f32e1287253b4f35bf521927be39.jpg 267,189,290,208,6,0.200927 375,187,395,206,6,0.010584 329,179,345,191,6,0.004022 343,180,356,193,6,0.003904 320,179,333,193,6,0.003278 5,185,24,210,6,0.003018 294,180,311,194,6,0.002580 268,178,286,200,6,0.002569 306,179,319,193,6,0.002162 355,187,369,202,6,0.002055 276,180,297,198,6,0.001888 267,176,310,203,6,0.001874 379,163,392,182,6,0.001546 390,186,406,205,6,0.001500 370,173,384,196,6,0.001419 378,174,392,197,6,0.001274 330,186,345,199,6,0.001215 354,177,368,195,6,0.001135
/home/dysjin/data/CARLA.v20-carla_v20.coco/valid/Town02_002100_png.rf.b49da10e2c41ab65d4c132e46f15d3e3.jpg 300,191,335,281,0,0.094096 273,186,289,203,6,0.092007 0,171,15,220,6,0.023948 312,187,324,205,6,0.021368 0,175,13,235,6,0.013915 303,192,328,245,6,0.012750 279,180,292,198,6,0.006670 3,184,24,207,6,0.006398 0,190,9,220,1,0.005548 275,181,294,206,0,0.004841 292,186,310,201,6,0.003685 278,192,292,213,6,0.003018 315,194,327,222,6,0.002875 5,186,55,204,6,0.002745 0,169,24,218,1,0.002233 0,171,8,200,3,0.002210 258,187,278,202,6,0.002103 271,181,308,204,6,0.001649 0,164,30,244,6,0.001620 260,183,297,203,1,0.001593 342,164,358,182,6,0.001539 298,195,334,243,1,0.001340 0,183,12,251,6,0.001333 370,187,381,202,6,0.001307 369,176,381,192,6,0.001278 0,157,8,188,1,0.001205 380,187,394,203,6,0.001193 354,164,367,182,6,0.001147 301,208,331,275,6,0.001015 292,179,306,193,6,0.001011
/home/dysjin/data/CARLA.v20-carla_v20.coco/valid/003752_png.rf.bb0716bc5b93fa8b10f41577e20a2f35.jpg 397,216,423,241,3,0.117838 398,216,424,239,4,0.022794 306,239,328,255,6,0.012132 398,216,424,239,6,0.009450 346,228,360,244,3,0.007249
/home/dysjin/data/CARLA.v20-carla_v20.coco/valid/138327_png.rf.b4aecc174d58e25a6e680c2468864172.jpg 14,228,48,305,2,0.122383 18,233,45,292,6,0.081224 243,234,258,251,6,0.005979 0,224,15,314,2,0.005525 1,230,66,303,0,0.001581 237,236,251,255,6,0.001504 332,240,345,254,6,0.001473 22,243,38,276,2,0.001460 0,230,36,308,3,0.001449 629,264,640,353,2,0.001231 251,237,270,252,6,0.001192 0,213,72,327,2,0.001096 342,241,355,255,6,0.001022 0,241,64,304,6,0.001009 11,249,30,285,2,0.001002
/home/dysjin/data/CARLA.v20-carla_v20.coco/valid/Town05_009600_png.rf.b886b3525f44da0ae66796230d91b958.jpg 94,187,225,235,6,0.251645 375,183,419,210,6,0.203613 465,187,500,214,6,0.112183 528,179,545,196,6,0.060263 97,198,162,235,6,0.033613 547,180,598,203,6,0.027545 582,183,634,210,6,0.026514 538,176,553,199,6,0.015086 154,190,219,228,6,0.014593 550,176,569,198,6,0.014576 416,179,432,196,6,0.011344 398,184,422,204,6,0.011182 558,172,640,219,6,0.008023 557,177,584,196,6,0.007701 585,183,607,206,6,0.007594 627,173,640,241,0,0.006818 631,185,640,229,2,0.004815 572,177,597,197,6,0.003867 518,180,536,195,6,0.003730 440,183,455,201,6,0.003720 630,178,640,215,6,0.003342 425,178,442,194,6,0.003244 371,182,389,206,6,0.002923 529,173,574,200,6,0.002701 188,190,216,225,6,0.002616 536,171,557,201,0,0.001841 376,177,400,201,6,0.001699 400,174,447,198,6,0.001466 606,174,640,216,6,0.001454 612,185,633,208,6,0.001225 552,162,567,186,6,0.001135 103,202,135,231,6,0.001124 413,173,435,199,0,0.001101 550,158,598,194,6,0.001015 457,184,471,209,0,0.001008
/home/dysjin/data/CARLA.v20-carla_v20.coco/valid/Town01_002340_png.rf.b8976b6d8f366e29aeb47fb3b3146b33.jpg 194,200,437,361,6,0.274909 278,188,295,204,6,0.094911 316,186,335,200,6,0.018605 556,208,640,252,6,0.014786 285,189,312,202,6,0.007463 540,216,605,246,6,0.005502 169,113,467,380,1,0.004975 268,179,285,197,6,0.004360 255,177,271,194,6,0.003990 258,185,301,202,6,0.003811 276,184,298,207,0,0.003740 218,174,235,191,6,0.003188 329,186,343,203,6,0.003140 216,165,235,182,6,0.002956 592,211,640,239,6,0.002805 34,181,81,211,6,0.002276 43,177,68,194,6,0.002193 307,180,326,196,6,0.001954 196,248,445,380,6,0.001710 206,174,226,190,6,0.001233 255,164,270,182,6,0.001155 152,0,485,380,6,0.001118 228,185,249,202,6,0.001111 290,180,309,195,6,0.001095 243,185,261,200,6,0.001082
/home/dysjin/data/CARLA.v20-carla_v20.coco/valid/Town05_009780_png.rf.c3069a0d7ec82f2e1960c0497cec36fe.jpg 289,194,355,251,6,0.118783 374,183,384,203,1,0.046130 432,206,469,235,6,0.035672 375,185,394,202,6,0.027753 254,184,272,198,6,0.003118 359,186,375,201,6,0.002663 390,184,405,202,6,0.001963 371,181,386,204,0,0.001789 215,178,236,196,6,0.001721 243,178,264,194,6,0.001524 190,176,236,197,6,0.001481 281,161,366,288,6,0.001325 372,175,408,201,6,0.001230 377,193,393,214,6,0.001184 373,191,382,216,0,0.001014
/home/dysjin/data/CARLA.v20-carla_v20.coco/valid/Town05_002700_png.rf.b9dfa75f628efa31633800bb9dfee796.jpg 365,184,389,197,6,0.046609 354,180,373,196,6,0.014863 407,175,421,191,6,0.009741 1,172,14,220,0,0.008254 414,173,430,189,6,0.008008 391,178,405,193,6,0.006600 343,179,357,194,6,0.005699 3,178,25,213,2,0.005392 0,182,11,215,1,0.004124 332,176,345,191,6,0.003727 1,171,12,238,0,0.002240 0,192,10,221,1,0.001866 374,176,397,197,6,0.001540 4,183,36,213,6,0.001308 332,185,346,199,6,0.001148
/home/dysjin/data/CARLA.v20-carla_v20.coco/valid/005173_png.rf.c24ac196d86260d3a384e12093bfa5ef.jpg 469,191,530,246,3,0.064333 468,188,535,242,6,0.013277 468,193,515,246,4,0.002201 271,227,283,241,3,0.001506 452,162,550,280,2,0.001416
/home/dysjin/data/CARLA.v20-carla_v20.coco/valid/Town01_005820_png.rf.c9053a957ff7561268673aaec9e095f0.jpg 297,184,344,319,0,0.162955 293,185,344,314,1,0.144471 310,187,326,206,6,0.025680 399,185,444,217,6,0.018391 176,201,203,220,6,0.010838 344,176,358,191,6,0.008494 626,117,639,178,0,0.006344 296,178,346,298,6,0.004908 630,131,640,163,3,0.004867 316,180,331,195,6,0.004029 170,197,188,221,6,0.003824 305,186,328,226,6,0.003250 190,200,211,218,6,0.002710 126,192,136,220,2,0.002532 560,162,584,180,6,0.002328 630,139,640,174,1,0.002230 610,139,638,176,6,0.001987 396,192,412,219,6,0.001809 1,169,11,244,2,0.001662 331,177,347,190,6,0.001521 379,185,394,203,6,0.001393 350,176,368,192,6,0.001381 550,147,595,178,6,0.001235 161,186,173,210,6,0.001121 379,175,394,192,6,0.001018 0,190,8,227,1,0.001015
/home/dysjin/data/CARLA.v20-carla_v20.coco/valid/Town01_011580_png.rf.c8aa9ea674a7d69974d55bf63b55ddbf.jpg 265,189,291,206,6,0.209536 576,179,640,219,6,0.050238 52,194,78,226,6,0.035932 319,179,336,195,6,0.010212 465,198,529,241,6,0.009507 1,176,11,265,2,0.006660 0,182,10,279,2,0.005605 169,186,183,211,2,0.005493 307,186,325,198,6,0.005356 418,195,437,213,6,0.004931 580,159,637,192,6,0.003610 626,179,640,235,0,0.003553 630,190,640,224,3,0.003527 275,180,295,198,6,0.003062 562,183,578,210,6,0.002546 422,189,445,209,6,0.002197 328,185,341,198,6,0.002088 388,187,406,205,6,0.001990 243,190,260,204,6,0.001801 386,187,444,211,6,0.001760 582,166,612,203,6,0.001722 290,186,306,200,6,0.001692 629,177,640,215,6,0.001666 56,191,76,209,6,0.001637 554,184,571,209,6,0.001432 260,195,277,210,6,0.001420 218,186,235,201,6,0.001415 263,176,312,202,6,0.001409 480,190,512,230,6,0.001398 607,183,640,227,1,0.001380 480,197,513,238,5,0.001366 0,192,9,292,2,0.001285 85,178,103,193,6,0.001203 49,197,71,234,5,0.001157 0,212,7,252,2,0.001144 229,190,247,203,6,0.001137 400,189,424,205,6,0.001085 0,201,8,242,2,0.001052 94,186,113,200,6,0.001040 574,177,598,215,6,0.001015 162,187,176,209,2,0.001004
/home/dysjin/data/CARLA.v20-carla_v20.coco/valid/Town01_007440_png.rf.bed11eeb1dde416bf8789b24a8a5c0f8.jpg 528,176,638,222,6,0.229971 263,188,275,213,6,0.089332 261,184,277,214,0,0.018091 528,179,572,218,6,0.014949 593,178,640,220,6,0.009344 530,184,549,212,6,0.009082 559,173,590,219,6,0.006537 624,171,637,241,6,0.004264 249,198,266,213,6,0.004069 220,202,237,215,6,0.003418 592,176,627,218,3,0.002357 181,211,200,226,6,0.002278 262,176,274,200,6,0.002221 295,186,311,199,6,0.001883 249,185,283,212,1,0.001800 529,185,551,222,0,0.001769 208,203,224,217,6,0.001504 627,188,638,225,3,0.001476 613,194,635,221,6,0.001471 362,180,414,210,6,0.001427 608,178,640,231,1,0.001241 567,176,628,232,5,0.001239 630,201,639,232,6,0.001229 230,201,245,214,6,0.001131 305,178,319,195,6,0.001076 261,183,296,207,6,0.001068 169,212,190,229,6,0.001008
/home/dysjin/data/CARLA.v20-carla_v20.coco/valid/Town05_011760_png.rf.c548e0a947d80bc036151e4db99afcfa.jpg 7,201,174,349,6,0.138790 310,183,323,198,6,0.049664 317,181,329,195,6,0.008102 295,185,316,198,6,0.004392 4,146,174,380,6,0.003802 267,178,284,191,6,0.003622 0,133,221,380,0,0.003090 257,175,271,190,6,0.002556 0,190,23,320,6,0.002532 329,179,343,192,6,0.002443 75,209,202,290,6,0.002330 0,170,24,295,6,0.002319 279,179,296,192,6,0.002264 355,175,368,190,6,0.002161 0,22,298,380,1,0.002035 8,283,122,351,6,0.001769 344,178,358,191,6,0.001605 15,213,100,380,6,0.001365 451,150,472,171,6,0.001174 256,165,270,183,6,0.001154 0,203,29,348,6,0.001153 367,175,382,190,6,0.001120 307,176,325,200,0,0.001033
/home/dysjin/data/CARLA.v20-carla_v20.coco/valid/075708_png.rf.c1818fa586a2b613b2806f928a933d9d.jpg 167,244,260,301,6,0.327844 310,242,349,273,6,0.233403 0,239,168,421,6,0.088619 239,238,267,274,6,0.043223 214,242,264,280,6,0.019314 253,240,266,275,1,0.009389 251,238,268,275,0,0.006740 352,234,366,252,6,0.006724 0,224,76,480,6,0.005630 46,251,177,315,6,0.005417 255,238,267,263,6,0.005280 309,242,326,270,1,0.004871 60,232,156,480,6,0.004772 347,228,361,244,3,0.004239 344,234,357,258,6,0.003839 293,228,307,244,3,0.002975 0,176,232,480,4,0.002971 294,238,306,253,6,0.002944 285,238,300,252,6,0.002133 382,212,394,232,3,0.001972 163,213,265,337,2,0.001760 0,250,176,480,6,0.001666 240,243,266,287,0,0.001562 56,277,168,366,6,0.001410 537,209,553,261,2,0.001333 309,239,324,262,0,0.001320 230,247,256,269,6,0.001278 212,242,243,292,5,0.001243 284,230,299,245,6,0.001098
/home/dysjin/data/CARLA.v20-carla_v20.coco/valid/Town05_009900_png.rf.c90bd5781f975f44de47fd794a1f9ac6.jpg 358,193,433,251,6,0.149544 332,184,348,200,6,0.029533 340,183,356,201,6,0.011395 318,185,339,199,6,0.011290 405,179,422,193,6,0.005225 442,180,459,194,6,0.005188 451,186,469,198,6,0.005034 307,178,320,193,6,0.003157 414,187,432,206,6,0.002911 390,180,411,194,6,0.002405 575,0,639,237,6,0.002262 376,179,398,195,6,0.002249 279,177,301,191,6,0.002139 364,186,417,215,6,0.002041 425,188,443,201,6,0.001867 502,175,518,192,6,0.001699 347,165,445,285,2,0.001502 412,191,432,247,0,0.001495 293,177,309,192,6,0.001283 404,185,423,204,6,0.001244
/home/dysjin/data/CARLA.v20-carla_v20.coco/valid/Town05_009660_png.rf.cc2e0d6a11c64dbe092a6e9321c6a170.jpg 244,191,387,323,6,0.259773 410,184,471,214,6,0.096453 343,184,356,206,6,0.050319 257,178,274,193,6,0.044034 217,183,232,198,6,0.016523 266,177,280,191,6,0.009894 355,178,371,193,6,0.009020 244,180,267,194,6,0.007914 353,186,367,202,6,0.007179 613,186,636,200,6,0.005453 342,179,357,210,0,0.005224 370,176,382,194,6,0.004906 423,189,450,207,6,0.004815 336,184,349,204,6,0.004292 379,176,393,196,6,0.003297 632,181,640,208,3,0.003244 208,158,422,380,1,0.003155 416,186,436,209,6,0.002623 146,49,495,380,2,0.002331 598,186,624,200,6,0.001719 196,185,215,198,6,0.001681 219,188,411,380,6,0.001466 229,184,245,199,6,0.001436 198,176,235,197,6,0.001407 230,182,276,202,6,0.001019
/home/dysjin/data/CARLA.v20-carla_v20.coco/valid/003769_png.rf.c5c0c17fa97551316c57744e9608f796.jpg 491,189,553,248,3,0.081003 306,238,327,255,6,0.035367 355,227,370,242,3,0.014658 488,186,554,244,4,0.013417 486,188,558,242,6,0.008573 279,251,371,302,6,0.003939 477,161,567,281,2,0.002027 293,237,317,254,6,0.001845
/home/dysjin/data/CARLA.v20-carla_v20.coco/valid/121197_png.rf.c99e70822c663f40252f74e6b2ad5094.jpg 241,264,389,383,6,0.385997 394,234,407,253,6,0.004973 307,240,323,257,6,0.004627 209,219,421,433,1,0.002605 156,176,488,480,2,0.002370 209,246,225,264,6,0.001244 292,241,312,257,6,0.001213 223,185,428,420,5,0.001113 255,235,274,254,6,0.001089 498,238,527,272,6,0.001078 168,237,188,254,6,0.001064
/home/dysjin/data/CARLA.v20-carla_v20.coco/valid/004966_png.rf.c9d8d72d0920460b612251c5fddc5770.jpg 424,200,468,244,3,0.222136 420,203,465,244,6,0.013231 432,208,466,234,4,0.007997 423,193,470,248,4,0.005226 577,232,635,257,6,0.003001 511,231,541,364,2,0.001700
/home/dysjin/data/CARLA.v20-carla_v20.coco/valid/Town01_006240_png.rf.cc5628eb556a5a5bd1824a8d19313b41.jpg 312,185,325,211,6,0.105098 314,186,327,212,1,0.085133 0,188,12,249,0,0.024296 313,183,329,214,0,0.014232 297,186,312,202,6,0.011824 308,179,323,197,6,0.009650 0,202,9,238,2,0.007083 364,175,382,190,6,0.007038 355,177,372,190,6,0.006295 0,186,10,271,0,0.004604 403,172,421,189,6,0.004079 297,181,333,213,1,0.003386 625,151,640,216,6,0.002784 0,190,8,230,3,0.002752 0,215,7,244,1,0.002636 296,179,310,195,6,0.002315 367,167,383,183,6,0.002102 390,166,412,183,6,0.001942 344,177,361,191,6,0.001591 374,174,396,189,6,0.001444 520,193,636,254,6,0.001272 481,125,590,188,6,0.001253 365,183,382,200,6,0.001172 356,183,372,200,6,0.001140 0,192,26,244,3,0.001040
/home/dysjin/data/CARLA.v20-carla_v20.coco/valid/001638_png.rf.c98e4c5bc2a68de358073a26469c81b2.jpg 419,208,456,241,3,0.143612 422,212,454,235,4,0.021082 155,221,171,242,3,0.007647 408,207,452,240,6,0.005347 42,236,88,257,6,0.004431 599,235,620,253,6,0.001835 44,246,72,261,6,0.001121
/home/dysjin/data/CARLA.v20-carla_v20.coco/valid/051274_png.rf.d5f64278c64b556983082379a316485f.jpg 558,167,635,245,3,0.240770 359,226,375,241,3,0.033375 550,152,640,255,5,0.014499 259,253,368,307,6,0.002560 561,176,631,254,4,0.002149
/home/dysjin/data/CARLA.v20-carla_v20.coco/valid/Town01_001440_png.rf.e4b4351effd31d5b433710cffb8243e4.jpg 382,170,403,193,3,0.167229 385,169,404,193,4,0.036957 384,168,405,193,6,0.018301 370,176,392,193,6,0.001569 3,202,29,239,6,0.001351 6,221,30,239,6,0.001147 269,184,282,202,6,0.001145 353,176,408,196,6,0.001092
/home/dysjin/data/CARLA.v20-carla_v20.coco/valid/019121_png.rf.deb86464dd224ac85f75272f851fc0a8.jpg 501,236,567,259,6,0.169191 543,238,573,256,6,0.052132 195,231,207,265,2,0.021070 500,239,528,258,6,0.016792 517,239,552,254,6,0.008206 536,226,583,253,6,0.003602 368,211,387,228,6,0.003482 506,223,589,269,6,0.002943 188,235,203,261,2,0.002639 587,225,607,266,0,0.002344 255,239,273,256,6,0.001900 45,234,63,283,2,0.001722 394,246,413,289,2,0.001703 589,231,604,263,6,0.001380 396,246,410,275,6,0.001154 618,104,640,250,6,0.001088 628,88,640,230,2,0.001050 185,235,224,261,5,0.001046
/home/dysjin/data/CARLA.v20-carla_v20.coco/valid/041811_png.rf.e8d4c17844854d24f9b2bec66a8a8889.jpg 47,224,68,242,3,0.194960 0,238,15,299,2,0.106380 0,231,12,325,0,0.022947 51,223,74,244,6,0.020901 0,212,25,305,0,0.012171 44,225,67,257,6,0.011940 4,230,26,264,6,0.010312 35,245,54,264,6,0.008339 0,213,17,376,0,0.008078 37,235,56,258,6,0.007735 43,221,76,243,4,0.006768 0,243,27,292,3,0.005607 7,224,22,249,6,0.005344 0,263,10,296,2,0.004822 2,218,15,280,6,0.003818 2,241,12,277,3,0.003625 38,225,57,244,6,0.003137 409,204,461,235,6,0.002821 2,243,40,273,6,0.002800 45,241,61,267,6,0.002714 9,234,55,264,6,0.002311 0,209,14,262,6,0.002305 0,236,9,344,0,0.002141 1,230,10,264,6,0.002037 37,217,52,234,3,0.001985 19,239,37,258,6,0.001919 20,246,39,264,6,0.001880 0,225,18,420,0,0.001724 67,223,84,243,6,0.001678 56,215,75,238,6,0.001569 8,214,22,236,6,0.001543 0,220,9,252,2,0.001370 0,181,30,291,6,0.001328 0,241,21,453,6,0.001195 23,224,69,248,6,0.001164 43,238,64,269,0,0.001152
/home/dysjin/data/CARLA.v20-carla_v20.coco/valid/041657_png.rf.e06a4a0ae870ee5d8dbe97fc65b5b666.jpg 305,243,332,304,1,0.062199 305,240,337,315,0,0.059216 0,232,13,309,2,0.005354 0,237,12,324,2,0.004607 295,245,335,303,5,0.003225 304,248,340,300,6,0.002750 310,253,325,289,2,0.001821 307,251,340,306,2,0.001290 2,222,13,295,2,0.001050 0,215,18,338,2,0.001040
/home/dysjin/data/CARLA.v20-carla_v20.coco/valid/001519_png.rf.e42bb854e84b40164ed2795569b2eb6f.jpg 571,221,589,243,3,0.083006 601,234,623,255,6,0.004716 568,220,627,253,6,0.003901 570,219,603,243,4,0.003881 165,246,188,264,6,0.003816 572,213,588,240,6,0.003730 628,211,640,278,0,0.002624 633,225,640,264,2,0.002539 229,237,246,253,6,0.002154 220,239,237,256,6,0.001972 280,240,299,253,6,0.001812 598,195,637,225,6,0.001682 602,216,638,257,6,0.001502 293,240,310,253,6,0.001280 305,239,322,253,6,0.001191 96,249,112,269,6,0.001147 560,220,592,244,1,0.001139 177,246,199,264,6,0.001100
/home/dysjin/data/CARLA.v20-carla_v20.coco/valid/Town02_005280_png.rf.ec981f5d8aec80a53ec1f9961c2321af.jpg 47,193,135,220,6,0.139835 157,201,210,262,6,0.106468 35,197,84,223,6,0.010489 105,199,132,221,6,0.007856 180,208,200,235,6,0.004022 0,194,9,222,1,0.002616 38,200,55,220,6,0.002186 0,180,13,233,6,0.002090 0,198,66,222,6,0.001799 65,199,94,217,6,0.001689 148,160,221,303,6,0.001652 90,192,124,220,6,0.001589 42,206,66,224,6,0.001387 181,197,199,225,6,0.001275 76,198,109,215,6,0.001148 0,182,8,213,1,0.001030
/home/dysjin/data/CARLA.v20-carla_v20.coco/valid/001509_png.rf.ed3baed466e7f65c1a01fb57bf942b65.jpg 571,221,589,243,3,0.083622 601,233,623,255,6,0.004779 572,213,588,240,6,0.004140 569,219,604,243,4,0.003878 568,220,627,254,6,0.003702 166,246,188,265,6,0.002802 629,209,640,280,0,0.002009 633,224,640,265,2,0.001831 280,240,299,253,6,0.001817 598,195,637,226,6,0.001674 293,240,310,254,6,0.001574 96,249,112,269,6,0.001535 305,239,322,253,6,0.001520 230,235,245,254,6,0.001442 565,229,585,254,6,0.001340 602,216,638,256,6,0.001329 560,220,593,245,1,0.001165 221,238,237,256,6,0.001159 341,228,357,246,6,0.001019
/home/dysjin/data/CARLA.v20-carla_v20.coco/valid/033890_png.rf.e368755037cdc345b45b625d64db27a1.jpg 589,228,629,328,2,0.379483 251,244,407,363,6,0.332767 611,234,634,310,2,0.016944 401,246,420,266,6,0.007888 573,239,640,320,0,0.007295 1,239,13,300,0,0.005669 214,184,443,402,5,0.005145 625,210,639,309,2,0.004739 159,98,482,475,2,0.003444 0,251,10,290,2,0.002475 133,238,146,259,6,0.002211 571,234,607,321,2,0.001941 631,228,639,265,4,0.001775 133,241,143,269,2,0.001732 219,192,431,446,1,0.001508 0,236,11,322,0,0.001427 0,229,12,291,6,0.001336 124,239,141,258,6,0.001074 5,255,22,283,6,0.001006 154,165,487,480,0,0.001004
/home/dysjin/data/CARLA.v20-carla_v20.coco/valid/075724_png.rf.e0c3e9a2b7f318c71e76ccdcb0dda6a1.jpg 295,242,333,270,6,0.202299 188,245,241,282,6,0.101769 0,252,73,439,6,0.100050 59,249,206,346,6,0.091808 282,237,295,253,6,0.029927 272,239,289,252,6,0.014792 217,253,237,282,6,0.010070 225,241,245,279,0,0.007758 281,230,294,246,3,0.007318 295,240,312,262,6,0.006464 0,238,72,480,6,0.005937 228,244,242,278,1,0.004543 203,250,232,271,6,0.004042 119,254,230,310,6,0.003366 271,231,286,245,6,0.003008 284,242,300,265,6,0.002182 1,259,60,361,6,0.002114 613,234,634,259,6,0.001916 0,223,30,347,6,0.001781 17,258,136,395,6,0.001778 0,221,161,480,6,0.001750 615,216,636,256,0,0.001499 158,251,222,292,6,0.001413 378,210,393,231,6,0.001376 216,243,258,280,6,0.001331 134,247,198,273,6,0.001325 114,249,171,272,6,0.001242 627,190,638,278,2,0.001207 12,176,246,404,5,0.001170 207,237,247,300,0,0.001169 231,238,245,261,6,0.001063
/home/dysjin/data/CARLA.v20-carla_v20.coco/valid/112477_png.rf.ecf5d82849f8b68362ce65c8d2645a1c.jpg 337,236,361,295,2,0.113250 584,232,633,256,6,0.020542 335,227,363,305,0,0.012594 533,211,635,261,6,0.005976 334,233,370,294,5,0.002421 343,243,356,279,2,0.001802 245,240,261,258,6,0.001108 321,243,361,290,1,0.001067 314,235,369,292,6,0.001028
/home/dysjin/data/CARLA.v20-carla_v20.coco/valid/Town02_001980_png.rf.ee7206fcf98c96c61f2900b25e79ce20.jpg 296,188,340,312,1,0.161049 300,188,341,313,0,0.127042 0,189,65,220,6,0.102243 155,183,176,215,0,0.042327 156,185,173,215,1,0.039533 132,184,174,214,6,0.008024 28,185,73,216,6,0.007668 400,137,417,162,3,0.006474 294,185,340,293,6,0.004299 0,166,14,224,6,0.003415 307,187,320,203,6,0.002842 0,175,14,236,6,0.002596 46,176,64,197,6,0.002451 283,175,295,191,6,0.002448 400,142,419,167,6,0.002275 1,180,31,214,6,0.002121 0,182,10,212,6,0.002048 16,190,45,208,0,0.001656 56,186,72,211,1,0.001597 131,187,154,206,6,0.001525 56,194,72,215,6,0.001446 295,185,307,200,6,0.001433 18,195,48,213,6,0.001384 165,186,181,212,6,0.001384 3,185,26,210,4,0.001268 0,192,10,221,6,0.001230 292,177,304,192,6,0.001226 282,164,295,182,6,0.001214 341,163,356,182,6,0.001152 284,184,295,200,6,0.001145 160,184,200,213,6,0.001121 0,148,11,222,6,0.001101
/home/dysjin/data/CARLA.v20-carla_v20.coco/valid/026829_png.rf.e6f26e62f316568466a95ba7fd18d850.jpg 372,219,394,239,3,0.116121 0,219,16,297,2,0.012959 1,233,29,281,6,0.008410 371,219,391,236,6,0.006704 370,218,404,239,4,0.006700 0,214,15,283,6,0.004741 363,220,396,240,1,0.004055 0,208,20,337,2,0.003962 374,213,422,239,6,0.001768 355,229,379,244,6,0.001345 0,221,31,294,2,0.001144
/home/dysjin/data/CARLA.v20-carla_v20.coco/valid/007076_png.rf.d635d979c35f5dd6da756ef9889aef0b.jpg 396,217,421,240,3,0.096401 395,216,422,239,4,0.032162 395,215,422,240,6,0.011897 189,224,209,243,3,0.001844
/home/dysjin/data/CARLA.v20-carla_v20.coco/valid/112475_png.rf.df928fa484eb08e1454caacc1e194352.jpg 336,231,355,293,1,0.070802 334,237,356,294,2,0.046379 584,233,633,257,6,0.016681 533,211,634,262,6,0.006903 331,245,366,290,5,0.003315 327,229,355,306,0,0.003185 245,240,261,258,6,0.001306 338,238,349,278,0,0.001128
/home/dysjin/data/CARLA.v20-carla_v20.coco/valid/Town02_006960_png.rf.eedfb90c1deb0d66a31341acd2e08f4f.jpg 146,163,168,182,3,0.237028 582,177,640,243,6,0.116491 1,174,30,210,6,0.090249 152,164,169,184,6,0.028771 0,165,18,220,1,0.010737 143,161,174,180,4,0.007501 602,183,637,232,3,0.003869 2,169,13,201,0,0.003229 2,179,15,209,6,0.003216 574,142,640,273,0,0.002878 625,175,639,262,0,0.001964 1,142,14,206,6,0.001812 166,173,185,190,6,0.001753 135,165,159,182,6,0.001692 216,175,239,192,6,0.001681 147,154,165,176,6,0.001426 0,157,9,188,3,0.001329 180,176,202,192,6,0.001217 206,176,226,193,6,0.001204 0,158,14,248,1,0.001202 146,166,184,191,6,0.001199 272,170,328,201,6,0.001179 597,196,621,219,0,0.001100 584,186,613,227,6,0.001096 4,162,23,189,6,0.001075 593,171,640,204,6,0.001069 579,149,640,290,6,0.001059 574,173,594,195,6,0.001014
/home/dysjin/data/CARLA.v20-carla_v20.coco/valid/Town05_010860_png.rf.f31c0584fff1474ad2b0f4132e874f7d.jpg 308,184,328,249,0,0.119730 0,184,58,213,6,0.111278 310,184,332,248,1,0.080150 4,186,28,209,6,0.006230 314,197,328,237,2,0.004081 314,185,328,213,6,0.003948 312,199,325,234,0,0.003735 58,166,75,180,6,0.003673 315,179,329,196,6,0.003512 1,193,12,220,6,0.003445 307,192,343,243,3,0.003349 297,187,331,246,5,0.003073 1,172,15,222,6,0.002973 314,194,328,227,1,0.002849 15,188,43,207,6,0.002807 2,183,11,213,1,0.002537 30,186,54,208,6,0.002492 356,175,371,191,6,0.002062 46,166,65,180,6,0.001890 2,163,36,238,6,0.001857 69,166,87,182,6,0.001792 46,172,59,194,6,0.001568 45,183,57,206,6,0.001529 0,177,11,256,1,0.001379 58,171,73,188,6,0.001182 346,177,360,192,6,0.001160 6,174,26,200,6,0.001070 356,184,370,201,6,0.001056
/home/dysjin/data/CARLA.v20-carla_v20.coco/valid/Town05_004800_png.rf.ee7c080c8716cb366969ca625bb6d68b.jpg 244,184,269,204,6,0.176026 217,186,237,204,6,0.131567 351,181,368,203,6,0.021033 227,184,254,203,6,0.019105 184,184,200,199,6,0.010857 192,183,209,201,6,0.004847 350,178,370,205,0,0.003525 361,184,380,202,6,0.002417 392,175,404,195,6,0.002386 628,151,639,215,0,0.002034 631,166,638,201,3,0.001895 332,184,348,201,6,0.001653 136,183,149,202,6,0.001563 134,176,149,195,6,0.001512 618,173,635,197,6,0.001380 349,173,382,202,6,0.001367 265,179,281,195,6,0.001251 209,179,226,198,6,0.001242 141,175,164,192,6,0.001053
/home/dysjin/data/CARLA.v20-carla_v20.coco/valid/Town05_009840_png.rf.f5040ce45ecca2822cb3b1b4ea8a6f61.jpg 294,195,368,250,6,0.223415 281,185,297,200,6,0.003524 268,184,283,200,6,0.003232 286,158,375,293,6,0.002500 350,191,368,247,0,0.002332 404,178,423,194,6,0.002031 414,177,430,193,6,0.002021 294,185,309,203,6,0.001642 258,185,275,200,6,0.001557 354,196,366,223,6,0.001546 465,195,476,225,2,0.001213 456,197,470,221,6,0.001158 354,202,365,238,1,0.001069 355,187,372,205,6,0.001046 391,177,411,193,6,0.001031
/home/dysjin/data/CARLA.v20-carla_v20.coco/valid/041861_png.rf.f5f3812ca6c536c5c25bea3d596be111.jpg 92,245,234,309,6,0.271109 300,242,324,291,0,0.148928 400,210,432,240,6,0.079379 397,209,433,242,3,0.061242 304,251,320,284,2,0.012923 214,234,237,280,0,0.009426 293,241,321,292,1,0.007528 409,211,430,240,2,0.007344 192,233,235,264,6,0.004685 356,223,366,245,3,0.003377 286,242,322,290,6,0.002752 174,235,233,286,6,0.002732 218,241,234,274,1,0.002548 392,200,467,250,6,0.002258 215,236,236,259,6,0.001923 295,238,319,289,5,0.001855 397,209,412,237,4,0.001477 94,274,142,313,6,0.001450 356,236,367,255,3,0.001420 202,238,245,280,1,0.001380 258,237,271,251,6,0.001327 128,242,195,313,1,0.001293 269,226,284,243,6,0.001105 298,250,315,285,6,0.001004
/home/dysjin/data/CARLA.v20-carla_v20.coco/valid/Town02_003120_png.rf.f36fecf8d2ee4965c1f3bddaaaad5f33.jpg 404,191,494,219,6,0.091372 608,183,636,215,6,0.045932 392,196,440,222,6,0.012314 624,187,640,249,6,0.006434 598,188,626,206,6,0.004199 567,187,632,211,6,0.004092 626,189,639,223,3,0.003448 625,180,639,215,2,0.003011 610,190,640,242,6,0.001977 460,190,490,220,6,0.001926 586,174,636,203,6,0.001840 43,187,112,215,6,0.001751 616,203,635,230,6,0.001417 374,187,431,214,6,0.001140 376,189,398,209,6,0.001004
/home/dysjin/data/CARLA.v20-carla_v20.coco/valid/003755_png.rf.f6343810071c5f5401b5697ef363285d.jpg 408,215,434,239,3,0.092138 408,214,436,240,4,0.022197 307,240,327,255,6,0.012215 400,214,434,243,6,0.007628 347,228,361,243,3,0.003372
/home/dysjin/data/CARLA.v20-carla_v20.coco/valid/Town01_003300_png.rf.fae28071a74fa02928094ff14cdbb3aa.jpg 273,201,361,270,6,0.242346 276,193,296,216,6,0.035530 195,195,216,212,6,0.019498 386,195,396,217,6,0.014683 159,190,220,211,6,0.008032 275,189,329,212,6,0.004485 178,192,205,208,6,0.002734 86,187,100,211,6,0.002518 288,191,310,209,6,0.002427 391,188,405,209,6,0.002004 509,181,562,209,6,0.001995 330,190,345,206,6,0.001703 318,190,335,207,6,0.001651 164,191,190,207,6,0.001538 304,191,324,207,6,0.001511 258,187,272,205,6,0.001491 26,211,40,230,6,0.001478
/home/dysjin/data/CARLA.v20-carla_v20.coco/valid/138255_png.rf.fbf65e3e930393318a8312fdaefcae24.jpg 54,240,79,292,2,0.143317 56,236,81,292,6,0.056160 52,243,83,292,3,0.008960 38,246,77,288,6,0.004032 217,233,234,255,6,0.003095 0,230,10,310,2,0.002362 239,235,264,251,6,0.002353 208,236,223,257,6,0.002273 196,237,209,259,6,0.002175 52,238,87,291,5,0.001932 184,241,200,259,6,0.001236 239,226,262,244,6,0.001233 226,234,251,251,6,0.001179 340,239,356,257,6,0.001095 55,241,75,313,1,0.001059
/home/dysjin/data/CARLA.v20-carla_v20.coco/valid/005373_png.rf.f68e0e113c5193c933cbee38c6a6bc2d.jpg 145,235,160,265,2,0.083809 158,235,171,263,1,0.053534 137,236,152,264,2,0.050647 1,232,15,289,2,0.035457 170,241,180,272,1,0.024166 160,238,171,269,2,0.020388 168,237,179,261,1,0.014037 0,252,11,287,2,0.009033 119,239,140,259,6,0.007777 136,238,173,262,6,0.006804 109,236,123,259,2,0.005274 168,238,181,272,0,0.004578 1,211,13,289,2,0.003469 307,234,321,254,6,0.003042 140,240,168,268,1,0.002447 1,230,10,325,0,0.002420 120,236,142,264,2,0.002380 158,229,170,247,6,0.002352 147,229,159,247,6,0.002194 167,232,180,264,2,0.002183 125,240,159,268,1,0.002030 599,180,640,268,6,0.001857 305,225,318,245,6,0.001846 625,186,639,282,2,0.001648 0,198,19,309,2,0.001544 314,237,329,254,6,0.001395 252,238,275,254,6,0.001323 0,263,8,295,2,0.001313 174,248,183,285,1,0.001308 107,231,121,245,6,0.001270 585,202,635,245,6,0.001226 172,242,186,292,0,0.001190 114,241,150,269,6,0.001126 344,238,361,255,6,0.001111 0,242,25,292,3,0.001034
/home/dysjin/data/CARLA.v20-carla_v20.coco/valid/001630_png.rf.ff5ced110f03f998a7a6998ddf647fd2.jpg 408,212,435,237,3,0.154816 406,214,429,234,4,0.008170 399,211,436,237,6,0.006121 54,238,84,257,6,0.004803 409,215,435,240,5,0.004086 168,220,182,243,3,0.001822 51,243,104,264,6,0.001178
/home/dysjin/data/CARLA.v20-carla_v20.coco/valid/006662_png.rf.fa42143249c7b6a780238796639341d3.jpg 462,236,499,309,2,0.126076 454,245,496,300,6,0.016503 462,246,490,308,1,0.003807 448,238,515,307,0,0.002997 464,254,484,287,2,0.002262 445,207,519,344,2,0.001990 425,242,475,274,6,0.001165
/home/dysjin/data/CARLA.v20-carla_v20.coco/valid/Town05_004860_png.rf.f5c138159cbce172c63fa9a736f9c655.jpg 244,184,269,203,6,0.168888 216,186,237,204,6,0.120021 351,181,368,203,6,0.023407 226,185,255,202,6,0.016515 185,184,200,200,6,0.013302 192,184,209,202,6,0.007188 351,178,370,205,0,0.003817 628,151,639,215,0,0.002225 361,183,380,202,6,0.002134 631,166,639,201,2,0.002115 136,183,149,203,6,0.001869 332,184,347,201,6,0.001610 266,179,281,195,6,0.001549 134,176,149,195,6,0.001494 392,174,405,195,6,0.001488 618,173,635,196,6,0.001447 209,179,226,198,6,0.001136 173,185,190,200,6,0.001077 632,177,640,208,0,0.001061
/home/dysjin/data/CARLA.v20-carla_v20.coco/valid/Town01_008460_png.rf.03f3160d63f090b29499596ec3c8c4b5.jpg 20,200,150,249,6,0.278058 541,194,586,223,6,0.040560 535,189,638,231,6,0.035421 426,189,476,211,6,0.007065 0,184,29,273,6,0.005905 0,204,94,257,6,0.005717 626,174,640,240,0,0.004890 81,203,145,243,6,0.003466 240,189,256,206,6,0.002914 630,179,640,214,2,0.002825 633,166,640,199,3,0.002663 541,184,556,213,6,0.002260 574,186,640,216,6,0.002018 1,12,35,159,3,0.002003 1,213,31,252,6,0.001688 341,187,358,202,6,0.001528 236,193,249,214,6,0.001477 52,200,120,254,5,0.001385 266,189,290,204,6,0.001248 515,171,528,194,6,0.001206 608,183,640,230,1,0.001173 0,205,53,255,6,0.001138 629,132,640,212,0,0.001066
/home/dysjin/data/CARLA.v20-carla_v20.coco/valid/005508_png.rf.0ab3da1b4970047c9b42e5bbe5d4e6f1.jpg 33,237,58,281,6,0.127544 89,232,124,313,2,0.104677 40,233,60,283,2,0.019013 6,241,56,283,6,0.009883 33,240,57,290,1,0.006099 87,241,126,299,6,0.005715 103,232,123,294,2,0.004444 21,238,50,283,2,0.004282 74,234,139,309,0,0.002938 89,226,126,302,1,0.002010 74,211,141,341,2,0.001502 468,243,531,279,6,0.001282 95,249,114,287,2,0.001227 168,248,191,267,6,0.001043 35,250,54,282,2,0.001032
/home/dysjin/data/CARLA.v20-carla_v20.coco/valid/Town01_006180_png.rf.089d25ecaf49fe28c7f3bf0c3614732b.jpg 312,184,325,213,6,0.104856 314,184,327,211,1,0.057200 390,172,416,190,6,0.033760 312,181,329,213,0,0.013368 309,179,324,196,6,0.011375 354,174,370,189,6,0.009420 375,174,405,190,6,0.006457 298,186,312,203,6,0.004344 362,174,385,191,6,0.003978 345,177,361,191,6,0.003681 296,183,333,213,1,0.003612 4,219,27,240,6,0.001822 411,174,430,190,6,0.001457 402,179,419,203,6,0.001329 295,178,309,192,6,0.001254 6,208,58,237,6,0.001038 0,204,15,256,6,0.001014 355,162,404,190,6,0.001005
/home/dysjin/data/CARLA.v20-carla_v20.coco/valid/Town02_008340_png.rf.044a76656e2e2fe428cd425926d9acbe.jpg 159,196,243,244,6,0.118931 550,189,618,218,6,0.095326 269,184,289,199,6,0.044881 242,187,254,209,6,0.005661 258,184,275,200,6,0.003869 569,190,599,208,6,0.003387 552,188,572,211,6,0.003183 629,152,640,239,0,0.003082 277,181,294,196,6,0.002479 185,199,222,241,3,0.001878 165,203,193,237,6,0.001859 290,188,307,201,6,0.001673 411,184,428,213,6,0.001571 409,180,431,213,0,0.001422 407,180,427,214,4,0.001365 409,185,425,214,3,0.001324 633,174,640,216,2,0.001236 245,179,257,198,6,0.001158
/home/dysjin/data/CARLA.v20-carla_v20.coco/valid/075710_png.rf.0b62bb94157d1f2113ac6bbefe158022.jpg 168,245,260,300,6,0.311037 310,242,348,273,6,0.211951 0,241,169,417,6,0.113240 238,238,267,274,6,0.045808 214,243,264,280,6,0.020784 253,240,266,275,1,0.007263 0,232,76,480,6,0.006678 251,238,268,275,0,0.005382 254,238,267,262,6,0.005213 352,234,366,252,6,0.004792 309,242,326,270,1,0.004756 45,251,178,315,6,0.004303 346,226,360,244,3,0.004016 293,229,307,244,3,0.003767 0,178,233,480,4,0.003614 60,231,156,480,6,0.003436 294,238,306,253,6,0.003261 344,234,356,256,6,0.002857 285,238,299,251,6,0.002849 240,243,265,288,0,0.001902 309,239,324,262,4,0.001845 538,209,553,261,2,0.001823 163,212,265,337,2,0.001480 211,241,243,292,3,0.001412 382,212,394,232,3,0.001359 229,247,257,269,6,0.001282 0,255,171,480,6,0.001281 284,231,299,245,6,0.001216 56,277,169,365,6,0.001195 0,65,225,480,5,0.001124
/home/dysjin/data/CARLA.v20-carla_v20.coco/valid/041689_png.rf.0d648fbd58416a80b414e4503d51c42e.jpg 305,244,332,305,1,0.061095 300,242,333,314,0,0.058229 304,249,340,299,6,0.003417 296,246,334,304,5,0.002531 312,256,329,291,2,0.001660 306,252,341,304,2,0.001303 310,254,325,290,0,0.001261
/home/dysjin/data/CARLA.v20-carla_v20.coco/valid/003751_png.rf.0ff9ef7c8c8e4f5eab52437609a3b501.jpg 396,216,421,241,3,0.106188 396,215,421,239,4,0.032806 307,238,326,255,6,0.007634 346,228,360,244,3,0.006917 388,214,422,241,6,0.001743
/home/dysjin/data/CARLA.v20-carla_v20.coco/valid/Town02_008820_png.rf.135414697b8215dc125af6b125d3058c.jpg 275,205,360,335,6,0.204355 513,181,555,214,6,0.090072 550,174,617,217,6,0.074371 140,172,159,190,3,0.031476 396,181,447,213,6,0.019276 399,184,423,205,6,0.012669 379,186,394,207,6,0.007489 222,188,235,206,6,0.006948 391,185,410,205,6,0.005897 343,189,356,200,6,0.004964 495,176,579,222,6,0.003926 0,189,13,248,6,0.003892 371,187,384,202,6,0.003482 0,176,12,241,6,0.003277 228,189,245,203,6,0.002678 334,188,346,202,6,0.002583 410,183,434,207,6,0.002424 354,189,370,202,6,0.001859 0,201,9,240,1,0.001774 0,189,8,227,3,0.001659 141,165,160,188,4,0.001557 319,189,333,202,6,0.001423 270,187,284,198,6,0.001366 258,188,273,199,6,0.001349 0,107,9,138,0,0.001312 370,178,382,194,6,0.001300 0,163,11,228,0,0.001174 306,188,319,202,6,0.001107 501,183,521,205,6,0.001065 243,189,260,202,6,0.001047 343,179,356,194,6,0.001038 562,182,584,209,0,0.001038 0,104,12,160,6,0.001024 0,118,8,149,1,0.001010 546,171,608,220,4,0.001004
/home/dysjin/data/CARLA.v20-carla_v20.coco/valid/006664_png.rf.1466f666c872e94bac27eba56bbdfb5b.jpg 479,241,522,321,2,0.221694 473,246,520,304,6,0.012440 466,210,540,345,2,0.005723 473,247,502,310,1,0.003553
/home/dysjin/data/CARLA.v20-carla_v20.coco/valid/014570_png.rf.1235b2ca71c181a49fda1bb53eaa19cd.jpg 60,237,126,262,6,0.234534 434,233,455,285,2,0.225151 300,242,334,259,6,0.076358 430,240,466,282,5,0.011956 76,240,111,256,6,0.005176 56,224,112,253,6,0.002385 103,238,127,260,6,0.002324 66,236,97,257,6,0.001972 0,219,10,298,2,0.001903 327,237,340,258,6,0.001789 0,226,9,310,2,0.001511 631,253,640,336,2,0.001157 0,208,10,285,2,0.001145 303,227,324,250,6,0.001110
/home/dysjin/data/CARLA.v20-carla_v20.coco/valid/112550_png.rf.1ca2fa82e03653536df85cf5faf5753c.jpg 521,226,552,325,2,0.169299 581,232,633,258,6,0.026501 556,222,639,271,6,0.005046 245,240,261,258,6,0.004953 517,235,554,289,5,0.003161 505,212,568,346,2,0.002080 252,239,270,256,6,0.001947 517,229,541,291,2,0.001942 501,236,570,315,0,0.001314
/home/dysjin/data/CARLA.v20-carla_v20.coco/valid/Town02_000780_png.rf.16d5987bcdc7d08470c1b3e757e128e5.jpg 301,193,344,316,0,0.246806 280,187,302,202,6,0.239466 46,185,111,216,6,0.087471 296,191,343,311,1,0.019129 594,183,640,215,6,0.017225 1,180,14,239,6,0.011864 318,185,333,203,6,0.009396 290,180,307,197,6,0.007511 301,179,344,297,6,0.006584 332,179,347,196,6,0.006078 78,187,105,212,6,0.005036 0,190,10,228,2,0.003288 304,186,321,203,6,0.002468 306,178,320,192,6,0.002398 0,162,11,234,0,0.002365 41,182,69,212,6,0.002291 3,198,26,236,0,0.002107 339,184,357,201,6,0.002068 53,188,79,207,6,0.001754 392,139,407,160,3,0.001617 0,181,95,230,6,0.001502 69,187,96,210,0,0.001451 0,201,11,237,2,0.001447 278,177,321,201,6,0.001322 577,173,640,223,6,0.001313 38,171,101,207,6,0.001297 4,193,23,227,2,0.001223 370,182,383,205,6,0.001148 300,185,357,380,6,0.001048 231,178,251,193,6,0.001040
/home/dysjin/data/CARLA.v20-carla_v20.coco/valid/Town02_001500_png.rf.1e8a22666698f8954863a9939bc59942.jpg 186,193,213,214,6,0.070732 608,235,640,278,6,0.053436 484,194,578,249,6,0.029450 602,175,640,293,6,0.011804 587,209,637,288,2,0.005746 589,217,640,278,6,0.002290 185,186,239,214,6,0.002104 624,237,639,275,2,0.001527 627,246,640,286,6,0.001248 201,194,220,213,6,0.001124 496,192,560,250,5,0.001031
/home/dysjin/data/CARLA.v20-carla_v20.coco/valid/Town05_004620_png.rf.0e4a190ca586e0e90df6b90be2c83f5b.jpg 390,177,456,210,6,0.183324 343,179,363,197,6,0.087110 282,184,300,197,6,0.059073 585,187,638,206,6,0.023447 268,184,291,197,6,0.008608 220,184,238,197,6,0.007420 396,181,413,206,6,0.006125 255,180,274,195,6,0.005879 332,178,352,195,6,0.003565 366,175,379,192,6,0.003028 227,178,244,195,6,0.002326 135,181,147,203,6,0.001876 409,185,441,203,6,0.001781 256,178,303,199,6,0.001729 123,184,139,202,6,0.001471 205,178,229,194,6,0.001379 630,176,639,211,6,0.001370 626,152,639,218,0,0.001333 243,185,262,198,6,0.001316 610,176,634,200,6,0.001271
/home/dysjin/data/CARLA.v20-carla_v20.coco/valid/006578_png.rf.21f08e8ed63ab67b3ef05528af8ef9e6.jpg 370,223,387,239,3,0.274619 259,236,296,254,6,0.114870 374,221,389,241,4,0.010071 359,227,379,243,3,0.007382 376,215,392,238,6,0.002378 0,194,14,245,6,0.001731 0,204,10,237,1,0.001384 0,202,14,260,6,0.001210
/home/dysjin/data/CARLA.v20-carla_v20.coco/valid/Town01_004320_png.rf.1f6552094735eb0bd49b614b7e584c58.jpg 258,193,377,279,6,0.087802 192,183,208,202,6,0.005531 580,219,640,251,6,0.005301 257,177,275,195,6,0.003693 318,177,334,193,6,0.002880 365,151,378,169,3,0.002778 267,176,281,192,6,0.002482 331,174,341,191,3,0.002337 304,177,324,195,6,0.002046 218,165,237,183,6,0.001887 192,175,238,198,6,0.001811 267,185,282,199,6,0.001178 294,175,309,196,6,0.001162 257,165,274,183,6,0.001114 294,173,335,200,6,0.001048
/home/dysjin/data/CARLA.v20-carla_v20.coco/valid/Town02_006720_png.rf.2632fd4f3d65ff215e84d472badfd870.jpg 268,191,289,208,6,0.228262 575,176,640,220,6,0.113903 564,173,581,199,6,0.048674 563,170,610,205,6,0.011788 0,190,14,248,6,0.006551 291,187,306,201,6,0.005022 0,148,10,217,6,0.004789 570,180,592,207,6,0.004262 0,159,12,231,6,0.004146 202,187,221,202,6,0.004023 0,177,14,239,6,0.003554 557,174,572,198,6,0.003032 479,185,541,211,6,0.002738 0,166,7,202,3,0.002616 261,195,278,211,6,0.002500 623,159,639,233,6,0.002328 610,181,631,213,6,0.002325 344,188,357,207,6,0.002316 244,190,257,203,6,0.002073 233,189,246,205,6,0.001971 599,185,623,208,0,0.001744 0,202,11,238,2,0.001667 269,179,285,200,6,0.001624 582,160,635,191,6,0.001482 278,180,296,197,6,0.001422 204,178,220,195,6,0.001371 305,187,321,200,6,0.001349 0,176,8,212,3,0.001307 0,137,9,209,0,0.001291 585,184,606,207,0,0.001240 292,179,309,195,6,0.001201 488,200,512,239,6,0.001165 258,178,273,195,6,0.001111 0,189,12,269,0,0.001068 216,190,236,205,6,0.001059 260,193,295,212,1,0.001005
/home/dysjin/data/CARLA.v20-carla_v20.coco/valid/Town05_006900_png.rf.2eaa1f5f6de8c6bffcd968f78f2f53b4.jpg 237,188,258,223,6,0.137513 238,189,257,225,1,0.027874 237,190,254,221,0,0.008778 380,172,423,195,6,0.004602 233,174,267,234,6,0.001423 330,175,346,190,6,0.001212 631,232,640,332,2,0.001184
/home/dysjin/data/CARLA.v20-carla_v20.coco/valid/005482_png.rf.1eef94cb1d26525ab4b64d28fc9be58d.jpg 0,220,29,326,2,0.180192 0,210,27,369,0,0.007772 0,245,36,302,5,0.005459 0,196,43,356,0,0.003206 0,212,23,425,6,0.002247 49,245,60,276,2,0.001538 0,241,27,314,6,0.001522 6,216,47,309,2,0.001275 7,251,23,289,2,0.001229 468,243,531,279,6,0.001114
/home/dysjin/data/CARLA.v20-carla_v20.coco/valid/138251_png.rf.2622df013f55b1f57387212b95c87241.jpg 77,238,98,285,2,0.111368 193,238,207,260,6,0.004816 73,242,111,282,6,0.004490 229,235,247,253,6,0.003294 239,236,262,252,6,0.002324 65,238,102,286,5,0.002322 221,237,237,254,6,0.002049 629,344,639,442,2,0.002032 339,240,358,259,6,0.001817 206,237,221,255,6,0.001780 188,243,200,268,2,0.001739 66,246,99,287,1,0.001404 333,239,346,257,6,0.001364
/home/dysjin/data/CARLA.v20-carla_v20.coco/valid/007070_png.rf.2316a0a54db7e4a749f421570aadd160.jpg 381,219,405,240,3,0.111768 384,219,405,241,4,0.052986 621,282,640,471,2,0.002304 629,319,638,442,6,0.001896 0,191,10,272,2,0.001853 0,179,9,264,2,0.001676 202,225,219,244,3,0.001392 631,308,640,430,2,0.001390 378,214,407,240,1,0.001288 382,213,414,241,6,0.001199 355,224,406,247,6,0.001073
/home/dysjin/data/CARLA.v20-carla_v20.coco/valid/Town05_010920_png.rf.2325292b5e147dc41c10fe128f6256f9.jpg 307,176,338,289,0,0.247834 316,178,332,195,6,0.029591 576,167,639,195,6,0.027434 309,182,327,205,6,0.007116 301,181,338,299,1,0.005737 311,181,334,232,6,0.004692 292,175,309,191,6,0.003110 326,175,343,190,6,0.002373 362,173,410,195,6,0.002193 581,161,611,187,6,0.001720 318,167,335,184,6,0.001565 355,174,372,193,6,0.001257 329,166,345,181,6,0.001071 306,180,347,208,1,0.001051
/home/dysjin/data/CARLA.v20-carla_v20.coco/valid/Town01_006420_png.rf.2b897cd6227874bc930ae1c7e17e3b3b.jpg 313,187,324,213,6,0.074620 315,187,327,211,1,0.062577 589,171,635,217,6,0.019945 379,175,395,195,6,0.019142 378,179,392,206,1,0.017689 314,189,324,217,0,0.017615 297,187,310,204,6,0.005610 370,174,388,192,6,0.004246 377,178,395,207,0,0.003910 372,183,387,203,6,0.002766 580,156,638,194,6,0.002620 353,175,367,189,6,0.002596 317,179,329,196,6,0.002463 310,178,322,198,6,0.002437 283,186,295,199,6,0.002436 369,165,385,182,6,0.002295 83,197,102,223,6,0.002129 0,174,12,244,0,0.002103 514,155,599,206,6,0.002052 345,176,357,193,6,0.002019 211,183,223,202,6,0.001987 598,203,640,236,6,0.001964 297,183,333,213,1,0.001949 138,195,152,219,6,0.001858 624,166,640,251,2,0.001791 586,164,611,200,6,0.001764 294,178,305,193,6,0.001645 0,188,13,250,0,0.001645 624,150,639,240,6,0.001564 269,186,285,201,6,0.001428 356,165,370,182,6,0.001281 624,185,640,253,0,0.001275 585,163,637,229,2,0.001165 217,186,231,203,6,0.001158
/home/dysjin/data/CARLA.v20-carla_v20.coco/valid/Town05_006780_png.rf.253c814d6e368b92a888141244ca1a16.jpg 168,190,209,255,6,0.118975 353,177,378,193,6,0.024292 169,196,197,244,5,0.004265 182,206,203,233,6,0.003938 362,183,384,199,6,0.002131 344,177,363,192,6,0.002016 177,182,218,256,0,0.001513 194,175,209,192,6,0.001469 187,195,212,231,6,0.001415 166,182,210,247,1,0.001157 169,187,208,292,0,0.001149 58,167,75,181,6,0.001116 146,175,161,189,6,0.001105 192,187,209,207,6,0.001087 255,175,270,192,6,0.001049 245,175,259,192,6,0.001003
/home/dysjin/data/CARLA.v20-carla_v20.coco/valid/Town01_008280_png.rf.2f69ce357d9638b109b359e31c238ab4.jpg 66,184,111,212,6,0.063367 313,192,333,208,6,0.051650 278,192,304,208,6,0.036085 435,195,490,224,6,0.035694 186,188,200,211,6,0.021179 380,197,392,215,6,0.010418 403,202,425,220,6,0.009939 4,189,33,219,6,0.008927 268,188,287,203,6,0.007409 192,195,205,213,6,0.005858 526,204,636,261,6,0.004792 301,189,345,210,6,0.004638 400,198,446,224,6,0.004002 65,174,91,195,6,0.003915 92,185,110,208,6,0.003419 0,183,62,217,6,0.003395 185,184,203,211,0,0.003351 328,188,343,202,6,0.002995 410,209,434,223,6,0.002635 391,201,407,218,6,0.002527 353,189,366,203,6,0.001982 45,175,126,224,6,0.001887 629,130,640,215,0,0.001746 347,188,359,203,6,0.001641 171,186,188,203,6,0.001508 69,166,90,184,6,0.001248 45,172,99,201,6,0.001150 632,165,640,200,2,0.001144 447,189,473,209,6,0.001109 315,180,333,198,6,0.001009 154,188,181,203,6,0.001004
/home/dysjin/data/CARLA.v20-carla_v20.coco/valid/Town01_005100_png.rf.262bb9c3104b14f5fb633de3dafd0a52.jpg 575,182,602,217,6,0.086333 327,187,349,212,6,0.019411 4,187,28,204,6,0.009104 567,174,636,226,6,0.007184 304,199,322,216,6,0.005063 612,175,633,195,6,0.002939 280,198,294,216,6,0.002612 567,186,586,208,6,0.002369 611,173,640,268,2,0.002203 627,154,640,214,6,0.002131 141,188,160,207,6,0.002115 577,173,592,203,6,0.002086 318,195,340,214,6,0.001875 0,183,10,209,6,0.001804 17,188,36,204,6,0.001537 44,187,67,202,6,0.001532 605,162,640,241,6,0.001409 203,184,251,215,6,0.001212 628,138,640,206,0,0.001102 337,193,357,215,6,0.001070
/home/dysjin/data/CARLA.v20-carla_v20.coco/valid/Town01_011940_png.rf.2554f5ab3ce2122d2ef300838472450f.jpg 205,182,268,232,6,0.128136 566,196,606,221,6,0.107130 330,184,350,200,6,0.030903 338,187,359,203,6,0.010924 320,185,336,201,6,0.005119 269,178,287,196,6,0.004525 207,186,231,225,6,0.003292 307,187,323,203,6,0.002709 566,190,637,249,6,0.002685 583,190,604,211,6,0.002446 278,185,295,200,6,0.001726 583,203,605,230,6,0.001707 606,182,640,268,6,0.001493 23,184,38,211,6,0.001407 566,188,586,213,6,0.001385 207,193,226,221,0,0.001367 328,173,350,199,0,0.001345 4,176,32,215,6,0.001082 227,196,255,218,0,0.001031
/home/dysjin/data/CARLA.v20-carla_v20.coco/valid/041684_png.rf.2f70db5ab75442cd11fffa13a776ae97.jpg 305,239,337,317,0,0.065366 305,244,331,313,1,0.027434 296,246,334,304,5,0.003138 303,249,341,301,6,0.002405 306,252,341,308,2,0.001651 309,255,325,289,2,0.001493
/home/dysjin/data/CARLA.v20-carla_v20.coco/valid/Town05_010980_png.rf.2071755951cd753466eb2cc53fd2fe0c.jpg 306,177,336,284,0,0.166137 306,184,331,232,6,0.015558 314,185,330,207,6,0.012759 371,175,401,193,6,0.011478 310,185,334,231,0,0.007748 354,174,373,189,6,0.003962 308,176,324,197,6,0.002273 296,187,333,232,1,0.001973 314,191,330,224,1,0.001870 364,180,414,203,6,0.001745 268,177,282,194,6,0.001712 367,180,384,202,6,0.001682 327,177,344,192,6,0.001287 344,176,361,191,6,0.001229 386,183,409,200,6,0.001221 0,194,172,380,6,0.001181 374,166,399,184,6,0.001013
/home/dysjin/data/CARLA.v20-carla_v20.coco/valid/112459_png.rf.33bdc5bd58f0f631808a95c4ceb9a78f.jpg 293,228,313,292,2,0.208984 584,233,633,256,6,0.019861 533,211,634,261,6,0.007221 289,223,319,300,0,0.005405 288,232,320,291,5,0.003283 289,237,319,294,1,0.001202 245,240,260,259,6,0.001133
/home/dysjin/data/CARLA.v20-carla_v20.coco/valid/041653_png.rf.31aa86a50239c7e6cbc52c66846dac06.jpg 306,241,331,304,1,0.100874 301,239,331,314,0,0.053124 297,243,333,305,5,0.004154 310,254,324,289,2,0.002794 304,249,340,298,6,0.002464 504,119,600,188,6,0.001376 630,22,640,146,2,0.001327
/home/dysjin/data/CARLA.v20-carla_v20.coco/valid/041819_png.rf.374472e0a0868df264a4100cb7734e35.jpg 15,238,71,264,6,0.210410 173,224,188,242,3,0.182881 110,245,134,293,0,0.105891 111,244,137,294,1,0.076579 172,232,188,252,6,0.025140 172,217,186,237,3,0.016076 112,253,130,285,2,0.008727 110,246,144,296,6,0.006615 557,180,640,230,6,0.005586 162,237,178,256,6,0.004515 179,222,194,242,6,0.004232 171,229,190,255,2,0.002671 162,226,180,243,3,0.002668 182,214,197,236,6,0.002220 165,221,197,241,4,0.002017 41,242,67,263,6,0.001374 171,241,183,267,1,0.001176 161,246,177,266,6,0.001171 193,223,207,243,6,0.001125 161,217,176,232,6,0.001098
/home/dysjin/data/CARLA.v20-carla_v20.coco/valid/Town05_010800_png.rf.3489607b659edfbc485537135e06f34b.jpg 0,195,140,263,6,0.288234 310,187,332,246,1,0.107054 308,182,329,250,0,0.106997 307,180,322,197,6,0.022056 129,188,158,203,6,0.011444 346,178,361,194,6,0.010133 354,177,369,192,6,0.008114 297,178,312,195,6,0.007577 313,199,328,237,2,0.007228 104,198,132,241,0,0.006248 307,179,326,222,6,0.005980 72,197,132,244,6,0.004667 307,193,342,243,3,0.004578 315,179,328,195,6,0.004047 305,176,339,249,6,0.002747 280,179,298,193,6,0.002654 313,190,324,226,0,0.002581 139,178,165,196,6,0.002546 0,153,10,235,0,0.002455 368,175,378,192,6,0.001842 332,180,348,193,6,0.001737 299,175,334,251,5,0.001618 0,185,39,277,6,0.001452 270,179,285,194,6,0.001290 0,176,8,218,3,0.001261 117,197,133,220,6,0.001141 0,211,62,258,6,0.001117 0,208,127,327,6,0.001110 47,197,119,262,1,0.001099 109,204,127,238,2,0.001048 0,151,10,260,6,0.001040 16,171,138,284,2,0.001035
/home/dysjin/data/CARLA.v20-carla_v20.coco/valid/Town02_001080_png.rf.2d29b90fb99ccf7727caeaa1914436b4.jpg 279,187,299,203,6,0.266222 302,192,343,315,0,0.245595 90,194,239,265,6,0.215603 1,207,86,377,6,0.082116 316,184,329,204,6,0.040826 17,189,72,213,6,0.020251 296,193,342,309,1,0.016273 594,183,640,215,6,0.016132 2,213,74,380,6,0.010284 302,179,343,297,6,0.007132 309,179,324,194,6,0.006669 290,181,307,196,6,0.006278 331,179,346,196,6,0.004642 340,179,358,196,6,0.002975 51,199,212,340,6,0.002648 231,178,253,192,6,0.002572 0,192,43,224,6,0.002367 314,180,331,208,0,0.002344 291,184,332,206,6,0.001900 18,204,138,314,6,0.001888 0,165,153,380,6,0.001841 392,139,407,160,3,0.001821 273,179,287,198,6,0.001505 568,178,640,227,6,0.001505 368,175,381,194,6,0.001503 356,166,371,182,6,0.001462 3,144,257,380,6,0.001367 45,127,280,347,5,0.001354 255,187,271,202,6,0.001345 0,179,13,235,6,0.001284 0,193,9,224,1,0.001188 241,186,260,202,6,0.001103 0,6,363,380,1,0.001049 294,167,310,183,6,0.001029 355,175,372,190,6,0.001011 302,193,325,244,0,0.001010
/home/dysjin/data/CARLA.v20-carla_v20.coco/valid/Town02_005700_png.rf.39e8547ff43ddaa06ed2b24f114c8a27.jpg 247,201,378,337,6,0.264208 284,183,298,199,6,0.156725 317,184,331,198,6,0.015782 274,185,290,198,6,0.006893 306,180,325,195,6,0.005295 216,153,410,380,1,0.003107 486,185,506,201,6,0.002293 477,176,497,195,6,0.002229 156,97,487,380,2,0.002205 283,176,302,203,0,0.002019 227,130,416,373,6,0.001946 327,177,340,194,6,0.001830 372,187,384,207,6,0.001635 457,197,468,220,6,0.001507 588,173,604,197,6,0.001464 559,188,583,206,6,0.001446 537,187,560,205,6,0.001382 293,176,338,199,6,0.001314 255,186,270,198,6,0.001235 32,104,75,144,6,0.001222 244,178,260,192,6,0.001135
/home/dysjin/data/CARLA.v20-carla_v20.coco/valid/Town02_002040_png.rf.3d0fd4b3b3749ac8ebdf480959eb8e66.jpg 296,192,340,310,1,0.135441 7,189,119,356,6,0.096611 300,192,341,313,0,0.094409 265,187,292,209,6,0.091816 106,192,158,220,6,0.034426 55,190,83,221,6,0.026281 271,187,324,211,6,0.018825 57,184,75,211,6,0.013589 3,184,88,380,6,0.013507 292,186,338,290,6,0.008238 305,189,319,206,6,0.008173 287,190,313,205,6,0.007823 51,176,66,194,3,0.007522 57,175,72,199,6,0.005116 400,137,417,163,3,0.004578 0,199,10,287,0,0.003372 110,194,130,218,6,0.003251 276,177,296,200,6,0.003135 51,183,66,206,6,0.002708 0,193,11,271,0,0.002412 400,142,419,168,6,0.002390 126,186,156,214,6,0.001884 56,184,105,213,6,0.001862 368,188,381,201,6,0.001630 13,201,110,269,6,0.001553 341,164,356,182,6,0.001441 262,192,276,214,6,0.001421 368,176,380,193,6,0.001305 0,167,7,199,1,0.001234 54,171,76,202,0,0.001232 142,188,160,211,6,0.001174 0,164,46,380,6,0.001167 59,194,125,222,6,0.001086 306,180,321,196,6,0.001075 0,154,7,190,1,0.001027 108,185,127,211,6,0.001026 0,174,23,286,6,0.001015
/home/dysjin/data/CARLA.v20-carla_v20.coco/valid/075707_png.rf.2ff4a82560cfe658387e361a6cc43ef0.jpg 168,245,261,300,6,0.319759 309,243,350,274,6,0.260628 0,239,168,422,6,0.086260 239,238,267,274,6,0.049318 214,242,264,280,6,0.021640 253,240,266,275,1,0.007352 352,234,366,252,6,0.006199 251,238,268,275,0,0.005799 0,227,75,480,6,0.005427 308,243,326,270,1,0.005343 254,238,267,262,6,0.005244 46,250,178,315,6,0.005164 60,232,157,480,6,0.005143 346,227,361,243,3,0.004903 344,235,357,257,6,0.003886 0,175,232,480,4,0.003014 526,219,549,268,2,0.002807 294,238,306,253,6,0.002493 285,239,300,252,6,0.002306 382,212,394,232,3,0.002049 0,250,175,480,6,0.001813 293,228,307,245,3,0.001779 240,243,265,287,0,0.001605 163,213,266,337,2,0.001516 230,246,256,269,6,0.001358 56,277,169,366,6,0.001280 212,241,243,292,5,0.001190 308,239,324,262,4,0.001107
/home/dysjin/data/CARLA.v20-carla_v20.coco/valid/138320_png.rf.332f3bdf3abffc7dd973858c3061b801.jpg 56,233,80,288,2,0.201000 0,236,13,304,2,0.009781 51,236,87,287,5,0.007726 0,215,22,333,2,0.003307 244,232,258,253,6,0.002739 55,241,96,282,6,0.002116 35,239,82,286,6,0.001959 0,230,11,327,2,0.001948 4,242,23,295,2,0.001369 306,241,324,255,6,0.001368 316,241,332,255,6,0.001207 307,229,322,244,6,0.001098 342,241,359,254,6,0.001069
/home/dysjin/data/CARLA.v20-carla_v20.coco/valid/003766_png.rf.3dbe103da1003d1fb3bd18ad0d0894b4.jpg 458,197,510,245,3,0.242182 353,227,368,242,3,0.016547 307,238,327,255,6,0.010859 456,199,504,241,4,0.007835 458,196,512,234,6,0.004749
/home/dysjin/data/CARLA.v20-carla_v20.coco/valid/121245_png.rf.3c6765f574e34bb200e320d55fc2ffe7.jpg 274,255,358,314,6,0.298016 405,234,417,254,3,0.003083 241,212,259,229,6,0.001618 257,234,273,255,6,0.001170 246,235,261,254,6,0.001008
/home/dysjin/data/CARLA.v20-carla_v20.coco/valid/Town05_011040_png.rf.3f658b3c60547a5478cb61d6b76eb55c.jpg 314,182,329,212,6,0.073416 310,179,328,214,0,0.021352 314,188,328,218,1,0.011314 310,180,345,212,1,0.004965 326,175,342,192,6,0.003054 233,173,246,194,6,0.002391 387,175,413,193,6,0.001912 310,176,324,198,6,0.001867 312,180,359,209,6,0.001574 326,184,342,203,6,0.001523 0,211,9,302,2,0.001303 634,155,640,190,3,0.001238 633,166,640,198,4,0.001077
/home/dysjin/data/CARLA.v20-carla_v20.coco/valid/Town02_004920_png.rf.3cdedb8ebbe317a63567ec577e3789a8.jpg 308,188,329,234,0,0.075103 340,174,355,191,6,0.034667 368,184,381,200,6,0.024294 332,172,347,189,6,0.021236 350,177,372,194,6,0.015354 312,195,329,226,1,0.010839 217,187,232,201,6,0.009367 206,187,225,203,6,0.008559 310,179,332,222,6,0.008269 311,201,326,233,6,0.006471 342,182,358,201,6,0.006074 318,177,337,194,6,0.005578 306,187,340,231,1,0.003660 353,165,369,180,6,0.002719 197,187,213,205,6,0.002208 166,185,184,200,6,0.002018 228,188,248,203,6,0.001945 343,181,382,202,6,0.001487 376,186,389,203,6,0.001265 320,170,356,192,6,0.001249 331,182,344,201,6,0.001174 367,163,381,180,6,0.001140 266,176,287,195,6,0.001054
/home/dysjin/data/CARLA.v20-carla_v20.coco/valid/Town05_002760_png.rf.41faa57cc70298c90c62fe9f6a3f08c9.jpg 247,176,263,195,6,0.052549 115,186,139,201,6,0.050600 41,177,63,211,1,0.037554 42,180,61,212,6,0.021475 255,183,267,199,6,0.009912 43,164,62,213,2,0.008469 191,175,212,193,6,0.006094 245,167,261,184,6,0.005494 268,175,285,190,6,0.004684 320,174,333,189,6,0.004315 99,187,115,204,6,0.003603 232,177,255,192,6,0.003573 328,176,342,191,6,0.003505 280,173,295,188,6,0.003479 45,169,59,206,6,0.002943 305,175,324,188,6,0.002617 39,175,57,211,0,0.002346 289,175,310,188,6,0.002341 233,173,273,197,6,0.001915 253,167,269,183,6,0.001853 45,185,64,221,0,0.001789 39,169,53,202,6,0.001489 290,167,309,181,6,0.001328 110,178,126,199,6,0.001201 233,167,251,183,6,0.001153 304,166,323,181,6,0.001099 107,176,152,203,6,0.001003
/home/dysjin/data/CARLA.v20-carla_v20.coco/valid/Town02_001740_png.rf.4072bb166a4df4f9403df039e28a73f3.jpg 296,188,340,312,1,0.166980 300,188,341,313,0,0.121907 33,188,54,209,6,0.044984 400,137,417,162,3,0.007142 294,185,340,293,6,0.005089 42,185,59,205,6,0.004813 283,174,295,191,6,0.003837 45,177,61,197,6,0.002862 400,142,419,167,6,0.002852 306,187,319,203,6,0.002699 291,177,304,192,6,0.002499 5,191,53,220,6,0.002081 294,184,307,200,6,0.001960 282,164,295,183,6,0.001710 35,178,53,199,6,0.001544 284,183,296,200,6,0.001373 341,164,356,182,6,0.001336 0,167,7,199,1,0.001247 0,149,10,216,6,0.001162 0,154,7,189,1,0.001100 22,185,48,210,6,0.001088 33,182,75,207,6,0.001044 306,179,320,193,6,0.001001
/home/dysjin/data/CARLA.v20-carla_v20.coco/valid/026849_png.rf.52e90800c02b90489d2521817c6942f7.jpg 419,206,458,242,3,0.165561 422,211,457,234,4,0.014712 407,206,454,241,6,0.004811 416,207,444,236,5,0.002183 0,0,22,171,0,0.001471 354,232,369,256,6,0.001326 420,210,459,246,2,0.001119
/home/dysjin/data/CARLA.v20-carla_v20.coco/valid/Town02_001560_png.rf.44c7e46d6d34263ac9f429ccb2cd2655.jpg 59,189,78,208,6,0.077005 10,183,31,203,6,0.063823 79,193,96,221,1,0.049788 68,185,93,215,6,0.039799 21,182,34,203,6,0.035035 78,190,97,220,0,0.022841 0,182,13,206,6,0.005503 51,188,68,205,6,0.004317 0,171,10,200,6,0.002859 6,151,31,195,6,0.002808 4,179,37,205,1,0.002780 30,187,49,204,6,0.001903 19,180,37,206,0,0.001825 82,203,94,226,6,0.001521 0,128,31,228,6,0.001489 135,188,146,205,6,0.001386 0,94,29,219,6,0.001377 124,188,138,203,6,0.001321 30,187,87,207,6,0.001268 60,176,74,200,6,0.001002
/home/dysjin/data/CARLA.v20-carla_v20.coco/valid/Town02_003420_png.rf.4347a7bee8aec9f5c84eb5295856f9a9.jpg 327,196,377,229,6,0.182360 6,193,112,240,6,0.107701 339,201,365,221,6,0.012281 0,191,66,228,6,0.009297 329,204,350,230,6,0.009153 363,196,381,226,1,0.002744 359,194,384,227,0,0.002451 3,188,32,224,6,0.002120 58,196,116,229,6,0.001785 0,175,12,238,6,0.001432 350,205,379,225,6,0.001301 560,186,613,212,6,0.001052 0,191,9,227,1,0.001030
/home/dysjin/data/CARLA.v20-carla_v20.coco/valid/Town01_006060_png.rf.3d76b002da6076434f028293d0c4a498.jpg 304,190,338,266,0,0.096785 303,195,332,251,6,0.081925 420,192,450,226,6,0.044802 308,199,335,258,1,0.034483 565,161,587,180,6,0.005867 203,203,224,217,6,0.005172 297,198,333,259,4,0.004813 190,205,217,219,6,0.004761 231,199,247,212,6,0.004642 307,206,325,234,6,0.004421 219,201,238,214,6,0.004305 180,209,200,225,6,0.004048 153,208,174,229,6,0.003693 606,143,637,176,6,0.003649 314,207,330,238,2,0.003310 383,195,445,227,6,0.002415 392,186,406,205,6,0.002259 166,209,191,227,6,0.002192 314,199,329,225,6,0.002132 389,194,406,217,6,0.001941 627,210,640,282,2,0.001713 559,145,609,179,6,0.001661 385,193,395,221,2,0.001583 631,153,639,185,3,0.001475 627,125,640,194,0,0.001424 600,148,622,169,6,0.001208 1,168,10,248,2,0.001150 382,188,396,208,6,0.001083 1,178,10,259,2,0.001071
/home/dysjin/data/CARLA.v20-carla_v20.coco/valid/Town02_007800_png.rf.4e6520c0e9dd39a93f5048a2caea0283.jpg 608,191,639,226,6,0.093140 326,193,437,230,6,0.092391 0,189,46,229,6,0.017237 518,186,547,204,6,0.012175 320,194,364,225,6,0.009682 306,185,322,200,6,0.009439 315,185,334,203,6,0.007623 387,201,437,230,6,0.003545 296,187,313,201,6,0.003464 337,186,399,217,6,0.002630 0,177,14,237,6,0.002446 622,197,640,261,6,0.002437 538,185,558,205,6,0.002392 307,184,351,207,6,0.002060 623,190,639,227,2,0.001748 549,184,563,206,6,0.001642 503,183,524,204,6,0.001481 1,179,11,255,1,0.001450 582,183,640,214,6,0.001435 319,194,338,219,6,0.001363 362,198,389,216,0,0.001172 608,203,640,253,6,0.001165 577,183,592,206,6,0.001105 511,177,531,199,6,0.001082 4,195,28,221,6,0.001005
/home/dysjin/data/CARLA.v20-carla_v20.coco/valid/Town01_001860_png.rf.53e5db5983ad00d8986ebdc44e1e76ef.jpg 197,201,430,365,6,0.292199 291,184,309,200,6,0.118613 316,187,337,201,6,0.057914 299,187,327,200,6,0.028334 3,184,24,211,6,0.012264 329,186,341,201,6,0.012166 142,188,162,209,6,0.010548 137,188,152,211,6,0.008059 215,179,237,194,6,0.007378 42,184,71,214,6,0.006998 270,186,292,200,6,0.006464 230,186,250,199,6,0.006218 167,126,470,380,1,0.005191 1,168,15,224,6,0.004597 6,184,57,213,6,0.004453 485,168,514,202,6,0.003957 99,189,114,207,6,0.003430 502,171,518,198,6,0.003079 292,176,337,202,6,0.002316 499,166,521,202,0,0.002101 197,254,436,380,6,0.001857 271,177,311,202,6,0.001791 2,154,14,219,6,0.001765 342,188,356,203,6,0.001700 254,185,274,198,6,0.001606 139,191,150,216,0,0.001530 462,178,516,208,6,0.001342 16,187,37,207,6,0.001208 242,180,261,195,6,0.001182 52,195,74,216,6,0.001107 105,187,120,205,6,0.001096 136,182,154,212,0,0.001094 0,169,9,202,1,0.001024 135,0,502,380,6,0.001017
/home/dysjin/data/CARLA.v20-carla_v20.coco/valid/Town01_006120_png.rf.405fede50ad311216cb9943968a5cdf5.jpg 315,188,330,212,6,0.122064 356,176,369,192,6,0.039159 315,188,334,220,0,0.028392 355,167,368,183,6,0.009185 359,183,371,198,6,0.008134 316,179,331,198,6,0.007421 364,176,379,192,6,0.006307 377,176,400,190,6,0.005182 310,179,323,194,6,0.004567 347,179,363,192,6,0.004466 390,172,410,189,6,0.004063 378,165,400,182,6,0.003293 308,185,345,212,3,0.002680 297,185,337,216,1,0.002320 485,158,582,205,6,0.002043 401,171,422,188,6,0.001682 365,165,380,182,6,0.001593 480,170,520,196,6,0.001558 327,189,339,207,6,0.001551 0,180,10,258,0,0.001506 528,159,588,189,6,0.001297 148,198,159,220,6,0.001235 0,169,9,247,2,0.001151 10,217,109,276,6,0.001139 346,185,362,200,6,0.001123 378,160,422,187,6,0.001075
/home/dysjin/data/CARLA.v20-carla_v20.coco/valid/041864_png.rf.51f1d81198f2e5b7a450f586235760ec.jpg 80,241,233,315,6,0.146728 302,241,327,292,1,0.122229 414,209,445,240,3,0.117775 303,239,325,288,0,0.079152 412,206,452,243,6,0.034861 192,231,235,261,6,0.032863 306,250,322,284,2,0.010799 421,210,442,239,4,0.007474 293,242,321,292,6,0.005104 199,228,232,246,6,0.002916 357,224,368,245,3,0.002821 269,226,286,243,6,0.002393 302,243,344,281,6,0.002071 68,276,119,316,6,0.002024 214,234,236,257,6,0.001954 214,231,236,280,0,0.001570 281,223,295,241,6,0.001510 314,244,327,278,2,0.001356 304,230,326,274,6,0.001238 268,236,285,252,6,0.001149 343,237,360,256,6,0.001057
/home/dysjin/data/CARLA.v20-carla_v20.coco/valid/Town01_012060_png.rf.58e57e1a7e8d4f630323ae1827ca68bc.jpg 568,198,600,219,6,0.095892 329,184,352,201,6,0.036379 319,186,337,202,6,0.007812 307,190,324,204,6,0.006859 570,199,616,236,6,0.004818 338,178,359,197,6,0.004372 268,186,288,201,6,0.004023 571,188,617,215,6,0.002666 567,188,586,213,6,0.001977 583,203,605,229,6,0.001841 277,178,296,195,6,0.001486 606,181,640,270,6,0.001429 23,184,38,211,6,0.001384 293,189,309,202,6,0.001305 534,199,595,222,6,0.001122 349,188,367,205,6,0.001092 578,195,640,251,6,0.001092 580,196,634,222,6,0.001053 21,193,38,218,6,0.001013 553,199,572,220,6,0.001012
/home/dysjin/data/CARLA.v20-carla_v20.coco/valid/009044_png.rf.59d4a83882b4b6af242cbd9e0e31ba80.jpg 560,219,580,244,3,0.131369 1,197,13,246,6,0.021334 1,198,13,262,0,0.018078 0,207,10,239,3,0.017729 585,218,636,256,6,0.011510 558,217,590,243,4,0.006312 0,204,10,281,0,0.004050 627,195,640,274,0,0.003512 556,218,576,245,6,0.003459 96,237,139,265,6,0.003147 556,216,611,253,6,0.001724 631,222,640,265,2,0.001635 0,217,10,295,0,0.001612 119,236,166,261,6,0.001527 0,185,11,242,0,0.001480 141,238,163,257,6,0.001476 0,225,7,262,2,0.001415 0,182,19,323,2,0.001310 118,236,138,261,6,0.001250 561,221,584,259,6,0.001185 0,225,10,310,0,0.001153 0,194,21,244,3,0.001149 593,234,623,255,6,0.001142
/home/dysjin/data/CARLA.v20-carla_v20.coco/valid/Town02_002520_png.rf.55f8a7c01a8e4b86c99a794d7b61cd5d.jpg 241,186,389,326,6,0.283396 163,201,225,235,6,0.208604 366,177,380,195,6,0.018314 145,174,161,192,3,0.007531 532,191,632,254,6,0.006300 244,186,261,200,6,0.003227 207,158,421,380,1,0.003083 173,209,207,229,6,0.002968 168,206,192,232,6,0.002801 151,46,490,380,2,0.002566 233,189,250,203,6,0.002109 379,174,392,194,6,0.001928 156,112,486,380,0,0.001722 395,195,407,217,6,0.001662 392,149,407,170,3,0.001355 221,181,409,380,6,0.001305 403,196,418,216,6,0.001104 328,166,342,182,6,0.001030
/home/dysjin/data/CARLA.v20-carla_v20.coco/valid/Town02_008760_png.rf.5bfb07b6a5fbe6700b4b9c150b9c6576.jpg 271,187,291,202,6,0.240979 275,206,360,335,6,0.203869 515,178,556,212,6,0.070996 524,167,624,209,6,0.038986 140,173,159,191,3,0.028495 395,181,448,214,6,0.026008 261,189,278,203,6,0.017575 558,175,588,211,6,0.008407 378,186,394,206,6,0.008346 342,189,356,200,6,0.008316 399,184,423,206,6,0.007999 585,180,627,210,6,0.006701 390,185,409,206,6,0.005952 222,188,235,206,6,0.005157 371,186,384,202,6,0.005057 274,182,294,205,0,0.004924 334,188,347,201,6,0.004638 289,187,305,199,6,0.003943 0,176,12,240,6,0.003478 0,190,12,247,6,0.003420 495,175,582,219,6,0.003071 354,189,369,201,6,0.003043 229,189,246,204,6,0.003038 597,174,620,199,6,0.002940 479,183,524,208,6,0.002613 411,184,435,207,6,0.002507 319,189,334,202,6,0.002315 370,179,381,195,6,0.002299 0,189,8,227,3,0.001952 478,182,497,205,6,0.001816 307,189,320,202,6,0.001775 0,201,8,240,2,0.001652 524,176,546,201,6,0.001640 279,191,293,214,6,0.001575 0,107,9,137,6,0.001392 0,164,11,227,0,0.001368 543,160,598,189,6,0.001314 243,190,260,203,6,0.001260 615,154,640,247,6,0.001253 343,180,356,194,6,0.001223 0,179,8,213,1,0.001221 585,174,608,196,6,0.001172 3,112,28,134,6,0.001144 141,164,160,189,4,0.001012
/home/dysjin/data/CARLA.v20-carla_v20.coco/valid/Town01_008100_png.rf.5942043a53e2ea3c62572bf7029ed896.jpg 276,188,296,204,6,0.219750 386,196,409,211,6,0.100451 172,186,187,205,6,0.034775 83,189,146,212,6,0.016659 425,191,445,208,6,0.011970 367,192,382,208,6,0.007714 382,187,438,210,6,0.006034 289,186,305,201,6,0.005168 171,182,190,208,0,0.004908 158,188,182,202,6,0.004704 339,189,360,204,6,0.004622 330,187,347,202,6,0.004024 356,190,371,204,6,0.003946 397,191,420,207,6,0.003447 584,172,636,196,6,0.002767 174,191,187,215,6,0.002503 273,194,290,211,6,0.002044 586,185,608,198,6,0.001909 475,175,498,191,6,0.001709 271,180,288,198,6,0.001553 389,178,408,198,6,0.001528 416,196,437,209,6,0.001492 438,189,456,207,6,0.001492 160,183,197,206,1,0.001434 502,176,521,191,6,0.001380 180,191,192,216,1,0.001291 612,151,637,193,0,0.001201 630,166,639,199,3,0.001067 258,190,276,203,6,0.001036
/home/dysjin/data/CARLA.v20-carla_v20.coco/valid/Town01_010680_png.rf.5537782525200ced228c602e6dcc3456.jpg 371,180,385,192,3,0.179015 373,182,385,199,6,0.020825 177,179,204,197,6,0.019220 230,186,245,203,6,0.015401 334,188,346,201,6,0.010211 357,178,380,190,6,0.006507 191,184,211,199,6,0.006418 319,188,336,199,6,0.005918 168,183,191,199,6,0.004157 340,190,353,204,6,0.003522 356,186,375,200,6,0.003233 155,184,177,200,6,0.003109 304,187,322,200,6,0.002810 369,168,385,186,6,0.001801 203,185,222,200,6,0.001616 240,186,255,203,6,0.001447 220,177,239,196,6,0.001414 363,174,392,190,0,0.001395 332,181,344,195,6,0.001204 231,194,246,212,6,0.001194 318,180,332,194,6,0.001031
/home/dysjin/data/CARLA.v20-carla_v20.coco/valid/121155_png.rf.5eeb1497380edc240a771f68b9d34669.jpg 241,263,390,383,6,0.390202 561,219,598,305,2,0.152458 394,234,407,252,6,0.005832 307,240,323,257,6,0.002853 209,219,420,433,1,0.002641 549,223,615,297,1,0.002606 158,178,486,480,2,0.002408 548,188,616,326,2,0.002181 561,233,603,291,6,0.001928 614,207,640,338,2,0.001499 292,241,311,257,6,0.001156 224,185,427,421,5,0.001077
/home/dysjin/data/CARLA.v20-carla_v20.coco/valid/007085_png.rf.5a7141063cfddac158b01dce18de1e48.jpg 425,206,466,244,3,0.200723 423,207,462,241,5,0.014259 430,210,466,236,4,0.007753 429,209,469,246,6,0.002888 630,243,640,347,2,0.001110
/home/dysjin/data/CARLA.v20-carla_v20.coco/valid/Town05_006720_png.rf.717ce1e22225ab6a97befb2b8effcc2a.jpg 184,192,217,243,6,0.065260 88,189,119,208,6,0.045386 345,178,361,193,6,0.039194 368,178,382,193,6,0.014889 99,186,153,203,6,0.013027 177,198,206,256,1,0.005399 379,174,390,194,6,0.005297 5,0,71,200,6,0.004886 193,188,209,211,6,0.004389 191,204,212,232,6,0.004302 333,179,348,193,6,0.003742 351,184,373,198,6,0.003329 130,185,151,201,6,0.003302 317,180,332,192,6,0.002894 292,178,310,191,6,0.002631 257,178,271,192,6,0.002373 304,179,323,191,6,0.002369 206,175,224,191,6,0.002050 221,175,234,190,6,0.001991 268,179,283,192,6,0.001667 80,176,135,203,6,0.001630 281,179,298,192,6,0.001594 344,167,357,185,6,0.001542 206,165,223,181,6,0.001447 202,187,221,205,6,0.001271 117,179,143,196,6,0.001259 194,176,210,196,6,0.001235 353,167,370,185,6,0.001228 219,166,234,182,6,0.001182 245,178,261,192,6,0.001171 369,165,383,186,6,0.001104 199,191,221,243,0,0.001081 333,176,376,193,6,0.001064 245,186,259,199,6,0.001063
/home/dysjin/data/CARLA.v20-carla_v20.coco/valid/Town01_006600_png.rf.612f31973b2db2fda3ee5293fd937a64.jpg 372,188,396,212,6,0.027809 291,189,310,204,6,0.002983
/home/dysjin/data/CARLA.v20-carla_v20.coco/valid/112469_png.rf.4fea3a1e3f0858f468ecb362968a08fb.jpg 313,238,338,293,2,0.101170 315,232,339,295,1,0.087668 584,233,633,257,6,0.019253 312,228,341,304,0,0.015490 533,211,634,262,6,0.005174 311,234,346,294,5,0.002024 318,244,332,279,2,0.001786 85,238,102,277,2,0.001327 245,240,261,258,6,0.001131
/home/dysjin/data/CARLA.v20-carla_v20.coco/valid/Town05_009540_png.rf.67accf9da191af14c5f05da1b6fe1e58.jpg 598,184,640,209,6,0.074230 282,174,327,193,6,0.020952 497,176,548,198,6,0.002498 627,178,638,211,6,0.002143 538,184,556,200,6,0.001984 416,177,434,193,6,0.001904 314,173,335,191,6,0.001454 590,185,611,204,6,0.001393 550,186,567,200,6,0.001322 524,184,547,199,6,0.001305 501,183,522,198,6,0.001125 511,183,534,198,6,0.001125 268,176,289,193,6,0.001118 598,179,620,198,6,0.001108
/home/dysjin/data/CARLA.v20-carla_v20.coco/valid/041820_png.rf.69e77a8e269d90d89efc21e5026a7083.jpg 28,239,80,263,6,0.203981 117,241,144,294,1,0.132376 183,223,197,245,3,0.074278 180,229,195,254,6,0.018456 118,238,142,290,0,0.014316 181,219,199,249,0,0.010886 176,234,190,258,6,0.009047 179,227,197,257,0,0.008102 120,252,139,285,2,0.007339 184,215,196,238,3,0.004873 174,226,192,245,6,0.003807 191,221,207,242,6,0.002818 53,243,76,263,6,0.002051 27,245,43,268,6,0.001715 175,243,188,266,6,0.001520 174,228,192,259,2,0.001457 182,239,194,269,1,0.001450 27,225,81,254,6,0.001352 109,242,147,287,6,0.001345 556,178,640,237,6,0.001294 203,225,223,243,6,0.001260 228,225,246,244,6,0.001219 4,232,89,276,6,0.001186 160,238,175,257,6,0.001173 583,193,637,225,6,0.001109 178,229,209,254,1,0.001051
/home/dysjin/data/CARLA.v20-carla_v20.coco/valid/121278_png.rf.6607158f1164a75baf620dcb66d1b07e.jpg 276,255,357,313,6,0.278122 242,240,264,260,6,0.047922 234,240,253,258,6,0.005527 250,245,273,262,6,0.002074 22,213,37,234,6,0.001966 266,239,283,257,6,0.001626 572,225,589,244,3,0.001479 20,222,36,244,6,0.001392 8,235,30,258,6,0.001035
/home/dysjin/data/CARLA.v20-carla_v20.coco/valid/Town02_004620_png.rf.7280640e1c163e7c4b28010b90659788.jpg 242,204,379,333,6,0.246377 278,184,298,203,6,0.230334 309,182,328,199,6,0.058682 285,184,312,200,6,0.015792 141,186,170,202,6,0.012023 344,183,355,205,6,0.009928 449,223,492,252,6,0.007291 331,183,344,200,6,0.004796 214,156,411,380,1,0.002774 344,164,356,184,6,0.002009 273,180,288,198,6,0.001879 217,133,416,373,6,0.001854 157,113,486,380,2,0.001819 256,185,273,200,6,0.001727 292,178,336,201,6,0.001607 318,167,331,183,6,0.001342 170,188,187,202,6,0.001237 114,187,173,206,6,0.001234 181,187,197,203,6,0.001124 256,176,269,193,6,0.001094 309,177,328,202,0,0.001072 334,166,345,184,6,0.001070 354,174,367,193,6,0.001060 27,158,56,189,4,0.001047
/home/dysjin/data/CARLA.v20-carla_v20.coco/valid/Town05_016500_png.rf.75b431585ae9c755044e81517b796324.jpg 113,198,222,245,6,0.203687 0,201,90,288,6,0.169611 346,189,397,232,6,0.140426 456,179,478,197,6,0.057087 459,178,478,197,3,0.046848 428,187,440,210,1,0.014220 454,176,480,198,4,0.009202 343,188,366,229,6,0.004449 365,197,388,221,0,0.004442 351,197,376,219,6,0.004026 170,198,229,236,6,0.004020 1,168,77,380,6,0.003601 345,185,359,211,6,0.002941 346,191,360,224,0,0.002423 438,185,459,202,6,0.002349 334,184,348,201,6,0.002135 421,187,436,205,6,0.002059 0,206,131,344,6,0.001545 331,175,345,193,6,0.001472 427,184,443,210,0,0.001357 137,198,170,241,3,0.001162 134,194,196,249,5,0.001128 365,203,390,228,6,0.001069 126,201,157,238,6,0.001056 270,188,285,202,6,0.001045
/home/dysjin/data/CARLA.v20-carla_v20.coco/valid/Town02_001020_png.rf.79741d4293c684a4f4e895c08f1290d5.jpg 301,193,344,315,0,0.182885 281,183,326,208,6,0.086298 0,206,87,376,6,0.073559 280,186,303,204,6,0.045144 18,193,74,217,6,0.019850 594,183,640,215,6,0.012677 300,204,347,324,1,0.009574 1,211,74,380,6,0.009516 301,177,343,298,6,0.006902 28,190,58,210,6,0.004580 273,188,288,204,6,0.004398 314,183,331,206,6,0.004376 331,184,345,202,6,0.003274 302,178,325,201,6,0.002571 392,139,407,160,3,0.002091 188,187,213,211,6,0.002035 22,197,44,217,6,0.001514 340,185,357,202,6,0.001497 356,166,372,181,6,0.001390 0,150,137,380,6,0.001381 301,191,322,215,6,0.001297 370,182,383,204,6,0.001296 567,177,640,227,6,0.001265 290,175,332,246,6,0.001180 298,192,326,241,0,0.001138
/home/dysjin/data/CARLA.v20-carla_v20.coco/valid/004996_png.rf.758bfe0873e6cba6e1d99146894cae01.jpg 493,259,511,317,2,0.151845 492,264,512,317,1,0.105430 91,189,131,271,2,0.005019 483,263,519,313,5,0.003018 430,249,441,273,2,0.001847 345,249,360,267,6,0.001779 313,250,339,262,6,0.001766 538,271,550,304,2,0.001728 356,247,367,269,2,0.001699 328,252,347,265,6,0.001415 110,186,146,273,2,0.001323 405,251,418,268,6,0.001288 631,228,640,337,2,0.001212 391,252,409,268,6,0.001140
/home/dysjin/data/CARLA.v20-carla_v20.coco/valid/Town02_001620_png.rf.77cda18f042297c4b15936a35acef602.jpg 303,189,331,247,6,0.103202 314,187,333,209,6,0.020014 300,183,332,254,0,0.018242 181,184,196,209,6,0.006984 307,203,325,232,6,0.005703 393,187,405,207,6,0.004786 400,189,418,207,6,0.003765 179,179,199,210,0,0.003204 313,205,331,234,2,0.003048 175,184,188,211,1,0.002643 318,179,333,196,6,0.002238 383,188,397,204,6,0.002052 306,179,322,196,6,0.001818 266,176,284,193,6,0.001817 230,187,247,202,6,0.001563 220,186,237,203,6,0.001530 299,185,312,205,6,0.001480 328,186,339,206,6,0.001453 304,201,344,254,2,0.001329 257,177,274,194,6,0.001308 330,178,341,193,6,0.001228 132,153,153,172,3,0.001158 281,175,296,191,6,0.001105 299,201,331,255,1,0.001063 381,163,394,182,6,0.001001
/home/dysjin/data/CARLA.v20-carla_v20.coco/valid/112362_png.rf.868e587d8bdd37c81e4872223fbdbeb4.jpg 151,233,167,275,2,0.139556 584,232,634,256,6,0.022471 533,212,634,261,6,0.008095 141,239,172,271,5,0.003572 245,240,260,258,6,0.002006 148,217,179,294,2,0.001823 136,234,157,275,2,0.001446 151,236,165,293,2,0.001222 414,175,442,217,6,0.001035
/home/dysjin/data/CARLA.v20-carla_v20.coco/valid/Town05_010080_png.rf.88fb23d739ffa2beacd3c5735d172d03.jpg 314,183,329,210,6,0.141864 270,182,286,199,6,0.096664 312,181,331,212,0,0.033345 246,164,260,184,6,0.028841 257,175,275,196,6,0.014513 331,176,342,193,6,0.011038 315,187,328,219,1,0.009530 254,162,268,183,6,0.006411 245,173,290,199,6,0.005016 308,180,342,208,1,0.004756 345,162,358,182,6,0.004266 342,174,355,191,6,0.003857 276,177,292,194,6,0.003760 266,163,283,185,6,0.003565 11,4,116,66,6,0.002648 295,184,316,201,6,0.002636 273,182,337,205,6,0.002544 265,174,315,199,6,0.002248 345,151,358,170,6,0.002079 291,178,309,192,6,0.001458 334,165,347,184,6,0.001428 256,181,299,200,1,0.001347 235,175,252,191,6,0.001294 244,182,259,199,6,0.001290 236,166,252,183,6,0.001250 255,162,303,190,6,0.001144 315,172,357,197,6,0.001093
/home/dysjin/data/CARLA.v20-carla_v20.coco/valid/026847_png.rf.7a28094ba474fb2fab06e58f1ebea83c.jpg 414,210,444,239,3,0.148550 413,212,445,233,4,0.029000 412,212,445,244,2,0.002562 420,210,444,245,5,0.001691 389,209,447,243,6,0.001664
/home/dysjin/data/CARLA.v20-carla_v20.coco/valid/075709_png.rf.7dd638ab9af378bf60aaa2fb92a0aea4.jpg 167,244,260,300,6,0.329436 310,242,348,273,6,0.216801 0,239,168,421,6,0.096415 238,239,267,274,6,0.044127 214,243,264,280,6,0.021979 253,241,266,275,1,0.006491 0,231,75,480,6,0.006456 352,234,366,252,6,0.006145 45,251,177,315,6,0.005070 251,238,268,276,0,0.005048 347,227,361,244,3,0.005042 309,242,326,270,1,0.004627 254,238,267,262,6,0.004444 60,231,156,480,6,0.003738 0,177,233,480,4,0.003303 345,234,357,256,6,0.003193 293,228,307,243,3,0.002842 294,238,307,253,6,0.002150 240,243,266,287,0,0.001814 382,212,394,231,3,0.001758 0,253,174,480,6,0.001680 162,213,265,337,2,0.001620 284,239,299,251,6,0.001619 537,209,553,261,2,0.001468 309,239,324,262,4,0.001421 229,247,256,269,6,0.001418 212,241,243,292,5,0.001332 354,214,369,236,6,0.001208 0,60,226,480,1,0.001078 55,278,168,366,6,0.001049 2,252,66,480,6,0.001007
/home/dysjin/data/CARLA.v20-carla_v20.coco/valid/Town02_007380_png.rf.8809896fc46f6266a6729640bbc68e4c.jpg 560,192,635,219,6,0.071789 277,184,297,202,6,0.037902 561,196,589,217,6,0.005094 610,183,636,216,6,0.004748 580,183,610,217,6,0.003463 290,177,306,195,6,0.003174 255,189,276,203,6,0.002589 625,163,639,233,0,0.002517 560,185,604,249,6,0.002498 357,186,371,207,6,0.002026 272,194,287,211,6,0.001575 271,175,309,202,6,0.001499 510,186,535,208,6,0.001468 344,175,356,195,6,0.001199 572,189,597,212,6,0.001184 333,177,344,194,6,0.001180 554,195,570,219,6,0.001045 258,184,300,204,1,0.001042 631,187,640,225,1,0.001041
/home/dysjin/data/CARLA.v20-carla_v20.coco/valid/Town01_007500_png.rf.7e4c2487265d812d93246e09a19aeab2.jpg 529,171,640,221,6,0.211483 255,192,282,210,6,0.087660 526,177,572,217,6,0.015269 529,183,548,212,6,0.005728 249,196,265,213,6,0.005170 267,179,283,198,6,0.003657 221,203,237,215,6,0.003583 258,178,275,198,6,0.003105 626,168,637,244,6,0.002829 279,187,293,202,6,0.002756 232,200,245,213,6,0.002571 358,181,416,211,6,0.002519 625,159,638,236,0,0.002033 606,173,638,219,6,0.001916 565,171,630,228,5,0.001836 559,172,589,218,6,0.001593 292,186,309,200,6,0.001583 592,174,627,218,3,0.001432 207,203,223,216,6,0.001361 193,204,210,220,6,0.001305 629,189,638,225,3,0.001184 609,184,640,226,0,0.001111 80,211,98,251,2,0.001077 305,178,319,194,6,0.001072 375,184,396,207,6,0.001006
/home/dysjin/data/CARLA.v20-carla_v20.coco/valid/Town05_007500_png.rf.8a81a882e564e9e99b5c951d3e18dbbc.jpg 350,181,395,201,6,0.113106 302,175,321,190,6,0.015886 253,177,270,195,6,0.011650 348,179,363,204,6,0.003487 128,185,179,202,6,0.002197 315,176,331,191,6,0.001444 365,165,385,186,6,0.001415 193,107,236,139,6,0.001173 389,178,403,195,6,0.001046
/home/dysjin/data/CARLA.v20-carla_v20.coco/valid/Town02_005520_png.rf.8a9d2ba4122736ea3845c9e405936cce.jpg 44,196,120,224,6,0.083415 88,198,135,222,6,0.009536 370,194,382,214,6,0.008084 604,193,639,225,6,0.006768 44,199,64,224,6,0.005094 40,207,55,225,6,0.003959 119,197,133,218,6,0.003831 0,196,11,223,6,0.002182 5,198,23,218,6,0.001954 0,199,67,223,6,0.001903 624,176,640,240,6,0.001734 120,191,135,210,6,0.001608 66,200,94,219,6,0.001580 586,161,603,181,6,0.001509 55,199,80,220,6,0.001460 23,191,114,247,6,0.001235 579,163,595,182,6,0.001222 374,197,394,215,6,0.001175
/home/dysjin/data/CARLA.v20-carla_v20.coco/valid/041735_png.rf.891d950e6341a379e0a80f54f49c126a.jpg 275,244,304,303,6,0.098400 273,238,303,311,0,0.086023 275,248,305,307,1,0.023563 280,257,298,288,2,0.003207 0,201,9,290,2,0.002348 0,193,10,276,2,0.001943 269,243,296,297,3,0.001517
/home/dysjin/data/CARLA.v20-carla_v20.coco/valid/041669_png.rf.8f16c7cc68671f71ba068edf120b2a61.jpg 300,242,331,318,0,0.091074 304,244,332,305,1,0.071143 296,246,334,305,5,0.004261 303,250,340,299,6,0.002097 309,255,325,290,2,0.001673
/home/dysjin/data/CARLA.v20-carla_v20.coco/valid/003814_png.rf.9123d8ff8e23490d6f5201cb816e4fc2.jpg 546,176,622,244,3,0.262406 286,242,319,258,6,0.140353 314,239,328,257,6,0.006283 304,229,322,250,6,0.003083 292,230,315,248,6,0.001594 269,239,286,255,6,0.001501 283,225,325,254,6,0.001214
/home/dysjin/data/CARLA.v20-carla_v20.coco/valid/005413_png.rf.9000d6e877ce40e1d5bd5387ece453c2.jpg 84,236,104,288,2,0.227487 108,237,124,276,2,0.134733 94,237,115,282,2,0.126313 83,241,123,280,6,0.023508 76,243,115,283,5,0.012102 77,235,94,287,2,0.007938 94,240,135,274,3,0.006869 116,233,131,277,2,0.005630 89,227,120,304,2,0.002423 363,160,398,241,1,0.001695 360,211,375,230,3,0.001565 98,237,138,267,5,0.001353 373,160,401,210,6,0.001217 85,233,100,269,2,0.001128
/home/dysjin/data/CARLA.v20-carla_v20.coco/valid/Town01_001500_png.rf.9254a251a5c6eb6313adba6a6adf1620.jpg 386,172,405,191,3,0.132121 383,169,417,190,4,0.008180 0,93,29,205,6,0.007716 1,54,31,216,3,0.006303 376,172,410,191,1,0.005208 219,195,233,216,6,0.002845 386,165,409,189,6,0.002273 293,190,310,206,6,0.001809 0,17,35,245,6,0.001543 175,195,189,219,2,0.001510 0,113,12,201,6,0.001053 208,195,226,215,6,0.001028
/home/dysjin/data/CARLA.v20-carla_v20.coco/valid/Town05_004680_png.rf.93664881511a21c1adf050e2e8993477.jpg 244,183,269,204,6,0.191943 319,172,413,222,6,0.147320 280,183,295,198,6,0.028712 322,175,356,215,6,0.022176 186,183,202,200,6,0.018282 267,181,288,196,6,0.014560 253,178,300,199,6,0.009941 370,179,420,217,6,0.007668 234,183,256,202,6,0.004499 331,173,364,218,3,0.002897 371,176,406,217,3,0.002771 136,182,150,202,6,0.002537 628,151,639,215,0,0.002067 321,181,338,211,0,0.001989 218,179,231,195,6,0.001935 631,166,638,201,3,0.001912 290,176,305,194,6,0.001635 173,185,190,200,6,0.001504 618,173,635,197,6,0.001346 341,173,408,227,4,0.001266 389,182,411,213,6,0.001231 0,221,9,316,2,0.001176 205,184,222,200,6,0.001148 47,186,65,202,6,0.001137 141,177,164,193,6,0.001038
/home/dysjin/data/CARLA.v20-carla_v20.coco/valid/138312_png.rf.93c512dad514948e54a85fd6860eba4e.jpg 93,236,117,279,2,0.175670 1,245,14,321,2,0.015447 89,239,122,279,5,0.008733 246,233,262,252,6,0.005449 3,252,27,310,2,0.004537 96,233,114,268,6,0.002725 74,240,117,276,6,0.002499 356,245,367,269,2,0.001867 355,239,367,258,6,0.001820 94,236,135,263,6,0.001319 231,235,254,252,6,0.001137 345,240,359,257,6,0.001101
/home/dysjin/data/CARLA.v20-carla_v20.coco/valid/005160_png.rf.922d9f2da21b5b11121905df87e629d7.jpg 401,213,430,240,3,0.090243 401,216,429,237,6,0.013736 402,213,429,243,4,0.008010 380,212,432,246,6,0.001138
