/home/dysjin/data/CARLA.v20-carla_v20.coco/valid/Town02_006840_png.rf.a4a970c10202604d1dd8c41fe9097525.jpg 441,190,452,204,0,0.253003 566,174,578,192,0,0.145592 0,173,14,197,1,0.063669 0,160,16,208,0,0.062666 441,178,453,198,0,0.028503 207,176,223,193,0,0.015546 431,179,444,196,0,0.004419 563,165,584,199,0,0.003630 561,54,606,96,0,0.003235 246,164,258,182,0,0.003076 47,127,63,143,0,0.002424 343,178,358,192,0,0.002267 244,176,259,190,0,0.002174 0,164,15,187,1,0.001997 197,176,213,193,0,0.001676 566,185,580,200,0,0.001594 234,163,248,180,0,0.001471 342,187,358,203,0,0.001462 453,190,465,203,0,0.001376 257,175,271,189,0,0.001229 556,176,570,191,0,0.001191 47,137,63,155,0,0.001076
/home/dysjin/data/CARLA.v20-carla_v20.coco/valid/Town02_002640_png.rf.ac6bee6a9e4c4b2a1e149670c97196c1.jpg 393,173,407,190,0,0.563765 384,177,400,191,0,0.019534 71,214,87,231,0,0.005232 401,176,415,192,0,0.005016 394,182,407,199,0,0.003367 72,221,87,241,0,0.001450 368,173,385,190,0,0.001431 417,138,433,158,0,0.001284
/home/dysjin/data/CARLA.v20-carla_v20.coco/valid/007096_png.rf.a26873f70f1467f54f0fd09ea8c1731b.jpg 539,177,621,245,0,0.410027
/home/dysjin/data/CARLA.v20-carla_v20.coco/valid/Town02_006480_png.rf.aec43468267a9993201d034f7031ee5c.jpg 347,176,360,187,0,0.146379 355,177,365,190,0,0.043921 356,182,369,202,0,0.007376 354,168,367,183,0,0.007121 346,185,361,200,0,0.002990 345,157,365,190,0,0.002336 368,177,378,190,0,0.001593
/home/dysjin/data/CARLA.v20-carla_v20.coco/valid/051305_png.rf.af3e2dc55ae45fc793f7f25eb6fdf7b4.jpg 425,206,467,245,0,0.314468 425,206,456,244,1,0.019992 431,197,458,247,2,0.002965
/home/dysjin/data/CARLA.v20-carla_v20.coco/valid/007291_png.rf.b33e9d647d42777054dfb5f46d23bbad.jpg 384,221,400,238,0,0.349732
/home/dysjin/data/CARLA.v20-carla_v20.coco/valid/003752_png.rf.bb0716bc5b93fa8b10f41577e20a2f35.jpg 398,217,423,242,0,0.292388 399,216,422,238,1,0.058689 412,220,428,242,0,0.001994
/home/dysjin/data/CARLA.v20-carla_v20.coco/valid/005173_png.rf.c24ac196d86260d3a384e12093bfa5ef.jpg 477,191,527,245,0,0.164664
/home/dysjin/data/CARLA.v20-carla_v20.coco/valid/003769_png.rf.c5c0c17fa97551316c57744e9608f796.jpg 491,193,553,245,0,0.234642 491,185,565,244,1,0.003149 355,226,371,240,0,0.001468
/home/dysjin/data/CARLA.v20-carla_v20.coco/valid/004966_png.rf.c9d8d72d0920460b612251c5fddc5770.jpg 427,204,469,243,0,0.359456 430,199,461,241,2,0.004081
/home/dysjin/data/CARLA.v20-carla_v20.coco/valid/001638_png.rf.c98e4c5bc2a68de358073a26469c81b2.jpg 422,210,454,240,0,0.354558 423,205,452,243,1,0.016827 155,225,172,243,0,0.001636
/home/dysjin/data/CARLA.v20-carla_v20.coco/valid/051274_png.rf.d5f64278c64b556983082379a316485f.jpg 560,174,636,247,0,0.398506 358,224,372,240,0,0.015879
/home/dysjin/data/CARLA.v20-carla_v20.coco/valid/Town01_001440_png.rf.e4b4351effd31d5b433710cffb8243e4.jpg 383,173,401,191,0,0.460494 372,178,387,188,0,0.006128 344,178,359,190,0,0.003316 391,180,405,201,0,0.001883 344,166,358,183,0,0.001015
/home/dysjin/data/CARLA.v20-carla_v20.coco/valid/041811_png.rf.e8d4c17844854d24f9b2bec66a8a8889.jpg 48,224,62,240,0,0.260900 50,216,64,235,0,0.006386 453,213,468,230,0,0.002715 57,224,71,243,0,0.001934
/home/dysjin/data/CARLA.v20-carla_v20.coco/valid/001519_png.rf.e42bb854e84b40164ed2795569b2eb6f.jpg 574,223,587,242,0,0.408064 570,218,583,235,0,0.011468 569,235,583,247,0,0.008313 577,231,589,250,0,0.008224
/home/dysjin/data/CARLA.v20-carla_v20.coco/valid/001509_png.rf.ed3baed466e7f65c1a01fb57bf942b65.jpg 573,222,588,242,0,0.326091 569,235,584,247,0,0.009489 570,218,583,235,0,0.007275 577,231,589,251,0,0.004752
/home/dysjin/data/CARLA.v20-carla_v20.coco/valid/026829_png.rf.e6f26e62f316568466a95ba7fd18d850.jpg 374,223,392,242,0,0.352453 372,233,386,247,0,0.001846 244,227,259,241,0,0.001489
/home/dysjin/data/CARLA.v20-carla_v20.coco/valid/007076_png.rf.d635d979c35f5dd6da756ef9889aef0b.jpg 396,215,419,243,0,0.239614 396,207,420,246,1,0.079014 392,217,424,241,2,0.034974
/home/dysjin/data/CARLA.v20-carla_v20.coco/valid/Town02_006960_png.rf.eedfb90c1deb0d66a31341acd2e08f4f.jpg 149,162,167,182,0,0.456106 304,187,320,205,0,0.002862 150,155,163,174,0,0.002101 136,166,156,180,0,0.002057 588,224,604,240,0,0.001857 142,148,162,195,0,0.001249
/home/dysjin/data/CARLA.v20-carla_v20.coco/valid/041861_png.rf.f5f3812ca6c536c5c25bea3d596be111.jpg 402,209,429,242,0,0.370617 402,208,428,242,1,0.066159 291,212,307,231,0,0.001144
/home/dysjin/data/CARLA.v20-carla_v20.coco/valid/003755_png.rf.f6343810071c5f5401b5697ef363285d.jpg 407,211,434,242,0,0.247765 407,205,433,247,1,0.018641 406,216,437,241,2,0.014998
/home/dysjin/data/CARLA.v20-carla_v20.coco/valid/001630_png.rf.ff5ced110f03f998a7a6998ddf647fd2.jpg 408,212,436,240,0,0.376612 168,224,182,239,0,0.044964 407,209,436,242,1,0.042621 168,216,184,234,0,0.001899 160,217,176,234,0,0.001144
/home/dysjin/data/CARLA.v20-carla_v20.coco/valid/003751_png.rf.0ff9ef7c8c8e4f5eab52437609a3b501.jpg 396,215,419,243,0,0.199039 393,221,417,238,1,0.048721
/home/dysjin/data/CARLA.v20-carla_v20.coco/valid/Town02_008820_png.rf.135414697b8215dc125af6b125d3058c.jpg 392,188,404,203,0,0.060813 505,177,517,191,0,0.018573 393,179,403,192,0,0.015780 420,174,432,188,0,0.013911 430,174,440,188,0,0.013286 144,175,160,193,0,0.011252 480,178,493,191,0,0.010791 394,164,407,184,0,0.008254 384,191,397,202,0,0.006944 249,166,261,181,0,0.005731 395,151,409,170,0,0.005433 384,181,394,192,0,0.004854 405,151,418,170,0,0.003449 407,164,420,182,0,0.002877 270,166,284,180,0,0.002729 392,197,406,213,0,0.002053 246,176,260,188,0,0.001424 268,176,283,189,0,0.001402 391,141,414,178,0,0.001393 259,167,271,180,0,0.001376 492,178,506,191,0,0.001284 417,186,432,201,0,0.001091 281,175,297,189,0,0.001072 467,176,484,192,0,0.001016
/home/dysjin/data/CARLA.v20-carla_v20.coco/valid/006578_png.rf.21f08e8ed63ab67b3ef05528af8ef9e6.jpg 371,223,386,239,0,0.340890 365,210,394,240,0,0.001346
/home/dysjin/data/CARLA.v20-carla_v20.coco/valid/Town02_006720_png.rf.2632fd4f3d65ff215e84d472badfd870.jpg 440,189,452,204,0,0.246725 566,175,578,192,0,0.240810 0,161,16,208,0,0.062609 0,173,14,197,1,0.061649 441,178,453,197,0,0.028626 207,177,223,193,0,0.009560 562,166,583,199,0,0.006696 432,179,444,196,0,0.004231 245,165,258,182,0,0.003358 561,54,606,96,0,0.002581 235,164,248,181,0,0.002562 566,184,580,200,0,0.002451 47,127,63,143,0,0.002376 343,178,358,192,0,0.002199 245,175,259,190,0,0.002103 555,177,570,191,0,0.001994 0,163,14,188,1,0.001916 342,187,358,203,0,0.001688 258,177,271,191,0,0.001616 197,176,213,193,0,0.001401 453,190,465,204,0,0.001260
/home/dysjin/data/CARLA.v20-carla_v20.coco/valid/007070_png.rf.2316a0a54db7e4a749f421570aadd160.jpg 382,221,403,240,0,0.122278 381,214,399,238,1,0.004042
/home/dysjin/data/CARLA.v20-carla_v20.coco/valid/041819_png.rf.374472e0a0868df264a4100cb7734e35.jpg 173,225,186,240,0,0.192998 173,217,186,235,0,0.010780 169,218,191,246,0,0.003190 181,224,193,240,0,0.002785 179,215,197,231,0,0.001006
/home/dysjin/data/CARLA.v20-carla_v20.coco/valid/003766_png.rf.3dbe103da1003d1fb3bd18ad0d0894b4.jpg 461,199,509,245,0,0.417440 354,226,369,242,0,0.001327 469,189,495,246,2,0.001153
/home/dysjin/data/CARLA.v20-carla_v20.coco/valid/026849_png.rf.52e90800c02b90489d2521817c6942f7.jpg 422,207,457,241,0,0.259643 422,204,449,239,2,0.004353
/home/dysjin/data/CARLA.v20-carla_v20.coco/valid/041864_png.rf.51f1d81198f2e5b7a450f586235760ec.jpg 414,209,444,242,0,0.255753 410,206,445,244,1,0.072855
/home/dysjin/data/CARLA.v20-carla_v20.coco/valid/009044_png.rf.59d4a83882b4b6af242cbd9e0e31ba80.jpg 562,222,577,242,0,0.359779 1,211,16,237,1,0.093543 0,200,17,246,0,0.077759 345,230,357,241,0,0.042603 0,191,19,254,1,0.002573 369,230,382,242,0,0.002541 0,185,18,239,0,0.002389 7,223,24,241,0,0.002148 0,202,15,225,1,0.002100 5,213,23,234,0,0.001804 564,232,578,249,0,0.001174 559,210,586,240,0,0.001108 368,237,382,250,0,0.001098 416,227,431,242,0,0.001055
/home/dysjin/data/CARLA.v20-carla_v20.coco/valid/Town01_010680_png.rf.5537782525200ced228c602e6dcc3456.jpg 371,178,383,191,0,0.457089 377,179,389,192,0,0.047579 360,179,373,190,0,0.030397 234,178,245,192,0,0.016110 367,170,387,196,0,0.009332 381,183,393,199,0,0.005152 345,178,358,188,0,0.004331 221,187,237,202,0,0.002795 231,185,246,201,0,0.002789 344,168,357,182,0,0.001693 256,177,270,190,0,0.001441 244,176,256,191,0,0.001426 222,178,236,193,0,0.001341 332,177,346,188,0,0.001309 390,186,406,200,0,0.001269 318,177,333,190,0,0.001222 390,177,403,194,0,0.001196 196,177,210,192,0,0.001162 305,176,320,191,0,0.001105 359,172,394,209,0,0.001030
/home/dysjin/data/CARLA.v20-carla_v20.coco/valid/007085_png.rf.5a7141063cfddac158b01dce18de1e48.jpg 428,205,468,245,0,0.295878 424,206,457,242,1,0.006398 431,198,459,245,2,0.004879
/home/dysjin/data/CARLA.v20-carla_v20.coco/valid/041820_png.rf.69e77a8e269d90d89efc21e5026a7083.jpg 182,225,196,241,0,0.058436 182,216,197,234,0,0.002643 178,218,202,246,0,0.001292
/home/dysjin/data/CARLA.v20-carla_v20.coco/valid/Town05_016500_png.rf.75b431585ae9c755044e81517b796324.jpg 456,176,475,198,0,0.357913 329,185,344,204,0,0.002789 328,176,343,192,0,0.002384 451,175,480,206,1,0.001981 331,164,346,184,0,0.001930 321,178,334,191,0,0.001613 445,180,460,190,0,0.001173 34,259,55,278,1,0.001004
/home/dysjin/data/CARLA.v20-carla_v20.coco/valid/026847_png.rf.7a28094ba474fb2fab06e58f1ebea83c.jpg 412,209,444,242,0,0.292029 411,208,445,242,1,0.132834
/home/dysjin/data/CARLA.v20-carla_v20.coco/valid/003814_png.rf.9123d8ff8e23490d6f5201cb816e4fc2.jpg 542,178,619,246,0,0.355318 366,212,382,232,0,0.001337 532,144,634,291,0,0.001016
/home/dysjin/data/CARLA.v20-carla_v20.coco/valid/Town01_001500_png.rf.9254a251a5c6eb6313adba6a6adf1620.jpg 387,174,403,191,0,0.562813 401,178,414,191,0,0.002051 392,181,405,200,0,0.001310
/home/dysjin/data/CARLA.v20-carla_v20.coco/valid/005160_png.rf.922d9f2da21b5b11121905df87e629d7.jpg 400,210,429,243,1,0.210847 398,209,432,243,0,0.146369
