/home/dysjin/data/CARLA.v20-carla_v20.coco/valid/Town05_011820_png.rf.a721d4435d03a17b63243ff374e790d2.jpg 8,178,113,227,6,0.906728 256,183,273,192,6,0.034236 310,186,325,197,0,0.023691 65,190,115,226,6,0.014364 5,189,62,225,6,0.013597 249,182,264,192,6,0.002346 266,184,285,193,6,0.002029 6,188,30,231,6,0.001894 309,183,323,194,6,0.001884 318,184,332,194,6,0.001556 83,156,127,185,6,0.001260
/home/dysjin/data/CARLA.v20-carla_v20.coco/valid/Town05_005760_png.rf.a5aa9e8688171e7bfb57f36e4a648f69.jpg 311,185,331,203,6,0.908186 410,177,440,222,6,0.043428 395,168,411,229,2,0.002243 334,166,346,181,3,0.001739 401,186,426,226,6,0.001021
/home/dysjin/data/CARLA.v20-carla_v20.coco/valid/075705_png.rf.9f5447b468e0280dc956a534954f8a5e.jpg 309,243,350,272,6,0.993309 162,239,254,301,6,0.986869 1,249,176,413,6,0.952974 236,239,266,275,6,0.818268 219,244,262,287,6,0.016275 284,240,301,254,6,0.004467 0,234,79,480,6,0.002601 343,239,358,257,3,0.002277 353,238,366,256,6,0.002270 292,240,311,255,6,0.001918 0,164,368,480,6,0.001124
/home/dysjin/data/CARLA.v20-carla_v20.coco/valid/Town02_006840_png.rf.a4a970c10202604d1dd8c41fe9097525.jpg 578,182,640,218,6,0.922710 565,175,582,195,3,0.446651 0,155,12,213,3,0.046888 201,186,222,200,6,0.019935 565,180,613,209,6,0.017285 565,182,582,202,6,0.014694 0,163,16,229,2,0.013435 0,165,9,202,4,0.010878 0,194,16,224,6,0.010356 557,173,573,195,3,0.008004 0,194,19,241,6,0.006321 396,180,454,208,6,0.005578 343,185,356,202,1,0.004365 119,194,171,220,6,0.002255 440,176,456,191,3,0.002117 572,183,596,204,6,0.001702 428,177,447,193,3,0.001658 4,175,27,222,6,0.001466 608,166,640,268,6,0.001462 453,174,467,191,3,0.001396 465,173,480,189,3,0.001327 200,180,213,197,3,0.001294 491,212,505,231,1,0.001267 605,194,639,214,6,0.001067
/home/dysjin/data/CARLA.v20-carla_v20.coco/valid/Town02_002640_png.rf.ac6bee6a9e4c4b2a1e149670c97196c1.jpg 393,170,410,191,3,0.917988 262,194,295,214,6,0.906007 298,187,370,246,6,0.891867 67,185,88,238,2,0.021235 324,187,357,234,6,0.018979 300,190,327,248,6,0.008415 291,187,311,202,6,0.008366 304,184,320,203,6,0.004883 292,188,314,233,6,0.003347 246,176,257,190,3,0.001459 61,188,84,229,6,0.001217 353,177,370,196,6,0.001093 232,176,245,191,3,0.001085
/home/dysjin/data/CARLA.v20-carla_v20.coco/valid/007096_png.rf.a26873f70f1467f54f0fd09ea8c1731b.jpg 546,174,622,250,5,0.922352
/home/dysjin/data/CARLA.v20-carla_v20.coco/valid/041683_png.rf.abc13a183255cbb5f9aeca7d55d8b4c0.jpg 298,247,338,319,0,0.658856 134,219,198,247,6,0.001195
/home/dysjin/data/CARLA.v20-carla_v20.coco/valid/041699_png.rf.a4a6f7fb7672ac47b317ec4fe3e21c97.jpg 296,246,338,315,0,0.578141 0,207,13,267,2,0.001425 3,227,12,264,1,0.001308
/home/dysjin/data/CARLA.v20-carla_v20.coco/valid/Town02_006480_png.rf.aec43468267a9993201d034f7031ee5c.jpg 347,167,360,185,3,0.057753 354,166,367,184,3,0.034418 366,165,379,180,3,0.011391
/home/dysjin/data/CARLA.v20-carla_v20.coco/valid/Town02_003060_png.rf.b28380c7e6ad26a4ccdfda39d4db7f85.jpg 560,180,638,232,6,0.122980 608,189,638,227,6,0.061101 548,191,600,221,6,0.042724 526,189,574,220,6,0.005910 613,181,640,263,6,0.003244 611,163,635,209,6,0.002001 623,182,638,212,6,0.001199
/home/dysjin/data/CARLA.v20-carla_v20.coco/valid/Town01_009120_png.rf.b3886317404f3c307752dac4625c4b0e.jpg 305,193,332,214,6,0.810375 333,180,390,211,6,0.010109 22,190,38,209,3,0.007120 336,188,365,203,6,0.003776 21,205,66,231,6,0.003597 324,189,346,205,6,0.002544 375,200,400,218,6,0.002348 0,187,11,253,2,0.002182 22,197,42,215,3,0.002163 541,197,556,217,6,0.001749 29,198,52,217,6,0.001634 314,169,336,210,6,0.001606 371,197,432,220,6,0.001444 548,188,568,208,6,0.001206 312,186,364,210,6,0.001088
/home/dysjin/data/CARLA.v20-carla_v20.coco/valid/051305_png.rf.af3e2dc55ae45fc793f7f25eb6fdf7b4.jpg 425,209,463,242,3,0.996034
/home/dysjin/data/CARLA.v20-carla_v20.coco/valid/007291_png.rf.b33e9d647d42777054dfb5f46d23bbad.jpg 383,218,401,238,3,0.928186 371,216,390,234,3,0.001826
/home/dysjin/data/CARLA.v20-carla_v20.coco/valid/Town05_005820_png.rf.abc3e70595852b4f2320e8b55c805a27.jpg 300,189,338,218,6,0.953971 332,178,344,194,0,0.001597
/home/dysjin/data/CARLA.v20-carla_v20.coco/valid/Town05_006960_png.rf.9d31f2ffd8a1d723122d28555c0e3321.jpg 282,185,297,208,0,0.556319 610,219,639,380,6,0.006357 273,186,290,206,0,0.004131 616,178,640,327,0,0.001252 290,183,304,203,0,0.001016
/home/dysjin/data/CARLA.v20-carla_v20.coco/valid/Town02_009720_png.rf.b20474373a38fe973889a895d5aba03e.jpg 293,207,344,251,6,0.830436
/home/dysjin/data/CARLA.v20-carla_v20.coco/valid/Town01_002220_png.rf.9b6e376c042a4b43cdf2a33f00250d62.jpg 200,215,443,353,6,0.982470 599,214,640,251,6,0.009832 29,166,82,199,6,0.008756 287,188,319,200,6,0.006635 562,196,640,260,6,0.006427 316,188,337,201,6,0.005555 624,204,640,259,6,0.003439 184,187,199,202,0,0.002891 0,155,87,206,6,0.002597 544,213,604,248,6,0.001950 608,177,640,273,6,0.001217 318,181,334,194,6,0.001090 260,199,396,264,6,0.001053
/home/dysjin/data/CARLA.v20-carla_v20.coco/valid/Town01_003900_png.rf.b43a572a2d61a01bb389880cf86179de.jpg 200,210,446,351,6,0.979367 338,191,362,205,6,0.005265 275,183,331,207,6,0.003293 40,169,96,199,6,0.002755 314,194,366,217,6,0.002302 264,196,392,262,6,0.001893 0,166,14,227,6,0.001283
/home/dysjin/data/CARLA.v20-carla_v20.coco/valid/029067_png.rf.b686edaf28a0971571945f7b069613d5.jpg 537,219,582,343,2,0.991133 394,232,404,258,2,0.007609
/home/dysjin/data/CARLA.v20-carla_v20.coco/valid/Town02_004200_png.rf.b4d2f32e1287253b4f35bf521927be39.jpg 268,189,292,208,6,0.965060 369,173,380,193,3,0.011418 289,186,309,198,6,0.008801 261,189,279,204,6,0.006186 368,188,385,205,6,0.005371 306,181,323,195,6,0.003120 369,162,380,182,3,0.002326 269,178,287,202,6,0.001562 344,177,356,192,3,0.001466 356,176,371,192,3,0.001339 277,180,296,199,6,0.001335 319,187,334,198,6,0.001103
/home/dysjin/data/CARLA.v20-carla_v20.coco/valid/Town02_002100_png.rf.b49da10e2c41ab65d4c132e46f15d3e3.jpg 300,195,336,286,1,0.774128 277,184,292,201,6,0.645692 0,186,17,213,6,0.424512 310,185,321,207,1,0.098524 316,187,327,204,6,0.008952 0,159,13,218,6,0.002236 292,183,307,201,6,0.002123 305,187,326,229,1,0.001834 309,178,320,199,6,0.001459 306,180,325,211,0,0.001389 0,187,15,247,6,0.001138 405,181,418,209,2,0.001073
/home/dysjin/data/CARLA.v20-carla_v20.coco/valid/003752_png.rf.bb0716bc5b93fa8b10f41577e20a2f35.jpg 397,215,423,243,4,0.965534 306,238,326,254,6,0.001089
/home/dysjin/data/CARLA.v20-carla_v20.coco/valid/138327_png.rf.b4aecc174d58e25a6e680c2468864172.jpg 17,236,42,300,2,0.914585 9,244,32,311,2,0.006764 3,227,19,309,2,0.006560 27,228,49,297,2,0.003372
/home/dysjin/data/CARLA.v20-carla_v20.coco/valid/Town05_009600_png.rf.b886b3525f44da0ae66796230d91b958.jpg 375,186,418,207,6,0.946261 102,188,224,236,6,0.901847 463,188,501,214,6,0.897259 580,180,638,207,6,0.376463 98,201,157,236,6,0.105066 415,179,434,194,6,0.075867 438,179,459,192,6,0.074594 571,187,602,203,6,0.039401 424,180,447,192,6,0.029526 548,180,571,195,6,0.016424 529,181,546,195,6,0.013005 626,168,640,223,6,0.009067 559,185,587,199,6,0.005110 565,159,640,214,6,0.004503 537,180,557,195,6,0.003402 177,192,223,225,6,0.002653 560,175,608,202,6,0.002307 516,182,536,194,6,0.002291 366,185,392,204,6,0.001752 400,180,423,198,6,0.001693 609,172,637,197,6,0.001295 538,176,584,198,6,0.001259 500,186,522,198,6,0.001254
/home/dysjin/data/CARLA.v20-carla_v20.coco/valid/Town01_002340_png.rf.b8976b6d8f366e29aeb47fb3b3146b33.jpg 200,215,443,353,6,0.982010 283,187,319,202,6,0.026887 281,188,298,205,0,0.015399 600,214,640,250,6,0.010203 29,166,82,199,6,0.006687 562,195,640,260,6,0.004305 624,204,640,259,6,0.004138 316,188,337,201,6,0.003725 0,155,87,206,6,0.002070 184,187,199,202,0,0.001898 317,181,333,194,6,0.001854 544,213,604,248,6,0.001699 261,198,395,264,6,0.001302 303,181,327,195,6,0.001089 609,176,640,274,6,0.001076
/home/dysjin/data/CARLA.v20-carla_v20.coco/valid/Town05_009780_png.rf.c3069a0d7ec82f2e1960c0497cec36fe.jpg 281,194,353,250,6,0.672956 435,194,466,230,6,0.005369 377,187,399,201,6,0.005227 303,191,325,205,6,0.004971 400,173,419,224,2,0.003095 314,192,339,205,6,0.002552 329,188,345,202,6,0.002533 369,187,382,202,6,0.002139 357,185,373,199,6,0.001930 341,181,363,194,6,0.001604
/home/dysjin/data/CARLA.v20-carla_v20.coco/valid/Town05_002700_png.rf.b9dfa75f628efa31633800bb9dfee796.jpg 359,181,389,197,6,0.388990 374,184,395,197,6,0.068659 359,184,375,198,0,0.014327 392,181,409,192,6,0.006640 407,178,420,191,6,0.005592 417,176,429,191,6,0.003427 343,181,360,193,6,0.002322
/home/dysjin/data/CARLA.v20-carla_v20.coco/valid/005173_png.rf.c24ac196d86260d3a384e12093bfa5ef.jpg 474,190,524,245,5,0.710272 378,212,395,227,5,0.004571 398,205,425,244,0,0.001078
/home/dysjin/data/CARLA.v20-carla_v20.coco/valid/Town01_005820_png.rf.c9053a957ff7561268673aaec9e095f0.jpg 299,181,346,315,1,0.966296 293,176,344,301,6,0.363101 401,128,558,185,6,0.008440 180,203,201,216,6,0.008232 400,183,429,215,6,0.007605 345,177,359,188,3,0.005814 308,187,324,203,6,0.003604 318,180,333,193,6,0.002072 402,166,427,205,3,0.001759 194,202,212,216,6,0.001477 410,190,439,222,6,0.001169
/home/dysjin/data/CARLA.v20-carla_v20.coco/valid/Town01_011580_png.rf.c8aa9ea674a7d69974d55bf63b55ddbf.jpg 267,189,292,207,6,0.955421 583,191,640,219,6,0.315231 474,202,523,243,6,0.130009 551,178,573,217,6,0.017791 550,189,596,223,6,0.015814 573,177,599,218,6,0.012005 583,170,639,204,6,0.010540 419,195,436,213,0,0.007946 32,176,57,192,6,0.006631 624,170,640,222,6,0.006030 278,182,293,197,6,0.005613 605,139,640,222,6,0.003561 53,186,80,229,6,0.002442 383,189,398,205,0,0.002225 594,158,640,189,6,0.001771 322,185,333,198,0,0.001712 56,176,78,192,6,0.001391 558,184,581,207,6,0.001329 561,174,578,194,3,0.001270 35,178,80,213,6,0.001228 554,172,566,197,3,0.001205 421,190,448,206,6,0.001169 291,186,307,199,6,0.001142 483,196,512,229,6,0.001103 610,164,635,182,6,0.001061
/home/dysjin/data/CARLA.v20-carla_v20.coco/valid/Town01_007440_png.rf.bed11eeb1dde416bf8789b24a8a5c0f8.jpg 528,167,640,219,6,0.908669 264,190,281,204,6,0.390663 263,192,273,214,1,0.387660 527,179,552,214,6,0.369192 368,179,409,208,6,0.037092 278,189,296,200,6,0.006262 626,161,640,228,6,0.005667 259,184,277,216,0,0.004462 592,175,640,219,6,0.003502 265,195,279,211,0,0.002233 561,173,590,221,6,0.001507 295,188,310,199,6,0.001473
/home/dysjin/data/CARLA.v20-carla_v20.coco/valid/Town05_011760_png.rf.c548e0a947d80bc036151e4db99afcfa.jpg 3,204,203,332,6,0.967954 311,183,324,201,0,0.436932 266,183,289,193,6,0.003467 162,191,203,275,1,0.003301 278,183,300,193,6,0.002311 316,183,329,195,6,0.002226 297,185,314,197,0,0.001863 294,183,314,193,6,0.001698
/home/dysjin/data/CARLA.v20-carla_v20.coco/valid/075708_png.rf.c1818fa586a2b613b2806f928a933d9d.jpg 310,242,349,271,6,0.992274 164,239,252,300,6,0.978503 1,247,177,412,6,0.949094 237,238,267,274,6,0.795658 218,244,262,288,6,0.008680 248,239,270,275,0,0.007624 0,244,81,480,6,0.006989 343,236,359,255,3,0.003730 0,231,241,480,6,0.003151 293,238,311,254,6,0.002428 284,238,300,254,6,0.002088 0,165,377,480,6,0.001113 354,235,365,256,6,0.001104
/home/dysjin/data/CARLA.v20-carla_v20.coco/valid/Town05_009900_png.rf.c90bd5781f975f44de47fd794a1f9ac6.jpg 348,192,434,251,6,0.973832 330,185,344,203,0,0.084781 340,185,354,202,0,0.005068 415,184,431,200,6,0.003998 406,181,421,193,6,0.003386 388,186,413,198,6,0.002901 406,185,422,197,0,0.002359
/home/dysjin/data/CARLA.v20-carla_v20.coco/valid/Town05_009660_png.rf.cc2e0d6a11c64dbe092a6e9321c6a170.jpg 232,192,408,323,6,0.972406 408,186,469,212,6,0.962882 344,179,357,205,0,0.368266 613,185,636,203,6,0.068354 352,178,371,192,6,0.012221 334,182,351,201,0,0.005070 209,186,227,199,6,0.004186 339,185,360,226,0,0.002884 351,182,368,200,0,0.002492 598,188,626,201,6,0.002073 241,179,267,192,6,0.001873 334,180,351,193,6,0.001648 413,192,442,205,6,0.001180 379,174,391,193,1,0.001132
/home/dysjin/data/CARLA.v20-carla_v20.coco/valid/003769_png.rf.c5c0c17fa97551316c57744e9608f796.jpg 495,191,551,244,4,0.501157
/home/dysjin/data/CARLA.v20-carla_v20.coco/valid/121197_png.rf.c99e70822c663f40252f74e6b2ad5094.jpg 237,254,414,376,6,0.983641
/home/dysjin/data/CARLA.v20-carla_v20.coco/valid/004966_png.rf.c9d8d72d0920460b612251c5fddc5770.jpg 426,204,465,240,4,0.988756
/home/dysjin/data/CARLA.v20-carla_v20.coco/valid/Town01_006240_png.rf.cc5628eb556a5a5bd1824a8d19313b41.jpg 315,185,326,216,1,0.392081 311,186,324,213,0,0.354480 301,187,313,201,6,0.054452 365,173,382,189,6,0.007847 32,193,82,218,6,0.004425 41,192,70,206,6,0.004384 0,184,11,255,2,0.003953 0,175,14,242,2,0.003656 610,155,640,244,6,0.002651 627,183,640,255,6,0.002632 626,142,640,199,6,0.002545 309,180,324,200,6,0.001380 366,169,385,184,3,0.001344 19,190,46,228,2,0.001292 466,129,593,188,6,0.001282
/home/dysjin/data/CARLA.v20-carla_v20.coco/valid/001638_png.rf.c98e4c5bc2a68de358073a26469c81b2.jpg 420,210,456,241,3,0.989727 46,230,90,259,6,0.008192 0,200,87,259,6,0.004028 609,162,639,290,6,0.001128
/home/dysjin/data/CARLA.v20-carla_v20.coco/valid/051274_png.rf.d5f64278c64b556983082379a316485f.jpg 556,168,636,246,4,0.876051 551,168,637,263,5,0.001157
/home/dysjin/data/CARLA.v20-carla_v20.coco/valid/Town01_001440_png.rf.e4b4351effd31d5b433710cffb8243e4.jpg 383,174,401,192,3,0.978847 3,203,30,241,6,0.006246 114,195,174,220,6,0.004437 372,177,389,194,3,0.003002 0,176,15,241,2,0.002794 116,200,144,218,6,0.002103 0,190,16,250,2,0.001767
/home/dysjin/data/CARLA.v20-carla_v20.coco/valid/019121_png.rf.deb86464dd224ac85f75272f851fc0a8.jpg 507,235,561,257,6,0.730770 546,238,574,256,6,0.025309 499,242,529,256,6,0.009829 505,249,541,258,6,0.004707 393,235,409,287,2,0.003342 198,233,208,260,2,0.001742
/home/dysjin/data/CARLA.v20-carla_v20.coco/valid/041811_png.rf.e8d4c17844854d24f9b2bec66a8a8889.jpg 45,220,62,243,4,0.867363 0,245,15,296,2,0.083555 1,218,18,277,2,0.031536 1,207,18,263,6,0.009856 0,251,14,288,1,0.008921 38,216,58,250,4,0.005357 4,215,26,258,2,0.003587 6,233,24,259,2,0.001773 0,239,27,279,2,0.001736 55,221,69,242,4,0.001448 0,259,9,298,1,0.001387 40,214,56,236,4,0.001376 47,232,61,250,4,0.001089 1,229,15,264,6,0.001082
/home/dysjin/data/CARLA.v20-carla_v20.coco/valid/041657_png.rf.e06a4a0ae870ee5d8dbe97fc65b5b666.jpg 303,246,332,301,0,0.763963 150,218,210,248,6,0.003724
/home/dysjin/data/CARLA.v20-carla_v20.coco/valid/001519_png.rf.e42bb854e84b40164ed2795569b2eb6f.jpg 572,218,590,243,3,0.765415 611,213,633,259,6,0.011897 610,75,638,233,6,0.005554 170,246,190,262,6,0.004700 504,228,516,243,3,0.001707
/home/dysjin/data/CARLA.v20-carla_v20.coco/valid/Town02_005280_png.rf.ec981f5d8aec80a53ec1f9961c2321af.jpg 71,192,140,221,6,0.861242 155,195,211,270,1,0.679842 152,203,211,277,0,0.132437 177,199,209,251,0,0.049339 41,194,104,220,6,0.037665 40,201,71,218,6,0.011133 98,197,135,216,6,0.008970 0,194,12,220,6,0.007762 118,191,135,209,6,0.002625 630,187,640,258,6,0.002140 32,184,81,217,6,0.001468 0,171,13,227,6,0.001070
/home/dysjin/data/CARLA.v20-carla_v20.coco/valid/001509_png.rf.ed3baed466e7f65c1a01fb57bf942b65.jpg 572,218,589,243,3,0.659461 611,212,633,259,6,0.008435 169,246,189,262,6,0.004192 611,76,638,233,6,0.003691 555,213,572,235,3,0.001456
/home/dysjin/data/CARLA.v20-carla_v20.coco/valid/033890_png.rf.e368755037cdc345b45b625d64db27a1.jpg 245,245,429,363,6,0.984103 588,222,634,328,2,0.944063 0,239,13,304,2,0.003843 612,242,634,323,2,0.003049
/home/dysjin/data/CARLA.v20-carla_v20.coco/valid/075724_png.rf.e0c3e9a2b7f318c71e76ccdcb0dda6a1.jpg 295,242,333,270,6,0.990334 0,247,74,453,6,0.964802 193,243,243,282,6,0.897650 47,256,212,328,6,0.605304 211,249,241,283,1,0.258779 272,239,289,254,6,0.046340 115,242,233,313,6,0.026335 225,244,245,279,0,0.022127 0,232,66,390,6,0.016364 213,248,240,275,6,0.003493 0,234,38,331,6,0.002117 0,260,54,480,6,0.001972 9,264,98,480,6,0.001820 227,252,244,279,1,0.001421 165,248,221,290,6,0.001066
/home/dysjin/data/CARLA.v20-carla_v20.coco/valid/112477_png.rf.ecf5d82849f8b68362ce65c8d2645a1c.jpg 337,229,361,296,2,0.892575 586,231,637,256,6,0.004800 610,235,635,252,6,0.001012
/home/dysjin/data/CARLA.v20-carla_v20.coco/valid/Town02_001980_png.rf.ee7206fcf98c96c61f2900b25e79ce20.jpg 293,188,341,313,1,0.977281 4,188,58,222,6,0.599426 158,180,177,221,1,0.571126 44,179,71,215,2,0.099570 0,177,19,220,6,0.017527 395,162,410,182,3,0.014745 28,182,62,217,6,0.012850 3,185,32,216,6,0.011043 165,185,182,213,1,0.008393 50,175,68,198,3,0.005501 41,188,69,221,6,0.004192 47,182,67,209,1,0.003566 52,169,76,208,2,0.001556 47,178,90,212,1,0.001424 63,169,125,201,6,0.001235 156,164,179,215,6,0.001232 0,170,40,234,6,0.001167
/home/dysjin/data/CARLA.v20-carla_v20.coco/valid/026829_png.rf.e6f26e62f316568466a95ba7fd18d850.jpg 372,218,393,239,3,0.987407 0,227,17,289,2,0.035703 630,227,640,316,2,0.002515 630,244,640,320,6,0.001923 4,228,28,273,2,0.001394 4,243,27,291,2,0.001159 38,208,71,286,2,0.001102 37,228,79,261,6,0.001012
/home/dysjin/data/CARLA.v20-carla_v20.coco/valid/007076_png.rf.d635d979c35f5dd6da756ef9889aef0b.jpg 394,213,420,241,5,0.964976
/home/dysjin/data/CARLA.v20-carla_v20.coco/valid/112475_png.rf.df928fa484eb08e1454caacc1e194352.jpg 331,228,355,297,2,0.925788 585,232,637,256,6,0.002652
/home/dysjin/data/CARLA.v20-carla_v20.coco/valid/Town02_006960_png.rf.eedfb90c1deb0d66a31341acd2e08f4f.jpg 146,161,169,179,3,0.971833 0,180,29,207,6,0.857807 583,180,640,244,6,0.585299 217,168,265,194,6,0.012004 264,171,317,198,6,0.009949 0,149,32,217,6,0.003213 237,166,264,182,6,0.002699 300,168,349,199,6,0.002007 165,161,215,189,6,0.001811 167,171,188,187,6,0.001773 251,167,277,182,6,0.001625 215,172,244,188,6,0.001278 240,166,290,197,6,0.001195 177,173,204,189,6,0.001159
/home/dysjin/data/CARLA.v20-carla_v20.coco/valid/Town05_010860_png.rf.f31c0584fff1474ad2b0f4132e874f7d.jpg 311,177,333,243,0,0.920895 0,181,55,213,6,0.263572 313,187,331,209,0,0.015193 315,182,336,197,6,0.006214 1,194,13,220,6,0.004161 353,181,372,193,6,0.001569 328,182,349,194,6,0.001404 3,197,33,214,6,0.001376 0,174,15,224,6,0.001009
/home/dysjin/data/CARLA.v20-carla_v20.coco/valid/Town05_004800_png.rf.ee7c080c8716cb366969ca625bb6d68b.jpg 242,186,269,205,6,0.913412 215,188,238,205,6,0.285661 346,181,360,202,1,0.209713 227,186,255,202,6,0.016997 253,182,269,197,6,0.009630 352,178,366,198,6,0.007783 333,181,351,196,6,0.005660 363,178,382,192,6,0.005233 334,184,350,199,0,0.004534 341,178,363,205,0,0.003950 183,188,201,202,6,0.002921 265,185,282,199,6,0.002109 195,188,211,202,1,0.001689 208,176,251,202,6,0.001411 318,182,338,193,6,0.001124
/home/dysjin/data/CARLA.v20-carla_v20.coco/valid/Town05_009840_png.rf.f5040ce45ecca2822cb3b1b4ea8a6f61.jpg 291,192,372,248,6,0.968727 364,179,385,194,6,0.006784 460,175,479,222,2,0.001907
/home/dysjin/data/CARLA.v20-carla_v20.coco/valid/041861_png.rf.f5f3812ca6c536c5c25bea3d596be111.jpg 301,239,323,296,0,0.946341 102,240,250,301,6,0.830526 397,215,431,244,4,0.572915 396,209,433,245,3,0.536820 79,262,211,317,6,0.003142
/home/dysjin/data/CARLA.v20-carla_v20.coco/valid/Town02_003120_png.rf.f36fecf8d2ee4965c1f3bddaaaad5f33.jpg 424,191,494,221,6,0.747008 611,183,637,213,6,0.587532 615,176,640,266,6,0.030926 374,191,431,219,6,0.018522 401,193,450,223,6,0.017596 623,162,640,212,6,0.001752 625,204,639,234,6,0.001399 570,191,597,205,6,0.001183 599,188,624,205,6,0.001160 469,178,496,219,6,0.001035 398,164,508,215,6,0.001035
/home/dysjin/data/CARLA.v20-carla_v20.coco/valid/003755_png.rf.f6343810071c5f5401b5697ef363285d.jpg 405,215,435,242,4,0.977211 306,239,326,254,6,0.001333
/home/dysjin/data/CARLA.v20-carla_v20.coco/valid/Town01_003300_png.rf.fae28071a74fa02928094ff14cdbb3aa.jpg 266,202,365,274,6,0.990790 280,190,298,208,6,0.081033 270,190,289,205,6,0.030337 508,180,560,210,6,0.026034 162,183,221,213,6,0.015283 54,187,81,204,6,0.004406 290,189,307,204,6,0.003542 319,188,336,204,6,0.003360 305,189,326,203,6,0.002466 329,188,344,205,6,0.002444 61,183,103,210,6,0.002417 33,182,81,208,6,0.002213 81,179,101,219,2,0.001333 196,198,217,213,1,0.001269
/home/dysjin/data/CARLA.v20-carla_v20.coco/valid/138255_png.rf.fbf65e3e930393318a8312fdaefcae24.jpg 57,233,79,290,2,0.913263 63,240,85,296,2,0.001874 0,236,13,307,2,0.001824 55,248,75,307,2,0.001407
/home/dysjin/data/CARLA.v20-carla_v20.coco/valid/005373_png.rf.f68e0e113c5193c933cbee38c6a6bc2d.jpg 147,237,162,264,2,0.893852 157,235,168,266,2,0.887985 140,234,153,265,2,0.341253 0,226,14,295,2,0.061396 169,233,178,264,2,0.024243 0,209,13,290,2,0.008648 2,247,11,290,2,0.002584 5,231,21,286,2,0.002291 123,238,139,258,2,0.001384
/home/dysjin/data/CARLA.v20-carla_v20.coco/valid/001630_png.rf.ff5ced110f03f998a7a6998ddf647fd2.jpg 407,213,436,239,3,0.989647 610,216,640,336,6,0.008533
/home/dysjin/data/CARLA.v20-carla_v20.coco/valid/006662_png.rf.fa42143249c7b6a780238796639341d3.jpg 467,229,499,306,2,0.411632 482,240,509,301,2,0.011283 482,236,568,311,6,0.001495
/home/dysjin/data/CARLA.v20-carla_v20.coco/valid/Town05_004860_png.rf.f5c138159cbce172c63fa9a736f9c655.jpg 242,186,269,205,6,0.830676 215,187,240,204,6,0.329363 346,181,360,202,1,0.201131 218,181,265,204,6,0.069728 253,182,270,198,6,0.007810 352,178,365,198,6,0.006341 183,187,202,202,6,0.005366 333,180,351,195,6,0.004349 342,178,363,205,0,0.003692 363,177,382,192,6,0.003674 334,184,350,199,0,0.002574 265,185,282,199,6,0.002080 195,188,211,201,6,0.001250
/home/dysjin/data/CARLA.v20-carla_v20.coco/valid/Town01_008460_png.rf.03f3160d63f090b29499596ec3c8c4b5.jpg 23,197,149,247,6,0.981498 577,192,639,222,6,0.590754 550,187,640,265,6,0.329524 540,194,580,223,6,0.143771 592,191,623,206,6,0.012867 84,205,148,241,6,0.012782 625,167,640,223,6,0.012203 29,202,86,240,6,0.010251 109,186,123,210,1,0.004472 0,204,15,263,6,0.004331 0,199,107,257,6,0.003496 541,183,606,217,6,0.003338 560,144,640,380,6,0.003081 3,212,32,253,6,0.003034 0,193,16,250,6,0.002600 611,186,635,207,6,0.002121 514,194,562,221,6,0.001869 265,187,294,199,6,0.001721 425,187,477,212,6,0.001477 0,202,41,239,6,0.001254 526,199,550,214,6,0.001082
/home/dysjin/data/CARLA.v20-carla_v20.coco/valid/005508_png.rf.0ab3da1b4970047c9b42e5bbe5d4e6f1.jpg 32,229,56,285,2,0.983470 91,236,120,308,2,0.455414 40,233,61,299,2,0.004780 471,243,531,278,6,0.003199 24,235,47,296,2,0.001482 0,222,13,295,2,0.001205
/home/dysjin/data/CARLA.v20-carla_v20.coco/valid/Town01_006180_png.rf.089d25ecaf49fe28c7f3bf0c3614732b.jpg 311,189,324,217,1,0.597259 362,173,385,189,6,0.026476 403,174,418,189,3,0.004394 392,172,413,188,3,0.004071 301,185,334,214,0,0.001778 346,177,362,191,6,0.001607 0,193,14,251,6,0.001584 8,192,57,221,6,0.001377 29,194,83,223,6,0.001335 355,168,371,185,3,0.001181 29,198,56,216,6,0.001166 0,215,12,248,6,0.001021
/home/dysjin/data/CARLA.v20-carla_v20.coco/valid/Town02_008340_png.rf.044a76656e2e2fe428cd425926d9acbe.jpg 553,194,621,222,6,0.938452 153,192,243,241,6,0.906332 271,184,290,201,6,0.041287 548,193,577,220,6,0.039068 611,178,635,215,6,0.008611 244,186,257,206,1,0.006136 236,186,249,209,0,0.002083 524,184,572,214,6,0.001943 549,188,640,246,6,0.001678
/home/dysjin/data/CARLA.v20-carla_v20.coco/valid/075710_png.rf.0b62bb94157d1f2113ac6bbefe158022.jpg 310,241,348,271,6,0.990858 164,239,251,300,6,0.978527 1,248,176,412,6,0.948659 237,239,266,274,6,0.836711 218,243,262,288,6,0.016833 0,243,80,480,6,0.007652 248,239,270,275,0,0.007335 0,231,240,480,6,0.002930 343,237,358,256,3,0.002673 293,238,311,254,6,0.002468 285,239,300,254,6,0.001671 0,164,383,480,6,0.001118
/home/dysjin/data/CARLA.v20-carla_v20.coco/valid/041689_png.rf.0d648fbd58416a80b414e4503d51c42e.jpg 303,244,332,304,0,0.643214
/home/dysjin/data/CARLA.v20-carla_v20.coco/valid/003751_png.rf.0ff9ef7c8c8e4f5eab52437609a3b501.jpg 394,216,420,242,4,0.959877 306,238,326,253,6,0.001362
/home/dysjin/data/CARLA.v20-carla_v20.coco/valid/Town02_008820_png.rf.135414697b8215dc125af6b125d3058c.jpg 273,210,369,338,6,0.987015 510,181,559,211,6,0.911409 390,183,434,208,6,0.311150 504,171,601,216,6,0.163691 555,176,617,215,6,0.096849 141,172,158,190,3,0.084354 390,179,412,196,3,0.020801 380,186,401,203,6,0.007273 224,188,235,205,1,0.004124 414,177,432,194,3,0.003182 503,173,520,192,3,0.002414 0,169,11,247,2,0.002136 426,176,446,219,6,0.001953 609,158,640,241,6,0.001910 230,187,247,200,6,0.001507 593,179,624,214,6,0.001503 342,188,357,202,6,0.001106 627,185,640,255,6,0.001036 178,189,203,202,6,0.001020 0,162,12,233,2,0.001013
/home/dysjin/data/CARLA.v20-carla_v20.coco/valid/006664_png.rf.1466f666c872e94bac27eba56bbdfb5b.jpg 478,231,523,317,2,0.934546
/home/dysjin/data/CARLA.v20-carla_v20.coco/valid/014570_png.rf.1235b2ca71c181a49fda1bb53eaa19cd.jpg 434,231,453,282,2,0.989338 63,237,125,261,6,0.964480 303,240,334,261,6,0.757089 91,233,138,259,6,0.002698 0,222,14,295,2,0.001782 0,211,13,284,2,0.001573 69,248,120,257,6,0.001414
/home/dysjin/data/CARLA.v20-carla_v20.coco/valid/112550_png.rf.1ca2fa82e03653536df85cf5faf5753c.jpg 515,226,547,320,2,0.561429 529,224,634,285,6,0.001799
/home/dysjin/data/CARLA.v20-carla_v20.coco/valid/Town02_000780_png.rf.16d5987bcdc7d08470c1b3e757e128e5.jpg 304,190,344,315,1,0.985782 38,181,99,214,6,0.891049 281,183,301,201,6,0.729958 71,180,110,214,6,0.465625 320,177,338,191,6,0.004810 330,180,347,195,6,0.004706 339,178,359,195,6,0.003328 358,176,371,192,3,0.003207 366,176,379,194,3,0.001431 0,160,11,234,2,0.001325 305,177,324,191,6,0.001194 333,185,348,197,0,0.001144
/home/dysjin/data/CARLA.v20-carla_v20.coco/valid/Town02_001500_png.rf.1e8a22666698f8954863a9939bc59942.jpg 185,187,215,215,6,0.623552 184,190,213,216,1,0.413193 612,222,639,272,6,0.005913 437,193,484,224,6,0.005685 436,190,463,209,6,0.001368 609,159,638,301,6,0.001124
/home/dysjin/data/CARLA.v20-carla_v20.coco/valid/Town05_004620_png.rf.0e4a190ca586e0e90df6b90be2c83f5b.jpg 390,177,460,208,6,0.977159 284,184,301,199,0,0.190827 346,180,360,198,6,0.104975 347,183,361,199,0,0.087082 575,191,623,227,6,0.049880 282,181,300,197,6,0.022651 594,181,640,208,6,0.013085 352,184,368,197,6,0.005644 601,162,640,237,6,0.005459 332,180,352,194,6,0.003059 366,179,384,192,6,0.002508 254,181,275,193,6,0.002471 627,180,640,207,6,0.002230 266,182,290,194,6,0.002068 241,180,266,192,6,0.001945 565,184,640,252,6,0.001680 218,181,239,195,6,0.001653 256,186,276,197,0,0.001274
/home/dysjin/data/CARLA.v20-carla_v20.coco/valid/006578_png.rf.21f08e8ed63ab67b3ef05528af8ef9e6.jpg 370,219,384,238,3,0.952849 261,236,294,254,6,0.910190
/home/dysjin/data/CARLA.v20-carla_v20.coco/valid/Town01_004320_png.rf.1f6552094735eb0bd49b614b7e584c58.jpg 265,199,381,276,6,0.935353 610,216,636,254,6,0.046293 318,178,333,193,6,0.005311 297,185,311,200,6,0.004067 306,179,323,194,6,0.003562 0,195,14,220,6,0.003453 584,223,640,262,6,0.003198 623,213,640,272,6,0.002178 194,186,210,201,6,0.001429 566,105,640,188,2,0.001320 612,198,640,296,6,0.001061
/home/dysjin/data/CARLA.v20-carla_v20.coco/valid/Town02_006720_png.rf.2632fd4f3d65ff215e84d472badfd870.jpg 269,189,290,208,6,0.957180 578,182,640,219,6,0.930640 564,175,582,196,3,0.466012 0,155,12,213,3,0.048385 565,182,583,202,6,0.025445 196,187,216,201,6,0.024876 565,181,613,209,6,0.021723 0,163,16,229,2,0.013338 0,165,9,202,4,0.010837 0,195,16,224,6,0.010204 0,194,19,241,6,0.005663 396,181,454,207,6,0.004628 289,187,307,200,6,0.002285 263,189,277,205,6,0.002126 343,186,356,203,1,0.002049 453,174,468,190,3,0.001963 439,176,456,190,3,0.001866 484,181,540,209,6,0.001660 428,177,446,193,3,0.001589 4,175,27,222,6,0.001434 555,183,573,201,3,0.001377 608,167,640,268,6,0.001277 205,181,220,195,6,0.001221 491,212,505,231,1,0.001216 199,180,213,197,3,0.001211 465,172,480,189,3,0.001171 118,194,170,220,6,0.001129
/home/dysjin/data/CARLA.v20-carla_v20.coco/valid/Town05_006900_png.rf.2eaa1f5f6de8c6bffcd968f78f2f53b4.jpg 236,180,260,227,0,0.856176 234,178,256,231,1,0.473074 610,220,639,380,6,0.005809 615,177,640,327,0,0.001328
/home/dysjin/data/CARLA.v20-carla_v20.coco/valid/005482_png.rf.1eef94cb1d26525ab4b64d28fc9be58d.jpg 0,219,31,326,2,0.852843 0,212,16,309,2,0.018538 1,218,28,364,2,0.016030 471,243,530,277,6,0.006524 10,213,40,313,2,0.002177 0,193,42,358,2,0.001308 1,214,16,283,6,0.001134 0,222,12,251,6,0.001092
/home/dysjin/data/CARLA.v20-carla_v20.coco/valid/138251_png.rf.2622df013f55b1f57387212b95c87241.jpg 78,232,98,292,2,0.701991 1,231,15,306,2,0.001222
/home/dysjin/data/CARLA.v20-carla_v20.coco/valid/007070_png.rf.2316a0a54db7e4a749f421570aadd160.jpg 380,219,404,238,5,0.857219 426,222,443,239,5,0.001304 423,204,451,245,5,0.001191
/home/dysjin/data/CARLA.v20-carla_v20.coco/valid/Town05_010920_png.rf.2325292b5e147dc41c10fe128f6256f9.jpg 304,172,341,294,0,0.984770 316,176,333,192,6,0.023184 576,158,640,188,6,0.010746 291,176,313,190,6,0.006838 303,176,327,191,6,0.005248 290,172,338,195,6,0.001105
/home/dysjin/data/CARLA.v20-carla_v20.coco/valid/Town01_006420_png.rf.2b897cd6227874bc930ae1c7e17e3b3b.jpg 311,186,324,212,1,0.585906 308,182,327,214,0,0.066265 300,188,313,202,6,0.017245 21,190,67,221,6,0.006791 7,182,30,235,2,0.004495 1,169,16,247,2,0.004198 628,174,640,244,6,0.003827 207,179,222,193,3,0.003440 563,169,640,238,6,0.001999 598,203,640,237,6,0.001770 42,192,96,221,6,0.001692 583,163,637,206,6,0.001386 70,191,115,223,6,0.001325 284,188,297,199,6,0.001302 380,183,391,210,2,0.001252
/home/dysjin/data/CARLA.v20-carla_v20.coco/valid/Town05_006780_png.rf.253c814d6e368b92a888141244ca1a16.jpg 168,187,214,259,1,0.719457 186,197,215,248,0,0.139387 355,179,374,193,6,0.007017 199,177,212,191,6,0.001469 198,185,212,206,0,0.001393 318,188,337,199,0,0.001141
/home/dysjin/data/CARLA.v20-carla_v20.coco/valid/Town01_008280_png.rf.2f69ce357d9638b109b359e31c238ab4.jpg 275,190,305,208,6,0.618626 291,188,334,208,6,0.579257 63,184,116,210,6,0.479640 445,193,500,220,6,0.275592 522,203,636,259,6,0.111233 269,187,288,202,1,0.033180 380,200,393,219,6,0.029406 193,190,204,210,1,0.018721 327,191,346,202,6,0.015552 386,203,408,215,6,0.012173 567,206,626,237,6,0.010389 61,172,95,204,6,0.008612 287,198,315,207,6,0.006941 317,197,333,208,6,0.006678 399,204,425,218,6,0.006655 446,193,475,210,6,0.005826 90,188,113,208,6,0.004106 487,201,511,215,6,0.003469 535,195,587,228,6,0.003289 347,187,358,202,6,0.003218 261,188,273,201,1,0.002933 408,193,465,220,6,0.002546 410,201,436,219,6,0.002302 628,189,640,252,6,0.002119 469,198,500,214,6,0.002069 409,190,502,233,6,0.001416 413,211,436,224,6,0.001341 218,178,238,194,6,0.001188 501,199,521,215,6,0.001129
/home/dysjin/data/CARLA.v20-carla_v20.coco/valid/Town01_005100_png.rf.262bb9c3104b14f5fb633de3dafd0a52.jpg 576,189,600,223,0,0.127278 580,184,597,213,6,0.052808 578,177,640,214,6,0.026386 5,188,30,205,6,0.016304 40,188,72,201,6,0.010832 1,185,17,207,6,0.007573 603,159,640,230,6,0.006874 80,189,107,203,6,0.004606 14,184,74,205,6,0.004058 0,157,15,214,6,0.002170 325,182,351,216,1,0.001791 43,182,68,195,6,0.001689 29,188,59,201,6,0.001503 611,155,637,195,6,0.001342 4,170,29,205,6,0.001022
/home/dysjin/data/CARLA.v20-carla_v20.coco/valid/Town01_011940_png.rf.2554f5ab3ce2122d2ef300838472450f.jpg 208,184,267,234,6,0.637036 568,193,599,219,1,0.458003 2,177,37,212,6,0.061119 575,193,614,225,6,0.024120 269,183,286,201,6,0.010371 571,190,595,214,6,0.007456 580,199,613,233,1,0.005862 277,185,297,200,6,0.005772 580,182,638,217,6,0.005528 249,186,272,228,0,0.001526 0,148,38,219,6,0.001514 5,173,31,196,6,0.001322 341,188,360,202,6,0.001178 582,192,640,256,6,0.001157 331,185,351,200,6,0.001061
/home/dysjin/data/CARLA.v20-carla_v20.coco/valid/041684_png.rf.2f70db5ab75442cd11fffa13a776ae97.jpg 298,247,338,317,0,0.602420
/home/dysjin/data/CARLA.v20-carla_v20.coco/valid/Town05_010980_png.rf.2071755951cd753466eb2cc53fd2fe0c.jpg 306,181,338,281,0,0.960911 0,176,373,380,6,0.003453 235,174,292,196,6,0.002845 265,179,288,193,6,0.002045 290,178,313,191,6,0.001387 317,177,332,193,6,0.001138 276,178,300,192,6,0.001081
/home/dysjin/data/CARLA.v20-carla_v20.coco/valid/112459_png.rf.33bdc5bd58f0f631808a95c4ceb9a78f.jpg 293,228,314,293,2,0.986097 285,238,305,298,2,0.005945 586,231,637,255,6,0.004743 609,235,635,251,6,0.001234
/home/dysjin/data/CARLA.v20-carla_v20.coco/valid/041653_png.rf.31aa86a50239c7e6cbc52c66846dac06.jpg 303,244,331,304,0,0.849713
/home/dysjin/data/CARLA.v20-carla_v20.coco/valid/041819_png.rf.374472e0a0868df264a4100cb7734e35.jpg 170,220,186,241,4,0.940949 20,240,71,263,6,0.908627 110,241,132,299,0,0.839588 165,222,178,238,4,0.004370 116,244,134,272,0,0.002240 180,221,190,240,4,0.001443 561,171,640,338,6,0.001079
/home/dysjin/data/CARLA.v20-carla_v20.coco/valid/Town05_010800_png.rf.3489607b659edfbc485537135e06f34b.jpg 0,199,140,267,6,0.951575 311,181,333,244,0,0.799310 307,182,330,252,1,0.495599 116,195,135,247,0,0.020774 314,188,331,208,6,0.011885 316,181,335,197,6,0.010404 297,185,311,200,0,0.009705 368,164,380,182,3,0.008264 355,179,372,194,6,0.007860 344,179,360,194,6,0.005615 367,174,379,191,3,0.004598 122,182,181,204,6,0.004309 305,182,323,196,6,0.004204 331,180,350,193,6,0.003926 294,183,311,194,6,0.002846 281,186,300,198,6,0.002197 16,200,140,342,6,0.001012
/home/dysjin/data/CARLA.v20-carla_v20.coco/valid/Town02_001080_png.rf.2d29b90fb99ccf7727caeaa1914436b4.jpg 306,190,343,316,1,0.983184 0,211,93,380,6,0.894332 278,183,302,202,6,0.669530 87,180,237,290,6,0.663616 321,184,333,202,0,0.038554 321,178,336,196,6,0.011306 304,178,328,193,6,0.008137 31,184,80,211,6,0.003979 172,177,235,269,6,0.003319 7,206,98,380,6,0.003255 50,154,288,380,6,0.002403 327,180,346,194,6,0.002396 357,176,371,191,3,0.002035 340,178,361,195,6,0.001431 286,180,312,195,6,0.001200
/home/dysjin/data/CARLA.v20-carla_v20.coco/valid/Town02_005700_png.rf.39e8547ff43ddaa06ed2b24f114c8a27.jpg 237,202,397,328,6,0.956495 284,183,300,200,6,0.609444 319,180,333,196,6,0.055645 560,190,587,206,6,0.022582 306,180,327,194,6,0.018219 626,177,640,241,6,0.011373 321,184,333,197,0,0.010771 573,188,596,203,6,0.005479 586,187,603,204,6,0.004237 611,188,636,230,6,0.002674 329,180,342,192,6,0.002463 107,180,155,211,6,0.001519
/home/dysjin/data/CARLA.v20-carla_v20.coco/valid/Town02_002040_png.rf.3d0fd4b3b3749ac8ebdf480959eb8e66.jpg 291,188,341,312,1,0.966517 267,186,291,209,6,0.786451 0,190,123,356,6,0.452072 292,175,340,303,6,0.166550 56,187,82,226,1,0.128452 102,180,158,219,6,0.111827 50,173,66,190,3,0.057137 275,183,321,207,6,0.055714 395,163,410,183,3,0.017635 303,188,321,204,6,0.011333 263,186,277,207,1,0.005466 53,168,106,204,6,0.004785 79,181,132,212,6,0.003567 273,176,299,203,6,0.002763 3,129,162,380,6,0.002580 58,183,75,212,1,0.002577 65,193,85,218,1,0.001866 0,187,82,380,6,0.001582 50,175,70,217,0,0.001309 0,179,10,210,6,0.001267 55,174,74,195,6,0.001124
/home/dysjin/data/CARLA.v20-carla_v20.coco/valid/075707_png.rf.2ff4a82560cfe658387e361a6cc43ef0.jpg 310,243,350,271,6,0.993233 165,240,253,300,6,0.975650 0,247,177,412,6,0.946666 237,239,267,274,6,0.777057 217,243,262,288,6,0.006456 0,241,81,480,6,0.004705 343,237,359,257,3,0.003085 0,232,242,480,6,0.002937 284,239,300,254,6,0.002291 293,239,310,255,6,0.001788 353,236,365,257,6,0.001361 0,164,372,480,6,0.001116
/home/dysjin/data/CARLA.v20-carla_v20.coco/valid/138320_png.rf.332f3bdf3abffc7dd973858c3061b801.jpg 58,232,80,287,2,0.973295 0,236,14,305,2,0.005879 51,235,72,298,2,0.001106
/home/dysjin/data/CARLA.v20-carla_v20.coco/valid/003766_png.rf.3dbe103da1003d1fb3bd18ad0d0894b4.jpg 461,197,508,243,4,0.970533
/home/dysjin/data/CARLA.v20-carla_v20.coco/valid/121245_png.rf.3c6765f574e34bb200e320d55fc2ffe7.jpg 270,254,361,318,6,0.994795
/home/dysjin/data/CARLA.v20-carla_v20.coco/valid/Town05_011040_png.rf.3f658b3c60547a5478cb61d6b76eb55c.jpg 308,180,329,216,0,0.758770
/home/dysjin/data/CARLA.v20-carla_v20.coco/valid/Town02_004920_png.rf.3cdedb8ebbe317a63567ec577e3789a8.jpg 307,189,327,242,1,0.918204 303,187,333,239,0,0.003126 330,176,348,193,3,0.002979 167,188,188,202,6,0.002833 367,187,379,207,6,0.002616 332,166,347,184,3,0.002266 341,165,356,182,3,0.001756 339,175,358,192,6,0.001581 207,188,223,204,1,0.001222 318,178,340,194,6,0.001017
/home/dysjin/data/CARLA.v20-carla_v20.coco/valid/Town05_002760_png.rf.41faa57cc70298c90c62fe9f6a3f08c9.jpg 244,180,263,195,6,0.016553 117,184,141,201,6,0.005988 254,179,272,193,6,0.004216 249,185,262,196,0,0.003479 321,185,336,197,0,0.001744 233,178,253,192,6,0.001411 268,177,285,191,6,0.001092 321,181,335,193,6,0.001044
/home/dysjin/data/CARLA.v20-carla_v20.coco/valid/Town02_001740_png.rf.4072bb166a4df4f9403df039e28a73f3.jpg 293,189,341,313,1,0.978784 395,162,410,182,3,0.020101 36,181,56,207,1,0.019465 44,176,63,195,3,0.004953 63,170,127,202,6,0.002077
/home/dysjin/data/CARLA.v20-carla_v20.coco/valid/026849_png.rf.52e90800c02b90489d2521817c6942f7.jpg 421,209,457,240,3,0.991238
/home/dysjin/data/CARLA.v20-carla_v20.coco/valid/Town02_001560_png.rf.44c7e46d6d34263ac9f429ccb2cd2655.jpg 77,191,92,218,1,0.625466 62,188,79,207,6,0.300786 50,189,66,205,6,0.009887 11,185,28,204,6,0.005533 21,186,35,202,1,0.005098 63,195,81,211,1,0.003505 33,188,52,202,6,0.003021 8,166,31,209,6,0.002213 61,179,78,199,6,0.002162 76,202,90,228,1,0.001901 2,182,16,208,6,0.001217
/home/dysjin/data/CARLA.v20-carla_v20.coco/valid/Town02_003420_png.rf.4347a7bee8aec9f5c84eb5295856f9a9.jpg 330,195,376,230,1,0.810363 0,193,117,239,6,0.575937 319,194,369,232,6,0.039923 67,196,114,229,6,0.022271 361,205,383,228,0,0.006332 349,206,377,226,1,0.002113 617,179,640,274,6,0.001858 328,204,349,228,1,0.001274 626,205,640,260,6,0.001006
/home/dysjin/data/CARLA.v20-carla_v20.coco/valid/Town01_006060_png.rf.3d76b002da6076434f028293d0c4a498.jpg 305,190,330,255,1,0.681773 420,191,451,226,6,0.018644 207,204,225,217,6,0.006229 306,193,327,235,0,0.004104 192,205,217,219,6,0.003543 615,161,632,181,3,0.003181 231,202,247,213,6,0.002360 219,203,237,215,6,0.002221 157,213,179,227,6,0.001684 417,173,430,194,3,0.001666 180,211,203,223,6,0.001314 288,194,342,262,6,0.001250 410,146,548,205,6,0.001201
/home/dysjin/data/CARLA.v20-carla_v20.coco/valid/Town02_007800_png.rf.4e6520c0e9dd39a93f5048a2caea0283.jpg 611,193,638,230,6,0.697287 337,195,415,224,6,0.428879 518,186,548,203,6,0.298677 389,197,436,229,6,0.285521 319,194,360,224,6,0.158617 612,179,640,265,6,0.129910 409,207,439,228,6,0.079046 305,188,327,200,6,0.023084 0,180,13,241,6,0.007380 318,190,338,205,6,0.006782 326,191,351,209,6,0.003715 503,184,527,199,6,0.002580 622,217,640,244,6,0.002259 1,202,11,237,6,0.002228 316,195,342,214,6,0.002060 5,192,59,223,6,0.001730 627,209,640,274,6,0.001591 350,193,375,208,6,0.001548 0,192,13,246,2,0.001527 294,188,311,200,6,0.001146 0,169,15,227,6,0.001069 623,175,640,225,6,0.001055 576,190,593,207,6,0.001024
/home/dysjin/data/CARLA.v20-carla_v20.coco/valid/Town01_001860_png.rf.53e5db5983ad00d8986ebdc44e1e76ef.jpg 203,212,442,353,6,0.981649 284,183,304,199,6,0.170876 298,183,326,200,6,0.162418 290,184,309,199,0,0.104459 315,184,334,200,6,0.028194 397,154,513,206,6,0.003873 104,173,132,187,6,0.003601 158,183,170,207,1,0.003256 420,168,481,199,6,0.002354 31,165,80,201,6,0.002109 136,181,149,205,1,0.001655 97,184,114,201,0,0.001630 266,181,291,193,6,0.001532 78,172,130,195,6,0.001264 94,177,117,191,6,0.001206 329,183,344,201,0,0.001038 79,178,108,191,6,0.001022
/home/dysjin/data/CARLA.v20-carla_v20.coco/valid/Town01_006120_png.rf.405fede50ad311216cb9943968a5cdf5.jpg 315,189,329,217,1,0.546859 355,167,368,186,3,0.094859 314,185,332,215,0,0.084115 373,177,402,191,6,0.016100 364,168,380,183,3,0.011471 348,173,362,188,3,0.008245 313,188,326,211,6,0.004041 374,168,400,183,3,0.002389 363,164,410,188,6,0.002236 0,207,10,238,3,0.001498
/home/dysjin/data/CARLA.v20-carla_v20.coco/valid/041864_png.rf.51f1d81198f2e5b7a450f586235760ec.jpg 414,207,443,243,4,0.918394 302,238,326,297,0,0.908018 74,244,235,315,6,0.518639 357,223,368,240,4,0.004529 157,225,243,300,6,0.001444 296,240,332,347,0,0.001033
/home/dysjin/data/CARLA.v20-carla_v20.coco/valid/Town01_012060_png.rf.58e57e1a7e8d4f630323ae1827ca68bc.jpg 567,193,599,220,1,0.506671 2,177,38,212,6,0.048200 576,194,609,223,6,0.036847 580,200,613,232,1,0.006663 579,183,639,216,6,0.004375 280,188,298,200,6,0.002997 306,191,323,207,6,0.002405 271,188,288,200,6,0.002142 0,148,38,218,6,0.001385 5,173,31,196,6,0.001066
/home/dysjin/data/CARLA.v20-carla_v20.coco/valid/009044_png.rf.59d4a83882b4b6af242cbd9e0e31ba80.jpg 561,217,581,243,3,0.975818 0,195,11,251,3,0.015135 0,205,8,242,4,0.012649 559,207,640,256,6,0.002527 528,211,542,233,3,0.001636 0,214,13,278,6,0.001560
/home/dysjin/data/CARLA.v20-carla_v20.coco/valid/Town02_002520_png.rf.55f8a7c01a8e4b86c99a794d7b61cd5d.jpg 224,201,408,329,6,0.980602 160,200,230,234,6,0.976941 145,176,164,196,3,0.076855 367,185,380,203,6,0.002849 361,184,373,201,0,0.002042 232,188,248,205,6,0.001887 221,188,237,211,6,0.001583 360,178,373,195,3,0.001133
/home/dysjin/data/CARLA.v20-carla_v20.coco/valid/Town02_008760_png.rf.5bfb07b6a5fbe6700b4b9c150b9c6576.jpg 274,211,369,338,6,0.988231 512,181,558,211,6,0.565577 274,185,286,203,6,0.471262 390,183,434,209,6,0.400883 533,175,591,213,6,0.158517 597,182,625,212,6,0.127133 141,172,159,190,3,0.035458 553,169,614,206,6,0.027115 279,180,290,198,6,0.009666 607,169,635,206,6,0.008490 399,180,426,197,6,0.007314 390,180,413,197,3,0.007008 612,155,640,243,6,0.006000 379,185,401,202,6,0.004507 477,176,495,191,3,0.004018 610,195,629,214,6,0.003896 263,186,274,202,6,0.003624 586,186,614,206,6,0.003289 559,181,586,207,6,0.003065 0,169,11,249,2,0.002672 414,177,432,195,3,0.002281 342,188,358,201,6,0.001628 426,177,445,219,6,0.001579 624,167,640,224,6,0.001569 224,188,234,203,1,0.001394 230,187,245,200,6,0.001353 178,189,204,202,6,0.001185 367,182,416,207,6,0.001116 0,185,12,256,2,0.001071
/home/dysjin/data/CARLA.v20-carla_v20.coco/valid/Town01_008100_png.rf.5942043a53e2ea3c62572bf7029ed896.jpg 386,196,409,213,6,0.811606 277,188,296,204,6,0.750307 90,184,144,213,6,0.233867 340,191,363,203,6,0.141506 420,189,450,205,6,0.089744 331,191,346,203,1,0.014018 154,186,182,200,6,0.012746 355,191,369,205,6,0.011068 307,189,324,199,6,0.006305 319,191,335,201,6,0.005696 290,189,304,201,6,0.005047 190,171,239,199,6,0.003894 398,192,420,205,6,0.003154 70,182,121,207,6,0.003127 367,192,384,207,6,0.002264 128,180,183,206,6,0.001574 512,179,535,192,6,0.001476 423,184,471,209,6,0.001273 473,180,500,192,6,0.001192 611,173,635,193,6,0.001191 169,184,187,200,1,0.001164 272,179,289,199,6,0.001151 582,171,638,196,6,0.001077
/home/dysjin/data/CARLA.v20-carla_v20.coco/valid/Town01_010680_png.rf.5537782525200ced228c602e6dcc3456.jpg 368,178,383,193,3,0.854662 232,187,246,203,1,0.013485 223,186,240,202,6,0.006134 377,175,388,192,3,0.005979 333,188,345,201,1,0.005162 165,171,215,199,6,0.002289 322,189,335,200,6,0.001465 230,178,244,197,3,0.001121
/home/dysjin/data/CARLA.v20-carla_v20.coco/valid/121155_png.rf.5eeb1497380edc240a771f68b9d34669.jpg 238,255,414,376,6,0.982838 558,216,594,305,2,0.824107
/home/dysjin/data/CARLA.v20-carla_v20.coco/valid/007085_png.rf.5a7141063cfddac158b01dce18de1e48.jpg 429,210,464,242,5,0.988154
/home/dysjin/data/CARLA.v20-carla_v20.coco/valid/Town05_006720_png.rf.717ce1e22225ab6a97befb2b8effcc2a.jpg 171,186,216,252,1,0.422275 189,193,219,235,0,0.054699 90,192,118,207,6,0.041445 380,163,392,181,3,0.007708 353,180,369,194,6,0.004626 85,186,150,206,6,0.003791 344,178,360,195,6,0.001885 381,172,391,190,3,0.001146 368,187,385,199,6,0.001122 367,177,384,193,6,0.001082
/home/dysjin/data/CARLA.v20-carla_v20.coco/valid/Town01_006600_png.rf.612f31973b2db2fda3ee5293fd937a64.jpg 371,183,397,214,6,0.015755 376,194,394,213,1,0.002236
/home/dysjin/data/CARLA.v20-carla_v20.coco/valid/112469_png.rf.4fea3a1e3f0858f468ecb362968a08fb.jpg 316,230,339,294,2,0.946501 586,231,637,255,6,0.002146 610,235,636,251,6,0.001040
/home/dysjin/data/CARLA.v20-carla_v20.coco/valid/Town05_009540_png.rf.67accf9da191af14c5f05da1b6fe1e58.jpg 602,189,637,207,6,0.452534 551,189,572,202,6,0.001072
/home/dysjin/data/CARLA.v20-carla_v20.coco/valid/041820_png.rf.69e77a8e269d90d89efc21e5026a7083.jpg 31,238,82,264,6,0.924870 179,223,196,242,4,0.785275 116,241,141,298,0,0.704617 49,246,85,260,6,0.013268 118,247,139,275,0,0.003399 28,247,62,260,6,0.001267 176,216,189,236,4,0.001113
/home/dysjin/data/CARLA.v20-carla_v20.coco/valid/121278_png.rf.6607158f1164a75baf620dcb66d1b07e.jpg 271,254,361,317,6,0.994416 244,240,263,262,1,0.250462 236,242,253,260,1,0.010407
/home/dysjin/data/CARLA.v20-carla_v20.coco/valid/Town02_004620_png.rf.7280640e1c163e7c4b28010b90659788.jpg 230,200,393,330,6,0.959575 278,183,299,202,6,0.820897 307,181,328,201,6,0.587200 116,181,170,205,6,0.190075 141,185,173,203,6,0.132976 288,181,313,196,6,0.029529 153,178,174,194,6,0.004613 342,183,353,206,6,0.003935 329,178,341,196,3,0.002679 328,183,342,201,1,0.001815 170,166,184,180,3,0.001803
/home/dysjin/data/CARLA.v20-carla_v20.coco/valid/Town05_016500_png.rf.75b431585ae9c755044e81517b796324.jpg 348,193,395,230,6,0.974471 0,200,89,289,6,0.963982 455,177,477,196,3,0.963126 113,195,234,240,6,0.922095 352,193,377,210,6,0.019587 336,187,349,200,0,0.017934 0,168,82,380,6,0.012593 342,192,362,206,6,0.009603 0,170,16,225,6,0.003744 176,201,230,235,6,0.002046 359,188,388,216,6,0.001547 372,195,393,222,6,0.001432 0,153,14,216,6,0.001427 345,194,366,227,6,0.001328 376,191,392,207,6,0.001324 1,190,12,221,6,0.001291 336,194,349,214,0,0.001214
/home/dysjin/data/CARLA.v20-carla_v20.coco/valid/Town02_001020_png.rf.79741d4293c684a4f4e895c08f1290d5.jpg 304,188,345,315,1,0.982403 0,210,93,380,6,0.901949 278,179,326,206,6,0.306949 330,180,347,195,6,0.007710 339,179,359,196,6,0.005757 313,185,337,201,6,0.004905 314,177,340,191,6,0.003578 357,176,371,192,3,0.002643 297,178,328,195,6,0.002482 8,207,98,380,6,0.002325 367,176,379,195,3,0.002259 21,192,69,220,6,0.002183 299,180,348,207,6,0.001708 547,197,570,242,0,0.001074
/home/dysjin/data/CARLA.v20-carla_v20.coco/valid/004996_png.rf.758bfe0873e6cba6e1d99146894cae01.jpg 492,261,512,310,2,0.983646
/home/dysjin/data/CARLA.v20-carla_v20.coco/valid/Town02_001620_png.rf.77cda18f042297c4b15936a35acef602.jpg 305,182,329,256,1,0.803175 306,188,329,210,6,0.039515 296,181,338,248,6,0.016074 122,197,140,218,1,0.010098 317,179,337,196,6,0.009083 308,192,325,225,1,0.003505 130,197,148,217,1,0.002800 329,178,345,192,6,0.001860 307,180,326,197,6,0.001636 327,186,341,203,6,0.001367 171,186,191,205,1,0.001023
/home/dysjin/data/CARLA.v20-carla_v20.coco/valid/112362_png.rf.868e587d8bdd37c81e4872223fbdbeb4.jpg 149,230,168,281,2,0.981575 585,230,638,256,6,0.003214 610,236,637,252,6,0.001465
/home/dysjin/data/CARLA.v20-carla_v20.coco/valid/Town05_010080_png.rf.88fb23d739ffa2beacd3c5735d172d03.jpg 310,179,334,211,0,0.714876 269,184,286,201,6,0.537251 312,186,324,219,0,0.011794 0,7,134,67,6,0.002477 277,183,292,202,0,0.002110 327,180,340,203,0,0.001288
/home/dysjin/data/CARLA.v20-carla_v20.coco/valid/026847_png.rf.7a28094ba474fb2fab06e58f1ebea83c.jpg 412,210,446,241,3,0.995541
/home/dysjin/data/CARLA.v20-carla_v20.coco/valid/075709_png.rf.7dd638ab9af378bf60aaa2fb92a0aea4.jpg 310,241,349,271,6,0.992680 164,239,252,300,6,0.980479 0,247,177,411,6,0.953212 237,239,267,275,6,0.794494 218,243,262,288,6,0.013047 248,239,270,275,0,0.006103 343,237,359,255,3,0.005879 0,242,81,480,6,0.005131 293,239,311,255,6,0.002284 0,232,244,480,6,0.002056 284,239,300,253,6,0.001252 0,167,377,480,6,0.001056
/home/dysjin/data/CARLA.v20-carla_v20.coco/valid/Town02_007380_png.rf.8809896fc46f6266a6729640bbc68e4c.jpg 557,193,616,219,6,0.565147 273,183,286,203,1,0.190941 276,184,297,201,6,0.093115 508,183,536,211,6,0.041112 559,190,586,210,6,0.006469 291,180,308,194,6,0.005438 573,185,640,213,6,0.004582 560,207,588,257,0,0.003281 0,179,16,236,6,0.003107 612,178,635,219,6,0.002683 552,188,576,224,6,0.002679 0,189,16,248,6,0.002654 586,200,629,217,6,0.001247 624,167,639,224,6,0.001153 0,168,12,227,6,0.001054
/home/dysjin/data/CARLA.v20-carla_v20.coco/valid/Town01_007500_png.rf.7e4c2487265d812d93246e09a19aeab2.jpg 543,165,640,219,6,0.960159 255,194,282,212,6,0.799677 527,178,553,213,6,0.403272 530,172,586,220,6,0.042758 277,187,293,201,6,0.025588 368,179,409,208,6,0.010647 626,160,640,231,6,0.004798 293,186,308,199,6,0.001947 396,181,453,210,6,0.001689 248,197,266,211,6,0.001183
/home/dysjin/data/CARLA.v20-carla_v20.coco/valid/Town05_007500_png.rf.8a81a882e564e9e99b5c951d3e18dbbc.jpg 352,181,396,202,6,0.802434 248,178,263,194,1,0.012401 254,179,268,194,0,0.008531 306,178,322,190,6,0.005138 373,181,393,197,6,0.002869 126,183,184,205,6,0.001784
/home/dysjin/data/CARLA.v20-carla_v20.coco/valid/Town02_005520_png.rf.8a9d2ba4122736ea3845c9e405936cce.jpg 610,190,638,231,6,0.846223 72,197,139,224,6,0.836010 0,196,13,220,6,0.030837 579,178,637,238,6,0.005522 33,196,79,223,6,0.005317 52,187,115,215,6,0.003473 0,170,14,226,6,0.002094 3,193,63,223,6,0.001976 527,209,540,232,1,0.001090 625,201,640,257,6,0.001078
/home/dysjin/data/CARLA.v20-carla_v20.coco/valid/041735_png.rf.891d950e6341a379e0a80f54f49c126a.jpg 273,244,305,303,0,0.739064
/home/dysjin/data/CARLA.v20-carla_v20.coco/valid/041669_png.rf.8f16c7cc68671f71ba068edf120b2a61.jpg 297,247,337,319,0,0.626780
/home/dysjin/data/CARLA.v20-carla_v20.coco/valid/003814_png.rf.9123d8ff8e23490d6f5201cb816e4fc2.jpg 538,169,624,247,3,0.989707 288,239,319,258,6,0.941405
/home/dysjin/data/CARLA.v20-carla_v20.coco/valid/005413_png.rf.9000d6e877ce40e1d5bd5387ece453c2.jpg 104,232,122,278,2,0.965349 85,233,107,281,2,0.929342 114,231,133,278,2,0.003670 91,237,115,293,2,0.003322
/home/dysjin/data/CARLA.v20-carla_v20.coco/valid/Town01_001500_png.rf.9254a251a5c6eb6313adba6a6adf1620.jpg 385,174,404,194,3,0.990246 5,180,56,212,6,0.004078 614,184,633,205,6,0.001471 229,197,252,211,6,0.001386
/home/dysjin/data/CARLA.v20-carla_v20.coco/valid/Town05_004680_png.rf.93664881511a21c1adf050e2e8993477.jpg 243,185,269,206,6,0.952982 321,172,426,219,6,0.829737 318,179,359,218,6,0.187124 279,182,296,196,6,0.119448 184,186,203,201,6,0.008898 264,185,287,198,6,0.006938 385,176,419,215,6,0.005261 235,184,256,201,6,0.003033 290,181,309,193,6,0.001717
/home/dysjin/data/CARLA.v20-carla_v20.coco/valid/138312_png.rf.93c512dad514948e54a85fd6860eba4e.jpg 95,233,114,279,2,0.729539 0,242,13,326,2,0.189677 0,231,13,315,2,0.025406 0,230,27,324,2,0.013981 0,225,13,296,2,0.002263 537,333,560,376,2,0.001410
/home/dysjin/data/CARLA.v20-carla_v20.coco/valid/005160_png.rf.922d9f2da21b5b11121905df87e629d7.jpg 403,213,430,241,5,0.986049 587,171,602,192,5,0.001505
