/home/dysjin/data/CARLA.v20-carla_v20.coco/valid/Town05_011820_png.rf.a721d4435d03a17b63243ff374e790d2.jpg 24,193,92,229,6,0.866855 70,194,112,226,6,0.493368 309,184,323,203,6,0.077514 3,200,58,231,6,0.049088 254,178,270,195,6,0.029862 316,186,330,206,6,0.027805 92,197,111,222,6,0.017016 0,181,97,253,6,0.005484 2,204,28,228,6,0.005325 0,197,14,226,6,0.005090 244,179,262,196,6,0.004875 291,186,314,202,6,0.003540 328,185,342,204,6,0.002598 44,181,113,234,6,0.002470 627,278,640,310,6,0.002130 97,187,112,212,6,0.001748 105,193,119,219,0,0.001665 108,171,121,193,3,0.001475 441,191,457,226,2,0.001394 278,180,298,195,6,0.001300 39,198,72,217,6,0.001286 159,171,172,189,3,0.001129 0,34,12,107,6,0.001091 107,185,119,210,3,0.001089 108,161,124,182,3,0.001055 1,154,15,238,2,0.001003
/home/dysjin/data/CARLA.v20-carla_v20.coco/valid/Town05_005760_png.rf.a5aa9e8688171e7bfb57f36e4a648f69.jpg 312,186,330,208,6,0.909146 240,180,261,195,6,0.049903 101,184,115,210,1,0.045199 342,161,354,183,3,0.022196 411,189,443,232,6,0.016924 397,188,409,226,2,0.009553 404,183,424,233,2,0.008628 253,179,271,195,6,0.005753 265,176,282,194,6,0.005061 334,162,345,185,3,0.004999 297,188,316,206,6,0.004691 353,174,368,194,6,0.003111 326,185,341,205,6,0.002543 344,173,354,194,3,0.002417 193,188,208,207,6,0.001817 232,181,250,200,6,0.001805 422,184,448,233,2,0.001784 297,172,331,205,6,0.001526 369,174,382,195,3,0.001419 185,187,200,206,0,0.001024
/home/dysjin/data/CARLA.v20-carla_v20.coco/valid/075705_png.rf.9f5447b468e0280dc956a534954f8a5e.jpg 307,248,351,275,6,0.997098 10,273,192,396,6,0.930539 171,244,247,308,6,0.873879 240,242,267,273,6,0.843431 283,237,299,257,6,0.310594 202,246,253,293,6,0.058075 0,233,182,480,6,0.052414 293,241,309,257,6,0.031020 362,261,381,278,6,0.026909 347,220,357,249,3,0.020853 227,249,256,283,6,0.013188 352,221,364,250,2,0.010921 228,240,257,262,6,0.010822 540,219,558,296,2,0.006194 254,235,266,266,6,0.002586 252,250,267,280,6,0.002216 0,186,74,480,6,0.001847 350,247,369,271,6,0.001528 0,225,311,445,6,0.001149 200,243,225,259,6,0.001038
/home/dysjin/data/CARLA.v20-carla_v20.coco/valid/Town02_006840_png.rf.a4a970c10202604d1dd8c41fe9097525.jpg 577,180,640,220,6,0.915259 0,166,11,197,3,0.221574 562,178,580,199,3,0.096476 561,181,581,205,6,0.094662 0,181,17,260,2,0.087323 118,188,167,222,6,0.071888 345,189,358,210,1,0.052783 397,178,453,212,6,0.041131 446,204,458,232,0,0.021513 482,176,538,209,6,0.013852 2,204,27,254,2,0.010780 1,141,13,210,3,0.009380 348,189,369,207,6,0.007942 526,186,543,212,6,0.007071 564,163,581,190,3,0.006688 137,198,168,216,6,0.006058 423,189,451,207,6,0.005709 494,209,508,236,6,0.005128 198,190,225,206,6,0.004727 0,155,14,231,2,0.004517 334,190,349,207,6,0.003492 3,181,27,238,2,0.003464 197,158,210,184,3,0.003119 117,193,143,218,6,0.002912 568,176,597,213,6,0.002779 556,185,571,210,6,0.002709 169,193,187,220,2,0.002502 0,211,14,250,2,0.002362 572,162,590,190,3,0.002283 213,193,238,206,6,0.002229 507,189,539,210,6,0.002022 195,185,212,208,6,0.001994 605,194,637,216,6,0.001953 145,191,187,219,6,0.001771 0,174,12,212,3,0.001716 622,192,640,222,6,0.001579 0,194,14,228,6,0.001477 105,184,133,225,2,0.001382 0,203,14,281,2,0.001326 255,191,271,205,6,0.001270 450,200,465,223,0,0.001151 199,169,211,197,3,0.001143 241,189,260,205,6,0.001041
/home/dysjin/data/CARLA.v20-carla_v20.coco/valid/Town02_002640_png.rf.ac6bee6a9e4c4b2a1e149670c97196c1.jpg 299,181,366,254,6,0.980940 258,192,297,216,6,0.921817 394,170,407,189,3,0.790189 299,188,323,251,6,0.013622 326,191,359,242,6,0.012990 341,161,355,181,3,0.005884 31,191,77,219,6,0.003903 465,177,485,238,2,0.003662 466,238,479,275,2,0.003657 69,200,90,238,2,0.002968 450,172,476,221,6,0.002662 0,190,9,228,6,0.002449 473,193,496,244,2,0.002179 289,188,307,209,6,0.001989 344,171,357,193,3,0.001989 329,164,346,182,3,0.001751 0,199,8,239,6,0.001585 245,175,258,196,3,0.001537 393,179,409,201,2,0.001474 388,173,399,197,3,0.001221 452,181,476,228,2,0.001217 611,150,640,301,2,0.001033
/home/dysjin/data/CARLA.v20-carla_v20.coco/valid/007096_png.rf.a26873f70f1467f54f0fd09ea8c1731b.jpg 549,171,614,247,5,0.919310 596,170,619,251,5,0.001348 377,248,391,267,2,0.001060
/home/dysjin/data/CARLA.v20-carla_v20.coco/valid/041683_png.rf.abc13a183255cbb5f9aeca7d55d8b4c0.jpg 300,245,332,317,0,0.895283 0,166,15,277,2,0.003293 278,235,353,324,0,0.003049 0,113,10,156,6,0.001687 292,188,352,451,0,0.001539
/home/dysjin/data/CARLA.v20-carla_v20.coco/valid/041699_png.rf.a4a6f7fb7672ac47b317ec4fe3e21c97.jpg 298,244,332,314,0,0.911501 0,141,24,272,6,0.006404 277,235,352,323,0,0.005987 549,237,567,304,2,0.004315 2,227,13,264,1,0.001677 311,237,335,290,0,0.001443 227,225,249,249,6,0.001093
/home/dysjin/data/CARLA.v20-carla_v20.coco/valid/Town02_006480_png.rf.aec43468267a9993201d034f7031ee5c.jpg 347,172,360,190,3,0.382212 219,190,239,208,6,0.041687 255,186,273,203,6,0.040428 439,73,640,328,6,0.008797 335,178,347,195,3,0.006773 155,187,169,226,2,0.005677 292,197,305,221,6,0.004884 329,198,349,215,6,0.003976 197,184,212,211,6,0.003405 202,188,224,207,6,0.003318 354,161,368,189,3,0.003106 284,205,298,229,0,0.001959 340,198,356,218,0,0.001772 156,178,168,217,2,0.001697 240,188,262,205,6,0.001670 280,188,296,207,6,0.001402 368,155,384,188,3,0.001034
/home/dysjin/data/CARLA.v20-carla_v20.coco/valid/Town02_003060_png.rf.b28380c7e6ad26a4ccdfda39d4db7f85.jpg 554,191,617,223,6,0.914165 374,191,425,215,6,0.278520 596,189,640,226,6,0.165654 527,186,545,212,6,0.090198 0,194,14,219,6,0.059989 1,198,30,216,6,0.038251 556,197,586,218,6,0.019215 11,195,49,214,6,0.013830 525,189,571,221,6,0.006432 623,190,640,248,6,0.006237 164,201,193,218,6,0.004906 537,195,558,218,6,0.004058 357,166,372,198,3,0.004026 211,190,267,219,6,0.003772 210,196,242,213,6,0.003724 235,198,268,215,6,0.002665 625,182,640,215,6,0.002529 48,191,107,219,6,0.002093 143,194,191,216,6,0.002091 615,203,635,234,6,0.001996 469,194,500,215,6,0.001553 589,200,632,215,6,0.001429 627,225,640,260,6,0.001233 553,186,573,214,6,0.001231
/home/dysjin/data/CARLA.v20-carla_v20.coco/valid/Town01_009120_png.rf.b3886317404f3c307752dac4625c4b0e.jpg 306,193,330,214,6,0.867156 373,199,396,220,1,0.061137 378,198,425,219,6,0.019752 337,190,389,219,6,0.005411 178,197,201,216,6,0.004686 374,195,397,218,6,0.004345 297,192,315,210,6,0.004254 539,199,558,221,6,0.004239 0,184,15,254,2,0.003704 627,197,640,223,6,0.003132 307,188,364,220,6,0.003064 335,190,364,206,6,0.002990 265,192,285,206,6,0.002606 370,188,388,210,1,0.002223 375,174,392,199,3,0.002133 323,188,344,208,6,0.002080 0,206,10,281,2,0.002064 350,192,378,208,6,0.001619 0,200,12,263,2,0.001391 373,179,395,214,0,0.001131 0,206,10,305,2,0.001045
/home/dysjin/data/CARLA.v20-carla_v20.coco/valid/051305_png.rf.af3e2dc55ae45fc793f7f25eb6fdf7b4.jpg 429,210,462,241,3,0.990661 304,240,320,254,6,0.007445 266,235,287,254,6,0.007425
/home/dysjin/data/CARLA.v20-carla_v20.coco/valid/007291_png.rf.b33e9d647d42777054dfb5f46d23bbad.jpg 386,218,401,239,3,0.952965 130,238,144,257,3,0.011488 123,239,138,258,3,0.008430 384,211,413,243,3,0.006594 379,188,401,241,3,0.002831 120,241,137,268,2,0.001181
/home/dysjin/data/CARLA.v20-carla_v20.coco/valid/Town05_005820_png.rf.abc3e70595852b4f2320e8b55c805a27.jpg 301,193,341,219,6,0.978455 487,227,502,285,2,0.013856 395,195,406,218,2,0.009998 356,174,369,192,3,0.009892 247,176,260,195,6,0.004862 431,216,444,249,2,0.003611 344,175,356,194,3,0.003460 344,163,357,185,3,0.003217 401,194,414,219,2,0.002524 443,224,457,259,2,0.002087 333,175,343,196,3,0.001851 309,178,347,237,6,0.001849 628,210,640,278,6,0.001823 365,174,380,195,3,0.001698 88,175,102,198,6,0.001600 254,173,267,193,6,0.001566 625,90,640,178,3,0.001517 382,196,394,216,2,0.001439 246,183,260,202,0,0.001285 482,250,495,284,2,0.001260 453,212,471,275,2,0.001115 281,178,297,195,6,0.001025 0,161,9,203,6,0.001006
/home/dysjin/data/CARLA.v20-carla_v20.coco/valid/Town05_006960_png.rf.9d31f2ffd8a1d723122d28555c0e3321.jpg 284,188,297,211,1,0.383896 233,190,266,203,6,0.006999 574,123,637,380,6,0.006562 271,191,291,207,6,0.005382 286,189,307,209,6,0.004844 627,178,640,216,6,0.003253 240,184,288,203,6,0.001660 603,216,637,380,6,0.001394 281,187,300,211,0,0.001306
/home/dysjin/data/CARLA.v20-carla_v20.coco/valid/Town02_009720_png.rf.b20474373a38fe973889a895d5aba03e.jpg 298,205,346,253,6,0.792961 267,186,280,213,1,0.382903 259,189,277,209,6,0.246016 276,184,293,210,6,0.006619 291,178,307,196,6,0.006083 190,202,217,222,6,0.005774 318,184,331,207,6,0.004474 352,200,371,220,6,0.004305 302,177,322,196,6,0.004020 193,171,211,197,4,0.002979 344,197,358,220,6,0.001563 171,195,215,225,6,0.001373 330,176,342,195,3,0.001136 303,187,323,211,6,0.001040
/home/dysjin/data/CARLA.v20-carla_v20.coco/valid/Town01_002220_png.rf.9b6e376c042a4b43cdf2a33f00250d62.jpg 220,208,416,354,6,0.988987 372,138,389,171,3,0.027265 370,194,383,223,0,0.008801 316,188,335,204,6,0.005629 318,178,334,197,6,0.005081 0,205,11,237,6,0.002768 278,192,301,208,6,0.002685 301,192,326,206,6,0.001079
/home/dysjin/data/CARLA.v20-carla_v20.coco/valid/Town01_003900_png.rf.b43a572a2d61a01bb389880cf86179de.jpg 220,205,420,354,6,0.981622 403,181,422,231,1,0.343768 325,192,353,207,6,0.006449 393,130,423,233,2,0.003646 220,191,235,210,1,0.003124 0,182,17,233,6,0.002825 223,192,248,209,6,0.001780 188,145,480,380,6,0.001549 570,117,634,379,6,0.001316 313,193,340,206,6,0.001312 336,196,361,215,6,0.001207
/home/dysjin/data/CARLA.v20-carla_v20.coco/valid/029067_png.rf.b686edaf28a0971571945f7b069613d5.jpg 538,223,580,339,2,0.991609 394,232,407,263,2,0.506457 383,233,396,260,2,0.004577 0,176,15,292,2,0.003773 399,223,417,266,2,0.002817 341,213,358,233,4,0.001077 0,161,13,282,2,0.001038
/home/dysjin/data/CARLA.v20-carla_v20.coco/valid/Town02_004200_png.rf.b4d2f32e1287253b4f35bf521927be39.jpg 269,189,293,212,6,0.945572 344,178,357,196,3,0.094938 374,190,395,207,6,0.089688 368,187,383,205,6,0.089297 354,186,373,203,6,0.035394 305,179,321,196,6,0.019338 287,186,306,207,6,0.014254 317,179,333,194,6,0.011653 293,178,308,199,6,0.011209 368,175,381,196,3,0.007811 0,192,14,221,6,0.005399 328,180,346,195,6,0.005060 458,185,513,230,6,0.004890 318,163,331,185,3,0.004111 440,179,463,237,2,0.003721 6,185,22,214,2,0.003415 370,158,384,188,3,0.002253 0,184,14,214,2,0.002018 448,195,474,241,2,0.001970 5,193,22,217,6,0.001913 417,173,461,218,6,0.001367 181,137,199,173,2,0.001117 212,198,236,217,6,0.001002
/home/dysjin/data/CARLA.v20-carla_v20.coco/valid/Town02_002100_png.rf.b49da10e2c41ab65d4c132e46f15d3e3.jpg 299,192,335,297,1,0.902370 271,183,289,203,6,0.872268 0,185,15,211,6,0.463977 316,185,328,207,6,0.061800 110,175,126,197,3,0.033679 66,162,117,202,6,0.019300 1,170,14,206,6,0.017316 5,189,23,209,6,0.011825 309,177,322,197,6,0.008255 144,187,163,209,6,0.007488 13,188,40,206,6,0.005276 162,193,195,207,6,0.004324 366,190,383,207,6,0.003266 169,184,213,207,6,0.003265 310,192,322,220,0,0.003178 0,175,11,257,6,0.003080 436,79,640,313,6,0.002293 292,186,308,207,6,0.002182 259,188,278,206,6,0.001391 122,195,138,220,1,0.001311 267,192,287,213,6,0.001226 132,186,153,209,6,0.001103 426,187,445,210,3,0.001057
/home/dysjin/data/CARLA.v20-carla_v20.coco/valid/003752_png.rf.bb0716bc5b93fa8b10f41577e20a2f35.jpg 401,215,422,242,4,0.713159 305,241,327,256,6,0.443478 345,228,358,250,3,0.009584 406,350,421,380,4,0.008187 414,343,427,374,2,0.001548 393,192,428,265,4,0.001438 294,241,312,258,6,0.001304
/home/dysjin/data/CARLA.v20-carla_v20.coco/valid/138327_png.rf.b4aecc174d58e25a6e680c2468864172.jpg 15,233,45,305,2,0.914526 0,221,20,319,2,0.042057 235,235,248,259,2,0.035324 14,238,47,297,1,0.007451 328,241,346,256,6,0.007435 442,291,457,321,2,0.003872 0,202,15,289,2,0.002500 5,238,36,317,2,0.002084 240,236,254,258,1,0.001940 626,356,639,435,2,0.001933 615,375,634,430,2,0.001018
/home/dysjin/data/CARLA.v20-carla_v20.coco/valid/Town05_009600_png.rf.b886b3525f44da0ae66796230d91b958.jpg 462,191,502,216,6,0.985466 374,186,409,211,6,0.883415 167,190,220,227,6,0.819076 105,184,205,240,6,0.716234 526,178,547,199,6,0.532609 98,199,159,234,6,0.386023 584,181,637,208,6,0.288685 189,195,215,221,6,0.133564 572,189,601,204,6,0.100759 438,183,459,202,6,0.083350 553,182,595,204,6,0.064856 412,183,428,206,6,0.025851 517,184,535,205,6,0.020264 498,188,518,208,6,0.009138 546,184,571,202,6,0.008725 217,187,232,210,6,0.004130 356,184,372,205,6,0.004063 338,184,358,203,6,0.003484 203,194,219,222,6,0.003329 400,186,418,208,6,0.002746 611,195,635,214,6,0.002547 625,164,640,229,2,0.001973 281,188,294,209,0,0.001752 330,184,347,206,6,0.001631 305,186,321,207,6,0.001554 270,187,285,207,6,0.001456 627,191,640,222,6,0.001182 604,125,640,230,6,0.001110 459,178,496,262,6,0.001039
/home/dysjin/data/CARLA.v20-carla_v20.coco/valid/Town01_002340_png.rf.b8976b6d8f366e29aeb47fb3b3146b33.jpg 221,208,416,354,6,0.988985 279,191,300,208,6,0.028403 372,138,389,171,3,0.026387 370,194,383,223,0,0.008505 316,188,335,204,6,0.003294 318,178,334,197,6,0.003249 0,204,11,237,6,0.002345 268,190,290,207,6,0.002211 279,190,299,217,0,0.001984
/home/dysjin/data/CARLA.v20-carla_v20.coco/valid/Town05_009780_png.rf.c3069a0d7ec82f2e1960c0497cec36fe.jpg 283,191,361,270,6,0.987701 374,184,402,202,6,0.120937 434,206,471,237,6,0.053569 304,192,322,208,6,0.015015 253,186,272,205,6,0.014455 245,187,261,205,6,0.012284 340,180,360,195,6,0.006155 369,184,383,205,1,0.005716 264,185,285,204,6,0.003558 388,182,410,205,6,0.003533 156,188,175,208,6,0.003185 296,189,310,207,0,0.002860 352,187,372,203,6,0.002665 313,191,334,206,6,0.002232 217,183,236,203,6,0.002007 276,194,309,262,6,0.001675 232,184,248,205,0,0.001508 0,193,10,270,2,0.001104
/home/dysjin/data/CARLA.v20-carla_v20.coco/valid/Town05_002700_png.rf.b9dfa75f628efa31633800bb9dfee796.jpg 362,181,383,200,6,0.363046 353,182,372,201,6,0.054049 356,174,396,198,6,0.052016 375,182,393,200,6,0.050632 388,177,406,195,6,0.025555 346,183,360,203,0,0.023051 0,190,13,220,6,0.022084 120,192,135,218,0,0.020101 344,178,360,196,6,0.018250 404,178,418,195,6,0.010226 415,179,431,195,6,0.008414 1,170,16,222,6,0.008228 119,186,136,213,1,0.006145 246,184,262,205,6,0.004001 255,186,275,206,6,0.003508 0,135,16,232,2,0.002309 167,188,190,205,6,0.002273 267,184,283,206,0,0.001947 331,178,346,195,6,0.001759 427,177,442,195,6,0.001402 0,185,12,250,6,0.001116 195,171,211,196,6,0.001062
/home/dysjin/data/CARLA.v20-carla_v20.coco/valid/005173_png.rf.c24ac196d86260d3a384e12093bfa5ef.jpg 474,195,530,243,5,0.847504 405,217,417,244,5,0.007792 466,154,546,263,5,0.002172
/home/dysjin/data/CARLA.v20-carla_v20.coco/valid/Town01_005820_png.rf.c9053a957ff7561268673aaec9e095f0.jpg 296,177,345,335,1,0.987988 176,206,207,220,6,0.107284 405,192,443,218,6,0.089928 575,151,596,172,3,0.040939 346,178,361,194,3,0.029798 201,203,225,217,6,0.026259 44,208,68,230,2,0.006774 313,177,331,194,6,0.006721 330,203,343,238,1,0.004209 316,184,332,206,6,0.003355 577,141,617,175,6,0.003098 172,209,189,228,6,0.002671 228,200,250,215,6,0.002292 0,186,13,251,2,0.002056 214,203,237,218,6,0.001916 244,190,259,209,6,0.001848 305,164,323,185,3,0.001536 346,185,375,201,6,0.001481 394,195,410,222,2,0.001436 407,171,422,199,3,0.001401 354,163,370,185,3,0.001144
/home/dysjin/data/CARLA.v20-carla_v20.coco/valid/Town01_011580_png.rf.c8aa9ea674a7d69974d55bf63b55ddbf.jpg 264,188,289,209,6,0.976803 585,188,640,221,6,0.971266 472,201,517,239,6,0.182872 315,181,336,196,6,0.052931 54,190,77,231,6,0.045940 559,196,581,217,6,0.034185 1,167,16,249,2,0.020592 326,182,345,194,6,0.019993 564,173,578,200,3,0.016654 594,169,640,208,6,0.016404 243,192,263,207,6,0.011746 560,190,611,223,6,0.010527 556,175,568,198,3,0.010269 575,172,591,201,3,0.004260 168,193,183,218,1,0.004051 307,179,323,196,6,0.003286 4,181,23,229,2,0.002501 340,176,357,193,3,0.002128 572,196,594,220,6,0.002062 378,190,398,206,6,0.001744 1,162,16,231,2,0.001467 48,198,71,235,2,0.001372 47,190,72,229,1,0.001218 625,192,640,220,6,0.001141 477,211,499,235,6,0.001040 5,174,24,221,0,0.001038 278,175,291,201,6,0.001003
/home/dysjin/data/CARLA.v20-carla_v20.coco/valid/Town01_007440_png.rf.bed11eeb1dde416bf8789b24a8a5c0f8.jpg 559,164,637,232,6,0.873377 526,181,552,214,6,0.552258 262,191,276,215,1,0.459344 263,190,280,211,6,0.122655 172,213,205,227,6,0.057181 164,217,194,231,6,0.030819 155,217,179,232,6,0.020568 499,175,549,211,6,0.014053 533,173,586,217,6,0.013240 563,183,612,223,6,0.008042 294,179,311,197,6,0.007885 205,205,225,221,6,0.006843 216,203,232,219,6,0.006646 0,217,9,248,6,0.005506 599,185,640,227,6,0.004934 303,179,319,196,6,0.004762 389,195,410,215,6,0.004695 377,197,397,216,6,0.004517 624,194,640,227,6,0.004115 82,230,96,257,1,0.004081 145,215,167,232,6,0.003993 191,205,213,221,6,0.003696 274,190,296,209,6,0.003330 250,190,264,209,6,0.002055 371,197,385,216,6,0.002012 556,0,632,346,6,0.001943 537,178,556,201,6,0.001820 550,175,566,201,6,0.001223 80,220,97,248,6,0.001200 399,195,420,218,6,0.001175
/home/dysjin/data/CARLA.v20-carla_v20.coco/valid/Town05_011760_png.rf.c548e0a947d80bc036151e4db99afcfa.jpg 12,214,192,333,6,0.972366 310,182,323,205,0,0.273000 314,184,328,208,6,0.059023 308,179,321,199,6,0.016726 294,184,314,202,6,0.013744 157,214,454,337,6,0.008651 36,35,52,57,1,0.002301 255,178,272,195,6,0.002137 278,180,299,195,6,0.002075 0,186,69,380,6,0.001003
/home/dysjin/data/CARLA.v20-carla_v20.coco/valid/075708_png.rf.c1818fa586a2b613b2806f928a933d9d.jpg 308,247,349,274,6,0.996277 9,271,193,394,6,0.941766 240,241,267,273,6,0.915802 171,243,248,307,6,0.835317 283,236,299,257,6,0.110620 347,221,358,250,3,0.063428 0,227,183,480,6,0.045535 352,221,364,251,2,0.040918 294,240,309,257,6,0.028333 362,260,381,277,6,0.024967 201,238,251,280,6,0.009529 220,245,260,286,6,0.006580 156,268,182,346,2,0.005464 0,202,74,480,6,0.003992 350,247,369,270,6,0.002583 230,240,256,263,6,0.002262 254,234,266,267,6,0.001771 0,220,305,449,6,0.001303 252,250,268,280,6,0.001198 199,243,226,260,6,0.001095
/home/dysjin/data/CARLA.v20-carla_v20.coco/valid/Town05_009900_png.rf.c90bd5781f975f44de47fd794a1f9ac6.jpg 354,185,436,264,6,0.993257 326,184,346,205,6,0.305494 405,177,420,194,3,0.063808 337,184,355,205,6,0.017309 571,0,633,297,6,0.015115 351,202,402,255,6,0.014539 440,178,461,195,6,0.006197 315,179,336,197,6,0.003543 0,186,11,225,6,0.002364 1,180,11,216,6,0.002327 419,192,438,249,0,0.001612 413,185,432,204,6,0.001546 376,181,398,196,6,0.001528 424,187,442,207,6,0.001410 321,174,358,199,6,0.001346 305,177,320,196,3,0.001315 392,180,411,196,3,0.001045
/home/dysjin/data/CARLA.v20-carla_v20.coco/valid/Town05_009660_png.rf.cc2e0d6a11c64dbe092a6e9321c6a170.jpg 231,207,395,331,6,0.986604 410,190,467,210,6,0.943866 206,183,225,201,6,0.360888 241,179,265,197,6,0.315852 344,183,357,210,0,0.246359 624,180,640,206,6,0.036345 252,180,273,201,6,0.012652 352,178,369,197,6,0.006422 335,187,350,207,0,0.004819 215,178,232,199,6,0.004727 289,190,313,207,6,0.003458 265,178,282,198,6,0.003168 597,189,625,204,6,0.002999 197,186,214,205,6,0.002779 369,178,383,196,6,0.002747 378,177,392,198,6,0.002319 265,182,282,205,0,0.001978 377,180,392,203,1,0.001431 446,190,467,210,6,0.001402 614,173,634,202,6,0.001355 332,178,349,197,6,0.001116
/home/dysjin/data/CARLA.v20-carla_v20.coco/valid/003769_png.rf.c5c0c17fa97551316c57744e9608f796.jpg 305,242,327,258,6,0.613230 498,175,552,251,4,0.594064 487,194,543,242,3,0.493947 294,241,313,258,6,0.007769 354,229,369,247,3,0.004216 501,198,543,239,5,0.002040
/home/dysjin/data/CARLA.v20-carla_v20.coco/valid/121197_png.rf.c99e70822c663f40252f74e6b2ad5094.jpg 236,259,398,386,6,0.987861 497,234,525,281,6,0.039788 489,234,514,279,2,0.015159 499,211,524,286,2,0.012446 308,240,324,259,1,0.009068 0,304,13,335,6,0.002435 314,240,329,261,0,0.001428 449,232,467,265,6,0.001065 393,226,407,247,3,0.001056 211,274,456,452,6,0.001004
/home/dysjin/data/CARLA.v20-carla_v20.coco/valid/004966_png.rf.c9d8d72d0920460b612251c5fddc5770.jpg 431,205,464,244,5,0.870928 129,219,150,242,3,0.019366 343,237,357,260,3,0.006986 582,226,633,261,6,0.003322 432,193,468,257,4,0.002433 331,237,350,259,6,0.001050
/home/dysjin/data/CARLA.v20-carla_v20.coco/valid/Town01_006240_png.rf.cc5628eb556a5a5bd1824a8d19313b41.jpg 316,191,328,222,1,0.817946 310,186,323,212,1,0.349003 592,198,640,240,6,0.298681 0,185,13,257,2,0.295892 363,179,385,193,6,0.285739 606,174,640,265,6,0.244510 298,185,313,203,6,0.175937 304,180,321,199,6,0.038554 314,180,330,199,6,0.009082 623,159,640,232,2,0.007728 23,206,44,235,2,0.005929 0,183,12,214,6,0.005797 27,208,49,235,6,0.004730 625,147,640,225,6,0.004111 2,196,32,242,2,0.003833 282,188,298,204,6,0.003359 595,171,634,245,2,0.003271 1,164,15,233,6,0.002737 364,170,407,195,6,0.001694 0,209,9,250,2,0.001537 588,169,633,226,6,0.001418 0,193,35,244,6,0.001411 442,182,482,207,6,0.001396 282,175,299,195,6,0.001082
/home/dysjin/data/CARLA.v20-carla_v20.coco/valid/001638_png.rf.c98e4c5bc2a68de358073a26469c81b2.jpg 421,212,454,240,3,0.983209 364,253,388,267,3,0.004003 153,221,171,245,3,0.001420
/home/dysjin/data/CARLA.v20-carla_v20.coco/valid/051274_png.rf.d5f64278c64b556983082379a316485f.jpg 560,164,635,248,4,0.743611 357,229,371,247,3,0.053506 354,218,375,290,2,0.001079 355,226,372,256,2,0.001076
/home/dysjin/data/CARLA.v20-carla_v20.coco/valid/Town01_001440_png.rf.e4b4351effd31d5b433710cffb8243e4.jpg 385,173,400,193,3,0.681482 0,184,16,257,2,0.012801 0,176,16,243,6,0.006416 257,176,270,192,3,0.006220 1,191,29,248,6,0.004750 342,177,356,195,3,0.004288 3,218,27,244,6,0.003581 0,183,15,215,6,0.002919 233,178,248,195,3,0.002677 118,194,165,220,6,0.002374 329,186,347,202,6,0.001808 112,201,145,218,6,0.001679 0,201,13,285,2,0.001602 0,183,35,229,6,0.001451 230,184,244,206,2,0.001168 0,216,13,249,6,0.001085 241,178,258,194,3,0.001045
/home/dysjin/data/CARLA.v20-carla_v20.coco/valid/019121_png.rf.deb86464dd224ac85f75272f851fc0a8.jpg 505,238,567,257,6,0.966680 193,226,207,263,2,0.272940 538,234,577,258,6,0.225637 399,240,416,301,2,0.051719 485,224,568,273,6,0.014341 499,241,529,259,6,0.014106 587,216,609,276,2,0.004629 203,228,218,264,2,0.001692
/home/dysjin/data/CARLA.v20-carla_v20.coco/valid/041811_png.rf.e8d4c17844854d24f9b2bec66a8a8889.jpg 47,221,65,244,4,0.879796 0,240,15,303,0,0.247227 548,278,562,308,1,0.190207 450,209,470,230,4,0.051059 0,227,23,327,0,0.035862 6,235,23,258,6,0.029563 602,239,640,273,6,0.020313 0,249,13,335,0,0.011470 0,228,20,369,0,0.010705 1,222,18,274,6,0.007453 0,209,27,304,0,0.006799 41,220,56,249,4,0.004041 2,222,15,251,6,0.003679 8,224,23,248,6,0.003298 394,270,408,293,1,0.003167 0,234,21,406,0,0.002658 2,209,13,240,6,0.002243 0,149,30,480,0,0.002232 0,257,14,353,0,0.001450 0,238,34,277,6,0.001170 48,228,66,252,4,0.001115 0,246,34,292,1,0.001023
/home/dysjin/data/CARLA.v20-carla_v20.coco/valid/041657_png.rf.e06a4a0ae870ee5d8dbe97fc65b5b666.jpg 300,244,332,314,0,0.859769 0,237,12,279,6,0.004064 0,230,14,308,6,0.002643 279,235,352,321,0,0.002361 134,226,150,249,3,0.001999 1,222,12,269,6,0.001523 2,229,14,335,2,0.001426 0,210,11,258,6,0.001095
/home/dysjin/data/CARLA.v20-carla_v20.coco/valid/001519_png.rf.e42bb854e84b40164ed2795569b2eb6f.jpg 573,220,589,245,3,0.916494 624,234,640,262,6,0.030301 593,4,640,357,6,0.008724 603,235,619,260,6,0.005798 610,237,632,260,6,0.005066 584,220,601,250,3,0.003274 564,175,632,480,6,0.003034 413,222,430,246,3,0.002833 120,243,138,293,2,0.002536 626,224,639,284,2,0.002209 629,290,640,328,6,0.002089 339,230,357,247,3,0.001956 118,240,133,280,2,0.001197 0,240,14,276,6,0.001110 600,85,640,276,3,0.001067 5,245,24,274,2,0.001054 1,229,16,284,2,0.001004
/home/dysjin/data/CARLA.v20-carla_v20.coco/valid/Town02_005280_png.rf.ec981f5d8aec80a53ec1f9961c2321af.jpg 75,198,135,224,6,0.982461 161,199,210,271,0,0.703044 42,199,100,221,6,0.505668 0,192,13,221,6,0.362010 167,203,216,256,1,0.153333 139,176,217,306,0,0.042015 37,203,72,219,6,0.027735 46,186,130,238,6,0.016349 6,190,56,218,6,0.009180 630,213,640,251,6,0.006761 37,207,55,225,6,0.004282 0,196,9,234,6,0.003211 630,170,640,246,2,0.002919 187,193,210,247,0,0.002867 1,194,26,218,6,0.002014 631,184,640,233,6,0.001116
/home/dysjin/data/CARLA.v20-carla_v20.coco/valid/001509_png.rf.ed3baed466e7f65c1a01fb57bf942b65.jpg 573,220,589,246,3,0.865938 624,233,640,262,6,0.020944 593,3,640,358,6,0.009657 610,235,633,260,6,0.004113 564,177,633,480,6,0.003337 603,235,619,261,6,0.003316 584,220,601,250,3,0.003273 413,221,431,245,3,0.002327 6,243,24,274,2,0.002081 626,224,639,284,2,0.001921 630,289,640,329,6,0.001644 339,230,357,247,3,0.001453 1,228,16,284,2,0.001406 601,85,640,276,3,0.001180 478,218,495,249,3,0.001161 0,228,14,306,2,0.001040
/home/dysjin/data/CARLA.v20-carla_v20.coco/valid/033890_png.rf.e368755037cdc345b45b625d64db27a1.jpg 590,225,630,329,2,0.985131 251,224,405,372,6,0.976526 0,241,15,302,2,0.394159 120,234,139,257,4,0.015499 83,256,109,280,2,0.012993 622,215,640,324,2,0.012750 249,269,278,377,6,0.002977 277,245,372,328,6,0.002455 4,254,22,290,2,0.002217 85,246,121,285,3,0.001746 611,214,633,313,2,0.001175
/home/dysjin/data/CARLA.v20-carla_v20.coco/valid/075724_png.rf.e0c3e9a2b7f318c71e76ccdcb0dda6a1.jpg 294,245,332,268,6,0.995857 0,248,83,452,6,0.948347 214,248,242,285,6,0.841625 42,230,214,346,6,0.730189 271,239,287,256,6,0.119314 225,243,247,278,6,0.046879 0,262,68,480,6,0.018217 200,252,236,273,6,0.008887 282,241,297,259,6,0.003595 179,246,233,287,6,0.002541 166,251,191,270,1,0.001962 34,249,80,290,6,0.001066
/home/dysjin/data/CARLA.v20-carla_v20.coco/valid/112477_png.rf.ecf5d82849f8b68362ce65c8d2645a1c.jpg 337,237,362,300,2,0.970207 592,232,629,255,6,0.396882 334,242,365,292,1,0.008324 42,216,65,295,2,0.003023 624,230,640,259,6,0.002787 44,190,79,318,2,0.001889 611,211,640,296,6,0.001509
/home/dysjin/data/CARLA.v20-carla_v20.coco/valid/Town02_001980_png.rf.ee7206fcf98c96c61f2900b25e79ce20.jpg 297,186,337,327,1,0.982130 17,192,70,221,6,0.912758 160,190,178,217,1,0.449658 1,185,44,223,6,0.124599 146,188,168,210,6,0.107631 41,181,68,217,6,0.080703 172,181,213,210,6,0.034533 0,185,15,213,6,0.033031 110,176,126,197,3,0.026639 398,134,418,177,3,0.022902 164,182,186,215,1,0.018244 280,179,297,195,6,0.012750 49,176,68,199,4,0.010632 157,180,197,215,6,0.006936 396,151,409,184,3,0.006574 67,159,118,204,6,0.004354 304,184,319,205,6,0.003344 130,187,155,208,6,0.003202 172,193,200,214,6,0.002908 13,198,51,213,6,0.002756 437,77,640,317,6,0.002715 1,157,15,217,6,0.002189 50,167,77,202,2,0.002006 269,179,288,196,6,0.001956 307,206,321,237,0,0.001733 119,195,136,219,0,0.001434 330,212,342,251,1,0.001317 426,187,444,210,3,0.001274 288,179,306,196,6,0.001239
/home/dysjin/data/CARLA.v20-carla_v20.coco/valid/026829_png.rf.e6f26e62f316568466a95ba7fd18d850.jpg 374,218,392,240,3,0.985585 0,229,18,308,2,0.277867 0,220,28,334,2,0.049672 69,212,94,277,2,0.008106 286,240,328,309,6,0.006092 0,209,15,291,2,0.005479 15,238,43,297,2,0.002539 360,223,375,247,3,0.002094 81,223,105,287,2,0.002089 0,207,23,384,2,0.001998 0,240,32,294,1,0.001975 630,220,640,322,2,0.001867 564,205,583,288,2,0.001799 0,247,12,292,2,0.001748 4,219,28,281,2,0.001648 55,226,84,286,2,0.001261 628,276,640,311,6,0.001230 7,249,23,288,2,0.001014
/home/dysjin/data/CARLA.v20-carla_v20.coco/valid/007076_png.rf.d635d979c35f5dd6da756ef9889aef0b.jpg 394,217,422,239,5,0.977291
/home/dysjin/data/CARLA.v20-carla_v20.coco/valid/112475_png.rf.df928fa484eb08e1454caacc1e194352.jpg 330,236,356,300,2,0.973616 592,233,629,255,6,0.376838 326,240,358,292,1,0.006075 41,217,66,294,2,0.005219 624,230,640,259,6,0.002054 45,190,79,318,2,0.001862 368,237,385,261,2,0.001497 34,214,55,300,2,0.001410 611,212,640,296,6,0.001229
/home/dysjin/data/CARLA.v20-carla_v20.coco/valid/Town02_006960_png.rf.eedfb90c1deb0d66a31341acd2e08f4f.jpg 0,181,34,210,6,0.928870 150,163,166,183,3,0.900595 582,185,640,237,6,0.436209 145,173,168,243,0,0.018786 590,207,633,248,6,0.009052 0,148,33,223,6,0.007123 2,172,17,206,6,0.006757 166,174,183,194,6,0.004241 585,152,640,296,6,0.003504 0,157,13,193,6,0.002647 157,177,169,213,0,0.002166 143,162,171,289,0,0.001948 487,203,503,235,1,0.001913 167,178,180,206,0,0.001829 564,195,582,218,6,0.001554 0,164,24,286,6,0.001292 608,100,628,123,3,0.001289 87,146,104,176,3,0.001241 624,167,640,249,6,0.001219 0,128,10,167,3,0.001114 139,166,155,184,3,0.001104 177,177,201,196,6,0.001027
/home/dysjin/data/CARLA.v20-carla_v20.coco/valid/Town05_010860_png.rf.f31c0584fff1474ad2b0f4132e874f7d.jpg 309,192,333,245,0,0.641791 2,180,58,212,6,0.588438 0,196,13,221,6,0.064038 355,180,372,195,3,0.050323 0,198,31,215,6,0.041706 300,198,343,240,1,0.016342 552,278,563,316,2,0.013842 25,189,56,207,6,0.011773 298,186,312,209,0,0.006960 494,251,508,288,2,0.004165 309,189,325,215,0,0.003108 344,180,361,195,6,0.002881 295,180,311,197,6,0.002454 1,184,15,215,6,0.002379 316,178,330,199,6,0.002270 306,180,321,198,6,0.002203 499,239,515,297,2,0.002047 0,197,9,234,6,0.001412 296,191,319,244,0,0.001106
/home/dysjin/data/CARLA.v20-carla_v20.coco/valid/Town05_004800_png.rf.ee7c080c8716cb366969ca625bb6d68b.jpg 241,184,264,206,6,0.939921 181,184,201,204,6,0.480604 216,185,241,203,6,0.453997 349,185,368,206,6,0.170820 192,185,208,206,0,0.016538 317,186,336,204,6,0.015204 626,171,640,202,6,0.014363 347,176,360,201,6,0.012863 362,179,382,197,6,0.010084 226,181,254,198,6,0.009930 207,187,227,208,6,0.006494 329,185,349,206,6,0.005249 263,186,283,207,6,0.003765 393,175,406,197,3,0.003607 134,186,148,209,3,0.002246 393,179,406,203,0,0.002054 254,177,270,201,6,0.001395 342,181,365,206,0,0.001318
/home/dysjin/data/CARLA.v20-carla_v20.coco/valid/Town05_009840_png.rf.f5040ce45ecca2822cb3b1b4ea8a6f61.jpg 291,190,362,264,6,0.988245 269,185,285,204,6,0.129713 291,186,307,206,6,0.020339 277,186,296,205,6,0.018724 353,192,369,220,0,0.015524 258,187,274,205,6,0.007648 355,187,371,211,6,0.007251 364,184,379,207,6,0.005399 413,177,433,196,6,0.003320 306,188,320,207,0,0.003223 325,191,350,208,6,0.002861 315,186,360,230,6,0.002648 315,191,334,208,6,0.002566 344,188,362,209,0,0.002322 218,185,231,208,0,0.002089 462,194,478,223,2,0.001417 208,187,223,208,0,0.001295 399,179,423,196,6,0.001246 0,201,10,240,6,0.001042
/home/dysjin/data/CARLA.v20-carla_v20.coco/valid/041861_png.rf.f5f3812ca6c536c5c25bea3d596be111.jpg 302,245,323,295,0,0.920504 125,229,229,314,6,0.891093 404,208,426,244,4,0.805493 96,273,135,310,6,0.046654 93,244,194,312,6,0.011638 290,226,322,369,0,0.007509 217,230,240,286,1,0.007432 558,95,635,416,6,0.005571 194,240,233,295,6,0.002880 144,271,190,311,6,0.002256
/home/dysjin/data/CARLA.v20-carla_v20.coco/valid/Town02_003120_png.rf.f36fecf8d2ee4965c1f3bddaaaad5f33.jpg 425,190,496,220,6,0.973011 601,183,640,215,6,0.584463 397,193,455,221,6,0.201571 573,186,624,210,6,0.128268 367,194,410,214,6,0.081701 0,194,13,219,6,0.076325 399,201,428,219,6,0.057616 616,173,640,273,6,0.043738 1,198,29,216,6,0.027160 9,200,45,215,6,0.020432 622,189,639,222,6,0.019013 357,168,372,197,3,0.015842 459,180,487,218,6,0.014020 141,194,193,217,6,0.010826 525,185,543,211,6,0.010715 164,201,193,218,6,0.009735 560,191,587,209,6,0.004877 210,195,241,213,6,0.002761 626,214,639,252,6,0.002681 471,192,492,222,6,0.002656 48,191,107,219,6,0.002280 15,195,66,218,6,0.002234 553,201,565,236,0,0.001839 211,189,266,220,6,0.001498 236,198,267,215,6,0.001339 431,205,477,225,6,0.001031 625,172,639,205,6,0.001011
/home/dysjin/data/CARLA.v20-carla_v20.coco/valid/003755_png.rf.f6343810071c5f5401b5697ef363285d.jpg 408,214,434,243,4,0.800921 305,241,326,257,6,0.292833 419,355,431,386,2,0.013486 420,363,432,393,4,0.003263 344,228,359,250,3,0.002438 426,357,439,387,2,0.002136 293,241,311,258,6,0.001780 305,240,346,266,6,0.001124
/home/dysjin/data/CARLA.v20-carla_v20.coco/valid/Town01_003300_png.rf.fae28071a74fa02928094ff14cdbb3aa.jpg 279,191,365,282,6,0.988739 169,193,216,214,6,0.129117 498,178,554,214,6,0.078579 278,193,299,216,6,0.029903 268,192,288,208,6,0.020848 159,198,192,212,6,0.014413 316,191,333,208,6,0.006967 287,193,309,209,6,0.005341 25,212,41,234,1,0.004559 281,191,322,219,6,0.004472 198,196,223,216,6,0.004214 565,172,607,218,3,0.003566 301,193,325,208,6,0.002694 278,195,307,274,6,0.001828 350,216,368,277,2,0.001586 315,218,361,272,6,0.001514 514,168,595,229,6,0.001255 546,197,597,238,6,0.001157
/home/dysjin/data/CARLA.v20-carla_v20.coco/valid/138255_png.rf.fbf65e3e930393318a8312fdaefcae24.jpg 58,231,84,293,2,0.917175 441,290,456,320,2,0.077534 516,329,533,361,2,0.026545 524,330,539,365,2,0.011774 236,237,263,255,6,0.011149 50,223,71,298,2,0.009199 433,289,446,320,2,0.008570 54,242,83,290,1,0.005080 60,245,74,288,2,0.004244 69,235,81,283,2,0.004242 505,325,520,359,2,0.003994 179,246,198,270,6,0.003645 0,230,13,307,2,0.003555 466,303,481,332,2,0.003473 452,292,467,323,2,0.003135 1,212,13,305,2,0.002451 79,229,99,284,2,0.001656 625,249,640,341,2,0.001450 240,228,260,248,6,0.001386 564,197,637,414,6,0.001003
/home/dysjin/data/CARLA.v20-carla_v20.coco/valid/005373_png.rf.f68e0e113c5193c933cbee38c6a6bc2d.jpg 147,232,161,268,2,0.635066 155,233,170,268,2,0.422421 138,234,152,264,2,0.421962 1,218,17,298,2,0.173803 165,229,185,281,2,0.018829 122,235,142,260,2,0.012460 7,212,23,286,2,0.012100 6,235,20,281,2,0.003852 454,238,472,302,2,0.003180 380,247,412,264,6,0.002071 385,231,437,261,6,0.002063 325,243,352,256,6,0.001909 116,230,150,264,6,0.001587 109,231,125,262,2,0.001058
/home/dysjin/data/CARLA.v20-carla_v20.coco/valid/001630_png.rf.ff5ced110f03f998a7a6998ddf647fd2.jpg 410,212,438,239,3,0.981334 167,222,182,246,3,0.016718 57,226,103,261,6,0.002944 166,219,183,268,2,0.002700 169,243,184,279,1,0.001886 177,260,202,280,6,0.001579 92,230,110,263,2,0.001143
/home/dysjin/data/CARLA.v20-carla_v20.coco/valid/006662_png.rf.fa42143249c7b6a780238796639341d3.jpg 465,227,498,315,2,0.668326 450,216,483,304,2,0.004518 0,203,14,314,2,0.001741
/home/dysjin/data/CARLA.v20-carla_v20.coco/valid/Town05_004860_png.rf.f5c138159cbce172c63fa9a736f9c655.jpg 241,184,264,206,6,0.936074 216,185,241,203,6,0.527299 180,185,201,204,6,0.409193 349,184,368,206,6,0.188307 193,186,208,206,0,0.022659 225,181,254,198,6,0.016683 626,171,640,202,6,0.016459 347,177,360,201,6,0.016345 318,186,336,205,6,0.009572 207,188,228,208,6,0.008978 363,179,382,198,6,0.008933 330,185,349,206,6,0.006150 135,184,149,207,3,0.005537 263,186,283,206,6,0.003303 392,175,405,197,3,0.002500 253,177,270,201,6,0.001702 393,180,406,204,0,0.001672 342,181,366,206,0,0.001591 143,174,158,198,3,0.001161
/home/dysjin/data/CARLA.v20-carla_v20.coco/valid/Town01_008460_png.rf.03f3160d63f090b29499596ec3c8c4b5.jpg 575,192,639,222,6,0.986168 25,189,134,253,6,0.846317 537,191,585,226,6,0.297655 435,191,484,217,6,0.222527 552,181,636,240,6,0.215742 236,194,248,217,0,0.053457 89,197,143,242,6,0.048921 628,180,640,214,6,0.015485 538,197,561,219,6,0.015156 0,196,91,259,6,0.011885 108,185,126,210,2,0.007088 108,176,124,198,3,0.003945 544,206,571,224,6,0.003307 529,196,546,219,0,0.002691 512,196,534,216,6,0.002624 240,188,256,212,0,0.002540 555,200,619,229,6,0.002390 628,200,640,234,6,0.002264 116,184,134,211,2,0.001710 260,191,293,207,6,0.001527 65,189,119,225,6,0.001345 0,178,13,262,6,0.001345 0,190,14,273,2,0.001239 0,183,150,286,6,0.001102 0,184,32,272,2,0.001100 0,172,12,243,6,0.001063 581,193,615,210,6,0.001008
/home/dysjin/data/CARLA.v20-carla_v20.coco/valid/005508_png.rf.0ab3da1b4970047c9b42e5bbe5d4e6f1.jpg 31,228,58,290,2,0.974408 93,229,126,321,2,0.772114 454,279,477,332,2,0.038204 29,234,62,280,1,0.023388 79,229,114,315,2,0.021100 491,249,531,285,6,0.005498 20,236,50,294,2,0.005184 71,224,95,317,2,0.002729 482,250,516,282,2,0.001821 40,226,85,314,2,0.001747 52,227,78,289,2,0.001667 0,239,42,295,6,0.001207 83,223,101,246,3,0.001053
/home/dysjin/data/CARLA.v20-carla_v20.coco/valid/Town01_006180_png.rf.089d25ecaf49fe28c7f3bf0c3614732b.jpg 313,192,325,220,1,0.734691 358,175,374,192,3,0.493104 393,175,414,192,3,0.221536 314,186,328,215,6,0.059672 359,174,384,190,6,0.056073 307,180,323,199,6,0.018180 363,169,414,194,6,0.011624 0,216,13,249,6,0.004495 402,154,417,190,3,0.003154 401,135,419,181,2,0.002666 0,189,15,253,2,0.002612 65,215,93,233,6,0.002188 347,177,360,197,3,0.001975 374,175,402,191,3,0.001795 404,181,420,202,3,0.001394 316,162,331,184,3,0.001226 0,204,13,242,6,0.001225 299,187,313,207,6,0.001168 412,174,429,197,3,0.001151
/home/dysjin/data/CARLA.v20-carla_v20.coco/valid/Town02_008340_png.rf.044a76656e2e2fe428cd425926d9acbe.jpg 557,192,615,220,6,0.990247 156,190,243,249,6,0.871905 266,184,286,202,6,0.189890 406,185,421,216,2,0.063760 602,188,640,224,6,0.041057 155,208,207,247,6,0.029572 549,193,571,218,6,0.027863 328,201,349,216,6,0.008381 242,184,254,209,6,0.008331 138,200,163,220,6,0.008039 203,199,245,235,6,0.005087 277,186,296,203,6,0.005020 540,198,561,221,6,0.004813 135,175,150,197,3,0.004184 257,179,273,198,6,0.003767 290,189,310,203,6,0.003707 157,175,173,193,3,0.003466 233,192,245,225,0,0.003083 236,183,248,211,0,0.003026 625,184,640,214,6,0.002771 538,58,582,162,1,0.002216 134,194,149,222,2,0.002057 143,176,162,195,3,0.001977 302,189,322,204,6,0.001637 627,200,640,238,6,0.001523 303,179,322,197,6,0.001301 574,184,625,237,6,0.001252 244,177,258,198,6,0.001230
/home/dysjin/data/CARLA.v20-carla_v20.coco/valid/075710_png.rf.0b62bb94157d1f2113ac6bbefe158022.jpg 308,246,348,273,6,0.996396 8,271,193,395,6,0.940600 241,242,268,274,6,0.887837 172,243,250,308,6,0.856248 283,236,299,257,6,0.206759 0,229,183,480,6,0.051196 294,240,310,257,6,0.042394 347,219,358,250,3,0.021872 352,220,364,251,2,0.017087 361,260,381,277,6,0.015316 220,245,260,287,6,0.012996 156,270,182,345,2,0.004740 192,240,240,284,6,0.004545 0,195,74,480,6,0.002637 230,240,255,263,6,0.001829 254,236,266,266,6,0.001704 350,248,369,271,6,0.001655 0,219,301,451,6,0.001425
/home/dysjin/data/CARLA.v20-carla_v20.coco/valid/041689_png.rf.0d648fbd58416a80b414e4503d51c42e.jpg 299,244,332,315,0,0.869737 278,235,352,322,0,0.003120
/home/dysjin/data/CARLA.v20-carla_v20.coco/valid/003751_png.rf.0ff9ef7c8c8e4f5eab52437609a3b501.jpg 396,215,421,243,4,0.844683 306,241,326,256,6,0.233341 344,229,358,249,3,0.021578 392,190,427,265,4,0.001289
/home/dysjin/data/CARLA.v20-carla_v20.coco/valid/Town02_008820_png.rf.135414697b8215dc125af6b125d3058c.jpg 271,211,376,348,6,0.995645 508,181,561,212,6,0.988264 561,178,629,215,6,0.846713 143,172,157,194,3,0.566908 340,188,357,204,6,0.081874 428,193,440,223,1,0.051685 136,189,149,223,2,0.044890 526,177,588,217,6,0.013850 220,190,231,217,1,0.013669 143,187,156,224,2,0.012188 626,216,640,250,6,0.010768 334,186,348,204,0,0.009720 602,168,639,245,6,0.009408 377,179,423,208,6,0.009166 391,178,410,197,3,0.007718 624,177,640,239,6,0.005874 136,168,154,217,2,0.005155 1,186,14,252,6,0.004360 380,189,397,210,6,0.004255 401,178,421,197,6,0.004232 616,153,633,189,3,0.003957 350,187,368,204,6,0.003863 0,212,12,249,6,0.003800 342,180,359,196,6,0.003326 536,156,618,221,6,0.003193 480,192,497,218,1,0.003074 86,189,129,225,6,0.003022 267,188,283,202,6,0.002959 277,187,296,202,6,0.002735 1,170,14,245,6,0.002647 623,141,639,203,3,0.001877 172,189,203,206,6,0.001812 402,177,445,210,6,0.001706 427,190,442,223,0,0.001698 69,182,95,236,2,0.001677 450,179,496,207,6,0.001636 225,191,245,207,6,0.001628 569,186,602,204,6,0.001558 1,175,12,218,6,0.001503 370,187,384,208,1,0.001440 332,178,347,197,6,0.001282 503,160,519,189,3,0.001282 353,229,366,258,0,0.001279 353,179,370,196,6,0.001223 387,193,404,216,6,0.001085 383,191,396,216,1,0.001046 120,194,141,223,2,0.001014 426,184,443,213,6,0.001005
/home/dysjin/data/CARLA.v20-carla_v20.coco/valid/006664_png.rf.1466f666c872e94bac27eba56bbdfb5b.jpg 482,234,522,322,2,0.611329 267,231,280,266,2,0.016688 476,257,502,323,2,0.006228 0,213,10,254,6,0.001474 0,231,10,305,6,0.001405 467,242,490,322,2,0.001323 0,209,10,278,2,0.001227 469,182,534,329,2,0.001116
/home/dysjin/data/CARLA.v20-carla_v20.coco/valid/014570_png.rf.1235b2ca71c181a49fda1bb53eaa19cd.jpg 434,226,457,290,2,0.992213 63,238,125,262,6,0.987806 300,241,336,265,6,0.891491 89,233,136,262,6,0.013778 0,196,15,296,2,0.007898 4,220,29,292,2,0.005174 419,226,441,287,2,0.003901 426,231,457,280,1,0.002931 465,221,486,296,2,0.002725 444,228,470,284,2,0.002666 0,232,14,305,2,0.001642 18,214,61,301,2,0.001600 183,208,198,232,5,0.001102 31,218,55,271,2,0.001085
/home/dysjin/data/CARLA.v20-carla_v20.coco/valid/112550_png.rf.1ca2fa82e03653536df85cf5faf5753c.jpg 517,223,550,338,2,0.788929 589,232,628,256,6,0.314199 526,220,547,282,2,0.012657 245,240,262,259,2,0.004764 42,216,64,296,2,0.003256 624,230,640,260,6,0.002066 542,230,621,282,6,0.001545 535,230,550,265,2,0.001190
/home/dysjin/data/CARLA.v20-carla_v20.coco/valid/Town02_000780_png.rf.16d5987bcdc7d08470c1b3e757e128e5.jpg 301,180,345,330,1,0.987160 69,181,111,214,6,0.950951 279,182,301,203,6,0.931627 37,184,103,215,6,0.917208 339,183,359,201,6,0.113810 0,193,14,227,6,0.026095 318,177,333,195,6,0.023116 624,184,640,212,6,0.020573 601,179,640,214,6,0.015890 187,188,220,204,6,0.014167 355,160,368,189,3,0.013874 332,180,346,197,6,0.013019 288,177,307,198,6,0.012739 3,187,26,231,6,0.009619 0,180,12,216,6,0.007411 364,181,382,205,6,0.007035 302,178,321,195,6,0.005569 5,204,23,233,2,0.005190 481,159,536,203,6,0.003539 96,179,136,216,6,0.002774 117,181,132,228,0,0.002539 37,186,72,207,6,0.002382 584,184,607,209,6,0.002045 32,181,53,211,6,0.001578 609,158,640,245,6,0.001441 561,185,582,209,6,0.001112 517,204,532,239,2,0.001074 106,186,126,212,6,0.001019 278,191,299,214,6,0.001006
/home/dysjin/data/CARLA.v20-carla_v20.coco/valid/Town02_001500_png.rf.1e8a22666698f8954863a9939bc59942.jpg 182,192,217,217,6,0.857147 1,189,11,226,6,0.008125 439,188,484,227,6,0.006271 0,180,10,213,6,0.006052 398,201,425,217,6,0.004839 0,179,11,283,2,0.002766 0,198,9,237,6,0.002760 156,182,208,211,6,0.002269 386,202,413,219,6,0.001846 496,210,548,251,6,0.001833 0,193,12,293,2,0.001558 0,167,9,203,3,0.001534 24,203,42,260,2,0.001087
/home/dysjin/data/CARLA.v20-carla_v20.coco/valid/Town05_004620_png.rf.0e4a190ca586e0e90df6b90be2c83f5b.jpg 393,183,458,209,6,0.994522 343,179,363,198,6,0.758665 280,182,298,202,6,0.499276 596,182,640,211,6,0.395037 252,180,274,196,6,0.107270 216,183,236,202,6,0.072909 289,182,305,205,0,0.036254 582,193,637,244,6,0.031283 132,181,145,205,0,0.016698 267,182,288,202,6,0.009777 332,180,351,197,6,0.007596 362,178,381,196,6,0.006073 584,180,629,264,2,0.005170 393,181,416,203,6,0.004934 240,180,264,197,6,0.004812 290,178,305,199,6,0.004406 381,179,396,197,6,0.004234 604,174,640,270,6,0.003201 575,200,595,223,3,0.002669 206,187,227,205,6,0.002642 316,179,334,195,6,0.001519 626,216,640,251,6,0.001462 227,185,246,204,6,0.001437 624,183,640,210,6,0.001396 256,174,296,199,6,0.001295 572,198,599,238,2,0.001224 625,173,640,201,3,0.001120
/home/dysjin/data/CARLA.v20-carla_v20.coco/valid/006578_png.rf.21f08e8ed63ab67b3ef05528af8ef9e6.jpg 371,218,384,239,3,0.973572 260,238,294,258,6,0.962906 624,288,640,350,6,0.009531 364,222,374,247,3,0.007786 1,192,15,274,6,0.002546 267,228,288,252,6,0.002288 609,251,640,356,2,0.002095 360,227,373,254,2,0.001437 1,206,16,281,6,0.001088 1,183,14,260,6,0.001075
/home/dysjin/data/CARLA.v20-carla_v20.coco/valid/Town01_004320_png.rf.1f6552094735eb0bd49b614b7e584c58.jpg 279,182,368,289,6,0.936031 239,186,266,201,6,0.055133 360,149,375,175,3,0.040583 209,166,267,199,6,0.039159 192,185,205,209,1,0.038301 0,193,13,224,6,0.032565 402,204,413,238,2,0.030422 0,184,13,215,6,0.007979 0,184,14,250,6,0.005708 215,167,238,184,6,0.003062 317,179,333,195,6,0.002831 253,178,272,198,6,0.001977 495,198,549,241,6,0.001972 210,173,242,193,6,0.001955 403,159,420,232,2,0.001839 201,175,226,196,6,0.001823 330,175,343,195,3,0.001437 305,178,321,197,6,0.001362 292,187,311,207,6,0.001060 356,194,370,221,6,0.001035
/home/dysjin/data/CARLA.v20-carla_v20.coco/valid/Town02_006720_png.rf.2632fd4f3d65ff215e84d472badfd870.jpg 267,192,290,210,6,0.981270 575,179,640,220,6,0.914407 0,166,11,197,3,0.226055 0,181,17,260,2,0.093616 561,181,581,205,6,0.078672 118,188,167,222,6,0.061087 562,178,580,199,3,0.054068 395,178,454,213,6,0.044919 482,177,538,209,6,0.036541 344,191,358,216,1,0.030343 446,204,458,232,0,0.022986 2,204,27,254,2,0.011815 1,141,13,210,3,0.010103 525,186,542,211,6,0.009098 563,164,581,190,3,0.007215 348,189,369,208,6,0.006267 494,209,508,236,6,0.005092 0,154,14,231,2,0.004665 138,197,167,216,6,0.004301 198,190,225,206,6,0.003815 3,181,27,238,2,0.003548 170,192,187,221,2,0.003505 567,173,610,229,6,0.003001 117,193,143,218,6,0.002939 556,185,571,209,6,0.002755 197,158,210,184,3,0.002730 0,211,14,250,2,0.002525 422,189,452,207,6,0.002081 195,186,212,208,6,0.001987 623,193,640,223,6,0.001887 213,193,238,206,6,0.001763 510,192,536,215,6,0.001723 0,174,12,212,3,0.001602 606,193,637,216,6,0.001551 334,190,349,208,6,0.001472 262,191,278,215,6,0.001398 104,184,133,224,2,0.001386 241,189,262,206,6,0.001386 0,194,14,228,6,0.001369 180,193,197,223,2,0.001322 0,203,14,281,2,0.001316 271,175,286,204,6,0.001085 145,190,187,220,6,0.001082 450,199,465,223,0,0.001045 199,168,211,196,3,0.001043 568,177,593,200,6,0.001002
/home/dysjin/data/CARLA.v20-carla_v20.coco/valid/Town05_006900_png.rf.2eaa1f5f6de8c6bffcd968f78f2f53b4.jpg 237,186,259,227,1,0.663304 237,175,259,230,0,0.117392 575,129,638,380,6,0.008490 627,177,640,216,6,0.003234 602,215,637,380,6,0.001798 238,162,265,276,1,0.001220
/home/dysjin/data/CARLA.v20-carla_v20.coco/valid/005482_png.rf.1eef94cb1d26525ab4b64d28fc9be58d.jpg 0,222,31,322,2,0.917316 453,277,477,333,2,0.012936 0,205,26,374,2,0.012928 491,249,531,284,6,0.006677 0,206,18,292,2,0.005249 0,220,13,250,6,0.005130 481,250,515,282,2,0.003630 17,223,36,340,2,0.001865 164,250,193,267,6,0.001042
/home/dysjin/data/CARLA.v20-carla_v20.coco/valid/138251_png.rf.2622df013f55b1f57387212b95c87241.jpg 79,232,101,292,2,0.946315 235,234,262,252,6,0.137665 586,370,604,398,2,0.089845 421,279,433,308,2,0.064104 579,363,596,394,2,0.043385 427,280,441,310,2,0.028275 90,229,109,288,2,0.009706 1,233,16,307,2,0.007105 7,254,22,291,2,0.004172 74,213,94,291,2,0.004172 624,357,640,427,2,0.004120 441,292,456,319,2,0.003358 611,366,634,415,2,0.003160 62,222,83,297,2,0.002778 598,369,618,399,2,0.002138 1,207,15,309,2,0.002098 78,238,89,284,2,0.001948 186,243,198,271,1,0.001415 75,234,106,282,1,0.001364 232,229,249,248,6,0.001105 340,247,360,267,6,0.001079
/home/dysjin/data/CARLA.v20-carla_v20.coco/valid/007070_png.rf.2316a0a54db7e4a749f421570aadd160.jpg 385,214,401,244,5,0.952967 369,222,414,239,5,0.005792 434,216,445,245,5,0.001096
/home/dysjin/data/CARLA.v20-carla_v20.coco/valid/Town05_010920_png.rf.2325292b5e147dc41c10fe128f6256f9.jpg 300,175,345,286,0,0.977193 292,177,311,194,6,0.074859 580,160,638,202,6,0.049931 304,179,324,197,6,0.037511 316,176,332,198,6,0.033493 479,237,492,275,2,0.006064 316,177,332,206,0,0.003651 626,178,640,211,6,0.002452
/home/dysjin/data/CARLA.v20-carla_v20.coco/valid/Town01_006420_png.rf.2b897cd6227874bc930ae1c7e17e3b3b.jpg 313,189,324,217,1,0.684333 596,163,640,238,6,0.383460 5,198,26,240,2,0.056138 3,189,16,251,2,0.048013 279,188,297,202,6,0.031002 297,188,314,205,6,0.030144 0,215,12,244,6,0.022958 296,179,309,198,6,0.012653 362,166,388,185,6,0.012178 2,202,15,241,6,0.007767 346,174,357,193,3,0.007710 380,184,399,207,6,0.005518 284,180,297,197,6,0.003875 588,128,640,277,6,0.003153 351,172,369,191,6,0.002837 267,191,285,206,6,0.002754 210,181,223,207,2,0.002276 622,152,640,238,6,0.002065 504,156,543,192,6,0.001980 208,177,222,196,3,0.001874 16,208,37,235,2,0.001675 378,174,396,194,6,0.001324 1,181,12,215,3,0.001201 3,191,14,230,2,0.001145
/home/dysjin/data/CARLA.v20-carla_v20.coco/valid/Town05_006780_png.rf.253c814d6e368b92a888141244ca1a16.jpg 168,190,211,265,1,0.698123 444,226,456,260,2,0.067955 432,224,445,259,2,0.010055 186,193,213,242,0,0.005915 451,225,465,261,2,0.003415 315,189,335,206,6,0.003316 353,180,371,196,6,0.002901 417,217,432,247,2,0.002324 363,179,383,196,6,0.001940 470,92,618,306,6,0.001847 325,188,345,204,6,0.001467 0,175,9,214,6,0.001372
/home/dysjin/data/CARLA.v20-carla_v20.coco/valid/Town01_008280_png.rf.2f69ce357d9638b109b359e31c238ab4.jpg 286,191,339,209,6,0.827463 274,191,305,210,6,0.675328 69,188,111,207,6,0.609635 193,192,205,220,1,0.177294 440,189,485,220,6,0.173865 311,195,334,210,6,0.140898 271,188,290,207,6,0.029833 383,197,395,221,2,0.015907 0,188,31,222,6,0.010772 184,188,199,211,1,0.006449 434,193,466,208,6,0.005737 405,191,446,221,6,0.005570 0,181,16,229,6,0.005543 628,215,640,249,6,0.004211 396,208,424,224,6,0.004017 388,205,405,228,2,0.003742 260,185,273,203,1,0.003528 21,190,67,219,6,0.003348 463,192,507,218,6,0.002893 610,179,640,279,6,0.002366 386,201,407,222,6,0.002195 63,195,98,211,6,0.002048 582,200,634,236,6,0.002008 327,189,342,209,6,0.001881 558,202,613,232,6,0.001659 118,183,139,233,2,0.001267 417,184,460,212,6,0.001187 628,164,640,201,6,0.001047 352,184,368,204,2,0.001018
/home/dysjin/data/CARLA.v20-carla_v20.coco/valid/Town01_005100_png.rf.262bb9c3104b14f5fb633de3dafd0a52.jpg 578,193,598,218,6,0.200995 582,189,603,222,0,0.068340 583,191,601,222,1,0.045899 2,188,27,209,6,0.041271 573,180,615,217,6,0.022263 331,187,350,215,1,0.014896 612,202,634,259,6,0.006805 576,175,593,202,6,0.004987 77,189,104,206,6,0.004281 54,183,107,208,6,0.002431 583,164,625,235,6,0.002298 143,192,160,210,3,0.002249 276,198,295,219,1,0.002002 296,204,332,218,6,0.001966 567,194,584,220,0,0.001608 0,188,12,222,6,0.001499 476,188,498,211,1,0.001410 604,157,640,246,6,0.001169 566,186,583,212,6,0.001033
/home/dysjin/data/CARLA.v20-carla_v20.coco/valid/Town01_011940_png.rf.2554f5ab3ce2122d2ef300838472450f.jpg 564,199,608,221,6,0.949569 205,186,268,231,6,0.938785 333,183,348,204,1,0.130393 584,186,625,264,6,0.082388 266,183,282,206,6,0.047591 336,186,356,206,6,0.041683 555,202,574,222,6,0.013779 210,207,245,224,6,0.008827 236,190,265,225,6,0.008752 7,177,32,216,6,0.007471 20,183,36,210,3,0.006401 586,194,632,224,6,0.004865 589,189,629,307,1,0.004673 319,188,336,205,6,0.004111 5,189,31,248,2,0.003979 19,173,36,200,3,0.003951 305,190,322,207,6,0.003807 275,184,293,206,6,0.003641 592,108,640,380,6,0.003327 587,201,611,258,0,0.003001 258,185,273,210,6,0.002609 149,186,206,223,6,0.002129 584,204,605,228,1,0.001916 596,189,640,308,6,0.001882 6,163,30,209,3,0.001271 513,201,531,218,6,0.001261 0,165,18,223,6,0.001222 249,203,272,231,6,0.001141 318,179,337,197,6,0.001051 222,203,257,229,6,0.001019
/home/dysjin/data/CARLA.v20-carla_v20.coco/valid/041684_png.rf.2f70db5ab75442cd11fffa13a776ae97.jpg 300,245,332,316,0,0.867872 278,235,353,324,0,0.003068 293,183,351,456,0,0.002008
/home/dysjin/data/CARLA.v20-carla_v20.coco/valid/Town05_010980_png.rf.2071755951cd753466eb2cc53fd2fe0c.jpg 301,184,333,280,0,0.963873 89,183,356,380,6,0.243558 246,190,283,203,6,0.068941 294,148,351,302,0,0.031251 316,175,332,198,6,0.027166 315,179,331,207,0,0.010538 309,175,324,198,0,0.003565 266,181,311,204,6,0.002771
/home/dysjin/data/CARLA.v20-carla_v20.coco/valid/112459_png.rf.33bdc5bd58f0f631808a95c4ceb9a78f.jpg 293,224,315,301,2,0.984562 592,232,629,256,6,0.313450 283,235,307,299,2,0.013002 41,216,65,294,2,0.007252 33,214,54,301,2,0.005061 286,239,316,291,1,0.005033 624,230,640,259,6,0.002307 612,212,640,297,6,0.001471 43,193,78,317,2,0.001274
/home/dysjin/data/CARLA.v20-carla_v20.coco/valid/041653_png.rf.31aa86a50239c7e6cbc52c66846dac06.jpg 300,243,331,312,0,0.813098 1,206,17,259,6,0.008466 5,211,28,258,6,0.003021 278,235,351,318,0,0.001540 0,224,14,262,6,0.001453 144,218,158,250,3,0.001241
/home/dysjin/data/CARLA.v20-carla_v20.coco/valid/041819_png.rf.374472e0a0868df264a4100cb7734e35.jpg 18,242,71,265,6,0.991918 173,222,187,243,4,0.782248 110,242,133,301,0,0.716799 556,283,569,309,2,0.063785 511,218,528,276,2,0.012599 171,213,183,241,4,0.010125 112,224,146,302,0,0.008791 174,229,188,252,4,0.003251 99,184,160,451,0,0.002960 7,237,30,259,6,0.002288 56,239,71,262,0,0.002212 86,243,128,294,6,0.002013 0,220,12,251,6,0.001834 0,243,12,272,6,0.001341 0,236,77,304,6,0.001223
/home/dysjin/data/CARLA.v20-carla_v20.coco/valid/Town05_010800_png.rf.3489607b659edfbc485537135e06f34b.jpg 0,177,125,273,6,0.914664 309,194,333,246,0,0.619329 296,184,312,206,6,0.125247 305,186,331,243,6,0.114660 127,189,157,206,6,0.070582 132,182,174,206,6,0.050652 350,184,370,201,6,0.044355 345,180,360,196,6,0.035185 303,189,321,213,6,0.016728 301,180,320,198,6,0.009379 117,192,136,245,0,0.008732 301,198,343,243,1,0.008428 283,185,300,204,6,0.006187 78,191,131,245,6,0.006115 454,226,466,263,2,0.004670 317,179,333,196,6,0.003878 407,204,419,231,2,0.003580 121,188,140,209,6,0.003308 297,185,317,232,6,0.003194 315,189,329,214,0,0.002943 391,199,408,216,6,0.002767 332,180,347,196,6,0.002717 367,183,380,203,6,0.002513 368,158,380,188,3,0.002107 128,178,156,199,6,0.001914 138,194,164,213,6,0.001909 107,189,133,249,6,0.001806 366,176,379,194,3,0.001633 121,193,136,224,0,0.001245 314,200,329,243,1,0.001051 416,215,431,245,2,0.001018 0,152,152,345,6,0.001017
/home/dysjin/data/CARLA.v20-carla_v20.coco/valid/Town02_001080_png.rf.2d29b90fb99ccf7727caeaa1914436b4.jpg 300,182,345,328,1,0.984246 83,169,233,288,6,0.970391 277,182,301,202,6,0.961271 0,203,89,380,6,0.936273 33,181,77,212,6,0.151349 316,178,332,196,6,0.102605 340,182,359,200,6,0.094964 29,189,57,207,6,0.057000 0,205,69,380,6,0.044168 0,183,12,214,6,0.031571 304,178,323,196,6,0.030196 356,160,368,189,3,0.028709 231,179,249,197,6,0.024842 624,184,640,212,6,0.017636 0,191,11,224,6,0.017540 329,181,345,197,6,0.013010 56,183,76,210,6,0.012469 601,179,640,215,6,0.010729 288,176,308,197,6,0.010635 364,182,383,205,6,0.008437 49,195,284,333,6,0.007273 238,183,257,202,6,0.004798 17,188,42,210,6,0.003982 302,183,334,294,6,0.003739 482,158,536,204,6,0.003035 5,187,24,213,6,0.002915 69,190,82,225,1,0.002512 221,178,237,196,6,0.002324 538,191,559,253,2,0.002197 0,183,13,254,6,0.001737 275,178,287,199,6,0.001682 254,186,275,203,6,0.001474 292,163,307,188,6,0.001427 609,158,640,247,6,0.001351 585,184,608,209,6,0.001324 0,182,128,380,6,0.001247 7,187,55,220,6,0.001011
/home/dysjin/data/CARLA.v20-carla_v20.coco/valid/Town02_005700_png.rf.39e8547ff43ddaa06ed2b24f114c8a27.jpg 239,206,389,332,6,0.975966 279,186,297,203,6,0.591409 553,193,588,207,6,0.230072 472,185,502,201,6,0.197530 316,178,331,197,6,0.065171 306,179,323,196,6,0.039894 378,191,388,226,1,0.034635 155,194,174,220,6,0.023318 570,188,594,205,6,0.013100 476,175,515,197,6,0.010499 241,180,258,194,6,0.008509 197,164,210,185,3,0.008237 373,192,385,223,0,0.008096 231,180,248,196,3,0.006697 291,179,308,198,6,0.006361 179,177,202,194,6,0.002662 458,195,471,223,1,0.002115 585,183,604,206,6,0.001463 325,177,343,196,6,0.001393 540,192,559,206,6,0.001182 464,188,511,217,6,0.001152
/home/dysjin/data/CARLA.v20-carla_v20.coco/valid/Town02_002040_png.rf.3d0fd4b3b3749ac8ebdf480959eb8e66.jpg 293,186,339,324,1,0.956657 265,185,312,211,6,0.907317 106,192,159,221,6,0.891145 11,187,111,359,6,0.353497 56,191,81,229,0,0.123459 267,192,289,213,6,0.092700 50,176,68,196,3,0.078122 68,177,113,324,1,0.054736 141,193,161,218,6,0.046786 70,176,158,229,6,0.046620 397,134,419,177,3,0.039749 10,190,94,380,6,0.031883 0,166,11,202,6,0.027965 301,188,320,209,6,0.026308 0,176,9,210,6,0.014692 291,185,334,291,6,0.012146 397,152,410,185,3,0.011664 127,181,156,217,6,0.007485 171,181,213,207,6,0.007218 262,188,278,208,6,0.007085 57,187,100,228,6,0.006625 164,190,191,207,6,0.006170 287,194,312,212,6,0.005929 84,177,130,211,6,0.005275 54,188,74,210,0,0.004813 58,145,78,174,3,0.004406 330,211,341,250,1,0.003670 1,152,11,194,6,0.003670 51,162,68,191,3,0.003333 50,195,89,237,1,0.003226 437,77,640,316,6,0.002743 42,184,99,323,1,0.002382 56,148,73,199,3,0.002277 307,203,322,235,0,0.002255 0,188,12,274,2,0.002157 56,162,104,203,6,0.002081 50,181,67,204,0,0.001973 35,185,56,204,6,0.001964 0,176,11,262,2,0.001869 65,194,86,221,0,0.001796 272,179,287,201,6,0.001670 132,174,152,201,6,0.001608 0,126,219,380,6,0.001568 365,191,384,208,6,0.001559 402,166,417,197,3,0.001279 52,192,68,221,0,0.001271 0,211,156,344,6,0.001254 107,179,127,199,6,0.001162 0,142,11,182,6,0.001158 155,187,171,211,1,0.001126 65,187,89,210,6,0.001101 317,185,330,207,6,0.001062 94,177,118,199,6,0.001000
/home/dysjin/data/CARLA.v20-carla_v20.coco/valid/075707_png.rf.2ff4a82560cfe658387e361a6cc43ef0.jpg 307,247,350,274,6,0.996340 9,271,193,394,6,0.935922 240,241,267,273,6,0.897485 173,243,249,307,6,0.797145 283,236,299,257,6,0.160992 0,227,184,480,6,0.047147 362,260,381,277,6,0.038965 346,219,357,250,3,0.034658 352,221,364,252,2,0.032560 294,240,309,257,6,0.019590 220,245,261,287,6,0.007227 349,248,370,270,6,0.007058 201,238,251,280,6,0.006172 156,269,182,346,2,0.005843 0,198,74,480,6,0.003262 230,240,255,263,6,0.003061 254,235,266,266,6,0.002835 540,219,559,296,2,0.002411 0,222,308,448,6,0.001318 252,250,268,280,6,0.001228 342,241,382,273,6,0.001177
/home/dysjin/data/CARLA.v20-carla_v20.coco/valid/138320_png.rf.332f3bdf3abffc7dd973858c3061b801.jpg 61,235,81,290,2,0.963026 562,357,578,387,2,0.131952 526,327,546,380,2,0.023888 517,330,532,364,2,0.017502 554,353,572,383,2,0.005459 0,237,16,302,2,0.005411 538,328,558,386,2,0.005275 417,280,432,308,2,0.004640 56,244,84,286,1,0.003463 52,227,71,294,2,0.002460 55,219,82,322,2,0.002387 503,330,521,361,2,0.001820 365,243,381,273,2,0.001681 243,235,259,256,1,0.001499 406,279,420,306,2,0.001489 626,354,640,436,2,0.001305 354,245,372,271,2,0.001085 600,363,624,419,2,0.001051
/home/dysjin/data/CARLA.v20-carla_v20.coco/valid/003766_png.rf.3dbe103da1003d1fb3bd18ad0d0894b4.jpg 459,203,514,241,3,0.419675 307,242,327,257,6,0.287987 451,199,509,241,4,0.219079 468,203,505,239,5,0.116187 353,229,368,247,3,0.002152 294,241,312,258,6,0.001295
/home/dysjin/data/CARLA.v20-carla_v20.coco/valid/121245_png.rf.3c6765f574e34bb200e320d55fc2ffe7.jpg 279,242,364,323,6,0.991640 256,235,274,255,1,0.003288 0,233,14,265,6,0.003047 624,268,640,296,6,0.002510 401,234,417,261,2,0.002303 540,246,582,287,6,0.001312
/home/dysjin/data/CARLA.v20-carla_v20.coco/valid/Town05_011040_png.rf.3f658b3c60547a5478cb61d6b76eb55c.jpg 314,182,332,216,0,0.439837 232,183,248,201,6,0.014052 386,186,414,203,6,0.005988 323,184,343,209,6,0.005897 624,153,639,209,6,0.005642 312,168,343,278,1,0.003588 399,182,422,201,6,0.003387 301,186,345,220,0,0.002055 382,171,421,198,6,0.001413 0,188,11,251,6,0.001135 108,205,407,343,6,0.001003
/home/dysjin/data/CARLA.v20-carla_v20.coco/valid/Town02_004920_png.rf.3cdedb8ebbe317a63567ec577e3789a8.jpg 308,191,328,235,1,0.798999 366,186,383,203,6,0.082888 339,183,359,201,6,0.032655 197,187,211,207,1,0.019319 205,189,220,208,6,0.018203 268,178,289,197,6,0.013549 162,187,188,202,6,0.012131 155,187,173,205,6,0.011152 319,176,334,196,3,0.010356 216,190,234,206,6,0.009855 329,176,344,195,3,0.009681 352,185,372,202,6,0.007191 178,186,201,202,6,0.006298 329,183,343,206,6,0.004679 342,163,357,188,3,0.004442 306,177,323,199,6,0.002967 277,184,296,201,6,0.002594 320,161,334,186,3,0.002358 298,187,334,239,6,0.002245 610,158,640,299,2,0.001684 375,187,393,206,6,0.001628 416,181,431,210,2,0.001484 341,168,383,198,6,0.001478 310,185,322,219,6,0.001399
/home/dysjin/data/CARLA.v20-carla_v20.coco/valid/Town05_002760_png.rf.41faa57cc70298c90c62fe9f6a3f08c9.jpg 115,187,137,207,6,0.313170 44,186,63,213,1,0.170840 247,182,263,201,6,0.170391 253,181,268,203,1,0.075282 109,188,126,208,1,0.061177 43,191,64,215,6,0.051081 383,181,394,208,2,0.025377 101,187,116,207,1,0.022064 321,182,333,203,0,0.007292 390,182,403,207,2,0.003264 264,178,283,196,6,0.003248 0,164,11,202,6,0.002840 319,178,333,196,6,0.002737 329,179,343,195,6,0.002597 232,185,251,202,6,0.002384 369,184,385,204,6,0.002150 120,175,139,202,6,0.002115 0,155,12,193,6,0.001951 306,185,324,201,6,0.001752 303,177,324,193,6,0.001648 0,176,9,215,6,0.001634 190,180,213,196,6,0.001105
/home/dysjin/data/CARLA.v20-carla_v20.coco/valid/Town02_001740_png.rf.4072bb166a4df4f9403df039e28a73f3.jpg 297,186,337,327,1,0.982185 64,162,120,205,6,0.110995 45,174,62,196,3,0.090416 109,178,127,197,3,0.058809 281,179,297,195,6,0.035274 37,187,53,209,0,0.032528 0,177,10,210,6,0.023649 398,135,418,177,3,0.022035 0,166,11,204,6,0.017832 116,176,135,197,3,0.008566 396,151,409,184,3,0.007818 144,186,163,208,6,0.007414 41,182,60,204,6,0.006419 169,183,213,207,6,0.005729 162,192,195,207,6,0.004172 291,183,308,202,6,0.003832 303,185,319,204,6,0.003407 92,176,120,197,6,0.002739 270,179,288,196,6,0.002585 437,78,640,315,6,0.002561 24,188,45,209,6,0.002333 1,152,12,195,6,0.002030 307,206,321,236,0,0.001707 330,212,342,251,1,0.001698 130,185,151,207,6,0.001648 300,171,333,307,6,0.001242 123,192,138,220,0,0.001222 37,178,55,200,3,0.001147 0,170,9,241,6,0.001133 13,180,53,212,6,0.001030
/home/dysjin/data/CARLA.v20-carla_v20.coco/valid/026849_png.rf.52e90800c02b90489d2521817c6942f7.jpg 422,211,453,238,3,0.992211 353,232,365,258,2,0.003383 346,225,357,245,3,0.003320 90,227,118,283,2,0.003287 343,212,357,237,3,0.002864 347,232,358,255,1,0.002625 277,238,330,278,6,0.001286 240,237,261,255,6,0.001185
/home/dysjin/data/CARLA.v20-carla_v20.coco/valid/Town02_001560_png.rf.44c7e46d6d34263ac9f429ccb2cd2655.jpg 80,191,95,226,1,0.644868 58,190,82,210,6,0.616950 8,184,29,206,6,0.096867 70,188,88,214,6,0.046667 48,187,68,208,6,0.043911 0,184,15,211,6,0.021061 365,186,381,210,3,0.018006 19,185,35,208,0,0.014503 7,134,28,211,2,0.009971 0,120,24,229,6,0.009128 7,161,29,209,6,0.006984 30,186,51,207,6,0.005179 0,107,16,210,2,0.005174 364,197,382,221,4,0.004393 119,189,137,206,6,0.003621 78,181,97,223,6,0.003030 408,226,442,241,6,0.003003 437,182,454,210,0,0.002417 361,207,385,231,6,0.002355 2,124,18,218,2,0.002261 401,200,444,240,6,0.002149 2,152,18,216,6,0.001763 60,179,79,201,6,0.001675 77,200,91,229,6,0.001619 361,188,384,229,2,0.001362 358,170,373,201,3,0.001175 0,92,22,222,6,0.001067
/home/dysjin/data/CARLA.v20-carla_v20.coco/valid/Town02_003420_png.rf.4347a7bee8aec9f5c84eb5295856f9a9.jpg 324,198,384,235,6,0.940899 20,198,95,233,6,0.682479 338,194,381,230,1,0.579161 381,190,424,215,6,0.163625 564,185,608,211,6,0.082060 0,199,63,232,6,0.076844 67,192,113,228,6,0.070303 344,207,379,226,6,0.017763 0,182,15,233,6,0.011240 141,194,192,215,6,0.011120 588,182,630,209,6,0.010167 626,230,640,258,6,0.009017 0,189,31,230,6,0.006079 89,206,113,230,6,0.006063 525,184,544,210,6,0.005850 164,201,193,218,6,0.005644 0,184,13,215,6,0.004731 470,194,499,215,6,0.004426 306,188,354,226,6,0.002772 0,200,12,235,6,0.002679 624,182,640,212,6,0.002410 210,196,242,214,6,0.002015 327,203,356,227,6,0.001716 211,189,266,219,6,0.001510 553,201,565,237,0,0.001495 619,170,640,283,6,0.001202 234,198,268,215,6,0.001188 358,170,372,199,3,0.001039
/home/dysjin/data/CARLA.v20-carla_v20.coco/valid/Town01_006060_png.rf.3d76b002da6076434f028293d0c4a498.jpg 306,204,329,261,1,0.784292 191,206,218,220,6,0.203490 422,197,451,226,6,0.124407 152,212,172,233,6,0.048088 229,203,247,217,6,0.040404 614,159,632,182,3,0.015314 574,164,593,185,0,0.014587 1,186,15,254,2,0.013989 177,212,205,226,6,0.013401 151,211,163,235,1,0.010782 217,204,236,220,6,0.010767 291,215,341,251,1,0.008548 383,194,394,221,1,0.007687 0,214,10,247,6,0.006190 162,214,189,230,6,0.005951 2,162,14,257,2,0.003163 0,204,12,256,2,0.002696 416,204,437,228,6,0.002534 381,192,394,209,3,0.002257 383,199,395,233,2,0.002162 290,204,346,263,6,0.002113 403,199,425,220,6,0.001202
/home/dysjin/data/CARLA.v20-carla_v20.coco/valid/Town02_007800_png.rf.4e6520c0e9dd39a93f5048a2caea0283.jpg 339,199,413,227,6,0.939680 388,204,441,228,6,0.928621 517,189,548,207,6,0.693804 610,196,639,242,6,0.575756 306,185,323,204,6,0.451163 317,195,362,227,6,0.341553 501,190,525,206,6,0.053044 314,189,332,208,6,0.026490 267,189,286,204,6,0.025104 615,168,640,321,6,0.023116 623,207,640,277,6,0.022471 315,179,331,199,6,0.012354 277,185,296,201,6,0.010550 292,186,310,204,6,0.007827 189,187,216,205,6,0.006061 0,202,12,238,6,0.005163 577,189,591,209,6,0.004368 564,189,580,209,6,0.004099 318,194,337,218,6,0.004077 604,105,640,380,6,0.004007 0,212,9,247,6,0.003236 0,172,14,241,6,0.002678 548,189,568,208,6,0.002023 352,201,396,217,6,0.001748 581,192,607,209,6,0.001603 501,178,522,199,6,0.001531 603,197,623,221,6,0.001518 0,160,13,231,6,0.001471 325,191,346,211,6,0.001430 563,138,634,380,6,0.001387 590,191,638,223,6,0.001258 257,189,272,206,6,0.001250 426,199,440,223,6,0.001207 613,220,640,263,6,0.001111 511,176,533,202,6,0.001081 624,188,640,215,6,0.001077 565,174,578,196,3,0.001004
/home/dysjin/data/CARLA.v20-carla_v20.coco/valid/Town01_001860_png.rf.53e5db5983ad00d8986ebdc44e1e76ef.jpg 217,212,415,350,6,0.993421 280,184,302,201,6,0.261103 155,186,168,222,1,0.084402 101,185,123,204,6,0.060944 317,177,333,197,6,0.053952 304,179,324,197,6,0.033505 156,179,167,213,0,0.032936 145,191,163,216,6,0.019568 104,180,126,196,6,0.016422 203,179,228,194,6,0.015859 291,180,310,197,6,0.015436 205,175,251,195,6,0.013912 137,187,150,211,1,0.008739 2,181,15,215,6,0.004498 7,180,21,213,1,0.004088 0,190,14,222,6,0.003323 1,168,13,203,6,0.003097 227,186,254,201,6,0.003017 274,174,307,196,6,0.002981 1,156,16,212,2,0.002805 265,179,290,195,6,0.002661 116,179,137,196,6,0.001954 96,179,117,196,6,0.001764 1,155,13,193,6,0.001733 5,175,24,213,0,0.001574 156,177,168,200,0,0.001368 68,187,85,208,6,0.001357 7,169,22,204,1,0.001250 56,170,75,196,3,0.001219 212,184,240,200,6,0.001176
/home/dysjin/data/CARLA.v20-carla_v20.coco/valid/Town01_006120_png.rf.405fede50ad311216cb9943968a5cdf5.jpg 316,193,330,222,1,0.791024 358,176,371,194,3,0.302937 316,185,328,218,6,0.079644 479,170,518,195,6,0.065642 315,178,330,199,6,0.024373 358,181,372,201,2,0.019069 355,166,368,186,3,0.013581 349,176,362,197,3,0.007782 320,200,336,229,6,0.005778 389,177,413,193,6,0.005163 0,217,12,249,6,0.003519 346,182,361,203,6,0.002774 411,155,461,187,6,0.002590 347,164,360,183,3,0.002587 360,183,381,202,6,0.002578 465,176,484,197,3,0.002386 315,162,331,184,3,0.002355 295,185,310,204,6,0.002154 1,188,16,253,2,0.001854 366,163,381,185,3,0.001470 313,189,325,209,1,0.001311 0,193,12,227,4,0.001120 0,205,14,258,2,0.001109 373,176,401,193,6,0.001044
/home/dysjin/data/CARLA.v20-carla_v20.coco/valid/041864_png.rf.51f1d81198f2e5b7a450f586235760ec.jpg 304,244,325,294,0,0.873500 416,207,441,246,4,0.810771 92,230,213,322,6,0.754387 214,231,237,284,1,0.019381 292,230,323,363,0,0.009652 77,271,130,314,6,0.009487 267,228,289,247,6,0.005389 352,323,374,342,6,0.004604 204,231,231,286,6,0.004510 589,139,640,463,6,0.003940 214,235,234,298,2,0.003713 163,236,236,310,6,0.003618 279,226,296,244,6,0.003362 72,283,113,322,6,0.002133 356,221,370,248,4,0.002102 315,245,329,277,0,0.002002 354,234,370,257,6,0.001957 425,277,441,310,2,0.001105
/home/dysjin/data/CARLA.v20-carla_v20.coco/valid/Town01_012060_png.rf.58e57e1a7e8d4f630323ae1827ca68bc.jpg 564,199,608,222,6,0.957429 333,184,349,204,1,0.125932 582,185,624,263,6,0.062045 266,188,287,205,6,0.057803 336,185,356,205,6,0.053495 331,180,348,197,6,0.021350 304,191,321,207,6,0.020140 555,202,574,222,6,0.010480 19,173,36,200,3,0.006899 20,182,36,210,3,0.006093 585,194,632,224,6,0.005977 7,177,32,216,6,0.005094 6,189,31,248,2,0.003367 318,190,335,207,6,0.002867 592,104,640,380,6,0.002706 588,186,628,309,1,0.002265 583,204,605,227,6,0.001685 276,188,295,207,6,0.001685 587,201,610,257,0,0.001510 6,163,30,208,3,0.001389 291,191,310,207,6,0.001140 565,187,607,252,6,0.001131
/home/dysjin/data/CARLA.v20-carla_v20.coco/valid/009044_png.rf.59d4a83882b4b6af242cbd9e0e31ba80.jpg 564,221,580,247,3,0.965352 129,231,149,286,2,0.620411 0,210,13,238,3,0.349060 0,199,16,289,2,0.143533 103,229,135,282,2,0.107174 0,193,15,269,2,0.098203 1,204,16,309,2,0.054721 340,228,353,245,3,0.044351 5,209,25,282,2,0.033415 594,231,632,257,6,0.027870 137,232,161,279,2,0.027238 116,219,143,285,2,0.015618 0,199,21,349,2,0.006545 3,202,24,263,3,0.006103 97,149,114,201,2,0.005569 100,229,139,279,1,0.004500 2,165,15,264,2,0.003200 0,233,14,327,2,0.002660 490,251,510,341,2,0.002597 122,238,137,276,2,0.002471 340,230,353,253,1,0.002201 269,177,337,470,6,0.002091 0,175,23,292,2,0.001925 285,235,330,316,6,0.001509 5,232,26,302,2,0.001455 5,207,22,237,3,0.001302 193,234,211,257,2,0.001116 627,218,640,254,3,0.001107 626,229,640,264,6,0.001039 0,245,13,342,2,0.001027
/home/dysjin/data/CARLA.v20-carla_v20.coco/valid/Town02_002520_png.rf.55f8a7c01a8e4b86c99a794d7b61cd5d.jpg 164,199,221,233,6,0.987409 226,207,391,329,6,0.982058 145,171,162,194,3,0.715997 365,178,379,197,3,0.208473 33,201,77,234,6,0.013003 0,205,12,234,6,0.010569 362,181,373,206,0,0.008066 376,178,393,195,3,0.005462 374,186,393,205,6,0.004614 392,261,411,328,2,0.004343 367,189,380,218,6,0.003769 141,172,163,209,2,0.003308 185,193,237,228,6,0.002304 0,192,13,229,6,0.002280 392,170,406,197,3,0.001895 392,193,406,221,2,0.001890 152,172,171,200,3,0.001814 138,173,154,200,3,0.001143 165,208,211,223,6,0.001097 2,209,30,231,6,0.001093 0,154,12,191,3,0.001091 368,160,382,191,3,0.001087 392,142,410,193,3,0.001025
/home/dysjin/data/CARLA.v20-carla_v20.coco/valid/Town02_008760_png.rf.5bfb07b6a5fbe6700b4b9c150b9c6576.jpg 271,211,377,347,6,0.995952 511,180,561,212,6,0.978620 270,185,290,204,6,0.958378 572,181,626,211,6,0.638980 143,172,157,194,3,0.510430 340,188,357,204,6,0.120884 135,189,149,224,2,0.065780 597,194,623,213,6,0.061798 549,181,593,212,6,0.055236 427,192,440,222,1,0.053057 623,190,640,247,6,0.034569 604,169,640,243,6,0.021892 220,189,231,217,1,0.020541 527,169,612,221,6,0.012679 335,186,348,205,0,0.011996 0,214,13,248,6,0.010557 609,190,635,226,6,0.010487 142,187,156,225,2,0.009782 341,180,359,196,6,0.008421 395,186,424,204,6,0.008207 1,189,15,252,6,0.007534 350,186,368,204,6,0.006709 378,189,397,209,6,0.006185 278,179,293,199,6,0.005746 486,178,542,207,6,0.005234 225,190,245,207,6,0.005003 385,187,410,206,6,0.004871 136,169,154,220,2,0.004816 451,178,495,206,6,0.004559 391,178,409,197,3,0.004505 570,185,597,206,6,0.004314 172,189,204,205,6,0.004109 401,177,420,197,6,0.004069 624,183,640,214,6,0.003887 596,166,624,208,6,0.003720 86,189,128,225,6,0.003691 370,186,384,207,1,0.003239 263,186,277,205,6,0.002754 2,171,14,245,6,0.002689 476,186,496,210,1,0.002610 426,190,442,222,0,0.002040 557,192,581,216,6,0.002034 563,176,584,200,6,0.002011 333,178,347,198,6,0.001900 403,178,445,210,6,0.001795 484,183,506,209,6,0.001750 426,185,443,213,6,0.001626 121,194,141,223,2,0.001417 0,92,10,129,3,0.001387 305,177,321,196,6,0.001337 615,154,632,190,3,0.001317 290,185,305,206,0,0.001287 0,77,10,119,4,0.001199 1,175,13,218,6,0.001122 353,228,365,258,0,0.001112 69,183,96,235,2,0.001048 303,187,321,205,6,0.001037 368,178,383,197,6,0.001029 625,154,638,191,3,0.001027
/home/dysjin/data/CARLA.v20-carla_v20.coco/valid/Town01_008100_png.rf.5942043a53e2ea3c62572bf7029ed896.jpg 276,187,297,206,6,0.896179 92,185,142,212,6,0.355666 386,195,411,213,6,0.174985 341,187,362,202,6,0.104474 172,186,187,208,1,0.087857 387,186,437,210,6,0.085057 586,171,631,196,6,0.070709 410,194,440,207,6,0.039838 159,185,179,204,6,0.036304 328,187,349,202,6,0.024423 355,184,370,203,2,0.022489 354,178,368,197,3,0.021100 178,187,194,211,6,0.015838 318,184,335,200,6,0.015447 109,191,148,207,6,0.012298 289,185,304,206,6,0.009035 424,195,448,212,6,0.006199 362,189,382,207,2,0.004424 624,171,640,198,6,0.004111 180,190,193,218,1,0.004084 73,177,119,215,6,0.004077 270,177,288,201,6,0.003281 268,193,289,212,6,0.002936 201,185,229,202,6,0.002904 89,189,121,208,6,0.002830 305,179,322,197,6,0.002692 190,180,216,196,6,0.002384 184,178,226,206,6,0.001905 216,187,239,206,6,0.001508 379,189,396,212,6,0.001478 195,171,234,197,6,0.001365
/home/dysjin/data/CARLA.v20-carla_v20.coco/valid/Town01_010680_png.rf.5537782525200ced228c602e6dcc3456.jpg 372,179,384,196,3,0.375793 222,190,239,208,6,0.032007 165,186,187,203,6,0.019217 230,187,243,209,0,0.017299 176,185,202,202,6,0.012082 190,185,212,202,6,0.009040 155,185,178,204,6,0.008437 331,188,344,203,6,0.008057 229,193,246,214,1,0.005303 318,187,334,202,6,0.004212 281,188,299,206,6,0.002875 283,197,301,219,6,0.002715 290,189,308,206,6,0.002184 401,203,423,218,6,0.002068 205,188,224,206,6,0.001800 360,180,376,197,6,0.001709
/home/dysjin/data/CARLA.v20-carla_v20.coco/valid/121155_png.rf.5eeb1497380edc240a771f68b9d34669.jpg 236,259,398,386,6,0.987668 564,217,597,303,2,0.933824 0,304,12,335,6,0.002646 492,236,532,276,6,0.002512 45,210,64,233,5,0.001827 308,239,323,259,1,0.001344 212,274,455,452,6,0.001186 500,211,525,285,2,0.001180
/home/dysjin/data/CARLA.v20-carla_v20.coco/valid/007085_png.rf.5a7141063cfddac158b01dce18de1e48.jpg 429,212,464,242,5,0.990687 171,222,190,243,6,0.008066
/home/dysjin/data/CARLA.v20-carla_v20.coco/valid/Town05_006720_png.rf.717ce1e22225ab6a97befb2b8effcc2a.jpg 175,190,213,262,1,0.586379 127,189,151,203,6,0.133626 91,193,117,207,6,0.077712 107,185,155,205,6,0.057144 352,181,370,196,6,0.045482 200,194,221,240,1,0.016840 365,185,384,201,6,0.016418 344,182,358,202,0,0.010307 344,180,358,196,6,0.009457 394,204,407,234,2,0.008746 315,181,334,195,6,0.005293 550,268,567,324,2,0.004885 332,185,345,203,0,0.004141 330,181,346,196,6,0.003583 464,226,477,264,2,0.002766 383,193,394,218,2,0.002692 383,204,396,232,2,0.002525 303,181,323,194,6,0.002340 405,214,418,246,2,0.002166 378,174,391,196,3,0.001980 85,191,103,208,6,0.001343 94,190,140,215,6,0.001168 184,190,200,208,0,0.001074
/home/dysjin/data/CARLA.v20-carla_v20.coco/valid/Town01_006600_png.rf.612f31973b2db2fda3ee5293fd937a64.jpg 372,191,397,210,6,0.471967 290,191,310,206,6,0.060568 329,190,346,206,6,0.005520 1,188,14,247,2,0.004642 2,176,15,239,2,0.003153 279,193,302,207,6,0.002580 253,199,274,214,6,0.002395 7,194,20,224,2,0.001602 351,190,376,206,6,0.001595 122,212,138,233,1,0.001139 7,201,20,236,2,0.001056
/home/dysjin/data/CARLA.v20-carla_v20.coco/valid/112469_png.rf.4fea3a1e3f0858f468ecb362968a08fb.jpg 315,236,340,298,2,0.987556 591,232,629,256,6,0.457426 311,241,342,291,1,0.014734 624,230,640,259,6,0.003195 42,216,66,296,2,0.002596 45,190,80,318,2,0.002146 611,211,640,295,6,0.001619
/home/dysjin/data/CARLA.v20-carla_v20.coco/valid/Town05_009540_png.rf.67accf9da191af14c5f05da1b6fe1e58.jpg 602,190,637,208,6,0.597841 549,189,569,205,6,0.027955 281,163,326,200,6,0.016749 540,186,555,205,6,0.005450 590,191,610,209,6,0.004497 441,189,457,207,6,0.002257 268,187,284,208,6,0.001801 0,206,9,281,0,0.001674 0,212,10,300,0,0.001351 451,190,470,207,6,0.001050
/home/dysjin/data/CARLA.v20-carla_v20.coco/valid/041820_png.rf.69e77a8e269d90d89efc21e5026a7083.jpg 30,243,82,265,6,0.994321 119,244,144,298,0,0.850954 182,223,198,247,4,0.639300 577,284,591,309,2,0.028182 180,231,196,253,6,0.010815 523,216,541,278,2,0.007918 177,222,190,248,4,0.007133 184,212,197,241,4,0.006846 0,229,12,261,6,0.006118 104,168,159,469,0,0.003351 69,238,82,261,0,0.002276 22,245,44,266,6,0.002143 116,225,147,366,0,0.001842 175,235,190,255,6,0.001804 0,217,12,254,6,0.001419 191,221,205,247,4,0.001097
/home/dysjin/data/CARLA.v20-carla_v20.coco/valid/121278_png.rf.6607158f1164a75baf620dcb66d1b07e.jpg 277,239,365,324,6,0.995464 476,242,490,275,2,0.151178 239,242,264,260,1,0.056964 246,242,277,260,6,0.011082 232,246,255,265,1,0.002091
/home/dysjin/data/CARLA.v20-carla_v20.coco/valid/Town02_004620_png.rf.7280640e1c163e7c4b28010b90659788.jpg 233,207,387,330,6,0.968901 314,181,334,202,6,0.723858 277,182,298,201,6,0.677910 462,226,491,258,6,0.580541 137,188,169,206,6,0.547567 306,178,325,199,6,0.046575 378,152,395,181,3,0.027313 277,177,324,204,6,0.024601 82,192,100,221,6,0.021663 341,183,355,208,6,0.014765 482,66,608,246,6,0.014618 372,156,386,183,3,0.011302 160,163,173,184,3,0.008726 447,215,485,252,6,0.006872 329,177,341,197,6,0.004289 168,162,182,185,3,0.002548 168,184,184,204,6,0.002064 440,149,506,380,6,0.001474 116,190,141,208,6,0.001401 158,175,173,196,6,0.001337 256,187,273,205,6,0.001269 327,181,344,204,0,0.001233 104,189,128,208,6,0.001200 437,85,563,221,6,0.001110
/home/dysjin/data/CARLA.v20-carla_v20.coco/valid/Town05_016500_png.rf.75b431585ae9c755044e81517b796324.jpg 345,199,399,234,6,0.990099 1,194,101,294,6,0.914845 114,189,216,253,6,0.892458 457,176,475,198,3,0.885312 158,197,223,238,6,0.223189 115,201,175,242,6,0.050052 0,193,12,223,6,0.034962 372,190,393,233,6,0.032882 1,182,14,215,6,0.014865 430,186,442,209,2,0.014118 464,203,476,236,2,0.008803 343,189,358,212,6,0.008207 428,193,443,213,6,0.004052 347,201,377,223,6,0.003274 0,186,13,249,6,0.002157 419,189,435,205,6,0.001999 334,185,346,209,6,0.001955 1,168,13,204,6,0.001813 108,156,131,207,6,0.001778 203,202,225,229,6,0.001621 351,191,371,213,6,0.001572 109,185,129,210,6,0.001510 430,178,444,199,3,0.001291 319,176,333,195,6,0.001282 293,188,307,206,6,0.001260 341,178,358,198,6,0.001127 401,186,421,204,6,0.001107 329,177,344,196,6,0.001081 7,185,22,213,6,0.001059 120,184,135,213,1,0.001002
/home/dysjin/data/CARLA.v20-carla_v20.coco/valid/Town02_001020_png.rf.79741d4293c684a4f4e895c08f1290d5.jpg 301,177,346,329,1,0.981652 0,203,88,380,6,0.953047 279,181,326,205,6,0.751883 32,189,77,217,6,0.331873 190,188,211,212,6,0.160410 299,185,335,290,6,0.150260 340,183,359,201,6,0.072095 357,160,368,189,3,0.053941 189,190,211,216,1,0.047788 0,201,68,380,6,0.040209 314,184,330,206,6,0.020315 624,184,640,212,6,0.017590 601,179,640,214,6,0.017358 26,195,58,214,6,0.016950 55,185,77,209,6,0.015266 330,180,345,197,6,0.012299 273,184,289,204,6,0.011492 364,182,382,205,6,0.010139 190,181,237,209,6,0.009844 116,183,132,227,0,0.005660 299,185,327,221,6,0.004935 481,159,536,204,6,0.003769 69,190,82,225,1,0.003341 118,187,131,225,1,0.002901 0,189,135,380,6,0.002243 21,198,42,220,6,0.002107 584,184,607,209,6,0.001641 0,176,11,214,6,0.001376 609,158,640,246,6,0.001309 0,204,11,243,6,0.001304 0,196,14,265,6,0.001291 289,192,313,213,6,0.001199 517,204,532,239,2,0.001143
/home/dysjin/data/CARLA.v20-carla_v20.coco/valid/004996_png.rf.758bfe0873e6cba6e1d99146894cae01.jpg 491,263,512,319,2,0.982184 486,270,515,311,1,0.006757 493,239,518,353,2,0.001292 355,245,370,271,2,0.001006
/home/dysjin/data/CARLA.v20-carla_v20.coco/valid/Town02_001620_png.rf.77cda18f042297c4b15936a35acef602.jpg 307,190,329,251,1,0.605401 299,191,336,252,6,0.552530 181,192,196,217,1,0.095735 523,180,544,236,2,0.031708 315,188,332,213,6,0.009288 240,186,262,202,6,0.008860 254,183,273,201,6,0.007806 332,162,343,184,3,0.007551 172,192,190,217,2,0.006804 219,189,237,206,6,0.005626 319,176,333,198,6,0.004170 329,183,341,210,6,0.003948 172,187,189,212,1,0.003358 513,193,536,243,2,0.003039 188,191,210,209,6,0.002855 262,178,284,196,6,0.002379 190,194,206,218,1,0.002326 378,188,397,207,6,0.002178 228,188,248,205,6,0.002154 341,186,356,208,6,0.001872 132,195,151,221,1,0.001757 535,175,558,241,2,0.001685 306,179,322,199,6,0.001445 340,162,353,184,3,0.001140 122,195,140,219,1,0.001081
/home/dysjin/data/CARLA.v20-carla_v20.coco/valid/112362_png.rf.868e587d8bdd37c81e4872223fbdbeb4.jpg 148,229,169,286,2,0.985630 592,232,629,255,6,0.266426 624,230,640,259,6,0.002816 163,226,185,289,2,0.001705 612,211,640,297,6,0.001557 144,232,172,276,1,0.001429
/home/dysjin/data/CARLA.v20-carla_v20.coco/valid/Town05_010080_png.rf.88fb23d739ffa2beacd3c5735d172d03.jpg 267,182,284,203,6,0.884288 315,186,328,222,1,0.648768 315,186,332,216,0,0.044980 244,177,260,194,6,0.020796 326,185,341,209,6,0.015642 357,172,370,190,3,0.011569 575,287,589,325,2,0.010041 511,240,526,297,2,0.008199 257,179,275,197,6,0.007297 275,183,293,204,6,0.004470 297,187,313,208,0,0.003426 468,239,481,273,2,0.003352 232,177,251,195,6,0.002248 406,193,418,220,2,0.002189 0,15,9,60,6,0.001578 567,132,634,380,6,0.001542 0,164,11,206,6,0.001508 0,201,9,239,6,0.001351 365,173,379,195,3,0.001340 0,160,10,227,6,0.001214 298,193,315,217,6,0.001184 572,109,596,181,2,0.001076 624,90,640,152,3,0.001060
/home/dysjin/data/CARLA.v20-carla_v20.coco/valid/026847_png.rf.7a28094ba474fb2fab06e58f1ebea83c.jpg 415,212,443,240,3,0.989195 550,132,566,165,2,0.004984 90,226,121,284,2,0.004974 354,233,366,258,2,0.003014 428,207,464,242,3,0.002824 0,208,13,307,2,0.002269 0,229,11,308,2,0.001748 343,212,358,237,3,0.001389 278,238,328,278,6,0.001338 345,225,358,245,3,0.001318 346,233,358,255,1,0.001260 240,238,261,255,6,0.001080 0,237,10,324,2,0.001045
/home/dysjin/data/CARLA.v20-carla_v20.coco/valid/075709_png.rf.7dd638ab9af378bf60aaa2fb92a0aea4.jpg 307,246,348,273,6,0.996670 8,271,193,395,6,0.936821 241,242,268,274,6,0.901032 170,243,249,308,6,0.877329 283,236,298,256,6,0.079067 347,220,358,251,3,0.066534 0,229,183,480,6,0.055262 352,221,364,252,2,0.047971 362,260,381,277,6,0.017706 156,270,182,345,2,0.012967 296,240,310,257,6,0.010841 220,245,260,286,6,0.008593 192,240,240,284,6,0.004402 254,235,266,267,6,0.002322 0,201,75,480,6,0.002200 0,218,299,451,6,0.001482 350,246,369,270,6,0.001460 147,254,184,350,6,0.001252 252,250,267,280,6,0.001247 230,240,254,263,6,0.001213 230,253,252,279,6,0.001003
/home/dysjin/data/CARLA.v20-carla_v20.coco/valid/Town02_007380_png.rf.8809896fc46f6266a6729640bbc68e4c.jpg 579,194,640,220,6,0.920058 275,188,295,208,6,0.428660 560,184,596,265,6,0.086548 290,179,308,198,6,0.038276 565,200,604,216,6,0.032215 491,191,510,245,2,0.021252 511,179,536,215,6,0.016339 553,171,567,194,3,0.012594 0,186,13,213,6,0.009769 0,181,15,255,2,0.008498 624,193,640,220,6,0.007544 401,270,423,289,6,0.005617 561,181,610,221,6,0.005399 254,192,277,206,6,0.005089 279,179,298,200,6,0.004851 243,174,258,193,3,0.004303 0,191,12,225,6,0.003990 568,204,592,260,1,0.002282 553,195,572,218,6,0.002248 558,190,585,211,6,0.002222 563,152,633,380,6,0.002020 3,190,31,250,2,0.001976 608,172,640,245,6,0.001942 0,194,14,265,2,0.001871 500,177,518,233,2,0.001321 354,188,372,208,6,0.001120 626,167,639,204,6,0.001065
/home/dysjin/data/CARLA.v20-carla_v20.coco/valid/Town01_007500_png.rf.7e4c2487265d812d93246e09a19aeab2.jpg 255,192,281,214,6,0.937582 556,162,636,231,6,0.918577 525,179,553,211,6,0.759122 153,218,180,232,6,0.042826 192,205,213,221,6,0.029925 174,214,205,227,6,0.023639 376,196,397,216,6,0.016155 204,205,226,220,6,0.014034 532,173,586,219,6,0.013894 217,203,233,219,6,0.011293 389,195,409,215,6,0.008528 81,229,96,258,1,0.007464 372,197,385,215,1,0.006847 292,179,308,197,6,0.005307 343,172,359,192,3,0.005008 591,172,640,219,6,0.004730 80,220,96,249,6,0.004071 624,196,640,226,6,0.003859 77,217,90,248,1,0.002722 0,217,10,249,6,0.002455 276,187,292,210,6,0.002259 565,172,600,220,6,0.001968 303,179,320,195,6,0.001652 341,163,358,187,4,0.001496 144,215,165,232,6,0.001288 398,195,421,217,6,0.001172 267,174,282,204,6,0.001015
/home/dysjin/data/CARLA.v20-carla_v20.coco/valid/Town05_007500_png.rf.8a81a882e564e9e99b5c951d3e18dbbc.jpg 346,181,399,201,6,0.995726 302,175,319,195,6,0.296707 253,177,268,199,0,0.047066 248,177,264,198,1,0.026054 406,174,417,195,6,0.007725 262,179,282,197,6,0.007561 458,186,470,208,0,0.007147 313,174,330,193,6,0.006776 135,177,177,206,6,0.004784 248,180,265,203,6,0.003674 373,173,393,196,6,0.003213 305,163,322,188,6,0.002540 333,171,347,192,6,0.001608 391,175,403,196,6,0.001471 353,179,395,268,6,0.001387 0,162,12,204,6,0.001217 120,185,136,207,0,0.001194 0,171,11,215,6,0.001095
/home/dysjin/data/CARLA.v20-carla_v20.coco/valid/Town02_005520_png.rf.8a9d2ba4122736ea3845c9e405936cce.jpg 79,199,133,225,6,0.981413 47,200,116,223,6,0.899283 608,190,640,233,6,0.810170 0,193,14,220,6,0.549943 4,191,56,218,6,0.022741 36,197,81,222,6,0.020264 38,207,65,224,6,0.017191 48,186,130,239,6,0.007081 113,199,135,223,6,0.006974 0,198,10,232,6,0.006074 34,201,57,219,6,0.004555 368,200,383,219,1,0.002756 4,189,24,213,6,0.001810 549,187,570,211,6,0.001476 14,193,44,208,6,0.001369 626,186,639,216,6,0.001067
/home/dysjin/data/CARLA.v20-carla_v20.coco/valid/041735_png.rf.891d950e6341a379e0a80f54f49c126a.jpg 273,243,307,313,0,0.897771 0,190,16,277,2,0.104502 2,199,16,290,2,0.048424 6,202,27,267,2,0.029427 251,235,327,320,0,0.005378 1,148,15,240,2,0.003100 0,172,12,244,2,0.002908 1,223,13,290,2,0.002281 0,157,21,299,6,0.002085 261,163,310,469,0,0.001673 0,246,10,290,6,0.001663 0,188,20,314,6,0.001511 0,190,9,229,3,0.001372 1,148,14,217,2,0.001305
/home/dysjin/data/CARLA.v20-carla_v20.coco/valid/041669_png.rf.8f16c7cc68671f71ba068edf120b2a61.jpg 300,244,331,316,0,0.881865 278,235,352,323,0,0.002123
/home/dysjin/data/CARLA.v20-carla_v20.coco/valid/003814_png.rf.9123d8ff8e23490d6f5201cb816e4fc2.jpg 289,240,321,261,6,0.962007 552,172,618,250,3,0.935643 524,148,640,264,3,0.018765 268,241,289,256,6,0.003086 245,241,289,270,6,0.002147 0,228,15,310,2,0.001922 329,238,343,255,6,0.001758 399,234,424,253,6,0.001506 611,179,629,242,3,0.001245 0,243,15,318,2,0.001204 311,239,331,259,6,0.001016
/home/dysjin/data/CARLA.v20-carla_v20.coco/valid/005413_png.rf.9000d6e877ce40e1d5bd5387ece453c2.jpg 105,230,125,285,2,0.979246 83,225,107,299,2,0.874352 91,237,119,295,2,0.094510 74,223,97,295,2,0.019905 412,242,438,260,6,0.010971 115,231,133,280,2,0.007710 368,245,383,273,2,0.007404 84,245,98,288,2,0.001886 102,233,130,276,1,0.001040
/home/dysjin/data/CARLA.v20-carla_v20.coco/valid/Town01_001500_png.rf.9254a251a5c6eb6313adba6a6adf1620.jpg 387,174,404,194,3,0.782655 225,200,249,217,6,0.058856 292,194,309,212,6,0.056915 283,195,298,215,6,0.017740 301,192,319,208,6,0.014805 607,161,640,302,6,0.003093 0,192,11,224,6,0.002704 0,127,13,209,6,0.001930 238,200,261,215,6,0.001842 0,133,11,229,2,0.001652 1,121,15,195,6,0.001612 0,158,12,233,2,0.001334 179,201,192,223,1,0.001317 269,198,285,217,0,0.001149 0,112,25,237,6,0.001017
/home/dysjin/data/CARLA.v20-carla_v20.coco/valid/Town05_004680_png.rf.93664881511a21c1adf050e2e8993477.jpg 242,183,265,207,6,0.963247 317,171,407,231,6,0.833872 182,183,203,204,6,0.759065 358,178,419,219,6,0.669114 277,178,297,199,6,0.391915 315,176,367,219,6,0.120832 387,194,413,217,6,0.109625 400,187,420,211,6,0.016271 626,171,640,202,6,0.016139 262,182,286,204,6,0.015195 305,179,322,197,6,0.012154 288,179,308,198,6,0.005345 230,181,255,198,6,0.004969 315,179,331,199,6,0.004383 133,186,148,208,0,0.002807
/home/dysjin/data/CARLA.v20-carla_v20.coco/valid/138312_png.rf.93c512dad514948e54a85fd6860eba4e.jpg 98,235,116,280,2,0.886483 7,251,31,314,2,0.135110 0,245,17,321,2,0.101234 540,342,557,375,2,0.079425 244,236,260,256,1,0.024035 442,291,457,323,2,0.016177 529,337,545,371,2,0.012631 514,329,533,362,2,0.011834 549,336,566,381,2,0.006707 454,302,470,332,2,0.004086 465,305,482,334,2,0.003919 18,234,38,313,2,0.002119 431,293,446,321,2,0.002006 504,324,522,358,2,0.001840 88,234,107,280,2,0.001839 308,239,321,255,6,0.001223 0,209,25,341,2,0.001172 19,259,32,306,2,0.001146 490,315,509,348,2,0.001012
/home/dysjin/data/CARLA.v20-carla_v20.coco/valid/005160_png.rf.922d9f2da21b5b11121905df87e629d7.jpg 399,215,428,241,5,0.985222 296,357,351,389,6,0.010945 312,362,335,381,6,0.001740
