/home/dysjin/data/CARLA.v20-carla_v20.coco/valid/Town02_006840_png.rf.a4a970c10202604d1dd8c41fe9097525.jpg 562,175,578,195,0,0.780439 439,185,452,203,0,0.194404 0,157,15,186,1,0.066357 0,165,14,194,1,0.048760 560,57,607,96,1,0.047705 345,177,355,195,1,0.033215 575,166,587,187,0,0.010110 528,163,541,181,0,0.009462 555,162,585,187,0,0.005224 245,164,256,181,1,0.005099 452,176,463,193,0,0.004285 528,174,539,193,0,0.003173 555,179,569,205,0,0.003159 540,164,552,184,0,0.002041 432,179,443,196,0,0.001795 237,162,248,180,1,0.001714 588,77,635,116,0,0.001610 454,154,467,171,0,0.001571 454,166,466,183,0,0.001469 307,173,317,191,0,0.001294 517,177,528,193,0,0.001216 599,172,613,192,0,0.001109 419,164,430,181,0,0.001014
/home/dysjin/data/CARLA.v20-carla_v20.coco/valid/Town02_002640_png.rf.ac6bee6a9e4c4b2a1e149670c97196c1.jpg 395,169,407,192,1,0.754124 274,165,285,184,1,0.011584 273,170,283,191,0,0.001314 334,199,365,240,1,0.001182 307,175,317,194,0,0.001068
/home/dysjin/data/CARLA.v20-carla_v20.coco/valid/007096_png.rf.a26873f70f1467f54f0fd09ea8c1731b.jpg 533,159,626,251,2,0.832321 541,178,578,239,2,0.005296
/home/dysjin/data/CARLA.v20-carla_v20.coco/valid/Town02_006480_png.rf.aec43468267a9993201d034f7031ee5c.jpg 341,165,357,187,0,0.822691 366,164,381,184,0,0.098143 375,162,391,181,0,0.063712 270,178,281,195,0,0.041515 349,166,368,188,0,0.016535 365,155,380,173,0,0.007669 367,138,384,160,0,0.005759 365,182,375,201,0,0.001531 270,166,281,184,1,0.001208 387,160,402,181,0,0.001189
/home/dysjin/data/CARLA.v20-carla_v20.coco/valid/051305_png.rf.af3e2dc55ae45fc793f7f25eb6fdf7b4.jpg 428,206,463,245,0,0.991552 92,27,120,76,1,0.007650
/home/dysjin/data/CARLA.v20-carla_v20.coco/valid/007291_png.rf.b33e9d647d42777054dfb5f46d23bbad.jpg 385,219,399,241,0,0.992531
/home/dysjin/data/CARLA.v20-carla_v20.coco/valid/003752_png.rf.bb0716bc5b93fa8b10f41577e20a2f35.jpg 397,211,423,247,1,0.956736 0,0,640,480,0,0.002639
/home/dysjin/data/CARLA.v20-carla_v20.coco/valid/005173_png.rf.c24ac196d86260d3a384e12093bfa5ef.jpg 471,201,525,240,2,0.584274 486,179,536,259,2,0.009480
/home/dysjin/data/CARLA.v20-carla_v20.coco/valid/003769_png.rf.c5c0c17fa97551316c57744e9608f796.jpg 492,194,547,243,1,0.720123
/home/dysjin/data/CARLA.v20-carla_v20.coco/valid/004966_png.rf.c9d8d72d0920460b612251c5fddc5770.jpg 425,196,466,248,1,0.920657 439,183,456,247,1,0.002005
/home/dysjin/data/CARLA.v20-carla_v20.coco/valid/001638_png.rf.c98e4c5bc2a68de358073a26469c81b2.jpg 420,204,455,246,0,0.998278 155,225,171,244,0,0.002502 270,225,281,240,0,0.001110
/home/dysjin/data/CARLA.v20-carla_v20.coco/valid/051274_png.rf.d5f64278c64b556983082379a316485f.jpg 564,168,628,250,1,0.805207 410,0,501,3,1,0.001277
/home/dysjin/data/CARLA.v20-carla_v20.coco/valid/Town01_001440_png.rf.e4b4351effd31d5b433710cffb8243e4.jpg 385,172,401,192,0,0.977915 344,175,354,192,0,0.310198 336,175,347,190,0,0.019647 259,175,272,191,0,0.010291 401,144,415,176,0,0.008856 389,128,413,190,0,0.007710 354,150,369,170,0,0.005696 394,145,408,177,0,0.004710 268,175,279,190,0,0.004636 37,164,49,181,1,0.004609 333,167,346,183,0,0.004554 357,128,388,167,0,0.004338 1,197,13,220,0,0.003947 48,172,63,194,0,0.002821 306,175,316,191,0,0.002291 345,151,359,173,0,0.002267 341,166,360,198,0,0.002097 319,165,331,181,0,0.001831 319,175,330,192,0,0.001549 364,148,377,174,0,0.001527 269,166,281,182,0,0.001471 441,161,452,179,0,0.001446 293,175,303,192,0,0.001279 382,164,392,191,0,0.001255 258,166,269,183,0,0.001234 352,173,363,196,0,0.001171
/home/dysjin/data/CARLA.v20-carla_v20.coco/valid/041811_png.rf.e8d4c17844854d24f9b2bec66a8a8889.jpg 49,220,64,241,1,0.900289 44,205,67,247,1,0.035819 38,215,52,238,1,0.005707 56,222,69,241,1,0.004197 31,203,58,248,1,0.001785 279,219,296,245,1,0.001224 272,221,284,243,1,0.001214
/home/dysjin/data/CARLA.v20-carla_v20.coco/valid/001519_png.rf.e42bb854e84b40164ed2795569b2eb6f.jpg 574,219,587,241,0,0.910141 568,218,580,236,0,0.180688 529,224,540,241,0,0.007294 555,217,569,235,0,0.006187 563,208,584,243,0,0.005396 403,226,416,244,0,0.004618 516,226,527,241,0,0.003980 400,212,419,234,0,0.003628 479,227,491,245,0,0.003577 538,214,553,235,0,0.002998 567,203,579,226,0,0.002572 390,212,409,235,0,0.002207 395,225,408,242,0,0.002145 502,215,516,233,0,0.001831 465,211,482,233,0,0.001347
/home/dysjin/data/CARLA.v20-carla_v20.coco/valid/001509_png.rf.ed3baed466e7f65c1a01fb57bf942b65.jpg 574,219,587,241,0,0.879635 566,218,580,237,0,0.159042 555,217,569,235,0,0.014597 404,227,416,244,0,0.007596 528,223,540,241,0,0.007227 562,207,583,244,0,0.006478 478,227,491,245,0,0.005156 539,214,554,235,0,0.004901 517,225,528,241,0,0.004276 401,212,418,234,0,0.003438 503,215,516,232,0,0.002424 465,210,482,233,0,0.002035 395,225,408,243,0,0.001832 390,212,408,234,0,0.001278 567,203,579,225,0,0.001227 458,202,492,241,0,0.001201 515,214,526,233,0,0.001068
/home/dysjin/data/CARLA.v20-carla_v20.coco/valid/026829_png.rf.e6f26e62f316568466a95ba7fd18d850.jpg 374,221,391,241,0,0.989217 344,224,353,245,0,0.008310 334,223,345,242,0,0.001767 390,201,403,223,0,0.001420
/home/dysjin/data/CARLA.v20-carla_v20.coco/valid/007076_png.rf.d635d979c35f5dd6da756ef9889aef0b.jpg 400,213,417,246,2,0.753183
/home/dysjin/data/CARLA.v20-carla_v20.coco/valid/Town02_006960_png.rf.eedfb90c1deb0d66a31341acd2e08f4f.jpg 148,158,168,182,0,0.568126 143,157,172,185,1,0.447007 611,100,627,124,0,0.155867 607,97,633,142,0,0.002549 85,144,99,168,1,0.001359
/home/dysjin/data/CARLA.v20-carla_v20.coco/valid/041861_png.rf.f5f3812ca6c536c5c25bea3d596be111.jpg 403,205,428,247,1,0.937674 191,246,207,267,0,0.021715 358,214,369,231,1,0.015843 185,245,201,269,0,0.014516 316,214,330,234,0,0.001944 357,223,367,241,1,0.001804 155,265,201,301,0,0.001672 294,216,306,234,0,0.001267 195,238,211,259,0,0.001181 220,235,231,254,0,0.001146 173,241,213,273,0,0.001106
/home/dysjin/data/CARLA.v20-carla_v20.coco/valid/003755_png.rf.f6343810071c5f5401b5697ef363285d.jpg 405,212,434,246,1,0.941351 0,0,640,480,0,0.005948 390,210,443,244,2,0.002310
/home/dysjin/data/CARLA.v20-carla_v20.coco/valid/001630_png.rf.ff5ced110f03f998a7a6998ddf647fd2.jpg 407,207,436,243,0,0.993771 170,225,183,242,0,0.001501
/home/dysjin/data/CARLA.v20-carla_v20.coco/valid/003751_png.rf.0ff9ef7c8c8e4f5eab52437609a3b501.jpg 394,218,417,241,1,0.952891 0,0,640,480,0,0.020910 0,0,640,480,0,0.002250
/home/dysjin/data/CARLA.v20-carla_v20.coco/valid/Town02_008820_png.rf.135414697b8215dc125af6b125d3058c.jpg 504,162,518,187,0,0.227768 145,172,158,192,1,0.088650 393,163,407,186,0,0.066433 388,185,406,202,0,0.047988 442,164,455,183,0,0.023474 368,176,379,191,0,0.015850 403,162,417,184,0,0.013103 345,176,355,194,0,0.010582 334,174,343,192,0,0.009758 618,149,629,167,0,0.007425 358,176,369,191,0,0.007292 386,176,411,211,0,0.006742 306,166,317,180,0,0.006635 479,176,489,192,0,0.005818 383,177,396,196,0,0.004457 392,153,405,172,0,0.004132 246,163,257,180,0,0.003399 257,171,268,190,0,0.002828 247,172,257,191,0,0.002720 417,163,429,184,0,0.002501 270,172,280,190,0,0.002386 478,162,488,185,0,0.002343 140,165,164,199,1,0.002319 307,173,315,189,0,0.002195 282,173,292,191,0,0.002049 417,175,428,191,0,0.002037 437,152,461,189,0,0.001982 295,172,305,190,0,0.001859 294,166,308,180,0,0.001787 399,146,422,193,0,0.001441 380,164,393,186,0,0.001329 430,175,441,191,0,0.001287 429,163,443,185,0,0.001132
/home/dysjin/data/CARLA.v20-carla_v20.coco/valid/006578_png.rf.21f08e8ed63ab67b3ef05528af8ef9e6.jpg 370,221,385,240,0,0.993563 0,0,640,480,0,0.012246 16,0,110,2,1,0.004225 378,219,389,236,0,0.003177 360,227,376,246,0,0.001775 0,0,640,480,0,0.001519 0,0,640,480,0,0.001009
/home/dysjin/data/CARLA.v20-carla_v20.coco/valid/Town02_006720_png.rf.2632fd4f3d65ff215e84d472badfd870.jpg 561,174,578,195,0,0.765391 439,185,452,202,0,0.162349 0,158,15,186,1,0.067485 560,57,606,96,1,0.054462 0,165,14,194,1,0.051567 345,177,355,195,1,0.029757 245,164,256,181,1,0.011335 575,167,587,186,0,0.011157 555,163,585,187,0,0.006510 528,163,541,181,0,0.005047 453,177,464,193,0,0.004530 554,179,569,205,0,0.004081 540,164,553,184,0,0.002469 475,162,489,185,0,0.002252 466,163,478,183,0,0.002205 270,174,280,193,0,0.002078 528,175,539,194,0,0.002045 432,179,443,196,0,0.001985 454,166,466,183,0,0.001866 237,162,248,180,1,0.001132 419,164,431,181,0,0.001117 599,172,613,193,0,0.001069 345,182,355,202,0,0.001043 517,177,528,193,0,0.001020 259,172,269,192,0,0.001018
/home/dysjin/data/CARLA.v20-carla_v20.coco/valid/007070_png.rf.2316a0a54db7e4a749f421570aadd160.jpg 388,219,402,242,2,0.755839 382,199,401,256,2,0.006925 350,233,376,276,2,0.001055
/home/dysjin/data/CARLA.v20-carla_v20.coco/valid/041819_png.rf.374472e0a0868df264a4100cb7734e35.jpg 174,221,189,242,1,0.910223 167,208,192,245,1,0.005522
/home/dysjin/data/CARLA.v20-carla_v20.coco/valid/003766_png.rf.3dbe103da1003d1fb3bd18ad0d0894b4.jpg 457,198,508,243,1,0.788661
/home/dysjin/data/CARLA.v20-carla_v20.coco/valid/026849_png.rf.52e90800c02b90489d2521817c6942f7.jpg 420,206,458,244,0,0.992628 346,217,356,233,0,0.055465 355,224,364,241,0,0.009772 353,215,364,233,0,0.002257 0,219,11,245,1,0.001619 0,204,15,261,1,0.001453
/home/dysjin/data/CARLA.v20-carla_v20.coco/valid/041864_png.rf.51f1d81198f2e5b7a450f586235760ec.jpg 417,205,442,245,1,0.952570 358,222,368,242,1,0.025068 294,217,306,234,0,0.002219 165,238,196,278,0,0.001425
/home/dysjin/data/CARLA.v20-carla_v20.coco/valid/009044_png.rf.59d4a83882b4b6af242cbd9e0e31ba80.jpg 561,219,575,241,0,0.934050 0,203,19,246,1,0.452617 528,214,539,231,0,0.280688 345,227,355,241,0,0.025811 527,203,541,225,0,0.011197 0,185,16,240,1,0.005923 538,202,555,222,0,0.005391 519,214,532,231,0,0.005127 504,215,515,233,0,0.001907 518,223,528,241,0,0.001867 550,201,563,226,0,0.001660 383,215,393,232,0,0.001644 555,217,568,236,0,0.001606 555,169,588,200,0,0.001451 343,216,355,234,0,0.001403 391,225,403,241,0,0.001306 492,213,505,232,0,0.001258 538,221,551,247,0,0.001214 382,225,394,240,0,0.001198
/home/dysjin/data/CARLA.v20-carla_v20.coco/valid/Town01_010680_png.rf.5537782525200ced228c602e6dcc3456.jpg 370,177,383,192,1,0.655327 234,179,245,196,0,0.029665 210,182,221,202,0,0.024925 244,179,254,194,0,0.021100 307,175,317,191,0,0.010660 220,181,232,202,0,0.004976 346,177,355,197,0,0.003411 198,185,209,203,0,0.003323 319,175,329,191,0,0.003058 361,180,375,195,0,0.001597 333,175,343,193,0,0.001551 255,177,267,193,0,0.001352 149,186,160,203,0,0.001269 147,177,158,194,0,0.001261 364,158,387,195,1,0.001261 206,173,228,212,0,0.001043 268,175,278,191,0,0.001014
/home/dysjin/data/CARLA.v20-carla_v20.coco/valid/007085_png.rf.5a7141063cfddac158b01dce18de1e48.jpg 429,204,462,241,2,0.959710
/home/dysjin/data/CARLA.v20-carla_v20.coco/valid/041820_png.rf.69e77a8e269d90d89efc21e5026a7083.jpg 181,224,195,243,1,0.914726 185,214,198,241,1,0.022213 171,219,196,251,1,0.004138
/home/dysjin/data/CARLA.v20-carla_v20.coco/valid/Town05_016500_png.rf.75b431585ae9c755044e81517b796324.jpg 456,178,478,199,0,0.953270 372,199,384,219,1,0.003638 430,178,441,195,0,0.003083 381,190,391,209,1,0.002351 294,175,306,192,1,0.001364 209,176,221,194,1,0.001030
/home/dysjin/data/CARLA.v20-carla_v20.coco/valid/026847_png.rf.7a28094ba474fb2fab06e58f1ebea83c.jpg 412,208,445,244,0,0.996498 345,217,355,233,0,0.019117 355,224,365,241,0,0.006085
/home/dysjin/data/CARLA.v20-carla_v20.coco/valid/003814_png.rf.9123d8ff8e23490d6f5201cb816e4fc2.jpg 534,178,621,236,0,0.955691 0,0,640,480,0,0.001853
/home/dysjin/data/CARLA.v20-carla_v20.coco/valid/Town01_001500_png.rf.9254a251a5c6eb6313adba6a6adf1620.jpg 386,174,403,192,0,0.992060 244,173,260,193,0,0.035294 253,173,268,192,0,0.025991 282,176,293,192,0,0.016345 183,172,197,193,0,0.016184 319,175,331,192,0,0.012446 306,175,319,193,0,0.007282 269,174,282,190,0,0.004533 354,174,365,193,0,0.003753 330,172,344,191,0,0.003706 290,172,306,193,0,0.003661 343,173,356,190,0,0.003049 193,162,211,188,0,0.002757 281,167,293,184,0,0.002482 445,125,479,167,1,0.002161 373,176,388,196,0,0.001821 218,162,234,185,0,0.001748 400,126,428,170,0,0.001670 281,184,292,202,0,0.001638 430,174,441,190,0,0.001546 172,175,184,195,0,0.001500 293,184,304,203,0,0.001405 207,161,223,187,0,0.001362 1,196,11,217,1,0.001219 148,175,159,194,0,0.001194 219,173,233,195,0,0.001181 233,174,246,197,0,0.001156 382,167,393,188,0,0.001039
/home/dysjin/data/CARLA.v20-carla_v20.coco/valid/005160_png.rf.922d9f2da21b5b11121905df87e629d7.jpg 400,210,429,242,2,0.894014 389,201,420,251,2,0.002184
