/home/dysjin/data/CARLA.v20-carla_v20.coco/valid/Town02_006840_png.rf.a4a970c10202604d1dd8c41fe9097525.jpg 565,176,579,195,0,0.474999 0,168,13,199,1,0.008600 572,53,595,99,1,0.004550 0,158,14,210,0,0.004058 233,163,246,182,0,0.001729 555,166,588,204,0,0.001611
/home/dysjin/data/CARLA.v20-carla_v20.coco/valid/Town02_002640_png.rf.ac6bee6a9e4c4b2a1e149670c97196c1.jpg 393,172,406,191,0,0.587286 340,198,358,223,1,0.005482 340,191,360,231,0,0.002995 391,183,405,199,0,0.001230
/home/dysjin/data/CARLA.v20-carla_v20.coco/valid/007096_png.rf.a26873f70f1467f54f0fd09ea8c1731b.jpg 543,168,617,251,1,0.434410 542,176,616,257,0,0.166772
/home/dysjin/data/CARLA.v20-carla_v20.coco/valid/Town02_006480_png.rf.aec43468267a9993201d034f7031ee5c.jpg 354,172,366,186,0,0.179375 347,167,362,184,0,0.039572 392,176,405,195,0,0.002262 354,162,369,199,0,0.001182
/home/dysjin/data/CARLA.v20-carla_v20.coco/valid/051305_png.rf.af3e2dc55ae45fc793f7f25eb6fdf7b4.jpg 427,208,459,239,0,0.953579
/home/dysjin/data/CARLA.v20-carla_v20.coco/valid/007291_png.rf.b33e9d647d42777054dfb5f46d23bbad.jpg 386,221,403,237,0,0.848514 13,0,97,30,0,0.003594 385,230,405,251,0,0.001015
/home/dysjin/data/CARLA.v20-carla_v20.coco/valid/003752_png.rf.bb0716bc5b93fa8b10f41577e20a2f35.jpg 402,212,421,242,0,0.574410 401,217,426,240,1,0.385269
/home/dysjin/data/CARLA.v20-carla_v20.coco/valid/005173_png.rf.c24ac196d86260d3a384e12093bfa5ef.jpg 473,191,525,248,2,0.339494 474,187,526,240,1,0.101944
/home/dysjin/data/CARLA.v20-carla_v20.coco/valid/003769_png.rf.c5c0c17fa97551316c57744e9608f796.jpg 495,190,548,249,1,0.208075 504,188,543,248,0,0.024978 471,181,559,237,0,0.001146
/home/dysjin/data/CARLA.v20-carla_v20.coco/valid/004966_png.rf.c9d8d72d0920460b612251c5fddc5770.jpg 427,202,466,239,1,0.679408 424,206,468,232,2,0.009642
/home/dysjin/data/CARLA.v20-carla_v20.coco/valid/001638_png.rf.c98e4c5bc2a68de358073a26469c81b2.jpg 426,210,451,238,0,0.938960 415,206,472,245,0,0.010522 157,224,171,242,0,0.001343
/home/dysjin/data/CARLA.v20-carla_v20.coco/valid/051274_png.rf.d5f64278c64b556983082379a316485f.jpg 560,164,636,251,0,0.526005
/home/dysjin/data/CARLA.v20-carla_v20.coco/valid/Town01_001440_png.rf.e4b4351effd31d5b433710cffb8243e4.jpg 386,176,398,192,0,0.579787 359,120,384,176,0,0.041730 359,134,376,167,1,0.009697 345,175,358,192,0,0.008090 378,166,399,188,0,0.002983 387,134,410,186,0,0.002765 353,133,402,188,0,0.002671 355,139,372,171,0,0.002312 380,183,395,198,0,0.002106
/home/dysjin/data/CARLA.v20-carla_v20.coco/valid/041811_png.rf.e8d4c17844854d24f9b2bec66a8a8889.jpg 48,224,65,241,1,0.599112 47,220,65,246,0,0.021283 46,232,63,248,0,0.001537 40,206,70,261,0,0.001270
/home/dysjin/data/CARLA.v20-carla_v20.coco/valid/001519_png.rf.e42bb854e84b40164ed2795569b2eb6f.jpg 573,219,590,238,0,0.595810
/home/dysjin/data/CARLA.v20-carla_v20.coco/valid/001509_png.rf.ed3baed466e7f65c1a01fb57bf942b65.jpg 573,220,589,238,0,0.654131 566,232,582,249,0,0.001441
/home/dysjin/data/CARLA.v20-carla_v20.coco/valid/026829_png.rf.e6f26e62f316568466a95ba7fd18d850.jpg 377,222,389,237,0,0.921594 374,232,391,248,0,0.001663
/home/dysjin/data/CARLA.v20-carla_v20.coco/valid/007076_png.rf.d635d979c35f5dd6da756ef9889aef0b.jpg 398,214,419,242,1,0.637722
/home/dysjin/data/CARLA.v20-carla_v20.coco/valid/Town02_006960_png.rf.eedfb90c1deb0d66a31341acd2e08f4f.jpg 147,160,168,179,0,0.637707 141,152,171,190,0,0.005097 156,156,165,173,0,0.002305 144,168,162,188,0,0.001806
/home/dysjin/data/CARLA.v20-carla_v20.coco/valid/041861_png.rf.f5f3812ca6c536c5c25bea3d596be111.jpg 407,208,427,243,0,0.871088
/home/dysjin/data/CARLA.v20-carla_v20.coco/valid/003755_png.rf.f6343810071c5f5401b5697ef363285d.jpg 410,214,432,241,0,0.512357 405,216,434,238,1,0.115842
/home/dysjin/data/CARLA.v20-carla_v20.coco/valid/001630_png.rf.ff5ced110f03f998a7a6998ddf647fd2.jpg 411,213,431,238,0,0.970567 168,223,184,241,0,0.003160
/home/dysjin/data/CARLA.v20-carla_v20.coco/valid/003751_png.rf.0ff9ef7c8c8e4f5eab52437609a3b501.jpg 396,214,420,241,1,0.494337 400,212,416,243,0,0.385187 344,226,359,244,1,0.001266
/home/dysjin/data/CARLA.v20-carla_v20.coco/valid/Town02_008820_png.rf.135414697b8215dc125af6b125d3058c.jpg 393,184,408,205,0,0.514693 427,175,441,192,0,0.017223 380,178,419,211,0,0.005270 479,176,492,193,0,0.004785 145,176,159,192,1,0.004035 403,186,413,204,0,0.004013 416,176,431,196,0,0.002755 392,195,407,212,0,0.001686 503,174,517,193,0,0.001531 6,8,31,145,1,0.001185
/home/dysjin/data/CARLA.v20-carla_v20.coco/valid/006578_png.rf.21f08e8ed63ab67b3ef05528af8ef9e6.jpg 373,222,386,236,0,0.845076 376,213,388,251,0,0.001186
/home/dysjin/data/CARLA.v20-carla_v20.coco/valid/Town02_006720_png.rf.2632fd4f3d65ff215e84d472badfd870.jpg 565,175,579,195,0,0.479585 0,168,13,199,1,0.007948 571,54,595,99,1,0.004662 0,158,13,210,0,0.003794 234,163,247,182,0,0.003006 556,166,588,204,0,0.001974 243,164,255,183,0,0.001201
/home/dysjin/data/CARLA.v20-carla_v20.coco/valid/007070_png.rf.2316a0a54db7e4a749f421570aadd160.jpg 385,218,402,239,1,0.513684 384,216,399,238,0,0.004897
/home/dysjin/data/CARLA.v20-carla_v20.coco/valid/041819_png.rf.374472e0a0868df264a4100cb7734e35.jpg 175,225,187,242,1,0.451562 172,220,189,247,0,0.008190 369,237,381,257,0,0.003988 181,227,189,243,0,0.003983 366,225,382,249,0,0.001854 171,233,186,248,0,0.001185 49,238,63,256,0,0.001076
/home/dysjin/data/CARLA.v20-carla_v20.coco/valid/003766_png.rf.3dbe103da1003d1fb3bd18ad0d0894b4.jpg 457,197,510,242,1,0.550378 472,192,513,245,0,0.004889
/home/dysjin/data/CARLA.v20-carla_v20.coco/valid/026849_png.rf.52e90800c02b90489d2521817c6942f7.jpg 427,208,454,238,0,0.983944 419,201,467,250,0,0.206268
/home/dysjin/data/CARLA.v20-carla_v20.coco/valid/041864_png.rf.51f1d81198f2e5b7a450f586235760ec.jpg 418,210,442,241,0,0.506822 420,211,442,239,1,0.362740
/home/dysjin/data/CARLA.v20-carla_v20.coco/valid/009044_png.rf.59d4a83882b4b6af242cbd9e0e31ba80.jpg 559,219,578,240,0,0.850888 0,209,15,240,1,0.345448 342,227,355,241,0,0.026326 7,211,20,235,1,0.005153 2,198,14,262,0,0.004486 0,205,19,241,0,0.003775 552,210,585,250,0,0.002744 0,169,22,273,1,0.002119 558,231,578,250,0,0.002113
/home/dysjin/data/CARLA.v20-carla_v20.coco/valid/Town01_010680_png.rf.5537782525200ced228c602e6dcc3456.jpg 369,177,386,193,0,0.513038 231,178,246,193,0,0.010706 271,176,284,191,0,0.003236 271,165,285,183,0,0.002975 221,176,237,195,0,0.002505 361,163,393,209,0,0.002379 364,166,383,188,0,0.002280
/home/dysjin/data/CARLA.v20-carla_v20.coco/valid/007085_png.rf.5a7141063cfddac158b01dce18de1e48.jpg 426,204,465,243,1,0.704755 419,211,471,232,2,0.007998
/home/dysjin/data/CARLA.v20-carla_v20.coco/valid/041820_png.rf.69e77a8e269d90d89efc21e5026a7083.jpg 182,225,194,242,0,0.448873 183,215,199,237,0,0.006983 181,233,195,249,0,0.002922 381,238,393,256,0,0.002297 378,224,394,248,0,0.002235
/home/dysjin/data/CARLA.v20-carla_v20.coco/valid/Town05_016500_png.rf.75b431585ae9c755044e81517b796324.jpg 457,177,478,197,0,0.862836 331,188,344,205,0,0.004749 370,199,385,218,0,0.001464
/home/dysjin/data/CARLA.v20-carla_v20.coco/valid/026847_png.rf.7a28094ba474fb2fab06e58f1ebea83c.jpg 417,212,442,237,0,0.981885 403,200,433,242,0,0.001059
/home/dysjin/data/CARLA.v20-carla_v20.coco/valid/003814_png.rf.9123d8ff8e23490d6f5201cb816e4fc2.jpg 548,172,618,248,0,0.926338
/home/dysjin/data/CARLA.v20-carla_v20.coco/valid/Town01_001500_png.rf.9254a251a5c6eb6313adba6a6adf1620.jpg 387,175,401,193,0,0.859542 5,104,78,189,0,0.056414 4,32,81,222,1,0.008517 384,168,406,186,0,0.007458
/home/dysjin/data/CARLA.v20-carla_v20.coco/valid/005160_png.rf.922d9f2da21b5b11121905df87e629d7.jpg 402,214,428,239,1,0.615432 408,213,429,240,2,0.151099
