/home/dysjin/data/CARLA.v20-carla_v20.coco/valid/Town02_006840_png.rf.a4a970c10202604d1dd8c41fe9097525.jpg 565,174,580,192,0,0.892623 0,167,12,196,1,0.412127 573,164,587,187,0,0.015145 558,172,571,193,0,0.011310 0,166,16,200,0,0.003935 443,174,456,193,0,0.003865 454,173,467,192,0,0.003303 573,181,585,200,0,0.002981 563,54,608,96,0,0.001747 564,75,631,136,0,0.001336 528,159,542,182,0,0.001283 245,172,257,192,0,0.001265 345,174,357,194,0,0.001178 452,181,465,203,0,0.001171 431,182,444,204,0,0.001046 430,173,443,191,0,0.001043
/home/dysjin/data/CARLA.v20-carla_v20.coco/valid/Town02_002640_png.rf.ac6bee6a9e4c4b2a1e149670c97196c1.jpg 388,172,403,189,0,0.812348
/home/dysjin/data/CARLA.v20-carla_v20.coco/valid/007096_png.rf.a26873f70f1467f54f0fd09ea8c1731b.jpg 547,166,618,252,2,0.837068 200,135,217,210,2,0.002052 539,41,632,393,2,0.001208 212,195,224,223,2,0.001105 209,206,222,231,2,0.001052 560,164,605,206,1,0.001021
/home/dysjin/data/CARLA.v20-carla_v20.coco/valid/Town02_006480_png.rf.aec43468267a9993201d034f7031ee5c.jpg 347,165,358,182,0,0.224461 354,164,367,181,0,0.092334 365,160,379,178,0,0.039869 343,182,357,200,0,0.023113 369,150,382,173,0,0.004134 352,183,365,198,0,0.003941 365,171,377,188,0,0.002922 335,160,348,178,0,0.002649 342,152,355,172,0,0.001387 344,169,362,195,0,0.001241
/home/dysjin/data/CARLA.v20-carla_v20.coco/valid/051305_png.rf.af3e2dc55ae45fc793f7f25eb6fdf7b4.jpg 427,205,464,244,0,0.986863 623,176,640,237,0,0.001508 503,218,517,244,0,0.001147
/home/dysjin/data/CARLA.v20-carla_v20.coco/valid/007291_png.rf.b33e9d647d42777054dfb5f46d23bbad.jpg 383,221,401,239,0,0.854524 379,224,409,249,0,0.001651 0,38,29,116,1,0.001042
/home/dysjin/data/CARLA.v20-carla_v20.coco/valid/003752_png.rf.bb0716bc5b93fa8b10f41577e20a2f35.jpg 397,215,426,245,1,0.955812
/home/dysjin/data/CARLA.v20-carla_v20.coco/valid/005173_png.rf.c24ac196d86260d3a384e12093bfa5ef.jpg 478,190,532,245,2,0.521131 461,113,551,342,2,0.003373 475,186,519,241,1,0.001963 479,202,496,242,2,0.001320
/home/dysjin/data/CARLA.v20-carla_v20.coco/valid/003769_png.rf.c5c0c17fa97551316c57744e9608f796.jpg 495,194,552,243,1,0.170064 484,138,571,281,1,0.001052
/home/dysjin/data/CARLA.v20-carla_v20.coco/valid/004966_png.rf.c9d8d72d0920460b612251c5fddc5770.jpg 430,197,466,244,1,0.957031 433,211,461,231,1,0.007764
/home/dysjin/data/CARLA.v20-carla_v20.coco/valid/001638_png.rf.c98e4c5bc2a68de358073a26469c81b2.jpg 423,206,455,239,0,0.995638 625,164,640,226,0,0.002355 155,221,171,243,0,0.002134
/home/dysjin/data/CARLA.v20-carla_v20.coco/valid/051274_png.rf.d5f64278c64b556983082379a316485f.jpg 566,174,640,242,1,0.827208
/home/dysjin/data/CARLA.v20-carla_v20.coco/valid/Town01_001440_png.rf.e4b4351effd31d5b433710cffb8243e4.jpg 382,175,402,190,0,0.967567 345,175,357,192,0,0.011332 232,174,245,194,0,0.001463 334,173,346,191,0,0.001283 356,174,368,190,0,0.001276 372,169,389,192,0,0.001216 401,176,412,190,0,0.001184 9,110,23,133,1,0.001059 283,173,294,192,0,0.001016
/home/dysjin/data/CARLA.v20-carla_v20.coco/valid/041811_png.rf.e8d4c17844854d24f9b2bec66a8a8889.jpg 49,222,64,241,1,0.805559 55,222,69,239,1,0.024990 46,209,68,243,1,0.001181
/home/dysjin/data/CARLA.v20-carla_v20.coco/valid/001519_png.rf.e42bb854e84b40164ed2795569b2eb6f.jpg 571,217,588,241,0,0.779554 477,205,496,234,0,0.007493 565,228,581,253,0,0.002839 575,200,589,227,0,0.002770 344,224,357,244,0,0.001618 614,198,628,223,0,0.001573
/home/dysjin/data/CARLA.v20-carla_v20.coco/valid/001509_png.rf.ed3baed466e7f65c1a01fb57bf942b65.jpg 571,217,588,241,0,0.757959 477,205,495,234,0,0.011685 576,200,590,227,0,0.002618 564,228,581,253,0,0.002534 344,225,356,244,0,0.001399 614,198,628,223,0,0.001293
/home/dysjin/data/CARLA.v20-carla_v20.coco/valid/026829_png.rf.e6f26e62f316568466a95ba7fd18d850.jpg 372,218,392,240,0,0.924719
/home/dysjin/data/CARLA.v20-carla_v20.coco/valid/007076_png.rf.d635d979c35f5dd6da756ef9889aef0b.jpg 396,212,418,246,2,0.959453 385,202,411,290,2,0.001164
/home/dysjin/data/CARLA.v20-carla_v20.coco/valid/Town02_006960_png.rf.eedfb90c1deb0d66a31341acd2e08f4f.jpg 146,159,170,180,0,0.906734 611,96,626,122,0,0.007717 624,42,640,101,0,0.002629
/home/dysjin/data/CARLA.v20-carla_v20.coco/valid/041861_png.rf.f5f3812ca6c536c5c25bea3d596be111.jpg 401,210,430,239,1,0.266237 395,210,409,232,1,0.001445
/home/dysjin/data/CARLA.v20-carla_v20.coco/valid/003755_png.rf.f6343810071c5f5401b5697ef363285d.jpg 407,213,434,244,1,0.946789
/home/dysjin/data/CARLA.v20-carla_v20.coco/valid/001630_png.rf.ff5ced110f03f998a7a6998ddf647fd2.jpg 407,210,435,241,0,0.994621 624,167,640,223,0,0.006793 167,222,184,242,0,0.005192 196,183,210,207,0,0.002596
/home/dysjin/data/CARLA.v20-carla_v20.coco/valid/003751_png.rf.0ff9ef7c8c8e4f5eab52437609a3b501.jpg 395,216,420,244,1,0.941247
/home/dysjin/data/CARLA.v20-carla_v20.coco/valid/Town02_008820_png.rf.135414697b8215dc125af6b125d3058c.jpg 480,171,492,190,0,0.120533 391,180,405,204,0,0.113832 433,174,445,191,0,0.025145 142,172,158,192,0,0.014839 441,174,453,191,0,0.008989 625,103,640,163,0,0.005386 382,179,398,205,0,0.003573 489,172,504,190,0,0.003271 233,172,245,191,0,0.002954 504,172,517,191,0,0.002740 344,172,355,192,0,0.002518 271,163,282,181,0,0.001799 333,172,345,193,0,0.001562 616,146,629,172,0,0.001468 469,171,483,190,0,0.001440 614,102,634,141,0,0.001216 590,149,603,169,0,0.001191 528,135,541,157,0,0.001142 477,179,492,203,0,0.001116 233,161,245,182,0,0.001087 403,174,415,194,0,0.001021
/home/dysjin/data/CARLA.v20-carla_v20.coco/valid/006578_png.rf.21f08e8ed63ab67b3ef05528af8ef9e6.jpg 368,222,384,239,0,0.913711 360,219,375,241,0,0.001123
/home/dysjin/data/CARLA.v20-carla_v20.coco/valid/Town02_006720_png.rf.2632fd4f3d65ff215e84d472badfd870.jpg 565,174,580,193,0,0.882019 0,166,11,196,1,0.411254 572,173,586,191,0,0.092322 558,172,571,194,0,0.012422 443,174,456,192,0,0.005648 454,173,468,192,0,0.004629 0,166,16,200,0,0.003906 244,172,257,192,0,0.002343 345,175,357,194,0,0.001862 563,65,606,104,0,0.001598 430,173,444,191,0,0.001277 452,181,465,203,0,0.001096 564,75,632,136,0,0.001078 466,172,479,191,0,0.001040
/home/dysjin/data/CARLA.v20-carla_v20.coco/valid/007070_png.rf.2316a0a54db7e4a749f421570aadd160.jpg 382,215,403,242,2,0.812365
/home/dysjin/data/CARLA.v20-carla_v20.coco/valid/041819_png.rf.374472e0a0868df264a4100cb7734e35.jpg 172,220,187,239,1,0.868392 168,220,190,247,0,0.001986
/home/dysjin/data/CARLA.v20-carla_v20.coco/valid/003766_png.rf.3dbe103da1003d1fb3bd18ad0d0894b4.jpg 460,198,509,244,1,0.878053
/home/dysjin/data/CARLA.v20-carla_v20.coco/valid/026849_png.rf.52e90800c02b90489d2521817c6942f7.jpg 422,206,457,240,0,0.992814 624,86,640,155,0,0.018901 344,212,357,230,0,0.002805 611,98,640,143,0,0.001553 624,128,640,188,0,0.001118
/home/dysjin/data/CARLA.v20-carla_v20.coco/valid/041864_png.rf.51f1d81198f2e5b7a450f586235760ec.jpg 420,207,445,241,1,0.879411 355,221,369,241,1,0.021822
/home/dysjin/data/CARLA.v20-carla_v20.coco/valid/009044_png.rf.59d4a83882b4b6af242cbd9e0e31ba80.jpg 560,220,578,240,0,0.888720 0,209,13,234,1,0.250906 548,165,596,203,0,0.011165 0,207,19,238,0,0.003508 538,195,554,219,0,0.002772 572,224,585,239,0,0.002241 529,196,542,219,0,0.001899 0,201,13,259,1,0.001387 545,208,582,242,0,0.001368
/home/dysjin/data/CARLA.v20-carla_v20.coco/valid/Town01_010680_png.rf.5537782525200ced228c602e6dcc3456.jpg 368,173,382,189,0,0.715161 375,175,388,191,0,0.006139 232,176,244,194,0,0.005661 368,167,381,188,1,0.003905 361,171,375,193,0,0.002479 223,175,235,194,0,0.001719 364,178,383,202,0,0.001573 148,174,160,192,0,0.001121
/home/dysjin/data/CARLA.v20-carla_v20.coco/valid/007085_png.rf.5a7141063cfddac158b01dce18de1e48.jpg 429,202,462,247,2,0.920593 360,38,400,108,2,0.010638 419,185,449,271,2,0.001125
/home/dysjin/data/CARLA.v20-carla_v20.coco/valid/041820_png.rf.69e77a8e269d90d89efc21e5026a7083.jpg 181,221,195,239,1,0.685785 173,217,190,242,1,0.002781 191,221,205,240,1,0.001657 181,208,201,243,1,0.001349
/home/dysjin/data/CARLA.v20-carla_v20.coco/valid/Town05_016500_png.rf.75b431585ae9c755044e81517b796324.jpg 458,177,478,197,0,0.771844 604,185,617,206,0,0.009726 18,139,55,205,0,0.001923 0,142,40,177,0,0.001598 589,208,602,227,0,0.001536 612,182,625,206,0,0.001135 447,179,489,204,0,0.001036
/home/dysjin/data/CARLA.v20-carla_v20.coco/valid/026847_png.rf.7a28094ba474fb2fab06e58f1ebea83c.jpg 415,207,443,238,0,0.995523 344,212,356,231,0,0.001746 624,207,640,258,0,0.001408
/home/dysjin/data/CARLA.v20-carla_v20.coco/valid/003814_png.rf.9123d8ff8e23490d6f5201cb816e4fc2.jpg 547,176,621,245,0,0.964510 526,127,640,291,0,0.050556
/home/dysjin/data/CARLA.v20-carla_v20.coco/valid/Town01_001500_png.rf.9254a251a5c6eb6313adba6a6adf1620.jpg 385,172,404,192,0,0.980584 439,127,486,168,0,0.016082 400,174,413,192,0,0.002125 357,174,368,191,0,0.001698 345,173,357,192,0,0.001622 282,159,294,179,0,0.001428
/home/dysjin/data/CARLA.v20-carla_v20.coco/valid/005160_png.rf.922d9f2da21b5b11121905df87e629d7.jpg 404,212,427,242,2,0.966378
