/home/dysjin/data/CARLA.v20-carla_v20.coco/valid/Town05_011820_png.rf.a721d4435d03a17b63243ff374e790d2.jpg 8,175,108,226,6,0.194515 319,189,333,199,6,0.091386 4,195,78,225,6,0.062798 310,187,324,198,6,0.040180 330,190,341,200,6,0.022982 332,185,344,194,6,0.005606 320,197,334,209,6,0.005101 27,167,93,234,3,0.002961 61,190,115,223,6,0.002911 255,179,272,189,6,0.002729 3,131,116,268,4,0.002604 310,197,323,210,6,0.002581 296,187,314,197,6,0.002563 248,177,261,188,6,0.002316 344,181,356,192,6,0.002296 331,197,343,210,6,0.002001 344,189,353,202,6,0.001950 268,181,285,191,6,0.001945 4,207,29,226,6,0.001567 314,183,337,205,3,0.001518 279,182,298,192,6,0.001298 12,56,117,210,6,0.001019
/home/dysjin/data/CARLA.v20-carla_v20.coco/valid/Town05_005760_png.rf.a5aa9e8688171e7bfb57f36e4a648f69.jpg 314,189,328,205,6,0.153855 311,183,327,196,6,0.008737 267,177,283,188,6,0.005802 404,198,442,227,6,0.005753 307,184,330,209,1,0.005609 298,189,314,201,6,0.005407 262,170,274,182,3,0.001946 297,183,312,194,6,0.001666 329,190,341,203,6,0.001551 308,184,338,204,0,0.001549 346,167,357,180,3,0.001531 280,179,295,190,6,0.001472 347,179,358,192,6,0.001310 357,186,366,202,6,0.001251 357,177,368,192,3,0.001045 102,181,114,207,2,0.001035 347,186,358,202,6,0.001034
/home/dysjin/data/CARLA.v20-carla_v20.coco/valid/075705_png.rf.9f5447b468e0280dc956a534954f8a5e.jpg 310,245,348,270,6,0.217803 167,244,249,300,6,0.205862 237,240,266,279,6,0.138543 0,247,173,425,6,0.107031 245,248,263,272,2,0.026137 252,245,266,271,6,0.010490 243,242,263,261,6,0.007278 254,241,266,262,2,0.006302 0,178,284,480,2,0.005912 284,239,301,252,6,0.005881 2,95,177,413,6,0.004737 160,211,256,336,6,0.004304 292,241,307,255,6,0.002624 233,247,265,282,0,0.002621 249,230,270,272,2,0.001933 200,238,251,302,1,0.001707 195,239,266,280,6,0.001534 0,266,96,468,6,0.001524 626,224,640,314,2,0.001513 339,248,355,269,1,0.001314 242,240,280,274,0,0.001287 0,246,202,480,6,0.001255 230,250,257,270,6,0.001252
/home/dysjin/data/CARLA.v20-carla_v20.coco/valid/Town02_006840_png.rf.a4a970c10202604d1dd8c41fe9097525.jpg 579,181,639,218,6,0.167179 564,175,580,199,6,0.050700 159,198,175,216,6,0.013521 176,198,186,219,6,0.013132 0,167,8,200,2,0.011249 499,177,546,211,6,0.008110 0,178,15,242,6,0.008003 558,173,614,204,6,0.007150 199,190,212,205,6,0.005847 346,191,356,207,6,0.005834 570,178,589,198,6,0.005172 0,156,11,236,6,0.005003 148,197,166,215,6,0.004624 396,180,450,207,6,0.004487 557,181,573,202,6,0.004036 517,184,537,207,6,0.003294 559,169,571,184,3,0.002956 595,191,622,209,2,0.002837 584,190,612,205,6,0.002521 1,192,10,227,0,0.002204 130,193,172,217,6,0.002197 282,190,300,201,6,0.002128 0,201,10,235,6,0.002077 525,177,541,198,6,0.001937 596,194,623,215,6,0.001930 172,190,189,226,2,0.001777 0,160,7,190,2,0.001652 585,180,612,196,6,0.001614 619,162,640,233,6,0.001613 428,184,451,202,6,0.001551 183,197,193,218,2,0.001373 0,177,7,216,2,0.001338 563,169,578,185,6,0.001314 613,195,635,216,1,0.001306 353,192,370,205,6,0.001281 590,169,625,206,6,0.001219 0,193,14,264,6,0.001061 540,177,554,194,6,0.001049 0,192,19,380,6,0.001013
/home/dysjin/data/CARLA.v20-carla_v20.coco/valid/Town02_002640_png.rf.ac6bee6a9e4c4b2a1e149670c97196c1.jpg 392,172,405,193,3,0.109946 296,191,366,244,6,0.090721 260,195,291,213,6,0.046649 389,165,409,197,5,0.010693 65,197,88,240,0,0.008545 70,206,84,236,6,0.006008 66,184,89,240,2,0.002512 294,151,369,293,6,0.002500 245,188,260,201,6,0.001905 294,189,318,247,0,0.001881 276,193,295,209,6,0.001387 0,175,98,224,6,0.001383 25,198,81,224,6,0.001376 242,181,258,193,6,0.001103
/home/dysjin/data/CARLA.v20-carla_v20.coco/valid/007096_png.rf.a26873f70f1467f54f0fd09ea8c1731b.jpg 542,173,620,246,3,0.159335 540,177,640,241,4,0.001746
/home/dysjin/data/CARLA.v20-carla_v20.coco/valid/041683_png.rf.abc13a183255cbb5f9aeca7d55d8b4c0.jpg 302,238,340,313,0,0.098625 303,236,334,313,1,0.044363 286,244,359,305,4,0.001886 311,258,327,290,0,0.001281 300,256,335,300,4,0.001146
/home/dysjin/data/CARLA.v20-carla_v20.coco/valid/041699_png.rf.a4a6f7fb7672ac47b317ec4fe3e21c97.jpg 302,237,339,311,0,0.066930 303,234,332,321,1,0.032459 311,257,326,290,0,0.001477 284,244,361,302,4,0.001389 0,176,82,232,6,0.001322 299,256,334,301,4,0.001239
/home/dysjin/data/CARLA.v20-carla_v20.coco/valid/Town02_006480_png.rf.aec43468267a9993201d034f7031ee5c.jpg 354,178,369,189,3,0.018681 198,184,211,210,3,0.008855 348,178,360,189,6,0.007334 205,186,227,207,6,0.005606 297,201,310,219,6,0.003662 195,176,215,214,2,0.002946 220,186,235,208,6,0.002539 348,170,360,183,3,0.001844 355,171,370,183,3,0.001294 197,191,208,217,6,0.001217 195,174,236,203,6,0.001124
/home/dysjin/data/CARLA.v20-carla_v20.coco/valid/Town02_003060_png.rf.b28380c7e6ad26a4ccdfda39d4db7f85.jpg 552,192,618,219,6,0.138057 605,186,637,229,6,0.022117 553,195,572,219,6,0.005727 620,200,639,259,6,0.004288 615,205,634,227,6,0.003964 0,195,9,220,6,0.003249 567,199,600,216,6,0.002590 363,160,388,176,6,0.002506 538,198,559,218,6,0.002506 583,188,611,221,1,0.001589 600,199,626,218,6,0.001344 561,191,581,211,6,0.001289 529,198,543,218,6,0.001221 626,184,637,216,6,0.001206 6,196,57,218,6,0.001144
/home/dysjin/data/CARLA.v20-carla_v20.coco/valid/Town01_009120_png.rf.b3886317404f3c307752dac4625c4b0e.jpg 307,194,330,213,6,0.106085 370,197,397,215,6,0.032037 363,187,410,213,6,0.016981 179,200,196,214,6,0.013602 326,192,343,206,6,0.007144 297,194,317,206,6,0.005453 339,191,360,203,6,0.004012 269,190,283,201,6,0.003530 0,154,35,254,6,0.002964 259,191,272,204,6,0.002500 381,201,409,214,6,0.002319 0,173,77,227,6,0.002052 340,187,388,210,6,0.001997 282,191,296,201,6,0.001765 248,190,259,205,6,0.001612 379,197,438,216,6,0.001575 354,191,377,207,6,0.001550 0,167,13,250,6,0.001462 310,186,360,206,6,0.001272 627,196,638,219,6,0.001239 16,178,45,235,6,0.001076 190,199,211,211,6,0.001052
/home/dysjin/data/CARLA.v20-carla_v20.coco/valid/051305_png.rf.af3e2dc55ae45fc793f7f25eb6fdf7b4.jpg 426,212,463,240,3,0.080101 429,213,460,238,0,0.005816 281,239,296,253,6,0.001567 273,230,285,245,3,0.001134
/home/dysjin/data/CARLA.v20-carla_v20.coco/valid/007291_png.rf.b33e9d647d42777054dfb5f46d23bbad.jpg 382,220,400,239,3,0.139992 379,215,403,243,5,0.016502 384,215,404,245,4,0.002862 383,5,492,247,6,0.002861 377,219,403,238,0,0.001878 373,218,403,235,2,0.001458
/home/dysjin/data/CARLA.v20-carla_v20.coco/valid/Town05_005820_png.rf.abc3e70595852b4f2320e8b55c805a27.jpg 304,193,335,215,6,0.063588 346,178,357,191,6,0.004103 329,191,342,208,6,0.003873 300,194,314,209,6,0.002648 354,177,366,192,6,0.002023 0,25,132,78,6,0.001874 298,182,310,194,6,0.001608 327,198,340,218,1,0.001107 284,189,299,202,6,0.001025
/home/dysjin/data/CARLA.v20-carla_v20.coco/valid/Town05_006960_png.rf.9d31f2ffd8a1d723122d28555c0e3321.jpg 282,189,295,208,6,0.066744 279,181,298,212,0,0.008147 399,194,640,380,6,0.008132 271,187,291,203,6,0.003012 621,198,640,380,0,0.002382 287,189,307,205,6,0.001924 377,172,426,198,6,0.001658 565,227,640,380,6,0.001133
/home/dysjin/data/CARLA.v20-carla_v20.coco/valid/Town02_009720_png.rf.b20474373a38fe973889a895d5aba03e.jpg 298,208,345,252,6,0.076929 267,192,279,208,6,0.040588 609,157,638,193,6,0.006757 293,198,318,260,2,0.002757 413,195,528,351,6,0.002560 290,196,354,250,4,0.002369 264,182,282,215,0,0.002223 307,181,322,190,6,0.001799 192,176,206,197,3,0.001628 604,158,640,204,0,0.001228 322,194,346,265,2,0.001227 452,213,566,380,6,0.001182 279,191,294,204,6,0.001166 315,219,338,242,0,0.001159 316,192,332,204,6,0.001053
/home/dysjin/data/CARLA.v20-carla_v20.coco/valid/Town01_002220_png.rf.9b6e376c042a4b43cdf2a33f00250d62.jpg 214,185,424,380,6,0.143802 579,213,640,250,6,0.047419 101,167,529,380,6,0.007525 286,190,314,205,6,0.006861 269,187,285,202,6,0.004139 280,190,298,204,6,0.003423 182,189,197,204,6,0.002730 256,185,273,201,6,0.002160 541,215,602,251,6,0.002042 607,216,638,233,6,0.001307
/home/dysjin/data/CARLA.v20-carla_v20.coco/valid/Town01_003900_png.rf.b43a572a2d61a01bb389880cf86179de.jpg 210,184,428,380,6,0.140355 553,153,586,251,2,0.009439 403,173,422,237,2,0.008320 0,194,39,221,6,0.007447 98,165,532,380,6,0.007079 0,195,12,219,6,0.002688 0,171,16,227,6,0.002492 623,136,640,362,2,0.001842 327,192,351,206,6,0.001458 624,178,638,262,6,0.001329 0,184,10,213,6,0.001178 406,180,416,218,2,0.001012
/home/dysjin/data/CARLA.v20-carla_v20.coco/valid/029067_png.rf.b686edaf28a0971571945f7b069613d5.jpg 539,219,580,349,2,0.223251 518,237,599,326,4,0.004565 79,214,100,232,6,0.002706 398,235,406,260,2,0.002383 345,215,357,232,3,0.001355
/home/dysjin/data/CARLA.v20-carla_v20.coco/valid/Town02_004200_png.rf.b4d2f32e1287253b4f35bf521927be39.jpg 269,188,291,208,6,0.182535 379,189,394,208,6,0.011438 307,187,320,199,6,0.010596 371,187,386,206,6,0.003968 291,188,310,201,6,0.003193 272,181,288,198,6,0.002979 261,187,279,205,6,0.002286 318,188,329,201,6,0.001815 170,130,257,177,6,0.001668 376,181,396,212,5,0.001608 295,182,311,195,6,0.001470 356,180,371,194,6,0.001238 262,180,275,197,6,0.001227 447,196,500,225,6,0.001137 369,179,381,196,3,0.001065 559,0,638,172,6,0.001030
/home/dysjin/data/CARLA.v20-carla_v20.coco/valid/Town02_002100_png.rf.b49da10e2c41ab65d4c132e46f15d3e3.jpg 274,188,287,205,6,0.159802 305,189,337,283,0,0.074438 0,184,14,212,6,0.034097 304,186,332,294,1,0.012781 311,189,324,203,6,0.012451 299,189,331,275,2,0.012321 269,182,291,209,1,0.007620 0,158,15,218,6,0.004286 275,182,287,197,3,0.003977 6,190,21,209,6,0.003556 0,181,22,209,6,0.003294 302,182,329,260,6,0.002411 262,190,277,204,6,0.002051 293,191,309,204,6,0.002022 60,172,119,199,6,0.001908 265,183,290,205,2,0.001764 280,181,290,197,6,0.001724 1,173,10,203,0,0.001396 2,177,25,216,0,0.001348 272,183,305,204,0,0.001140
/home/dysjin/data/CARLA.v20-carla_v20.coco/valid/003752_png.rf.bb0716bc5b93fa8b10f41577e20a2f35.jpg 398,216,423,242,3,0.104066 307,238,325,253,6,0.048920 400,217,420,237,4,0.020431 302,233,328,257,5,0.002498
/home/dysjin/data/CARLA.v20-carla_v20.coco/valid/138327_png.rf.b4aecc174d58e25a6e680c2468864172.jpg 15,226,44,307,2,0.117464 513,389,640,468,6,0.004514 459,257,640,480,6,0.004196 8,237,47,288,1,0.003611 331,240,344,251,6,0.002951 11,222,35,305,6,0.002896 319,240,334,249,6,0.002863 0,227,18,311,2,0.002406 23,248,38,285,0,0.002111 0,236,67,297,4,0.001865 306,240,322,250,6,0.001734 624,376,640,457,6,0.001461 0,238,67,302,6,0.001286 308,231,322,242,6,0.001265 624,368,639,442,2,0.001233 331,232,344,243,6,0.001186 7,235,33,320,2,0.001137 475,302,640,480,1,0.001028
/home/dysjin/data/CARLA.v20-carla_v20.coco/valid/Town05_009600_png.rf.b886b3525f44da0ae66796230d91b958.jpg 585,183,635,207,6,0.214795 100,188,217,232,6,0.119330 377,189,414,209,6,0.113511 97,201,156,231,6,0.058195 527,183,544,199,6,0.057471 464,192,500,213,6,0.056233 157,191,217,221,6,0.047464 574,187,597,203,6,0.046782 557,186,588,201,6,0.038265 397,190,419,207,6,0.015783 551,181,575,196,6,0.009879 195,199,216,220,6,0.009407 537,182,553,196,6,0.007861 624,174,640,236,6,0.006139 486,192,503,210,6,0.005650 629,186,639,224,3,0.005648 508,192,635,364,6,0.004808 370,187,390,206,6,0.003594 525,174,547,202,0,0.003586 629,182,639,215,6,0.003189 484,186,532,209,6,0.002733 518,182,537,195,6,0.002722 499,191,521,205,6,0.002445 441,187,460,199,6,0.002248 102,206,129,229,6,0.002131 456,191,474,207,6,0.002104 133,181,202,218,6,0.001432 413,189,430,202,6,0.001412 528,178,568,198,6,0.001280 455,182,468,195,6,0.001230 99,201,121,234,0,0.001177 0,205,7,238,2,0.001157 626,176,639,256,2,0.001143 0,214,7,251,2,0.001133 588,180,606,198,6,0.001099 429,188,444,199,6,0.001046 0,194,11,270,2,0.001028 163,189,196,221,1,0.001019
/home/dysjin/data/CARLA.v20-carla_v20.coco/valid/Town01_002340_png.rf.b8976b6d8f366e29aeb47fb3b3146b33.jpg 213,186,424,380,6,0.142722 579,212,640,250,6,0.046119 271,189,289,203,6,0.039395 104,167,526,380,6,0.007432 286,191,311,204,6,0.004739 181,189,197,204,6,0.002801 255,186,274,201,6,0.002425 541,215,601,250,6,0.001898 273,184,298,209,0,0.001698 607,216,638,233,6,0.001534 622,195,640,250,6,0.001112
/home/dysjin/data/CARLA.v20-carla_v20.coco/valid/Town05_009780_png.rf.c3069a0d7ec82f2e1960c0497cec36fe.jpg 282,199,350,245,6,0.068579 424,207,473,235,6,0.021731 373,189,383,203,6,0.017420 375,190,393,202,3,0.002778 303,193,323,204,6,0.002367 297,191,332,231,6,0.002018 295,191,310,203,6,0.001919 300,203,327,220,6,0.001496 275,156,359,293,1,0.001429 282,190,296,201,6,0.001229 315,193,334,204,6,0.001227 294,199,314,218,6,0.001129 372,181,382,197,3,0.001084
/home/dysjin/data/CARLA.v20-carla_v20.coco/valid/Town05_002700_png.rf.b9dfa75f628efa31633800bb9dfee796.jpg 364,181,389,196,6,0.085844 355,185,378,197,6,0.015171 391,180,406,191,6,0.013719 393,186,403,198,6,0.005157 0,192,11,218,6,0.004431 346,184,359,199,6,0.003302 420,186,432,200,6,0.002453 405,180,418,192,6,0.002443 0,173,15,223,6,0.002288 372,173,396,199,6,0.002110 431,186,441,202,6,0.002106 393,172,406,182,3,0.001218 217,174,258,199,6,0.001150 369,170,387,183,6,0.001017
/home/dysjin/data/CARLA.v20-carla_v20.coco/valid/005173_png.rf.c24ac196d86260d3a384e12093bfa5ef.jpg 475,188,526,251,3,0.156865 475,187,520,249,4,0.010330 480,194,531,242,6,0.003148 465,161,535,283,3,0.001429
/home/dysjin/data/CARLA.v20-carla_v20.coco/valid/Town01_005820_png.rf.c9053a957ff7561268673aaec9e095f0.jpg 298,186,345,318,0,0.203352 298,183,339,317,1,0.041550 400,184,428,216,6,0.033098 398,189,412,210,6,0.005218 176,209,201,223,6,0.004722 310,187,326,203,6,0.004602 344,178,358,190,6,0.003364 282,203,362,298,4,0.003273 127,194,136,223,2,0.003027 303,192,341,336,6,0.002642 353,168,369,183,3,0.002544 371,188,382,204,6,0.002388 624,126,639,190,6,0.002194 308,180,322,193,6,0.001882 352,178,369,189,3,0.001619 624,218,640,275,6,0.001582 400,192,468,218,6,0.001513 192,205,211,219,6,0.001244 172,201,189,220,6,0.001156 381,189,395,204,6,0.001107 628,135,638,164,6,0.001028 398,177,410,197,3,0.001012
/home/dysjin/data/CARLA.v20-carla_v20.coco/valid/Town01_011580_png.rf.c8aa9ea674a7d69974d55bf63b55ddbf.jpg 584,191,637,218,6,0.236135 265,191,290,208,6,0.193186 51,191,80,229,6,0.044878 468,204,523,242,6,0.040761 416,196,436,214,6,0.029122 316,181,333,195,6,0.016064 309,186,325,197,6,0.011442 578,184,601,228,6,0.007545 558,185,568,209,6,0.006514 581,169,640,206,6,0.005371 627,195,638,224,6,0.005016 557,191,568,220,2,0.004043 33,187,57,201,6,0.003370 46,191,69,205,6,0.002872 404,197,426,213,6,0.002837 245,191,265,202,6,0.002444 445,198,597,244,6,0.002296 256,195,279,210,6,0.002187 585,196,608,215,6,0.002170 291,188,308,201,6,0.002161 475,186,504,235,6,0.001929 30,181,53,194,6,0.001886 593,194,626,208,6,0.001812 31,185,78,210,6,0.001796 82,181,103,194,6,0.001623 602,162,637,233,6,0.001610 482,212,508,233,1,0.001454 560,181,581,229,6,0.001390 391,191,404,206,6,0.001353 57,193,77,208,6,0.001274 557,176,569,195,6,0.001233 622,168,640,231,6,0.001182 51,196,69,219,6,0.001176 563,187,576,209,6,0.001101 164,194,175,217,2,0.001082 581,188,596,211,6,0.001050
/home/dysjin/data/CARLA.v20-carla_v20.coco/valid/Town01_007440_png.rf.bed11eeb1dde416bf8789b24a8a5c0f8.jpg 554,173,640,218,6,0.112074 262,194,274,213,6,0.059020 527,180,552,218,6,0.033859 296,188,312,198,6,0.026290 524,185,589,222,6,0.007017 222,202,236,216,6,0.006966 261,185,277,216,1,0.003840 280,190,302,202,6,0.003095 179,213,198,226,6,0.002745 619,162,640,231,6,0.002577 259,189,277,219,5,0.002576 303,183,318,194,6,0.002556 595,187,639,220,6,0.001678 523,189,555,218,0,0.001610 530,167,580,225,4,0.001465 556,122,640,272,4,0.001427 401,197,417,215,6,0.001339 345,187,356,205,6,0.001046
/home/dysjin/data/CARLA.v20-carla_v20.coco/valid/Town05_011760_png.rf.c548e0a947d80bc036151e4db99afcfa.jpg 11,205,201,330,6,0.149862 316,187,331,198,6,0.063842 329,188,341,199,6,0.004320 0,162,370,380,0,0.004180 312,184,323,195,3,0.003215 0,123,261,380,2,0.001838 181,211,207,275,2,0.001821 50,226,213,321,0,0.001712 0,34,220,380,6,0.001624 108,194,456,380,6,0.001486 331,183,344,194,6,0.001477 311,182,336,205,5,0.001267 259,177,273,190,6,0.001074 298,186,313,199,6,0.001071 0,242,143,338,0,0.001058
/home/dysjin/data/CARLA.v20-carla_v20.coco/valid/075708_png.rf.c1818fa586a2b613b2806f928a933d9d.jpg 310,244,348,269,6,0.217319 167,242,247,299,6,0.200041 237,239,266,278,6,0.136339 0,248,170,422,6,0.121356 244,246,263,270,0,0.028026 217,245,262,286,6,0.017042 252,244,266,270,2,0.011379 243,242,263,261,6,0.008006 0,187,280,480,2,0.006086 3,103,177,409,6,0.003699 0,268,96,465,6,0.002774 345,240,358,259,2,0.002287 340,247,355,268,1,0.002045 352,240,366,256,6,0.001744 201,235,249,301,1,0.001573 284,239,299,254,6,0.001201 230,250,257,269,6,0.001188 0,243,202,480,6,0.001041
/home/dysjin/data/CARLA.v20-carla_v20.coco/valid/Town05_009900_png.rf.c90bd5781f975f44de47fd794a1f9ac6.jpg 354,193,427,250,6,0.139293 333,189,346,201,6,0.030730 417,188,429,205,6,0.010336 340,190,353,202,6,0.006681 375,184,421,211,6,0.005897 322,188,337,200,6,0.004097 443,181,459,192,6,0.002825 344,156,436,289,6,0.002755 419,194,431,221,2,0.002571 414,182,435,234,2,0.002249 347,186,434,243,0,0.001926 390,182,409,193,6,0.001906 417,181,430,194,6,0.001860 306,181,322,192,6,0.001767 352,160,437,284,4,0.001759 384,190,414,204,6,0.001666 407,182,421,194,6,0.001503 406,187,424,203,6,0.001418 474,179,500,191,6,0.001384 308,188,323,199,6,0.001281 427,189,443,202,6,0.001278 443,188,458,199,6,0.001130 428,182,447,192,6,0.001040
/home/dysjin/data/CARLA.v20-carla_v20.coco/valid/Town05_009660_png.rf.cc2e0d6a11c64dbe092a6e9321c6a170.jpg 238,190,387,325,6,0.185871 411,187,466,209,6,0.136369 612,183,637,201,6,0.029747 626,173,637,202,6,0.004863 38,147,593,380,2,0.003221 211,185,225,200,6,0.003202 292,190,310,204,6,0.002484 371,180,385,196,6,0.002387 599,185,626,199,6,0.002141 255,181,269,194,6,0.001846 628,189,640,218,6,0.001817 404,172,470,205,3,0.001385 604,175,640,211,0,0.001117
/home/dysjin/data/CARLA.v20-carla_v20.coco/valid/003769_png.rf.c5c0c17fa97551316c57744e9608f796.jpg 496,186,547,251,3,0.156023 305,239,324,254,6,0.101102 499,189,545,248,4,0.008138 284,236,320,255,6,0.004395 294,233,316,245,6,0.001596 356,228,370,244,3,0.001497 489,160,554,281,1,0.001439 505,194,555,241,6,0.001376 506,207,539,230,1,0.001024
/home/dysjin/data/CARLA.v20-carla_v20.coco/valid/121197_png.rf.c99e70822c663f40252f74e6b2ad5094.jpg 249,258,387,375,6,0.211344 486,245,532,270,6,0.032129 235,224,425,420,1,0.005101 39,191,592,480,2,0.003369
/home/dysjin/data/CARLA.v20-carla_v20.coco/valid/004966_png.rf.c9d8d72d0920460b612251c5fddc5770.jpg 427,205,466,239,3,0.175841 428,200,465,242,5,0.079007 433,208,463,234,0,0.007138 510,211,537,360,2,0.005746 428,191,468,252,4,0.001411
/home/dysjin/data/CARLA.v20-carla_v20.coco/valid/Town01_006240_png.rf.cc5628eb556a5a5bd1824a8d19313b41.jpg 311,192,325,208,6,0.120244 299,190,312,203,6,0.060079 607,158,638,255,0,0.031208 593,198,640,240,6,0.018205 307,186,328,213,1,0.011316 313,182,330,218,6,0.010577 620,197,639,264,6,0.009308 367,182,383,191,6,0.007359 299,182,311,196,6,0.007005 610,171,637,261,2,0.006789 370,185,385,199,6,0.005281 377,181,395,191,6,0.005087 0,187,11,252,2,0.004639 310,184,324,195,6,0.003490 359,180,373,190,6,0.002719 389,177,408,188,6,0.002460 607,166,637,226,6,0.002386 402,168,419,181,3,0.001930 626,204,637,239,6,0.001663 613,110,638,263,6,0.001650 624,226,638,256,6,0.001262 10,203,54,234,6,0.001197 599,194,640,247,0,0.001195 295,184,316,209,5,0.001079 287,190,300,203,6,0.001052 0,195,11,264,2,0.001006
/home/dysjin/data/CARLA.v20-carla_v20.coco/valid/001638_png.rf.c98e4c5bc2a68de358073a26469c81b2.jpg 421,208,453,242,3,0.108894 425,214,451,237,1,0.011977 421,211,453,244,6,0.006433 154,227,169,245,3,0.003432 30,235,79,257,6,0.002378 488,231,640,480,6,0.001901
/home/dysjin/data/CARLA.v20-carla_v20.coco/valid/051274_png.rf.d5f64278c64b556983082379a316485f.jpg 558,171,637,246,3,0.142977 555,174,640,257,4,0.005613 358,228,373,244,3,0.004549
/home/dysjin/data/CARLA.v20-carla_v20.coco/valid/Town01_001440_png.rf.e4b4351effd31d5b433710cffb8243e4.jpg 384,174,399,193,3,0.159139 379,168,404,198,5,0.017287 271,189,283,202,6,0.004199 383,167,405,198,4,0.003720 279,190,297,200,6,0.002478 376,171,404,192,6,0.002452 0,189,15,252,6,0.001448 319,189,332,200,6,0.001232 292,189,308,200,6,0.001146
/home/dysjin/data/CARLA.v20-carla_v20.coco/valid/019121_png.rf.deb86464dd224ac85f75272f851fc0a8.jpg 542,240,574,255,6,0.090508 506,239,564,258,6,0.085095 391,240,412,295,2,0.024189 502,243,528,257,6,0.012308 540,232,560,247,6,0.002210 396,244,407,279,2,0.002202 520,227,573,251,6,0.001337 533,246,565,259,6,0.001129 370,214,384,231,3,0.001002
/home/dysjin/data/CARLA.v20-carla_v20.coco/valid/041811_png.rf.e8d4c17844854d24f9b2bec66a8a8889.jpg 48,227,65,245,3,0.058410 0,239,15,299,6,0.034361 0,247,10,292,0,0.018358 599,248,638,272,6,0.017787 51,229,75,244,6,0.016125 46,233,63,252,6,0.014860 5,241,53,275,6,0.012122 44,221,69,250,6,0.010575 0,236,29,284,6,0.009538 1,243,11,280,0,0.006988 413,206,459,230,6,0.006656 33,247,53,264,6,0.005728 2,239,27,294,1,0.004509 1,223,16,276,6,0.003711 5,249,24,272,6,0.003606 3,235,12,263,6,0.003315 625,246,638,272,6,0.003270 0,221,20,321,0,0.002860 0,249,29,286,0,0.002488 21,250,44,266,6,0.002413 0,255,7,302,0,0.002188 6,239,23,258,6,0.002149 45,245,62,264,6,0.002147 38,227,54,244,6,0.001976 37,236,53,256,6,0.001727 40,229,72,256,0,0.001716 0,208,19,384,0,0.001610 32,226,58,265,6,0.001331 0,214,19,428,6,0.001247 41,235,67,273,6,0.001142 22,240,43,255,6,0.001130
/home/dysjin/data/CARLA.v20-carla_v20.coco/valid/041657_png.rf.e06a4a0ae870ee5d8dbe97fc65b5b666.jpg 302,238,339,312,0,0.081306 304,234,333,312,1,0.061846 311,256,327,291,0,0.001673 286,244,359,304,4,0.001436 623,226,638,289,6,0.001344 0,222,11,295,2,0.001128 624,211,639,284,2,0.001111 0,241,7,276,2,0.001097
/home/dysjin/data/CARLA.v20-carla_v20.coco/valid/001519_png.rf.e42bb854e84b40164ed2795569b2eb6f.jpg 571,219,587,241,3,0.067874 605,213,639,258,6,0.018726 573,217,587,237,4,0.016513 492,223,520,345,0,0.009410 340,235,354,250,6,0.008678 342,232,354,245,3,0.005227 613,234,636,255,6,0.004833 628,218,638,254,6,0.003576 570,219,619,246,6,0.003024 603,221,619,246,6,0.002965 568,217,603,242,0,0.002720 294,241,310,254,6,0.002294 598,204,626,242,6,0.002202 618,55,637,256,2,0.002148 168,243,190,257,6,0.001845 612,212,632,231,6,0.001772 585,224,604,242,6,0.001651 282,242,299,254,6,0.001427 304,241,319,253,6,0.001367 624,179,638,244,6,0.001168
/home/dysjin/data/CARLA.v20-carla_v20.coco/valid/Town02_005280_png.rf.ec981f5d8aec80a53ec1f9961c2321af.jpg 158,197,209,264,6,0.135491 53,197,128,220,6,0.130750 100,201,131,221,6,0.017012 42,205,96,225,6,0.016526 2,197,14,219,6,0.013475 36,208,69,222,6,0.006910 631,215,639,250,6,0.004023 76,202,109,220,6,0.003078 0,205,12,228,6,0.002985 4,199,56,220,6,0.002694 307,190,322,201,6,0.002175 5,183,128,224,6,0.002170 146,165,223,292,0,0.002033 297,190,311,201,6,0.001883 179,218,203,243,0,0.001743 153,183,189,271,1,0.001679 65,195,94,223,6,0.001631 315,190,334,201,6,0.001532 186,195,212,253,6,0.001332 86,187,139,217,3,0.001244 624,99,640,172,6,0.001168 574,16,640,193,3,0.001143 368,196,379,217,3,0.001056
/home/dysjin/data/CARLA.v20-carla_v20.coco/valid/001509_png.rf.ed3baed466e7f65c1a01fb57bf942b65.jpg 572,218,587,242,3,0.056299 606,213,640,258,6,0.026362 573,216,586,237,4,0.023493 492,223,519,345,0,0.008228 340,235,354,250,6,0.007231 613,233,636,255,6,0.004629 343,232,354,245,3,0.004283 627,218,638,254,6,0.004039 293,242,309,254,6,0.003900 588,204,637,242,6,0.003152 567,216,603,242,0,0.002497 570,218,620,246,6,0.002373 304,241,320,253,6,0.002004 603,220,619,246,6,0.001931 601,212,621,233,6,0.001921 283,242,300,254,6,0.001828 169,243,189,257,6,0.001773 612,212,633,232,6,0.001735 618,54,637,256,2,0.001615 628,196,638,228,6,0.001554 600,220,640,265,0,0.001412 585,223,604,242,6,0.001200
/home/dysjin/data/CARLA.v20-carla_v20.coco/valid/033890_png.rf.e368755037cdc345b45b625d64db27a1.jpg 253,239,400,358,6,0.300571 593,224,630,337,2,0.161161 577,235,640,317,4,0.006007 118,120,514,467,2,0.005430 255,220,282,384,1,0.004144 623,228,639,336,2,0.002725 387,227,413,387,0,0.002633 622,241,640,344,6,0.002148 80,237,103,284,2,0.001766 85,253,97,283,2,0.001015
/home/dysjin/data/CARLA.v20-carla_v20.coco/valid/075724_png.rf.e0c3e9a2b7f318c71e76ccdcb0dda6a1.jpg 295,244,330,266,6,0.170054 53,246,195,341,6,0.119837 0,249,84,440,6,0.101195 194,248,239,284,6,0.065068 223,237,247,288,6,0.022623 0,263,85,480,6,0.010358 2,253,61,361,6,0.009088 222,250,240,276,2,0.007709 228,248,243,276,0,0.006089 219,252,239,280,1,0.005226 5,244,64,405,0,0.004711 0,291,87,399,1,0.004454 282,244,298,257,6,0.003523 273,241,288,253,6,0.003118 63,228,197,356,4,0.002828 166,241,248,293,6,0.002718 310,246,331,267,1,0.002493 623,210,638,281,6,0.002449 113,250,239,307,6,0.002237 205,256,230,278,0,0.001856 0,92,302,480,2,0.001785 206,232,245,301,6,0.001695 0,235,82,355,6,0.001601 33,192,241,382,1,0.001454 101,241,169,330,3,0.001399 0,256,75,314,6,0.001332 203,254,232,272,6,0.001330 626,230,637,262,6,0.001253 313,244,330,259,6,0.001165 626,216,640,295,2,0.001153 19,212,256,463,6,0.001029 0,232,33,337,6,0.001022
/home/dysjin/data/CARLA.v20-carla_v20.coco/valid/112477_png.rf.ecf5d82849f8b68362ce65c8d2645a1c.jpg 337,229,362,302,2,0.072585 597,237,627,254,6,0.022379 332,229,363,304,0,0.003827 624,233,637,260,6,0.002849 332,226,363,301,6,0.002155 344,243,357,282,0,0.001789 332,241,366,284,1,0.001719
/home/dysjin/data/CARLA.v20-carla_v20.coco/valid/Town02_001980_png.rf.ee7206fcf98c96c61f2900b25e79ce20.jpg 301,191,341,311,0,0.203164 0,191,61,220,6,0.113573 301,188,336,311,1,0.063138 158,189,174,218,6,0.056472 42,196,68,215,6,0.044810 158,179,177,220,2,0.033859 156,186,178,221,0,0.026336 60,172,122,201,6,0.017114 0,173,16,223,6,0.008888 1,181,33,217,6,0.008800 148,189,166,210,6,0.005812 308,188,321,204,6,0.005078 398,138,411,161,3,0.004698 133,187,155,204,6,0.004610 164,192,182,214,6,0.004356 2,184,12,213,2,0.004197 295,187,308,201,6,0.003941 15,198,43,214,6,0.003897 162,176,186,218,0,0.003800 131,186,172,211,6,0.003671 165,185,213,209,6,0.003623 33,183,100,211,6,0.003272 284,180,295,193,6,0.003061 0,190,12,218,6,0.003027 54,190,72,209,6,0.002611 0,158,14,216,6,0.002420 10,201,69,230,6,0.002091 1,173,10,201,0,0.002017 282,207,363,294,4,0.001839 31,183,61,217,6,0.001758 65,189,93,203,6,0.001664 68,178,92,196,6,0.001644 41,166,69,209,6,0.001558 400,143,415,166,4,0.001251 121,187,136,205,6,0.001206 74,187,105,201,6,0.001177
/home/dysjin/data/CARLA.v20-carla_v20.coco/valid/026829_png.rf.e6f26e62f316568466a95ba7fd18d850.jpg 374,221,391,240,3,0.115248 25,240,81,273,6,0.015412 373,214,392,246,4,0.015284 0,221,14,297,2,0.012865 370,217,392,244,5,0.007219 0,225,29,290,6,0.005665 0,231,14,303,6,0.005212 1,210,14,287,6,0.003691 1,238,9,279,2,0.003380 0,240,63,277,6,0.002352 0,248,9,288,2,0.002006 371,219,402,239,0,0.001900 367,219,392,240,2,0.001164 1,227,9,268,2,0.001092
/home/dysjin/data/CARLA.v20-carla_v20.coco/valid/007076_png.rf.d635d979c35f5dd6da756ef9889aef0b.jpg 394,214,420,243,3,0.067302 394,217,421,239,6,0.038533 393,218,423,239,0,0.013653 398,217,418,238,5,0.013267 393,217,418,241,4,0.005221 194,223,206,246,3,0.002720
/home/dysjin/data/CARLA.v20-carla_v20.coco/valid/112475_png.rf.df928fa484eb08e1454caacc1e194352.jpg 331,231,355,302,2,0.098909 607,239,634,254,6,0.022607 327,227,355,308,0,0.003309 326,246,357,288,1,0.002901 624,233,637,259,6,0.002731 336,246,349,288,0,0.002376 338,243,350,283,2,0.001675 588,227,635,251,6,0.001371
/home/dysjin/data/CARLA.v20-carla_v20.coco/valid/Town02_006960_png.rf.eedfb90c1deb0d66a31341acd2e08f4f.jpg 147,163,166,182,3,0.162471 0,177,30,209,6,0.091506 580,186,640,231,6,0.077493 143,158,170,184,5,0.031114 264,168,315,193,6,0.012960 150,167,170,183,4,0.010046 141,160,170,180,6,0.007218 585,213,639,243,6,0.007153 578,170,640,205,6,0.003604 145,172,169,240,2,0.002897 593,180,628,217,6,0.002023 146,168,164,188,6,0.002010 562,182,613,213,6,0.002003 567,197,582,215,6,0.001781 229,173,335,222,6,0.001586 17,184,34,206,1,0.001437 3,175,16,202,6,0.001399 573,188,595,206,6,0.001285 574,196,592,217,6,0.001245 146,163,169,223,1,0.001070 572,134,640,277,0,0.001054 287,174,313,191,6,0.001042 238,188,289,226,6,0.001017 617,201,639,380,6,0.001010
/home/dysjin/data/CARLA.v20-carla_v20.coco/valid/Town05_010860_png.rf.f31c0584fff1474ad2b0f4132e874f7d.jpg 1,183,55,214,6,0.180824 308,174,329,257,1,0.108198 310,177,331,250,0,0.056058 308,179,330,248,2,0.055181 14,190,45,209,6,0.004894 0,192,13,216,6,0.004567 1,175,19,221,6,0.003684 313,194,326,230,0,0.002309 0,195,36,212,6,0.002282 308,176,329,227,6,0.002187 299,194,335,230,1,0.002122 30,190,56,209,6,0.001989 358,182,372,194,6,0.001576 0,173,69,219,6,0.001179
/home/dysjin/data/CARLA.v20-carla_v20.coco/valid/Town05_004800_png.rf.ee7c080c8716cb366969ca625bb6d68b.jpg 241,186,270,203,6,0.107409 349,182,361,203,6,0.064882 363,187,383,200,6,0.012197 217,190,238,204,6,0.011160 493,234,636,380,6,0.007816 225,188,259,203,6,0.005844 330,184,350,200,6,0.005031 396,186,406,203,6,0.003747 346,172,364,206,2,0.002989 352,182,393,203,6,0.002810 628,168,638,201,6,0.002514 624,150,639,217,6,0.002186 254,183,269,196,6,0.001890 378,187,395,200,6,0.001813 183,188,198,202,6,0.001799 322,179,336,193,6,0.001585 406,188,419,201,6,0.001424 264,187,282,200,6,0.001167 230,183,254,196,6,0.001061 217,179,267,200,6,0.001039
/home/dysjin/data/CARLA.v20-carla_v20.coco/valid/Town05_009840_png.rf.f5040ce45ecca2822cb3b1b4ea8a6f61.jpg 293,196,365,249,6,0.158121 289,205,316,257,6,0.005244 288,155,372,293,6,0.003919 283,192,296,203,6,0.002028 285,201,298,216,6,0.001487 629,200,640,289,2,0.001425 367,179,381,194,3,0.001031
/home/dysjin/data/CARLA.v20-carla_v20.coco/valid/041861_png.rf.f5f3812ca6c536c5c25bea3d596be111.jpg 101,241,223,307,6,0.180409 302,236,325,295,2,0.144200 302,236,325,292,0,0.086483 401,211,431,242,3,0.061124 402,214,430,243,6,0.047493 405,216,428,238,4,0.018652 217,226,239,289,2,0.012671 558,209,638,396,6,0.006145 117,193,201,302,6,0.004324 89,211,235,337,4,0.004174 295,239,319,294,6,0.003977 296,244,328,282,1,0.003040 125,232,194,317,3,0.002243 548,240,640,317,6,0.002095 217,225,240,273,0,0.001855 222,240,235,275,2,0.001665 400,215,441,243,0,0.001388 222,236,236,261,6,0.001327 311,233,331,299,1,0.001270 313,251,328,274,6,0.001118
/home/dysjin/data/CARLA.v20-carla_v20.coco/valid/Town02_003120_png.rf.f36fecf8d2ee4965c1f3bddaaaad5f33.jpg 412,191,486,218,6,0.124719 610,184,639,216,6,0.041340 405,199,425,220,6,0.023325 618,187,640,249,6,0.014613 559,188,608,209,6,0.012147 597,191,622,208,6,0.007765 621,194,637,222,6,0.007330 617,156,639,253,0,0.004709 392,198,414,214,6,0.004318 0,194,9,220,6,0.003623 432,198,466,214,6,0.002141 375,198,401,213,6,0.002086 464,200,486,220,6,0.002076 365,160,386,176,6,0.001851 272,187,330,210,6,0.001774 562,191,584,207,6,0.001687 605,194,640,242,0,0.001465 586,197,611,211,6,0.001366 619,159,640,276,2,0.001140 626,173,637,202,6,0.001092
/home/dysjin/data/CARLA.v20-carla_v20.coco/valid/003755_png.rf.f6343810071c5f5401b5697ef363285d.jpg 405,214,435,242,3,0.045021 405,212,435,242,4,0.037143 308,238,324,252,6,0.019778 407,216,433,238,6,0.015161
/home/dysjin/data/CARLA.v20-carla_v20.coco/valid/Town01_003300_png.rf.fae28071a74fa02928094ff14cdbb3aa.jpg 271,198,358,267,6,0.167405 276,194,296,208,6,0.041932 497,183,554,210,6,0.016876 196,197,213,212,6,0.009805 382,197,393,218,3,0.004339 271,189,301,218,6,0.003374 545,207,595,238,6,0.001939 176,197,204,211,6,0.001773 271,192,303,216,0,0.001549 274,178,309,286,1,0.001430 631,216,640,247,6,0.001380 268,166,374,287,4,0.001249 167,198,191,211,6,0.001109
/home/dysjin/data/CARLA.v20-carla_v20.coco/valid/138255_png.rf.fbf65e3e930393318a8312fdaefcae24.jpg 57,223,83,295,2,0.143988 496,303,631,468,6,0.015994 51,234,87,285,1,0.007813 63,241,77,277,0,0.004088 56,168,85,310,2,0.003256 56,233,97,282,6,0.002489 48,230,73,301,2,0.001943 0,234,12,306,2,0.001488 625,394,640,471,6,0.001473 511,367,640,443,6,0.001237 216,235,267,257,6,0.001157 0,252,7,289,2,0.001146
/home/dysjin/data/CARLA.v20-carla_v20.coco/valid/005373_png.rf.f68e0e113c5193c933cbee38c6a6bc2d.jpg 160,236,170,264,2,0.093045 148,237,157,265,2,0.059356 139,239,151,269,2,0.048270 143,231,158,276,2,0.024267 1,221,13,301,2,0.010936 126,240,141,258,6,0.009763 1,250,10,289,2,0.009072 383,240,438,260,6,0.006241 383,247,413,263,6,0.005716 115,236,124,257,2,0.003607 2,238,8,285,2,0.002509 581,180,630,279,2,0.002208 170,238,179,263,2,0.002073 124,232,137,246,3,0.001512 139,230,149,248,3,0.001468 136,239,169,267,0,0.001449 609,163,637,291,2,0.001146 256,240,275,254,6,0.001124 125,235,158,262,2,0.001069 0,199,11,297,2,0.001033 151,234,178,260,0,0.001016 114,230,123,246,3,0.001006
/home/dysjin/data/CARLA.v20-carla_v20.coco/valid/001630_png.rf.ff5ced110f03f998a7a6998ddf647fd2.jpg 407,213,435,240,3,0.096448 410,216,433,238,4,0.052343 406,217,436,238,6,0.010649 168,224,181,245,3,0.004888 409,217,436,239,0,0.003018 50,236,103,257,6,0.002130 466,218,640,476,6,0.001548
/home/dysjin/data/CARLA.v20-carla_v20.coco/valid/006662_png.rf.fa42143249c7b6a780238796639341d3.jpg 465,221,499,314,2,0.087579 463,243,504,299,1,0.003161 469,250,484,289,0,0.001668 447,234,520,300,4,0.001368
/home/dysjin/data/CARLA.v20-carla_v20.coco/valid/Town05_004860_png.rf.f5c138159cbce172c63fa9a736f9c655.jpg 247,188,271,202,6,0.083234 348,183,361,203,6,0.069009 216,185,266,204,6,0.041840 217,189,239,204,6,0.011892 488,236,637,380,6,0.009970 362,187,383,200,6,0.009523 330,184,351,200,6,0.005752 344,178,364,207,5,0.004585 352,183,393,203,6,0.002500 396,186,406,203,6,0.002305 628,168,638,200,6,0.002295 624,150,639,216,6,0.002212 345,172,364,206,2,0.002057 182,188,197,202,6,0.002013 254,183,269,196,6,0.001793 378,187,395,201,6,0.001349 228,183,254,196,6,0.001338 406,188,419,202,6,0.001326 322,180,337,193,6,0.001294 264,188,281,200,6,0.001058 405,199,640,380,6,0.001005
/home/dysjin/data/CARLA.v20-carla_v20.coco/valid/Town01_008460_png.rf.03f3160d63f090b29499596ec3c8c4b5.jpg 28,194,140,247,6,0.208002 574,191,639,218,6,0.125015 536,194,607,220,6,0.091017 545,200,575,220,6,0.011282 627,186,639,211,6,0.006540 344,191,360,202,6,0.005541 630,171,638,202,6,0.004366 52,186,118,255,3,0.003159 15,170,125,283,6,0.003104 24,157,146,289,4,0.003077 592,198,624,215,6,0.002874 466,199,481,218,6,0.002785 528,190,543,206,6,0.002640 622,178,640,232,6,0.002522 613,193,637,208,6,0.002428 20,125,108,238,6,0.002170 0,199,16,267,6,0.002024 0,176,31,270,6,0.001989 569,200,601,216,6,0.001827 0,211,43,255,6,0.001600 562,200,628,230,6,0.001591 23,201,88,240,6,0.001415 632,160,639,186,6,0.001405 0,187,15,256,6,0.001355 543,192,558,210,6,0.001231 372,190,381,207,3,0.001184 583,194,611,209,6,0.001156 260,191,290,203,6,0.001128 0,230,12,258,6,0.001087 424,197,470,217,6,0.001071
/home/dysjin/data/CARLA.v20-carla_v20.coco/valid/005508_png.rf.0ab3da1b4970047c9b42e5bbe5d4e6f1.jpg 32,228,57,292,2,0.194889 85,234,125,314,2,0.122212 25,235,60,284,1,0.012773 38,241,52,278,0,0.010148 33,221,56,282,0,0.006127 71,240,141,303,4,0.003148 90,213,124,315,6,0.003058 84,245,124,299,1,0.002245 8,239,56,282,6,0.001922 44,241,57,277,2,0.001792 428,206,640,480,6,0.001521 51,241,141,303,6,0.001480 40,216,60,286,2,0.001111
/home/dysjin/data/CARLA.v20-carla_v20.coco/valid/Town01_006180_png.rf.089d25ecaf49fe28c7f3bf0c3614732b.jpg 392,176,415,190,6,0.101624 312,190,325,211,6,0.084242 309,184,327,216,1,0.014811 361,172,409,192,6,0.013140 362,170,388,183,6,0.006167 359,174,372,186,6,0.005215 70,207,85,232,6,0.003934 299,191,312,205,6,0.003351 47,206,88,233,6,0.003319 100,208,113,228,6,0.002476 360,169,373,182,3,0.002167 300,187,329,211,2,0.002048 379,179,418,202,6,0.001642 69,186,91,236,2,0.001567 312,183,325,196,6,0.001499 366,183,386,199,6,0.001306 0,191,14,252,6,0.001078
/home/dysjin/data/CARLA.v20-carla_v20.coco/valid/Town02_008340_png.rf.044a76656e2e2fe428cd425926d9acbe.jpg 555,191,614,220,6,0.228369 155,194,244,240,6,0.090735 271,187,287,198,6,0.084598 305,188,321,199,6,0.011502 292,188,308,199,6,0.009589 155,214,211,243,6,0.008101 262,187,276,200,6,0.007745 279,184,292,195,6,0.005422 568,199,601,216,6,0.003361 550,189,576,223,6,0.003111 411,190,423,210,3,0.003053 278,195,293,211,6,0.002858 622,173,639,244,6,0.002779 547,194,640,236,6,0.002539 320,189,332,201,6,0.002117 265,180,292,206,5,0.002043 320,181,331,193,6,0.001782 184,199,220,240,6,0.001717 408,193,421,215,4,0.001689 628,192,639,224,6,0.001681 266,177,290,200,4,0.001678 331,199,348,211,6,0.001571 306,183,321,193,6,0.001330 559,193,585,210,6,0.001255 159,150,241,291,4,0.001209 594,179,640,217,6,0.001128 156,198,181,246,6,0.001099
/home/dysjin/data/CARLA.v20-carla_v20.coco/valid/075710_png.rf.0b62bb94157d1f2113ac6bbefe158022.jpg 310,243,348,269,6,0.208267 167,243,247,299,6,0.196052 0,250,171,422,6,0.137430 237,240,266,279,6,0.131842 244,247,263,271,0,0.027751 216,245,262,286,6,0.019430 253,244,266,271,2,0.008398 0,186,281,480,2,0.006593 243,243,263,261,6,0.005629 1,105,179,407,6,0.003407 0,273,99,459,6,0.003259 201,236,249,301,1,0.001802 284,240,300,253,6,0.001689 232,247,265,283,0,0.001456 345,241,358,258,6,0.001382 353,240,367,256,6,0.001245 326,245,346,259,6,0.001175 340,247,355,268,1,0.001052 231,250,257,270,6,0.001041 311,242,326,261,6,0.001037
/home/dysjin/data/CARLA.v20-carla_v20.coco/valid/041689_png.rf.0d648fbd58416a80b414e4503d51c42e.jpg 302,238,339,311,0,0.066586 304,239,332,316,1,0.034143 311,258,327,290,0,0.001956 300,257,335,299,4,0.001494 285,244,360,302,4,0.001237 307,229,335,298,6,0.001007
/home/dysjin/data/CARLA.v20-carla_v20.coco/valid/003751_png.rf.0ff9ef7c8c8e4f5eab52437609a3b501.jpg 308,238,324,252,6,0.057899 394,214,420,243,3,0.051174 395,218,419,240,6,0.028116 398,218,418,237,4,0.010534 394,217,422,240,0,0.010013 303,233,328,257,5,0.001826 345,230,359,245,3,0.001287 296,239,316,252,6,0.001009
/home/dysjin/data/CARLA.v20-carla_v20.coco/valid/Town02_008820_png.rf.135414697b8215dc125af6b125d3058c.jpg 554,180,616,212,6,0.174077 511,183,552,211,6,0.123517 270,203,373,341,6,0.114895 394,186,433,208,6,0.059453 143,175,158,196,3,0.020079 264,213,368,329,1,0.012206 384,189,397,205,6,0.011112 392,189,410,204,6,0.009639 427,196,438,221,1,0.007690 419,194,436,216,6,0.007385 499,179,520,198,6,0.005512 346,189,358,203,6,0.005433 486,175,538,202,6,0.005394 231,190,248,201,6,0.003982 402,182,424,196,6,0.003736 139,168,161,199,4,0.003455 486,184,508,203,6,0.003430 569,189,598,207,2,0.003073 554,165,611,225,3,0.003068 423,185,441,227,0,0.002038 353,189,368,202,6,0.001983 223,190,235,205,6,0.001882 242,190,260,200,6,0.001799 483,188,543,218,6,0.001658 625,182,640,258,6,0.001600 257,188,273,200,6,0.001563 477,179,496,194,6,0.001532 271,188,283,202,6,0.001483 583,188,610,208,6,0.001370 560,187,587,206,6,0.001369 284,188,297,201,6,0.001343 566,195,598,211,6,0.001230 550,171,578,217,6,0.001216 333,189,346,203,6,0.001186 370,189,386,203,6,0.001083 390,187,414,222,6,0.001009
/home/dysjin/data/CARLA.v20-carla_v20.coco/valid/006664_png.rf.1466f666c872e94bac27eba56bbdfb5b.jpg 476,222,519,322,2,0.220900 462,232,541,311,4,0.005276 0,229,7,263,2,0.002284 497,214,541,329,2,0.002010 0,217,7,252,2,0.001190 0,211,11,280,2,0.001154
/home/dysjin/data/CARLA.v20-carla_v20.coco/valid/014570_png.rf.1235b2ca71c181a49fda1bb53eaa19cd.jpg 62,238,122,260,6,0.217527 433,232,455,292,2,0.114012 301,239,333,263,6,0.039738 438,242,452,280,0,0.005490 101,243,128,258,6,0.004518 428,238,466,285,1,0.003877 44,233,100,258,6,0.002609 59,224,125,254,3,0.002034 434,212,455,291,0,0.001844 298,243,314,264,6,0.001331 59,236,82,256,6,0.001151
/home/dysjin/data/CARLA.v20-carla_v20.coco/valid/112550_png.rf.1ca2fa82e03653536df85cf5faf5753c.jpg 520,224,547,293,2,0.107994 596,237,628,254,6,0.020677 523,217,545,284,0,0.008595 516,235,550,282,1,0.005245 625,233,637,260,6,0.002408
/home/dysjin/data/CARLA.v20-carla_v20.coco/valid/Town02_000780_png.rf.16d5987bcdc7d08470c1b3e757e128e5.jpg 303,183,344,317,0,0.230122 278,185,301,202,6,0.204384 69,186,110,212,6,0.147360 41,186,100,214,6,0.034150 228,182,249,192,6,0.018143 301,175,337,317,1,0.011904 89,189,111,210,6,0.010353 333,181,347,192,6,0.007693 318,180,333,191,6,0.004325 89,182,136,208,6,0.002337 307,182,323,193,6,0.002257 283,204,365,294,4,0.002170 288,184,306,195,6,0.002026 240,186,260,199,6,0.001960 107,188,128,205,6,0.001818 307,187,322,202,6,0.001683 319,185,333,202,6,0.001538 257,187,274,201,6,0.001499 218,186,242,199,6,0.001360 54,191,84,209,6,0.001204 630,184,640,212,6,0.001126 274,183,290,196,6,0.001025
/home/dysjin/data/CARLA.v20-carla_v20.coco/valid/Town02_001500_png.rf.1e8a22666698f8954863a9939bc59942.jpg 485,188,583,249,6,0.108742 181,195,216,212,6,0.045017 583,165,635,290,2,0.028923 486,181,621,300,6,0.014547 608,219,640,291,6,0.007206 429,190,473,223,6,0.006520 498,179,564,258,3,0.004854 592,208,625,279,2,0.004586 153,185,207,212,6,0.004387 560,180,640,273,6,0.004263 516,174,582,266,2,0.003883 551,169,608,279,2,0.002677 592,155,640,335,6,0.001218 454,206,640,380,6,0.001175 170,190,193,209,6,0.001151 438,190,459,211,6,0.001077 478,139,591,274,4,0.001047 623,240,638,275,6,0.001040
/home/dysjin/data/CARLA.v20-carla_v20.coco/valid/Town05_004620_png.rf.0e4a190ca586e0e90df6b90be2c83f5b.jpg 396,178,446,206,6,0.212981 284,185,299,199,6,0.090399 346,182,363,196,6,0.083964 586,180,639,207,6,0.068887 286,184,301,196,3,0.010526 365,181,383,194,6,0.007850 575,189,627,223,6,0.006350 344,176,365,201,1,0.004745 278,180,305,204,5,0.003973 334,184,351,199,6,0.003822 405,185,440,204,1,0.003262 572,174,593,194,6,0.003161 608,185,635,203,6,0.002834 220,187,237,199,6,0.002331 562,169,607,198,6,0.002279 608,145,637,252,6,0.002178 0,208,9,235,2,0.001917 346,175,371,201,3,0.001902 556,153,640,208,6,0.001852 394,182,415,202,6,0.001798 377,179,393,195,6,0.001490 628,178,639,211,6,0.001417 584,184,610,203,6,0.001347 351,177,393,195,6,0.001316 270,186,290,198,6,0.001285 573,182,600,231,0,0.001239 625,181,640,260,6,0.001185
/home/dysjin/data/CARLA.v20-carla_v20.coco/valid/006578_png.rf.21f08e8ed63ab67b3ef05528af8ef9e6.jpg 368,223,384,240,3,0.167964 261,236,293,254,6,0.114048 364,217,389,245,5,0.013468 277,232,296,247,6,0.002725 291,239,304,254,6,0.002441 583,214,625,346,2,0.002105 262,230,278,248,6,0.002067 465,268,640,480,6,0.001952 363,221,388,239,0,0.001398 623,283,639,358,6,0.001042
/home/dysjin/data/CARLA.v20-carla_v20.coco/valid/Town01_004320_png.rf.1f6552094735eb0bd49b614b7e584c58.jpg 264,193,368,275,6,0.092690 192,188,207,202,6,0.008431 580,214,640,253,6,0.006075 506,207,561,235,6,0.005156 199,172,255,196,6,0.002771 365,151,377,171,3,0.002740 0,195,12,218,6,0.002230 253,185,272,200,6,0.002063 293,188,310,204,6,0.001863 607,175,639,279,6,0.001815 623,205,640,283,6,0.001514 529,98,640,167,3,0.001348 269,187,281,202,6,0.001087 212,176,239,192,6,0.001086
/home/dysjin/data/CARLA.v20-carla_v20.coco/valid/Town02_006720_png.rf.2632fd4f3d65ff215e84d472badfd870.jpg 268,191,289,208,6,0.181326 579,181,638,218,6,0.162947 559,170,583,204,6,0.051872 556,177,620,209,6,0.020523 176,198,186,220,2,0.014135 0,167,8,200,2,0.011195 160,198,175,216,6,0.009078 261,190,279,205,6,0.009030 500,177,546,211,6,0.008433 0,177,15,242,6,0.007612 199,190,213,205,6,0.006635 559,176,572,197,6,0.005928 570,178,589,199,6,0.005449 346,191,357,207,6,0.005336 0,156,11,237,6,0.004935 517,184,538,207,6,0.004030 148,197,165,215,6,0.003104 595,191,622,209,2,0.002834 559,169,571,184,3,0.002497 290,192,309,203,6,0.002490 584,189,612,206,6,0.002173 1,192,10,227,0,0.002095 525,178,540,198,6,0.002092 596,195,623,215,6,0.002049 0,201,10,235,6,0.001950 183,197,193,219,2,0.001833 115,193,164,218,6,0.001767 619,163,640,233,6,0.001706 0,160,7,190,2,0.001646 396,181,449,207,6,0.001563 585,180,612,196,6,0.001500 354,192,370,205,6,0.001479 563,169,578,185,6,0.001456 613,195,635,216,1,0.001445 0,177,7,216,2,0.001305 591,169,625,207,6,0.001190 0,193,14,264,6,0.001048
/home/dysjin/data/CARLA.v20-carla_v20.coco/valid/Town05_006900_png.rf.2eaa1f5f6de8c6bffcd968f78f2f53b4.jpg 235,181,260,231,0,0.118189 402,195,640,380,6,0.008348 227,187,260,225,6,0.005252 234,177,257,226,1,0.005095 620,199,640,380,0,0.004221 378,171,426,197,6,0.001950 241,186,255,217,0,0.001632 569,209,640,380,6,0.001358
/home/dysjin/data/CARLA.v20-carla_v20.coco/valid/005482_png.rf.1eef94cb1d26525ab4b64d28fc9be58d.jpg 3,217,26,323,2,0.089241 0,237,55,304,4,0.002472 0,242,38,298,1,0.002140 16,222,40,296,2,0.001564 395,242,411,257,6,0.001558 0,245,30,294,6,0.001473 9,249,21,290,0,0.001441 430,208,640,480,6,0.001405 403,241,417,259,4,0.001358 0,190,42,352,0,0.001290 46,226,64,290,2,0.001232 7,214,44,311,6,0.001221
/home/dysjin/data/CARLA.v20-carla_v20.coco/valid/138251_png.rf.2622df013f55b1f57387212b95c87241.jpg 78,224,100,295,2,0.123661 492,297,632,466,6,0.016092 236,238,265,251,6,0.004427 83,240,95,278,0,0.004333 71,234,109,285,1,0.004163 78,241,90,281,2,0.003904 188,241,198,270,2,0.002742 319,240,332,251,6,0.001730 228,239,250,254,6,0.001606 627,347,639,438,2,0.001580 221,240,238,256,6,0.001376 73,174,106,303,2,0.001310 342,241,358,256,6,0.001239 333,241,345,255,6,0.001171
/home/dysjin/data/CARLA.v20-carla_v20.coco/valid/007070_png.rf.2316a0a54db7e4a749f421570aadd160.jpg 382,219,402,240,3,0.149000 380,215,404,243,5,0.033374 384,214,405,244,4,0.009339 205,226,217,245,3,0.002817 380,218,404,239,2,0.002788 621,171,640,382,2,0.001609 381,218,412,240,0,0.001466
/home/dysjin/data/CARLA.v20-carla_v20.coco/valid/Town05_010920_png.rf.2325292b5e147dc41c10fe128f6256f9.jpg 305,175,340,290,0,0.235366 579,163,640,198,6,0.038426 305,162,334,297,1,0.014871 307,181,326,195,6,0.006183 620,154,639,211,6,0.002019 613,174,636,194,6,0.001835 293,178,310,193,6,0.001567 578,166,612,184,6,0.001375 286,189,365,272,4,0.001329 310,175,333,213,6,0.001187
/home/dysjin/data/CARLA.v20-carla_v20.coco/valid/Town01_006420_png.rf.2b897cd6227874bc930ae1c7e17e3b3b.jpg 312,192,324,210,6,0.081202 312,191,324,216,0,0.044436 598,162,639,231,6,0.032274 378,181,390,208,6,0.024448 0,168,15,253,2,0.020921 297,181,308,195,6,0.009832 310,184,326,216,1,0.007309 299,190,312,203,6,0.006292 379,178,389,198,4,0.004941 1,186,27,247,2,0.003247 0,161,28,255,6,0.002972 620,185,639,250,6,0.002816 1,198,10,241,2,0.002739 0,151,13,243,2,0.002485 1,187,9,234,2,0.002378 583,155,637,195,6,0.001972 211,186,220,205,0,0.001804 286,188,297,201,6,0.001493 209,179,221,195,3,0.001479 358,179,370,192,6,0.001229 0,189,29,229,6,0.001161 0,192,13,264,3,0.001144 300,187,328,208,2,0.001047 55,303,82,313,6,0.001022
/home/dysjin/data/CARLA.v20-carla_v20.coco/valid/Town05_006780_png.rf.253c814d6e368b92a888141244ca1a16.jpg 166,189,209,260,6,0.175306 166,193,197,264,1,0.005159 178,200,219,243,6,0.005090 343,189,360,199,6,0.004858 353,187,368,197,6,0.004810 156,191,220,251,4,0.004687 318,190,336,201,6,0.002976 328,190,347,200,6,0.002905 181,209,203,234,0,0.002590 356,183,370,195,3,0.002308 305,189,325,200,6,0.001989 293,188,311,200,6,0.001555 153,166,222,287,0,0.001004
/home/dysjin/data/CARLA.v20-carla_v20.coco/valid/Town01_008280_png.rf.2f69ce357d9638b109b359e31c238ab4.jpg 65,185,110,208,6,0.085101 400,204,427,220,6,0.037270 286,194,308,208,6,0.025984 300,194,330,207,6,0.023515 140,182,187,206,6,0.019299 0,184,42,216,6,0.018099 391,204,413,218,6,0.016414 379,202,396,218,6,0.014499 317,197,331,209,6,0.014094 188,188,199,211,2,0.007553 193,193,206,216,6,0.006019 268,190,290,203,6,0.004492 92,190,109,208,6,0.004357 437,205,488,234,6,0.004279 631,160,640,189,6,0.003581 329,193,344,204,6,0.003212 522,207,638,249,6,0.002896 170,185,188,204,6,0.002866 461,202,485,214,6,0.002784 0,172,18,223,6,0.002666 342,188,355,202,6,0.002340 404,200,463,223,6,0.001950 446,201,472,214,6,0.001948 21,184,84,211,6,0.001815 444,199,496,219,6,0.001704 193,188,205,212,2,0.001476 278,186,306,208,4,0.001359 475,204,494,216,6,0.001305 68,179,94,197,6,0.001190 626,153,639,211,3,0.001163 625,187,640,252,6,0.001038 424,204,445,219,6,0.001013
/home/dysjin/data/CARLA.v20-carla_v20.coco/valid/Town01_005100_png.rf.262bb9c3104b14f5fb633de3dafd0a52.jpg 577,180,639,214,6,0.051745 578,193,599,217,6,0.048105 329,189,346,212,6,0.020393 4,190,30,207,6,0.013485 605,165,640,206,6,0.005749 303,199,323,215,6,0.005522 316,196,339,213,6,0.004699 603,192,637,247,6,0.003753 628,158,639,188,6,0.003013 325,188,349,218,0,0.002909 623,141,639,206,6,0.002661 335,191,359,209,6,0.002219 593,189,620,206,6,0.001977 583,203,600,227,6,0.001868 290,194,337,216,6,0.001816 612,175,634,195,6,0.001721 609,186,634,203,6,0.001708 553,191,596,219,6,0.001365 205,196,222,215,6,0.001239 611,159,640,281,6,0.001228 567,195,586,215,6,0.001217 2,185,14,204,6,0.001203 598,161,640,207,0,0.001162 1,193,12,216,6,0.001135 476,189,490,205,3,0.001107 6,170,80,380,6,0.001104 470,192,484,207,6,0.001065 627,180,639,210,6,0.001040 579,171,611,207,6,0.001002
/home/dysjin/data/CARLA.v20-carla_v20.coco/valid/Town01_011940_png.rf.2554f5ab3ce2122d2ef300838472450f.jpg 568,197,604,219,6,0.106632 334,187,349,200,6,0.078615 202,177,274,227,6,0.074323 306,191,325,200,6,0.017280 320,190,336,201,6,0.013349 338,182,358,196,6,0.006656 205,200,256,231,6,0.006033 392,189,403,210,3,0.004724 392,194,404,216,6,0.004665 0,163,13,184,6,0.004048 352,189,367,202,6,0.003803 0,170,34,202,6,0.003270 330,181,354,206,3,0.003249 280,187,296,199,6,0.003219 0,172,14,193,6,0.003201 295,189,309,200,6,0.002749 307,183,324,193,6,0.002062 563,205,586,224,6,0.002031 382,190,400,204,6,0.001999 200,170,257,208,3,0.001798 593,203,640,235,6,0.001793 332,194,348,211,6,0.001703 308,197,325,210,6,0.001587 195,127,283,276,4,0.001518 0,182,15,205,6,0.001403 575,194,592,210,6,0.001330 596,203,615,219,6,0.001167 320,183,335,195,6,0.001137 573,176,622,238,6,0.001090 389,180,408,217,0,0.001059 0,151,29,255,6,0.001046 365,189,382,202,6,0.001021 320,196,335,210,6,0.001014
/home/dysjin/data/CARLA.v20-carla_v20.coco/valid/041684_png.rf.2f70db5ab75442cd11fffa13a776ae97.jpg 303,237,339,315,0,0.091265 303,234,334,314,1,0.043218 285,244,360,306,4,0.001294 300,256,335,300,4,0.001167 311,258,327,290,0,0.001111
/home/dysjin/data/CARLA.v20-carla_v20.coco/valid/Town05_010980_png.rf.2071755951cd753466eb2cc53fd2fe0c.jpg 304,182,338,287,0,0.172948 304,172,333,295,1,0.041162 602,164,638,197,6,0.002461 622,151,639,212,6,0.001616 314,183,636,380,6,0.001167
/home/dysjin/data/CARLA.v20-carla_v20.coco/valid/112459_png.rf.33bdc5bd58f0f631808a95c4ceb9a78f.jpg 292,224,313,300,2,0.191539 608,238,633,254,6,0.023671 298,239,309,283,0,0.005855 283,236,318,286,1,0.005729 624,233,637,259,6,0.003169 283,226,313,299,6,0.002281 284,227,313,305,0,0.001811 588,227,634,251,6,0.001645
/home/dysjin/data/CARLA.v20-carla_v20.coco/valid/041653_png.rf.31aa86a50239c7e6cbc52c66846dac06.jpg 304,232,332,314,1,0.086208 303,236,338,311,0,0.072440 311,255,326,291,0,0.002258 308,228,334,326,2,0.002151 286,243,359,302,4,0.001012
/home/dysjin/data/CARLA.v20-carla_v20.coco/valid/041819_png.rf.374472e0a0868df264a4100cb7734e35.jpg 19,244,67,263,6,0.182263 107,241,135,299,2,0.118793 172,226,186,244,3,0.087894 573,188,640,223,6,0.066338 104,249,137,292,1,0.010292 107,248,143,293,6,0.008085 168,220,190,249,5,0.007323 113,255,129,287,0,0.005737 108,232,140,303,0,0.005626 177,229,195,243,3,0.004348 170,223,190,259,4,0.003241 14,251,65,279,6,0.001735 53,249,72,262,6,0.001695 172,219,184,235,3,0.001156 98,243,122,294,2,0.001154 1,234,9,258,6,0.001022
/home/dysjin/data/CARLA.v20-carla_v20.coco/valid/Town05_010800_png.rf.3489607b659edfbc485537135e06f34b.jpg 0,188,129,258,6,0.139698 309,177,330,254,1,0.088738 135,189,169,203,6,0.064733 308,182,330,243,2,0.049842 310,179,331,248,0,0.046014 344,186,357,200,6,0.008696 0,159,137,287,4,0.004722 307,180,330,222,6,0.004656 313,194,326,230,0,0.004003 124,191,141,206,6,0.003739 298,188,311,205,6,0.003364 312,190,325,213,6,0.002945 353,181,370,192,6,0.002882 74,199,132,240,6,0.002864 301,195,334,228,1,0.002406 0,19,169,264,6,0.002332 130,179,172,200,6,0.001848 135,182,155,196,6,0.001614 3,0,117,196,6,0.001585 12,62,114,225,1,0.001566 336,187,346,204,6,0.001516 282,188,298,200,6,0.001509 0,68,150,299,1,0.001494 298,182,309,194,6,0.001493 27,176,94,270,3,0.001435 337,182,349,193,6,0.001393 106,191,132,245,1,0.001169 368,177,379,194,0,0.001142
/home/dysjin/data/CARLA.v20-carla_v20.coco/valid/Town02_001080_png.rf.2d29b90fb99ccf7727caeaa1914436b4.jpg 305,186,343,315,0,0.238196 278,185,299,202,6,0.204188 100,192,228,265,6,0.150100 0,182,94,370,6,0.145962 228,181,248,193,6,0.047691 317,180,331,192,6,0.012312 1,194,62,223,6,0.009462 0,239,95,350,1,0.007210 302,177,337,315,1,0.007032 274,183,303,202,0,0.006800 0,221,93,331,4,0.006329 332,181,347,193,6,0.005859 0,190,90,380,6,0.005569 109,162,241,284,4,0.004195 310,185,325,201,6,0.003596 25,136,80,159,6,0.003595 9,214,74,371,3,0.002909 340,180,356,193,6,0.002569 275,183,290,195,6,0.002522 0,196,11,221,6,0.002162 288,184,306,195,6,0.002072 285,206,365,292,4,0.001806 97,195,228,339,6,0.001757 243,186,258,199,6,0.001720 239,181,257,191,6,0.001583 223,175,252,197,4,0.001570 149,176,216,274,3,0.001511 75,139,271,325,1,0.001436 0,200,47,238,6,0.001407 259,187,274,201,6,0.001320 0,27,392,380,2,0.001317 0,171,143,380,6,0.001289 0,191,17,248,6,0.001256 284,179,308,206,6,0.001236 69,142,85,157,3,0.001181 0,262,97,368,4,0.001018
/home/dysjin/data/CARLA.v20-carla_v20.coco/valid/Town02_005700_png.rf.39e8547ff43ddaa06ed2b24f114c8a27.jpg 251,189,377,323,6,0.163089 281,185,297,200,6,0.129899 231,182,249,192,6,0.022195 303,182,329,195,6,0.012330 475,179,500,196,6,0.010709 550,192,570,206,6,0.008698 157,196,171,222,6,0.008398 549,188,596,206,6,0.005555 153,187,175,228,2,0.005527 481,186,508,199,6,0.005318 276,181,302,205,5,0.005231 218,177,242,188,6,0.004211 240,170,413,368,1,0.003385 520,189,569,205,6,0.003371 198,166,210,182,3,0.002800 153,196,165,218,6,0.002366 139,28,491,380,2,0.002311 280,182,323,201,6,0.002147 242,185,256,198,6,0.001639 290,184,309,195,6,0.001459 275,182,303,202,0,0.001357 235,222,411,316,0,0.001171 180,178,200,189,6,0.001166
/home/dysjin/data/CARLA.v20-carla_v20.coco/valid/Town02_002040_png.rf.3d0fd4b3b3749ac8ebdf480959eb8e66.jpg 301,193,341,310,0,0.190761 270,188,305,208,6,0.069938 299,192,337,309,1,0.064984 120,192,162,218,6,0.046933 0,187,123,350,6,0.043084 142,194,162,215,6,0.037410 76,190,130,219,6,0.020287 263,193,289,212,6,0.017099 58,197,77,220,6,0.011152 59,181,111,322,1,0.007906 0,170,94,380,6,0.007616 303,192,319,206,6,0.003446 133,193,167,215,0,0.003364 158,185,204,208,6,0.003305 156,190,169,208,6,0.002523 102,177,132,220,6,0.002332 398,138,411,160,3,0.002075 54,192,108,223,6,0.001776 281,209,364,294,4,0.001704 117,196,140,217,6,0.001657 0,162,148,380,1,0.001449 0,149,176,350,6,0.001419 75,171,130,201,6,0.001326 108,196,128,218,6,0.001320 82,171,138,243,6,0.001303 0,222,115,323,0,0.001282 287,195,309,210,6,0.001231 0,182,8,208,0,0.001212 23,201,131,301,2,0.001181 274,208,360,291,1,0.001087 77,168,129,290,6,0.001040
/home/dysjin/data/CARLA.v20-carla_v20.coco/valid/075707_png.rf.2ff4a82560cfe658387e361a6cc43ef0.jpg 310,244,347,270,6,0.215907 167,243,247,299,6,0.199962 237,240,266,277,6,0.147591 0,248,170,422,6,0.127288 244,247,263,270,2,0.033533 252,245,266,271,6,0.015804 217,245,263,286,6,0.013278 242,243,263,261,6,0.009449 0,187,283,480,2,0.006351 254,241,266,261,4,0.005259 3,101,177,410,6,0.004015 0,269,97,463,6,0.001949 340,247,355,269,1,0.001903 201,237,249,301,1,0.001840 249,231,271,271,2,0.001473 231,249,257,269,6,0.001445 345,241,358,259,2,0.001350 242,241,279,272,0,0.001219 352,239,366,257,4,0.001044 284,240,299,254,6,0.001028
/home/dysjin/data/CARLA.v20-carla_v20.coco/valid/138320_png.rf.332f3bdf3abffc7dd973858c3061b801.jpg 57,227,82,294,2,0.162417 51,236,85,285,1,0.009308 63,241,76,280,0,0.006034 56,215,80,288,0,0.005283 307,239,321,250,6,0.003508 318,240,331,250,6,0.002570 511,339,621,480,6,0.002449 0,233,15,305,2,0.002253 357,239,369,257,4,0.001605 308,231,321,243,6,0.001387
/home/dysjin/data/CARLA.v20-carla_v20.coco/valid/003766_png.rf.3dbe103da1003d1fb3bd18ad0d0894b4.jpg 463,201,506,240,3,0.215687 307,239,325,254,6,0.111928 463,195,507,243,4,0.024586 294,240,317,253,6,0.007652 468,208,504,232,0,0.002802 354,229,368,245,3,0.002074 295,232,315,245,6,0.001412 307,231,322,248,3,0.001322
/home/dysjin/data/CARLA.v20-carla_v20.coco/valid/121245_png.rf.3c6765f574e34bb200e320d55fc2ffe7.jpg 273,251,353,312,6,0.184749 532,245,581,280,6,0.007174 609,275,637,290,6,0.006283 262,213,364,340,4,0.004798 626,271,639,295,6,0.001412 474,235,593,277,6,0.001040 0,234,19,472,6,0.001017 3,201,83,480,6,0.001006
/home/dysjin/data/CARLA.v20-carla_v20.coco/valid/Town05_011040_png.rf.3f658b3c60547a5478cb61d6b76eb55c.jpg 314,186,329,213,6,0.033053 313,185,326,215,2,0.032798 311,181,332,216,0,0.028637 382,190,640,380,6,0.008543 372,172,422,198,6,0.001728 628,138,640,207,6,0.001256
/home/dysjin/data/CARLA.v20-carla_v20.coco/valid/Town02_004920_png.rf.3cdedb8ebbe317a63567ec577e3789a8.jpg 308,184,329,238,2,0.109595 307,185,330,245,1,0.048728 367,184,383,202,6,0.047809 351,179,372,196,6,0.022576 342,177,359,194,6,0.017416 167,186,187,200,6,0.011403 312,193,325,229,0,0.009424 220,188,236,202,6,0.008509 334,177,347,194,6,0.008170 253,186,280,198,6,0.006300 241,177,287,196,6,0.005744 312,190,326,212,6,0.005740 263,181,289,194,6,0.004546 308,180,329,222,6,0.003922 368,180,380,198,4,0.003846 209,189,225,204,6,0.003481 578,229,635,266,6,0.002161 228,189,249,201,6,0.002109 243,187,261,201,6,0.001777 164,177,176,196,3,0.001319 175,187,198,201,6,0.001248 377,186,390,204,6,0.001235 355,182,387,202,0,0.001166 318,179,333,194,6,0.001030
/home/dysjin/data/CARLA.v20-carla_v20.coco/valid/Town05_002760_png.rf.41faa57cc70298c90c62fe9f6a3f08c9.jpg 114,187,141,204,6,0.095046 43,176,66,213,2,0.048384 107,186,127,205,6,0.044502 46,183,63,212,6,0.025566 323,186,333,199,6,0.020196 330,186,343,198,6,0.010268 101,186,117,204,6,0.006723 383,185,395,205,6,0.003815 248,177,263,194,6,0.003595 310,187,324,200,6,0.003495 343,186,356,199,6,0.003074 37,175,59,214,6,0.001862 48,173,60,204,2,0.001727 367,187,385,201,6,0.001537 308,179,324,190,6,0.001462 355,187,369,201,6,0.001367 306,169,322,180,6,0.001367 111,181,126,198,6,0.001206 122,181,138,198,6,0.001143 56,186,71,208,6,0.001123 356,180,370,194,6,0.001088 266,176,286,188,6,0.001073
/home/dysjin/data/CARLA.v20-carla_v20.coco/valid/Town02_001740_png.rf.4072bb166a4df4f9403df039e28a73f3.jpg 301,191,341,311,0,0.202952 300,188,336,310,1,0.063293 61,172,122,200,6,0.042831 39,189,52,206,6,0.016461 294,187,307,200,6,0.009409 285,181,296,193,6,0.007384 308,189,321,204,6,0.005529 398,139,411,161,3,0.003972 44,190,61,205,6,0.003655 119,187,133,206,6,0.002351 74,178,107,195,6,0.002121 34,194,50,212,6,0.001982 282,207,363,294,4,0.001807 0,183,8,207,6,0.001744 34,181,55,212,0,0.001501 66,186,95,201,6,0.001483 27,188,44,205,6,0.001395 91,177,120,194,6,0.001378 400,143,415,166,4,0.001339 41,181,97,205,6,0.001191 107,178,124,197,6,0.001023
/home/dysjin/data/CARLA.v20-carla_v20.coco/valid/026849_png.rf.52e90800c02b90489d2521817c6942f7.jpg 420,210,455,239,3,0.149373 423,213,453,236,1,0.010243 418,209,469,241,6,0.002828 627,231,639,331,2,0.001798
/home/dysjin/data/CARLA.v20-carla_v20.coco/valid/Town02_001560_png.rf.44c7e46d6d34263ac9f429ccb2cd2655.jpg 81,195,95,222,6,0.104349 61,192,74,208,6,0.063417 79,188,97,224,0,0.048593 11,185,29,205,6,0.034970 77,191,92,212,6,0.020448 51,190,67,205,6,0.010808 79,178,97,224,2,0.009361 431,165,482,250,2,0.006520 427,178,531,239,6,0.004684 6,164,33,210,6,0.003580 2,183,16,203,6,0.003171 432,199,490,240,6,0.002972 31,190,55,202,6,0.002601 64,188,98,213,2,0.002204 77,202,92,228,6,0.002147 62,181,74,196,6,0.001950 360,189,412,230,6,0.001822 9,183,52,204,6,0.001798 123,188,138,200,6,0.001774 347,180,468,232,6,0.001512 13,177,27,199,2,0.001402 14,179,38,207,5,0.001376 449,172,507,264,2,0.001270 58,189,81,218,6,0.001250 398,199,453,238,6,0.001186 338,20,476,94,6,0.001148 0,158,18,214,6,0.001095 359,3,466,198,6,0.001050
/home/dysjin/data/CARLA.v20-carla_v20.coco/valid/Town02_003420_png.rf.4347a7bee8aec9f5c84eb5295856f9a9.jpg 332,202,375,229,6,0.151387 1,191,113,232,6,0.067618 56,196,119,228,6,0.026135 362,202,380,224,6,0.011104 350,197,393,227,6,0.009564 558,188,610,210,6,0.009530 326,205,349,227,6,0.006969 622,188,639,253,6,0.006368 627,204,639,237,6,0.003083 562,191,585,207,6,0.002707 335,178,385,238,6,0.002677 0,192,47,230,6,0.002486 584,198,612,211,6,0.002141 366,161,389,177,6,0.001619 349,204,392,227,0,0.001288 94,202,114,222,6,0.001270 53,191,85,231,6,0.001213 0,177,14,243,2,0.001187 582,194,632,216,6,0.001090 39,189,74,230,6,0.001018
/home/dysjin/data/CARLA.v20-carla_v20.coco/valid/Town01_006060_png.rf.3d76b002da6076434f028293d0c4a498.jpg 418,194,450,229,6,0.062849 304,187,338,263,0,0.051740 303,188,332,259,6,0.042343 303,188,333,268,2,0.040006 306,186,337,272,1,0.022332 179,211,202,225,6,0.003737 228,205,249,215,6,0.003418 165,210,192,227,6,0.003182 393,191,407,203,6,0.002795 156,209,174,230,6,0.002686 390,195,434,222,6,0.002615 392,197,407,213,6,0.002561 402,198,423,216,6,0.002430 311,205,326,240,0,0.002305 190,210,215,223,6,0.002205 206,206,224,218,6,0.002201 217,205,238,216,6,0.001929 301,205,335,253,4,0.001827 401,191,419,206,6,0.001530 384,189,397,203,6,0.001525 385,197,396,216,6,0.001267 400,176,505,221,6,0.001250 434,203,455,220,6,0.001149 440,173,640,380,6,0.001044
/home/dysjin/data/CARLA.v20-carla_v20.coco/valid/Town02_007800_png.rf.4e6520c0e9dd39a93f5048a2caea0283.jpg 327,199,400,225,6,0.146018 305,189,325,202,6,0.095049 609,193,640,242,6,0.082067 510,184,556,205,6,0.065745 362,198,433,226,6,0.038808 322,191,352,227,6,0.038362 402,205,437,227,6,0.031321 314,192,332,209,6,0.011681 296,190,311,201,6,0.009080 623,198,637,225,6,0.004861 335,203,363,221,6,0.004320 622,199,639,282,2,0.004047 304,187,350,214,6,0.003848 308,183,323,196,6,0.003434 622,214,639,247,6,0.003352 501,168,529,202,6,0.003166 358,204,391,220,6,0.002783 284,190,298,202,6,0.002380 569,0,640,177,3,0.002379 326,192,344,210,6,0.002112 349,188,421,215,6,0.001953 389,204,415,221,6,0.001723 609,208,640,251,4,0.001721 519,181,546,197,6,0.001237 0,185,11,254,2,0.001202
/home/dysjin/data/CARLA.v20-carla_v20.coco/valid/Town01_001860_png.rf.53e5db5983ad00d8986ebdc44e1e76ef.jpg 212,184,423,380,6,0.167530 288,185,309,201,6,0.073979 299,187,324,201,6,0.022140 230,186,251,199,6,0.015397 147,189,161,208,6,0.008316 138,187,150,207,6,0.006628 101,189,114,204,6,0.006488 313,187,336,200,6,0.006119 268,186,290,198,6,0.004564 250,187,274,199,6,0.004497 218,183,240,193,6,0.003563 157,185,168,209,3,0.003456 53,169,77,220,6,0.003190 29,166,76,201,6,0.002925 330,187,344,203,6,0.002612 417,171,480,198,6,0.002531 289,178,334,198,6,0.002364 143,181,165,213,2,0.001649 204,181,227,191,6,0.001629 59,183,74,208,6,0.001483 105,188,123,202,6,0.001478 395,155,508,197,6,0.001341 239,184,286,202,6,0.001220 120,181,137,194,6,0.001220 101,195,113,213,6,0.001167 271,178,306,198,6,0.001072 84,189,105,201,6,0.001064
/home/dysjin/data/CARLA.v20-carla_v20.coco/valid/Town01_006120_png.rf.405fede50ad311216cb9943968a5cdf5.jpg 315,192,330,217,6,0.107248 358,178,370,192,6,0.035480 480,86,628,203,6,0.025973 478,173,523,197,6,0.010091 476,179,537,209,6,0.002913 363,178,380,193,6,0.002438 311,191,338,216,0,0.002378 300,189,311,203,6,0.002211 312,182,325,195,6,0.002192 310,187,329,215,1,0.001943 434,68,640,295,6,0.001753 398,170,454,198,6,0.001632 363,172,411,193,6,0.001574 353,170,374,200,5,0.001529 375,177,399,189,6,0.001523 349,179,361,193,6,0.001467 461,152,598,202,6,0.001306 449,47,640,229,1,0.001282 299,180,311,194,6,0.001225 0,178,11,261,2,0.001223 327,192,340,207,6,0.001094 479,185,496,203,6,0.001091 481,177,498,194,6,0.001083
/home/dysjin/data/CARLA.v20-carla_v20.coco/valid/041864_png.rf.51f1d81198f2e5b7a450f586235760ec.jpg 303,238,327,294,1,0.130628 304,238,326,289,0,0.101745 413,209,444,243,3,0.094602 80,239,228,312,6,0.093096 412,212,445,241,6,0.033531 309,245,322,281,2,0.009800 220,235,234,260,6,0.005992 215,227,237,267,0,0.003903 71,269,95,320,0,0.003298 56,265,186,316,6,0.003178 77,212,231,334,4,0.003122 587,225,631,340,6,0.003045 215,223,235,289,2,0.002877 295,240,319,292,6,0.002615 282,218,298,231,6,0.002517 203,229,233,285,6,0.002267 313,251,328,275,6,0.001997 591,196,640,405,6,0.001615 103,232,169,323,3,0.001522 260,240,273,253,6,0.001510 587,225,633,370,2,0.001345 73,270,104,319,6,0.001302
/home/dysjin/data/CARLA.v20-carla_v20.coco/valid/Town01_012060_png.rf.58e57e1a7e8d4f630323ae1827ca68bc.jpg 569,198,605,220,6,0.105458 336,186,359,200,6,0.087342 305,191,323,203,6,0.082802 268,188,286,199,6,0.018411 317,190,334,202,6,0.018062 297,191,311,200,6,0.013214 278,190,295,199,6,0.008877 392,189,403,210,3,0.006805 392,194,404,216,6,0.006103 352,188,367,201,6,0.004593 308,184,323,194,6,0.004570 0,163,12,184,6,0.003256 0,173,14,193,6,0.002803 301,185,328,208,5,0.002772 383,190,399,204,6,0.002651 579,200,638,236,6,0.002346 296,196,312,210,6,0.002290 0,178,32,211,6,0.002267 563,205,586,224,6,0.001880 329,181,354,205,5,0.001784 319,184,334,195,6,0.001647 389,180,407,218,0,0.001628 331,195,348,210,6,0.001480 304,185,343,203,6,0.001426 0,182,15,205,6,0.001370 596,207,614,229,6,0.001362 316,196,333,210,6,0.001332 0,167,31,197,6,0.001261 0,152,28,256,6,0.001210 248,187,261,201,6,0.001170 584,192,611,264,1,0.001093 366,188,382,201,6,0.001064 2,177,27,195,6,0.001004
/home/dysjin/data/CARLA.v20-carla_v20.coco/valid/009044_png.rf.59d4a83882b4b6af242cbd9e0e31ba80.jpg 560,220,578,242,3,0.115891 0,209,10,238,2,0.049337 557,216,580,245,4,0.030207 0,200,13,246,4,0.018321 580,217,638,250,6,0.017717 0,199,12,260,6,0.012810 623,202,639,270,6,0.008454 623,208,638,278,2,0.006694 341,233,353,252,6,0.006553 0,209,8,249,3,0.006005 556,219,584,241,0,0.004727 628,219,638,254,6,0.004430 342,230,353,247,3,0.003621 140,234,162,277,2,0.003325 144,242,158,269,6,0.002965 119,229,139,284,2,0.002659 139,241,149,273,2,0.002287 0,194,11,292,2,0.001842 547,217,579,244,6,0.001236 0,207,21,234,0,0.001010
/home/dysjin/data/CARLA.v20-carla_v20.coco/valid/Town02_002520_png.rf.55f8a7c01a8e4b86c99a794d7b61cd5d.jpg 223,179,394,327,6,0.202381 167,201,220,230,6,0.190251 516,193,636,244,6,0.041503 147,177,161,193,3,0.018264 102,94,529,380,2,0.004379 167,207,192,229,6,0.002448 173,207,207,226,1,0.001918 176,205,204,222,2,0.001404 142,168,164,199,5,0.001356 191,207,219,227,1,0.001313 198,189,228,237,6,0.001268 0,209,11,230,6,0.001117 392,148,405,171,3,0.001049 524,183,588,254,4,0.001002
/home/dysjin/data/CARLA.v20-carla_v20.coco/valid/Town02_008760_png.rf.5bfb07b6a5fbe6700b4b9c150b9c6576.jpg 272,188,289,204,6,0.145488 271,202,373,340,6,0.121970 513,184,552,211,6,0.093774 528,177,588,212,6,0.088488 569,181,625,208,6,0.084772 394,186,433,209,6,0.057792 597,189,620,209,6,0.034028 484,183,539,208,6,0.032677 143,175,158,197,3,0.020567 419,195,435,217,6,0.009084 265,213,369,329,1,0.008966 383,190,397,205,6,0.008687 267,182,293,207,5,0.008488 561,184,584,206,6,0.008279 486,187,509,206,6,0.007835 392,188,410,204,6,0.007571 345,189,358,203,6,0.007426 427,196,437,220,1,0.007006 261,189,277,202,6,0.006830 139,168,161,199,4,0.004295 610,195,631,213,6,0.003554 274,183,287,197,3,0.003546 401,182,424,196,6,0.003493 231,190,248,201,6,0.003216 623,185,640,253,6,0.002749 604,177,632,221,6,0.002196 423,185,441,227,0,0.001962 242,190,260,201,6,0.001946 628,193,639,224,6,0.001904 353,189,368,202,6,0.001825 389,187,414,223,6,0.001423 371,189,386,204,6,0.001385 486,180,510,196,6,0.001366 224,189,235,205,6,0.001278 530,166,583,222,3,0.001259 499,180,521,197,6,0.001248 478,179,495,195,6,0.001180 333,189,346,203,6,0.001137 625,145,640,225,6,0.001067 599,177,618,200,6,0.001018
/home/dysjin/data/CARLA.v20-carla_v20.coco/valid/Town01_008100_png.rf.5942043a53e2ea3c62572bf7029ed896.jpg 276,190,298,203,6,0.191295 383,196,411,212,6,0.091854 192,176,235,197,6,0.052735 416,193,439,206,6,0.029456 173,189,187,204,6,0.028016 288,189,306,200,6,0.017434 332,188,345,199,6,0.015155 583,176,631,196,6,0.014958 308,182,325,193,6,0.014210 88,189,144,211,6,0.011716 340,189,361,200,6,0.010673 318,186,331,197,6,0.009185 398,195,422,206,6,0.004341 159,189,180,203,6,0.003331 114,194,142,208,6,0.003181 273,195,289,210,6,0.003055 178,186,195,202,6,0.002845 611,180,634,195,6,0.002729 356,191,368,204,6,0.002314 295,183,309,195,6,0.002297 437,194,456,206,6,0.002093 174,182,187,196,6,0.001723 275,183,288,196,6,0.001601 373,192,384,206,6,0.001530 626,174,638,198,6,0.001459 169,181,192,210,4,0.001374 278,185,318,203,6,0.001364 282,183,298,196,6,0.001189 341,182,361,194,6,0.001182 271,186,293,209,5,0.001177 307,170,323,182,6,0.001027
/home/dysjin/data/CARLA.v20-carla_v20.coco/valid/Town01_010680_png.rf.5537782525200ced228c602e6dcc3456.jpg 369,182,383,194,3,0.111075 291,189,309,199,6,0.012379 307,189,320,199,6,0.011112 177,181,205,196,6,0.010768 224,187,237,204,6,0.007440 191,185,211,198,6,0.007353 319,190,331,200,6,0.006918 165,181,191,196,6,0.006706 233,188,244,206,6,0.004307 208,186,222,201,6,0.003390 332,190,342,202,6,0.003091 309,183,320,194,3,0.002749 364,174,387,200,5,0.002331 222,196,237,212,6,0.001694 155,181,179,195,6,0.001687 377,184,389,198,6,0.001628 360,184,373,198,6,0.001423 319,183,332,194,6,0.001221 283,182,300,192,6,0.001201 294,184,311,194,6,0.001139 175,176,207,197,4,0.001095
/home/dysjin/data/CARLA.v20-carla_v20.coco/valid/121155_png.rf.5eeb1497380edc240a771f68b9d34669.jpg 248,258,387,375,6,0.218402 562,217,598,306,2,0.143318 484,244,533,271,6,0.017701 235,224,425,420,1,0.005334 40,191,591,480,2,0.003513 543,225,616,292,4,0.002463 582,210,604,306,2,0.002110 561,234,602,285,1,0.001285 548,204,581,312,2,0.001142
/home/dysjin/data/CARLA.v20-carla_v20.coco/valid/007085_png.rf.5a7141063cfddac158b01dce18de1e48.jpg 427,211,464,241,3,0.140756 428,206,462,245,5,0.057072 431,213,461,237,0,0.007731 245,210,379,358,6,0.001303 172,223,187,243,6,0.001261 620,181,640,367,2,0.001132
/home/dysjin/data/CARLA.v20-carla_v20.coco/valid/Town05_006720_png.rf.717ce1e22225ab6a97befb2b8effcc2a.jpg 178,184,218,256,6,0.096292 342,186,355,197,6,0.029895 101,186,151,203,6,0.023457 335,188,348,198,6,0.016386 93,192,119,205,6,0.010831 129,190,151,204,6,0.006310 191,208,211,234,0,0.005584 319,189,334,199,6,0.005321 353,182,370,194,6,0.004528 308,188,325,199,6,0.003038 0,0,93,228,6,0.002730 166,190,234,248,4,0.002712 85,189,106,204,6,0.001422 199,187,222,251,2,0.001266 365,179,383,194,6,0.001229
/home/dysjin/data/CARLA.v20-carla_v20.coco/valid/Town01_006600_png.rf.612f31973b2db2fda3ee5293fd937a64.jpg 376,190,392,211,6,0.084648 294,193,309,205,6,0.013268 126,208,139,231,6,0.009024 333,191,345,205,6,0.003911 284,194,301,205,6,0.002269 303,193,317,204,6,0.001922 122,202,142,235,0,0.001805 355,190,374,203,6,0.001453 342,191,356,204,6,0.001308 322,191,335,204,6,0.001247
/home/dysjin/data/CARLA.v20-carla_v20.coco/valid/112469_png.rf.4fea3a1e3f0858f468ecb362968a08fb.jpg 314,228,338,299,2,0.060234 608,238,634,254,6,0.022607 306,231,339,302,0,0.005511 624,233,637,259,6,0.003123 308,241,341,285,1,0.002646 321,242,334,283,0,0.002328 307,225,338,302,6,0.002197 45,209,79,302,2,0.001751 589,227,634,251,6,0.001532
/home/dysjin/data/CARLA.v20-carla_v20.coco/valid/Town05_009540_png.rf.67accf9da191af14c5f05da1b6fe1e58.jpg 599,189,638,208,6,0.137141 490,212,635,350,6,0.085624 281,171,327,193,6,0.011845 592,180,640,214,6,0.002236 591,189,611,206,6,0.001624 329,97,640,380,2,0.001487 619,175,638,217,6,0.001478 0,214,7,252,2,0.001292 0,194,11,270,2,0.001268 597,175,640,204,3,0.001229 286,168,316,183,6,0.001154 577,185,623,207,6,0.001092 399,199,640,380,6,0.001022
/home/dysjin/data/CARLA.v20-carla_v20.coco/valid/041820_png.rf.69e77a8e269d90d89efc21e5026a7083.jpg 32,244,77,263,6,0.199330 117,240,142,296,2,0.177884 116,236,142,292,6,0.022040 594,188,640,223,6,0.020612 181,229,195,245,3,0.013391 112,246,145,291,1,0.012217 122,251,137,287,0,0.009614 181,234,195,253,6,0.008439 111,232,144,302,0,0.005254 54,244,81,259,6,0.005205 123,249,137,279,2,0.002186 29,251,76,279,6,0.002155 27,246,45,264,6,0.001521 127,254,145,282,0,0.001408 177,221,199,252,3,0.001042 1,234,10,257,6,0.001036 68,250,84,263,6,0.001022
/home/dysjin/data/CARLA.v20-carla_v20.coco/valid/121278_png.rf.6607158f1164a75baf620dcb66d1b07e.jpg 276,252,354,312,6,0.139945 243,243,262,259,6,0.035640 477,242,489,272,1,0.004134 240,237,264,262,4,0.004044 264,212,367,342,6,0.003645 233,247,254,262,6,0.003256 574,228,587,244,3,0.002998 474,235,492,277,0,0.002202 235,244,265,263,0,0.001401 271,213,371,340,4,0.001364
/home/dysjin/data/CARLA.v20-carla_v20.coco/valid/Town02_004620_png.rf.7280640e1c163e7c4b28010b90659788.jpg 250,190,374,319,6,0.165042 278,184,298,201,6,0.143491 312,182,330,201,6,0.081740 141,186,168,202,6,0.043342 285,184,313,198,6,0.017401 344,182,353,208,2,0.011444 118,184,168,206,6,0.010479 330,183,345,202,6,0.005716 294,179,328,197,6,0.004703 307,176,328,202,1,0.004432 238,150,410,333,1,0.003814 400,168,421,224,2,0.003066 311,175,333,202,0,0.002696 127,28,503,380,2,0.002274 24,162,57,196,4,0.001877 22,160,59,191,3,0.001870 378,147,394,169,3,0.001758 153,181,172,197,6,0.001688 141,176,184,200,6,0.001023
/home/dysjin/data/CARLA.v20-carla_v20.coco/valid/Town05_016500_png.rf.75b431585ae9c755044e81517b796324.jpg 348,196,396,235,6,0.130747 122,198,227,242,6,0.124843 0,201,91,282,6,0.095257 456,181,476,196,3,0.086644 118,207,171,240,6,0.036224 342,189,368,231,6,0.022707 343,191,360,208,6,0.022171 429,193,441,208,6,0.021165 334,189,349,202,6,0.014069 429,195,439,212,0,0.011804 452,175,478,200,4,0.010417 177,198,225,234,6,0.007650 375,203,396,230,1,0.006219 376,200,392,225,0,0.006161 368,201,388,224,6,0.004292 448,177,476,196,6,0.003719 342,183,358,195,6,0.003136 368,194,388,209,6,0.002477 245,191,260,203,6,0.002149 206,203,224,222,6,0.002109 349,202,373,221,2,0.002092 126,214,151,234,6,0.001910 349,187,391,215,6,0.001857 334,183,347,194,6,0.001826 131,188,197,250,4,0.001798 147,190,210,251,3,0.001788 441,188,460,201,6,0.001635 256,192,271,203,6,0.001591 350,183,370,195,6,0.001412 0,165,103,293,4,0.001368 235,190,249,203,6,0.001351 347,205,372,227,0,0.001302 126,149,225,295,4,0.001282 422,196,436,212,6,0.001250 137,215,166,232,1,0.001116
/home/dysjin/data/CARLA.v20-carla_v20.coco/valid/Town02_001020_png.rf.79741d4293c684a4f4e895c08f1290d5.jpg 304,183,343,315,0,0.229314 0,185,95,370,6,0.137673 279,187,301,202,6,0.091257 190,181,214,217,6,0.071011 281,183,325,206,6,0.054707 227,182,247,192,6,0.018028 302,173,336,316,1,0.010077 18,193,72,220,6,0.007680 317,181,332,195,6,0.006689 0,238,96,350,1,0.006478 0,222,93,333,4,0.006043 198,183,252,203,6,0.005661 198,191,225,206,6,0.005024 315,186,330,204,6,0.005008 0,190,91,380,6,0.004618 332,181,347,193,6,0.004099 188,192,205,215,6,0.003224 214,186,243,199,6,0.002696 9,213,73,372,3,0.002672 305,182,326,196,6,0.002584 275,183,287,195,6,0.002489 284,204,365,292,4,0.001849 241,187,259,199,6,0.001848 0,179,72,320,6,0.001833 291,183,311,196,6,0.001816 301,192,323,214,6,0.001654 340,180,355,192,6,0.001610 26,136,81,159,6,0.001572 299,186,324,247,0,0.001562 301,181,343,207,6,0.001373 190,192,219,213,0,0.001350 259,188,276,201,6,0.001305 116,186,128,209,3,0.001270 238,182,259,192,6,0.001159 118,184,131,208,6,0.001091 27,199,58,215,6,0.001083 630,184,640,212,6,0.001053
/home/dysjin/data/CARLA.v20-carla_v20.coco/valid/004996_png.rf.758bfe0873e6cba6e1d99146894cae01.jpg 491,257,511,325,2,0.109595 496,266,506,309,2,0.004506 540,283,551,305,3,0.003752 495,269,506,315,0,0.003197 355,244,365,269,2,0.002212 484,271,514,312,1,0.002104
/home/dysjin/data/CARLA.v20-carla_v20.coco/valid/Town02_001620_png.rf.77cda18f042297c4b15936a35acef602.jpg 303,181,331,256,6,0.087395 307,179,336,264,2,0.041883 180,190,196,211,6,0.022612 302,179,333,259,0,0.009842 298,195,336,243,1,0.005441 176,183,200,212,5,0.005219 114,186,170,212,6,0.004950 169,183,193,212,0,0.003880 159,187,197,207,6,0.003798 309,201,324,237,0,0.003060 244,188,263,201,6,0.002319 306,191,321,210,6,0.002159 515,129,640,188,6,0.001890 173,193,189,213,6,0.001870 404,193,422,215,6,0.001643 180,192,195,213,4,0.001541 297,184,317,236,2,0.001525 398,191,410,208,3,0.001326 523,167,630,227,6,0.001065 332,186,342,209,2,0.001019
/home/dysjin/data/CARLA.v20-carla_v20.coco/valid/112362_png.rf.868e587d8bdd37c81e4872223fbdbeb4.jpg 150,226,167,286,2,0.167304 607,237,634,254,6,0.028883 624,232,637,260,6,0.003437 142,237,172,274,1,0.003038 154,233,164,269,2,0.002756 589,227,635,251,6,0.002461
/home/dysjin/data/CARLA.v20-carla_v20.coco/valid/Town05_010080_png.rf.88fb23d739ffa2beacd3c5735d172d03.jpg 268,183,284,200,6,0.101939 315,188,328,213,6,0.060214 314,187,324,219,2,0.029919 312,182,327,217,1,0.014142 332,180,344,194,6,0.007529 313,181,329,225,0,0.006292 277,184,292,200,6,0.005056 329,188,342,204,6,0.004830 297,188,313,205,6,0.002881 261,177,277,193,6,0.002766 313,182,325,197,6,0.002312 295,183,311,194,6,0.001785 300,185,332,209,2,0.001681 261,182,289,201,0,0.001396 342,178,355,190,6,0.001282 247,166,261,181,6,0.001270 269,169,284,183,3,0.001148 246,174,261,189,6,0.001034
/home/dysjin/data/CARLA.v20-carla_v20.coco/valid/026847_png.rf.7a28094ba474fb2fab06e58f1ebea83c.jpg 413,209,445,241,3,0.132961 412,211,451,240,6,0.009728 415,214,443,241,4,0.001335
/home/dysjin/data/CARLA.v20-carla_v20.coco/valid/075709_png.rf.7dd638ab9af378bf60aaa2fb92a0aea4.jpg 310,243,347,269,6,0.214379 166,243,246,299,6,0.199351 237,240,266,279,6,0.141178 0,250,170,419,6,0.139866 244,247,263,271,2,0.029611 217,245,262,286,6,0.015766 254,241,266,262,2,0.007077 0,187,280,480,2,0.006327 243,242,263,261,6,0.005702 2,104,178,408,6,0.003464 345,239,359,257,6,0.002536 0,269,98,463,6,0.002293 249,231,271,272,2,0.002227 353,239,366,256,6,0.001951 233,247,265,282,0,0.001714 202,235,249,301,1,0.001343 242,240,279,273,0,0.001236 311,242,327,261,6,0.001167 326,244,347,259,6,0.001105 231,250,257,270,6,0.001099
/home/dysjin/data/CARLA.v20-carla_v20.coco/valid/Town02_007380_png.rf.8809896fc46f6266a6729640bbc68e4c.jpg 561,192,631,221,6,0.127992 278,189,296,204,6,0.066095 291,189,305,201,6,0.026951 560,200,591,262,6,0.006930 605,181,639,222,6,0.004045 491,186,511,250,2,0.004035 272,194,286,212,6,0.002693 569,201,598,218,6,0.002627 270,182,292,210,5,0.002453 610,197,636,216,6,0.002400 331,185,342,204,6,0.001963 261,183,294,206,6,0.001730 295,183,308,196,3,0.001597 501,186,543,212,6,0.001276 303,188,318,199,6,0.001122 560,178,606,255,0,0.001080 561,178,611,239,4,0.001022
/home/dysjin/data/CARLA.v20-carla_v20.coco/valid/Town01_007500_png.rf.7e4c2487265d812d93246e09a19aeab2.jpg 550,171,640,217,6,0.116241 255,194,282,212,6,0.103106 527,179,553,217,6,0.036970 294,188,313,198,6,0.012258 169,215,189,228,6,0.004154 222,202,235,216,6,0.003894 249,196,266,211,6,0.003691 524,184,588,222,6,0.002855 606,171,640,221,6,0.002773 277,192,297,204,6,0.002558 304,183,319,192,6,0.001861 155,215,178,230,6,0.001807 522,189,555,217,0,0.001643 400,197,417,214,6,0.001637 495,184,547,209,6,0.001525 179,213,198,226,6,0.001495 553,123,640,270,4,0.001418 256,195,288,211,0,0.001409 530,167,581,225,4,0.001094 343,165,357,182,3,0.001050 550,163,614,225,4,0.001023
/home/dysjin/data/CARLA.v20-carla_v20.coco/valid/Town05_007500_png.rf.8a81a882e564e9e99b5c951d3e18dbbc.jpg 352,182,392,200,6,0.140680 129,183,176,204,6,0.072560 253,179,268,196,6,0.057330 189,108,232,139,6,0.027197 347,183,364,199,6,0.014169 304,179,321,191,6,0.013386 376,181,396,198,6,0.006885 0,0,96,190,6,0.005801 390,187,403,201,6,0.003069 264,180,282,193,6,0.002470 314,180,330,191,6,0.001563 280,180,299,192,6,0.001341 182,125,228,164,6,0.001292 232,173,269,193,6,0.001184 335,179,347,194,6,0.001025
/home/dysjin/data/CARLA.v20-carla_v20.coco/valid/Town02_005520_png.rf.8a9d2ba4122736ea3845c9e405936cce.jpg 42,200,111,222,6,0.106703 73,199,134,222,6,0.088333 607,191,640,231,6,0.081869 2,199,15,219,6,0.013723 37,208,67,223,6,0.013500 116,204,134,219,6,0.010877 27,181,139,225,6,0.006336 367,197,379,216,6,0.006147 602,210,640,246,6,0.004208 50,204,85,221,6,0.003473 623,197,637,224,6,0.002940 4,200,56,220,6,0.002791 0,205,13,226,6,0.001968 16,204,43,216,6,0.001805 102,207,132,223,6,0.001575 104,199,145,220,6,0.001284 360,191,372,206,6,0.001208 0,193,25,219,6,0.001132
/home/dysjin/data/CARLA.v20-carla_v20.coco/valid/041735_png.rf.891d950e6341a379e0a80f54f49c126a.jpg 273,238,305,310,0,0.112247 506,286,636,480,6,0.019380 276,236,304,319,1,0.015617 283,257,299,289,0,0.003736 255,250,306,294,6,0.001969 0,234,11,305,2,0.001150 0,252,7,289,2,0.001010
/home/dysjin/data/CARLA.v20-carla_v20.coco/valid/041669_png.rf.8f16c7cc68671f71ba068edf120b2a61.jpg 304,236,333,312,1,0.073016 302,238,339,313,0,0.071454 311,257,327,290,0,0.002175 285,244,360,304,4,0.001240
/home/dysjin/data/CARLA.v20-carla_v20.coco/valid/003814_png.rf.9123d8ff8e23490d6f5201cb816e4fc2.jpg 545,175,621,244,3,0.153656 289,242,317,259,6,0.098110 285,244,302,262,6,0.008953 543,179,639,241,4,0.003438 314,243,330,257,6,0.001289 197,240,213,255,6,0.001074
/home/dysjin/data/CARLA.v20-carla_v20.coco/valid/005413_png.rf.9000d6e877ce40e1d5bd5387ece453c2.jpg 109,230,123,283,2,0.172432 85,228,104,291,2,0.143945 96,228,115,289,2,0.119499 360,213,372,230,3,0.007136 85,239,121,276,1,0.006702 540,254,602,289,6,0.006165 628,196,639,293,2,0.005462 100,236,132,274,0,0.004215 76,233,94,290,2,0.002544 116,224,132,286,2,0.002038 119,241,130,273,2,0.001521 632,222,639,267,2,0.001266 92,233,101,269,2,0.001172 86,242,97,288,0,0.001018 631,213,639,254,0,0.001007 530,232,632,288,6,0.001004
/home/dysjin/data/CARLA.v20-carla_v20.coco/valid/Town01_001500_png.rf.9254a251a5c6eb6313adba6a6adf1620.jpg 387,176,403,192,3,0.103006 292,197,307,211,6,0.008399 385,169,405,197,4,0.006092 218,197,233,215,6,0.005377 227,200,251,213,6,0.003994 295,195,309,207,3,0.002809 0,122,15,195,6,0.002718 285,197,299,212,6,0.002623 382,170,404,196,5,0.002514 303,195,322,206,6,0.001658 384,171,415,191,6,0.001124
/home/dysjin/data/CARLA.v20-carla_v20.coco/valid/Town05_004680_png.rf.93664881511a21c1adf050e2e8993477.jpg 244,187,269,204,6,0.180451 315,178,387,219,6,0.124980 374,179,419,216,6,0.031899 279,185,294,197,6,0.021146 403,186,418,208,6,0.009460 490,234,636,380,6,0.007125 393,187,414,210,1,0.005053 185,188,200,201,6,0.004954 250,182,295,200,6,0.003472 628,168,638,201,6,0.002638 319,173,343,216,6,0.002614 624,150,639,217,6,0.002146 414,179,428,194,6,0.001918 334,190,362,208,1,0.001771 253,184,269,196,6,0.001652 235,185,255,200,6,0.001640 326,188,351,210,0,0.001178 290,182,307,193,6,0.001133 344,165,407,223,6,0.001126 415,186,427,206,0,0.001119 348,189,375,207,1,0.001007
/home/dysjin/data/CARLA.v20-carla_v20.coco/valid/138312_png.rf.93c512dad514948e54a85fd6860eba4e.jpg 94,229,115,285,2,0.133060 88,236,122,279,1,0.004419 509,341,621,480,6,0.003950 308,238,322,249,6,0.003036 0,189,33,325,6,0.002987 317,239,332,249,6,0.001985 309,231,321,243,6,0.001466 345,240,358,255,6,0.001380
/home/dysjin/data/CARLA.v20-carla_v20.coco/valid/005160_png.rf.922d9f2da21b5b11121905df87e629d7.jpg 400,211,429,243,3,0.086071 403,215,426,239,5,0.023445 403,215,429,241,4,0.012074 400,215,440,238,6,0.001436
