/home/dysjin/data/CARLA.v20-carla_v20.coco/valid/Town05_011820_png.rf.a721d4435d03a17b63243ff374e790d2.jpg 10,186,107,231,6,0.202461 310,186,323,199,6,0.045434 62,190,115,225,6,0.032357 256,179,271,189,6,0.018966 276,179,299,192,6,0.012264 264,180,284,191,6,0.011586 315,182,328,195,6,0.010629 2,200,65,231,6,0.008801 292,182,312,194,6,0.008092 329,182,340,193,6,0.004169 275,179,325,198,6,0.002620 156,167,173,182,6,0.002409 248,178,263,188,6,0.002144 2,191,34,228,6,0.002018 80,198,108,220,6,0.001965 344,179,355,191,6,0.001696 5,179,61,223,6,0.001568 354,168,369,181,6,0.001535 0,182,17,238,6,0.001452 38,191,71,227,6,0.001258 27,182,93,238,5,0.001207
/home/dysjin/data/CARLA.v20-carla_v20.coco/valid/Town05_005760_png.rf.a5aa9e8688171e7bfb57f36e4a648f69.jpg 311,185,330,204,6,0.132465 410,193,439,229,6,0.011116 259,176,275,190,6,0.008410 0,170,10,245,2,0.004845 0,0,283,226,5,0.002646 0,158,11,236,0,0.002578 310,194,327,211,6,0.002379 296,185,317,200,6,0.001987 330,181,340,194,6,0.001753 230,178,250,193,6,0.001511 0,183,11,254,0,0.001438 244,178,262,192,6,0.001399 327,185,342,203,6,0.001344 345,178,354,191,6,0.001236 297,177,334,202,6,0.001180 1,0,328,204,6,0.001117 424,190,444,232,0,0.001047
/home/dysjin/data/CARLA.v20-carla_v20.coco/valid/075705_png.rf.9f5447b468e0280dc956a534954f8a5e.jpg 169,244,252,304,6,0.285261 310,243,348,273,6,0.256648 0,248,177,425,6,0.169173 216,240,266,279,6,0.093872 241,244,264,270,6,0.013747 252,241,267,272,1,0.006120 249,239,269,275,0,0.005966 356,236,369,255,6,0.005175 165,245,223,278,6,0.004130 212,247,244,290,6,0.003896 0,76,228,480,0,0.003135 160,219,259,330,0,0.002931 252,238,269,264,6,0.001955 77,248,178,313,6,0.001735 228,249,259,270,1,0.001684 143,238,183,319,6,0.001611 228,242,260,261,6,0.001446 154,280,183,337,6,0.001147 243,253,263,278,1,0.001080
/home/dysjin/data/CARLA.v20-carla_v20.coco/valid/Town02_006840_png.rf.a4a970c10202604d1dd8c41fe9097525.jpg 582,189,640,220,6,0.116025 493,181,547,211,6,0.052440 197,188,216,206,6,0.045534 341,188,356,209,6,0.031235 560,175,579,198,6,0.025898 116,186,165,214,6,0.021914 557,180,617,213,6,0.021504 566,162,640,216,6,0.008688 395,184,454,210,6,0.007529 215,189,236,204,6,0.005503 179,191,200,209,6,0.005080 141,190,168,209,6,0.004639 340,184,357,212,0,0.004163 0,153,13,214,2,0.004068 0,165,9,198,4,0.003940 173,189,187,211,6,0.003800 175,195,186,218,6,0.003634 523,185,546,207,6,0.003586 0,156,9,191,4,0.003536 1,181,19,237,6,0.003240 557,175,573,199,3,0.003234 1,195,19,248,6,0.002944 116,194,142,217,6,0.002763 0,160,15,233,6,0.002571 234,190,245,204,6,0.002570 592,195,625,217,5,0.002413 554,170,575,204,0,0.002124 244,189,256,203,6,0.002077 592,192,623,209,6,0.002031 605,193,636,216,1,0.001986 510,136,530,156,3,0.001908 475,174,528,201,6,0.001894 541,177,583,208,6,0.001776 199,189,249,208,6,0.001697 606,190,636,210,6,0.001697 156,189,175,210,6,0.001655 528,174,547,200,2,0.001328 568,185,598,206,6,0.001102 195,193,213,214,1,0.001053 0,153,28,256,2,0.001004
/home/dysjin/data/CARLA.v20-carla_v20.coco/valid/Town02_002640_png.rf.ac6bee6a9e4c4b2a1e149670c97196c1.jpg 299,189,368,247,6,0.203808 391,172,406,191,3,0.173974 263,186,290,213,6,0.080021 390,167,408,194,1,0.010544 560,149,640,215,6,0.007354 391,167,406,187,4,0.006911 236,174,253,194,6,0.005110 383,166,421,197,5,0.004497 28,197,84,224,6,0.004169 64,197,88,236,6,0.003740 242,182,259,203,6,0.003451 274,193,296,215,6,0.001990 287,168,380,277,0,0.001980 67,186,87,237,0,0.001809 301,182,332,237,6,0.001704 610,163,640,204,6,0.001524 384,174,401,190,6,0.001311 257,177,275,200,3,0.001070
/home/dysjin/data/CARLA.v20-carla_v20.coco/valid/007096_png.rf.a26873f70f1467f54f0fd09ea8c1731b.jpg 542,168,623,247,3,0.225259 547,167,617,250,5,0.020263 536,149,626,261,0,0.009383 546,174,636,249,6,0.002338 131,221,154,242,3,0.002336
/home/dysjin/data/CARLA.v20-carla_v20.coco/valid/041683_png.rf.abc13a183255cbb5f9aeca7d55d8b4c0.jpg 301,245,336,315,0,0.070328 304,245,333,313,2,0.029033 307,244,334,305,6,0.019301 295,250,337,298,1,0.001866 83,220,126,249,6,0.001683 296,250,338,307,3,0.001163
/home/dysjin/data/CARLA.v20-carla_v20.coco/valid/041699_png.rf.a4a6f7fb7672ac47b317ec4fe3e21c97.jpg 301,245,334,315,0,0.096394 303,247,332,312,2,0.075706 306,242,335,306,6,0.006466 295,251,335,299,1,0.001825 308,261,327,301,4,0.001319 0,225,13,289,6,0.001173
/home/dysjin/data/CARLA.v20-carla_v20.coco/valid/Town02_006480_png.rf.aec43468267a9993201d034f7031ee5c.jpg 350,175,370,189,6,0.042116 218,183,240,204,6,0.015328 254,184,273,200,6,0.013175 231,177,276,200,6,0.004662 200,171,236,204,6,0.003343 266,185,282,200,6,0.002221 227,177,249,198,6,0.002150 362,174,379,189,6,0.001774 343,183,358,199,3,0.001715 294,192,305,204,6,0.001575 341,168,361,185,6,0.001388 284,190,296,202,6,0.001240
/home/dysjin/data/CARLA.v20-carla_v20.coco/valid/Town02_003060_png.rf.b28380c7e6ad26a4ccdfda39d4db7f85.jpg 538,184,636,227,6,0.087360 594,190,640,225,6,0.020174 553,189,589,221,6,0.009328 531,185,547,213,6,0.005354 529,189,573,222,6,0.004668 40,183,98,211,6,0.003755 626,198,640,263,6,0.003525 554,197,587,217,5,0.003372 532,192,547,217,1,0.003039 362,183,415,211,6,0.002380 515,182,557,217,6,0.002298 0,164,11,231,2,0.002170 624,169,639,231,0,0.002166 572,183,631,236,5,0.001785 0,191,10,221,2,0.001773 605,132,640,241,6,0.001742 514,182,529,211,2,0.001721 0,179,13,235,6,0.001543 530,187,549,222,0,0.001378 581,191,612,222,6,0.001112 362,157,385,179,6,0.001078 550,180,616,233,4,0.001037
/home/dysjin/data/CARLA.v20-carla_v20.coco/valid/Town01_009120_png.rf.b3886317404f3c307752dac4625c4b0e.jpg 304,192,332,211,6,0.067709 20,207,71,236,6,0.017578 315,189,386,208,6,0.010376 44,209,69,232,6,0.008166 0,190,14,252,2,0.006355 350,185,400,213,6,0.006346 323,191,350,207,6,0.005483 372,196,397,216,6,0.005291 295,191,317,206,6,0.004876 0,199,12,265,1,0.004540 485,194,535,218,6,0.003801 180,196,198,214,6,0.003289 0,202,42,241,6,0.002611 0,210,11,278,0,0.002527 514,194,532,216,6,0.002442 539,196,563,215,6,0.002418 0,212,9,251,2,0.001940 0,181,16,239,2,0.001880 0,224,8,261,2,0.001730 269,186,285,201,6,0.001639 255,187,271,203,6,0.001288 525,194,544,216,6,0.001201 247,188,260,205,6,0.001190 5,195,55,228,6,0.001184 371,198,429,219,6,0.001113 0,218,11,294,2,0.001027 501,188,526,209,6,0.001015
/home/dysjin/data/CARLA.v20-carla_v20.coco/valid/051305_png.rf.af3e2dc55ae45fc793f7f25eb6fdf7b4.jpg 427,209,463,240,3,0.125080 423,208,462,241,6,0.033755 428,212,463,243,4,0.006841 158,211,176,261,2,0.002124
/home/dysjin/data/CARLA.v20-carla_v20.coco/valid/007291_png.rf.b33e9d647d42777054dfb5f46d23bbad.jpg 382,220,402,240,3,0.118726 381,218,403,242,6,0.016241 378,218,412,243,4,0.007234 0,132,12,190,4,0.001342
/home/dysjin/data/CARLA.v20-carla_v20.coco/valid/Town05_005820_png.rf.abc3e70595852b4f2320e8b55c805a27.jpg 302,191,335,217,6,0.089094 0,0,266,232,6,0.018024 304,193,339,215,1,0.013663 0,0,263,263,5,0.005689 247,177,260,192,6,0.003610 330,182,344,196,2,0.002714 326,188,343,208,6,0.002652 345,180,355,192,6,0.002402 492,162,640,296,6,0.002176 629,208,640,284,6,0.001914 527,139,637,212,6,0.001815 31,24,143,84,6,0.001487 0,13,11,85,0,0.001456 255,176,269,191,6,0.001398 455,32,640,351,5,0.001365 0,27,12,93,0,0.001325
/home/dysjin/data/CARLA.v20-carla_v20.coco/valid/Town05_006960_png.rf.9d31f2ffd8a1d723122d28555c0e3321.jpg 281,185,295,208,6,0.098172 272,180,309,208,6,0.005309 2,229,165,369,6,0.002930 281,190,294,215,0,0.001900
/home/dysjin/data/CARLA.v20-carla_v20.coco/valid/Town02_009720_png.rf.b20474373a38fe973889a895d5aba03e.jpg 294,201,341,248,6,0.055552 267,188,278,212,6,0.047126 541,166,586,198,6,0.024582 607,157,639,194,6,0.009525 265,193,276,214,1,0.004169 537,155,620,206,6,0.002614 190,173,209,192,6,0.002612 624,165,640,195,6,0.001705 308,212,339,235,6,0.001624 294,194,319,252,2,0.001395 259,183,292,215,6,0.001368 542,172,577,193,5,0.001107
/home/dysjin/data/CARLA.v20-carla_v20.coco/valid/Town01_002220_png.rf.9b6e376c042a4b43cdf2a33f00250d62.jpg 203,204,434,367,6,0.233371 279,186,327,207,6,0.010803 159,71,481,380,0,0.006738 597,206,640,238,6,0.003394 539,187,628,255,6,0.002453 624,197,640,248,6,0.002442 312,186,337,203,6,0.002205 0,191,8,223,2,0.001893 201,176,229,191,6,0.001472 0,177,11,238,0,0.001101 554,94,640,300,6,0.001101 36,182,77,213,6,0.001012
/home/dysjin/data/CARLA.v20-carla_v20.coco/valid/Town01_003900_png.rf.b43a572a2d61a01bb389880cf86179de.jpg 199,205,440,370,6,0.200273 0,189,35,223,6,0.016246 316,189,360,208,6,0.014353 1,172,18,224,6,0.011573 402,180,421,232,2,0.009235 154,78,486,380,0,0.006955 611,157,640,298,2,0.005567 53,171,111,200,6,0.004736 608,172,640,221,6,0.002984 0,179,16,212,2,0.002982 280,186,328,208,6,0.002604 0,191,19,221,5,0.002358 551,158,594,246,2,0.002279 217,182,416,345,4,0.002127 628,150,640,220,6,0.002002 627,180,640,262,6,0.001876 19,156,103,211,6,0.001854 404,188,419,225,0,0.001162 629,250,640,339,2,0.001155 629,138,640,208,0,0.001109 629,240,640,324,0,0.001060 601,110,640,380,2,0.001051 0,159,16,215,4,0.001046
/home/dysjin/data/CARLA.v20-carla_v20.coco/valid/029067_png.rf.b686edaf28a0971571945f7b069613d5.jpg 538,227,583,341,2,0.268255 528,215,591,350,0,0.010516 0,208,11,285,2,0.002396 199,237,216,259,6,0.001855 0,188,10,281,2,0.001402
/home/dysjin/data/CARLA.v20-carla_v20.coco/valid/Town02_004200_png.rf.b4d2f32e1287253b4f35bf521927be39.jpg 268,187,291,209,6,0.138788 354,186,374,200,6,0.003073 306,180,317,192,6,0.002150 258,185,282,203,6,0.002150 293,187,308,202,6,0.001887 353,178,371,195,3,0.001321 0,194,13,219,6,0.001310 4,174,29,217,6,0.001272 366,188,386,206,6,0.001244 345,177,358,193,3,0.001234 262,192,294,214,3,0.001038 1,169,16,224,6,0.001025
/home/dysjin/data/CARLA.v20-carla_v20.coco/valid/Town02_002100_png.rf.b49da10e2c41ab65d4c132e46f15d3e3.jpg 297,189,337,284,6,0.124139 278,186,291,202,6,0.118751 0,185,18,210,6,0.062626 303,192,338,282,1,0.054011 302,198,329,270,2,0.013929 313,188,323,210,6,0.009712 0,182,25,214,3,0.007176 120,184,165,209,6,0.005456 0,162,15,215,6,0.004433 269,179,305,207,6,0.004133 141,188,161,207,6,0.003967 65,169,122,198,6,0.003856 0,187,26,225,1,0.003123 302,206,331,278,4,0.002307 0,188,16,246,6,0.002220 0,172,13,203,2,0.001945 307,188,327,234,4,0.001863 309,182,325,217,0,0.001772 310,194,323,223,2,0.001539 291,186,308,204,6,0.001477 278,193,292,212,2,0.001466 119,185,139,207,6,0.001305 57,178,109,208,6,0.001228 257,187,278,200,6,0.001185 0,201,12,232,2,0.001115 307,205,322,240,2,0.001001
/home/dysjin/data/CARLA.v20-carla_v20.coco/valid/003752_png.rf.bb0716bc5b93fa8b10f41577e20a2f35.jpg 397,216,424,241,3,0.119552 397,218,424,240,4,0.049129 302,238,329,253,6,0.030487 397,215,424,239,6,0.024484 395,214,427,241,1,0.009029 343,227,361,244,3,0.005627
/home/dysjin/data/CARLA.v20-carla_v20.coco/valid/138327_png.rf.b4aecc174d58e25a6e680c2468864172.jpg 8,234,48,301,2,0.120907 2,230,44,306,6,0.042431 0,232,19,307,2,0.005370 0,224,62,297,3,0.002018 0,243,32,296,3,0.001667 0,191,62,322,2,0.001235 240,235,256,254,6,0.001193 2,248,29,307,4,0.001005
/home/dysjin/data/CARLA.v20-carla_v20.coco/valid/Town05_009600_png.rf.b886b3525f44da0ae66796230d91b958.jpg 107,189,216,234,6,0.171417 582,186,635,208,6,0.139986 374,185,409,209,6,0.112227 463,188,502,214,6,0.104426 526,179,545,197,6,0.099686 155,192,223,223,6,0.058869 415,180,437,195,6,0.026094 190,195,219,223,6,0.021545 548,184,576,203,6,0.019291 102,203,164,233,6,0.016776 398,184,420,205,6,0.012586 435,182,460,193,6,0.011235 522,178,570,198,6,0.007559 626,173,640,225,0,0.007279 556,179,584,196,6,0.007141 629,182,640,215,6,0.006921 515,184,537,200,6,0.006646 572,187,602,203,6,0.006613 459,194,497,213,5,0.006380 503,186,522,204,6,0.004537 138,184,198,216,6,0.004295 498,181,546,204,6,0.003403 422,179,471,197,6,0.002528 562,174,639,217,6,0.002500 451,181,469,195,3,0.002442 499,223,640,338,6,0.002143 484,191,503,216,1,0.001540 629,180,640,255,2,0.001515 517,179,555,203,1,0.001387 454,187,477,207,6,0.001385 375,194,405,211,3,0.001348 306,198,317,215,6,0.001251 585,173,611,206,6,0.001221 178,187,221,216,1,0.001099 0,194,12,220,2,0.001079
/home/dysjin/data/CARLA.v20-carla_v20.coco/valid/Town01_002340_png.rf.b8976b6d8f366e29aeb47fb3b3146b33.jpg 202,204,434,367,6,0.231539 267,187,293,205,6,0.014111 160,70,481,380,0,0.006800 275,185,330,207,6,0.004114 313,185,336,203,6,0.003564 598,206,640,238,6,0.002842 200,176,230,192,6,0.002673 624,196,640,248,6,0.002468 539,187,627,255,6,0.001886 275,187,299,223,6,0.001837 0,191,8,223,2,0.001825 256,186,276,201,6,0.001303 37,182,77,213,6,0.001213 0,203,9,234,2,0.001009 554,92,640,301,6,0.001002
/home/dysjin/data/CARLA.v20-carla_v20.coco/valid/Town05_009780_png.rf.c3069a0d7ec82f2e1960c0497cec36fe.jpg 291,196,353,258,6,0.139305 435,202,466,236,6,0.039893 375,185,397,201,6,0.006965 371,186,384,199,6,0.004152 251,185,272,199,6,0.003438 299,188,347,214,6,0.001941 628,127,640,192,6,0.001506 355,187,371,201,6,0.001305 276,176,368,279,0,0.001267 322,201,352,243,6,0.001011
/home/dysjin/data/CARLA.v20-carla_v20.coco/valid/Town05_002700_png.rf.b9dfa75f628efa31633800bb9dfee796.jpg 368,184,389,198,6,0.077001 0,173,18,222,6,0.042160 0,150,14,225,2,0.010196 352,182,373,195,6,0.009813 391,181,404,192,6,0.009271 343,181,358,195,6,0.007176 4,185,26,213,6,0.006549 358,177,396,199,6,0.006478 3,164,30,214,6,0.004547 0,179,27,218,3,0.003928 405,179,416,192,6,0.003124 0,130,27,231,6,0.002941 359,182,396,201,1,0.001939 268,184,280,202,6,0.001842 415,178,427,192,6,0.001406 218,182,232,202,6,0.001358 3,181,51,213,6,0.001225 318,178,332,193,6,0.001054
/home/dysjin/data/CARLA.v20-carla_v20.coco/valid/005173_png.rf.c24ac196d86260d3a384e12093bfa5ef.jpg 474,190,527,246,6,0.091490 475,189,530,247,3,0.039271 475,187,530,248,4,0.038312 479,205,513,233,5,0.001016
/home/dysjin/data/CARLA.v20-carla_v20.coco/valid/Town01_005820_png.rf.c9053a957ff7561268673aaec9e095f0.jpg 291,193,345,306,6,0.171073 401,179,430,218,6,0.033980 286,186,349,313,1,0.013770 177,202,202,220,6,0.013359 309,186,327,204,6,0.004950 188,201,215,217,6,0.003599 291,202,351,297,2,0.003359 307,180,324,195,6,0.003050 402,167,426,210,2,0.002438 203,198,221,214,6,0.001544 392,197,415,217,6,0.001207 627,124,639,192,6,0.001045
/home/dysjin/data/CARLA.v20-carla_v20.coco/valid/Town01_011580_png.rf.c8aa9ea674a7d69974d55bf63b55ddbf.jpg 262,191,290,208,6,0.167558 582,180,637,220,6,0.126045 468,202,521,241,6,0.078390 51,190,78,231,6,0.039805 553,193,590,225,6,0.013390 316,186,332,199,6,0.005492 309,187,323,198,6,0.004461 625,181,639,234,6,0.003924 217,187,243,203,6,0.003704 584,170,613,207,6,0.003649 575,189,602,225,6,0.003564 241,190,269,204,6,0.003092 0,183,11,259,2,0.002920 596,141,640,228,6,0.002896 0,191,10,272,2,0.002546 608,166,639,211,6,0.002196 479,211,511,232,6,0.001992 590,190,623,208,6,0.001908 610,193,637,217,1,0.001627 590,195,625,216,5,0.001510 380,188,400,205,6,0.001489 416,188,440,207,6,0.001472 0,201,11,285,0,0.001372 257,193,291,213,4,0.001327 56,201,76,231,0,0.001208 1,167,17,224,6,0.001185 0,180,13,207,2,0.001065 1,174,14,243,6,0.001055 422,197,444,216,6,0.001033
/home/dysjin/data/CARLA.v20-carla_v20.coco/valid/Town01_007440_png.rf.bed11eeb1dde416bf8789b24a8a5c0f8.jpg 554,175,640,222,6,0.151088 528,176,557,221,6,0.065076 263,188,274,213,6,0.061001 531,185,587,224,6,0.011449 610,186,639,223,6,0.008344 261,184,276,215,1,0.008144 572,171,634,228,4,0.004250 281,189,296,204,6,0.003898 294,187,308,199,6,0.002037 595,179,627,219,6,0.001900 599,142,640,235,6,0.001753 152,209,207,230,6,0.001730 0,217,13,245,2,0.001438 612,193,637,220,1,0.001363 306,187,320,198,6,0.001315 222,201,235,215,6,0.001294 364,182,412,211,6,0.001270 560,169,609,208,6,0.001252 516,160,603,218,6,0.001200 176,210,201,226,6,0.001093 532,189,556,218,5,0.001087 207,202,221,217,6,0.001045
/home/dysjin/data/CARLA.v20-carla_v20.coco/valid/Town05_011760_png.rf.c548e0a947d80bc036151e4db99afcfa.jpg 8,199,205,340,6,0.173630 311,185,323,199,6,0.047042 180,221,207,272,6,0.013616 278,179,298,190,6,0.011682 292,182,309,193,6,0.009673 263,180,284,191,6,0.008701 231,235,332,308,6,0.003541 0,67,263,380,3,0.003014 330,179,344,192,6,0.002697 0,0,296,380,6,0.001843 276,178,324,198,6,0.001787 342,176,355,189,6,0.001781 630,227,640,313,2,0.001564 167,189,207,278,6,0.001536 99,202,204,272,6,0.001482 0,62,198,354,6,0.001429 185,231,204,264,2,0.001402 96,223,204,318,6,0.001319 0,80,233,380,0,0.001259 184,186,220,273,1,0.001133
/home/dysjin/data/CARLA.v20-carla_v20.coco/valid/075708_png.rf.c1818fa586a2b613b2806f928a933d9d.jpg 169,243,251,303,6,0.278723 310,244,348,272,6,0.246025 0,247,175,417,6,0.191559 214,239,266,280,6,0.082508 238,235,266,269,6,0.011852 249,238,270,274,4,0.005437 252,240,267,271,1,0.005248 355,236,368,256,6,0.003785 212,246,244,289,6,0.003395 0,78,224,480,0,0.003247 249,232,270,271,0,0.003229 159,219,259,329,0,0.002758 144,238,184,318,6,0.002005 253,237,269,265,6,0.001789 165,245,223,279,6,0.001680 238,246,264,284,6,0.001585 75,246,179,312,6,0.001331 6,249,118,308,6,0.001285 228,250,259,270,6,0.001175 292,239,308,257,6,0.001003
/home/dysjin/data/CARLA.v20-carla_v20.coco/valid/Town05_009900_png.rf.c90bd5781f975f44de47fd794a1f9ac6.jpg 353,191,429,254,6,0.215993 329,184,349,202,6,0.069766 318,184,338,200,6,0.006831 414,179,438,217,6,0.003564 337,179,354,197,6,0.003144 0,187,7,224,2,0.002170 414,178,432,195,6,0.001736 371,183,428,215,6,0.001699 0,174,10,242,2,0.001646 0,180,9,211,2,0.001644 412,194,436,247,6,0.001267 402,181,442,215,1,0.001150 417,194,435,223,2,0.001067 346,179,445,271,0,0.001051 397,189,443,227,6,0.001011
/home/dysjin/data/CARLA.v20-carla_v20.coco/valid/Town05_009660_png.rf.cc2e0d6a11c64dbe092a6e9321c6a170.jpg 246,205,403,329,6,0.228819 414,187,468,212,6,0.116308 255,179,276,194,6,0.022262 342,181,357,206,6,0.021606 210,184,229,199,6,0.007196 611,183,637,202,6,0.005461 626,180,640,208,6,0.005247 349,179,373,195,6,0.004311 378,175,394,195,6,0.003216 368,177,385,195,3,0.002368 332,179,370,209,6,0.002176 242,179,267,193,6,0.002085 178,1,462,380,0,0.001966 433,194,465,212,1,0.001425 281,179,297,192,6,0.001351 313,177,338,193,6,0.001178 0,191,9,222,2,0.001147
/home/dysjin/data/CARLA.v20-carla_v20.coco/valid/003769_png.rf.c5c0c17fa97551316c57744e9608f796.jpg 496,191,551,244,6,0.094846 495,187,551,248,3,0.050236 305,239,329,254,6,0.021689 354,225,371,243,3,0.003811 479,190,554,249,4,0.002952 503,205,538,233,5,0.001072
/home/dysjin/data/CARLA.v20-carla_v20.coco/valid/121197_png.rf.c99e70822c663f40252f74e6b2ad5094.jpg 248,259,404,385,6,0.314720 492,241,533,273,6,0.005511 155,32,486,480,0,0.002119 0,210,12,283,0,0.001056 630,0,640,77,2,0.001025
/home/dysjin/data/CARLA.v20-carla_v20.coco/valid/004966_png.rf.c9d8d72d0920460b612251c5fddc5770.jpg 427,204,467,240,3,0.194141 507,239,539,351,2,0.009648 426,196,470,249,4,0.002755 425,201,460,245,5,0.002582 426,207,484,241,6,0.001152 425,198,466,233,1,0.001048
/home/dysjin/data/CARLA.v20-carla_v20.coco/valid/Town01_006240_png.rf.cc5628eb556a5a5bd1824a8d19313b41.jpg 310,190,324,209,6,0.141382 0,185,15,252,2,0.053487 299,189,310,201,6,0.028861 604,164,640,238,6,0.024889 312,189,331,220,1,0.008323 1,182,31,241,6,0.008268 304,181,322,198,6,0.006421 624,154,640,220,6,0.005695 626,187,640,255,6,0.004474 606,134,640,237,2,0.004462 302,180,333,214,6,0.004461 0,188,11,228,2,0.003563 314,182,328,197,6,0.003441 0,158,29,255,2,0.003384 7,196,51,237,6,0.003275 362,175,385,190,6,0.002403 594,169,625,225,6,0.002055 535,167,635,229,6,0.001862 0,186,26,235,3,0.001673 284,189,296,200,6,0.001478 356,177,373,190,6,0.001414 270,189,281,201,1,0.001316 0,160,13,238,2,0.001291 613,182,637,211,1,0.001237 330,181,342,192,3,0.001205 298,197,311,210,6,0.001188 0,209,13,279,2,0.001087 282,180,295,192,6,0.001074
/home/dysjin/data/CARLA.v20-carla_v20.coco/valid/001638_png.rf.c98e4c5bc2a68de358073a26469c81b2.jpg 424,208,453,241,3,0.142841 422,213,456,236,4,0.027142 44,232,94,259,6,0.012336 152,221,173,242,3,0.009933 608,209,638,256,6,0.006692 9,197,117,267,6,0.003971 607,178,640,267,2,0.003949 423,209,463,243,6,0.003088 625,188,639,260,2,0.002198
/home/dysjin/data/CARLA.v20-carla_v20.coco/valid/051274_png.rf.d5f64278c64b556983082379a316485f.jpg 559,165,637,248,3,0.210952 357,225,377,243,3,0.020932 553,150,640,258,0,0.010891 547,163,634,254,6,0.004345 355,223,378,243,4,0.001913
/home/dysjin/data/CARLA.v20-carla_v20.coco/valid/Town01_001440_png.rf.e4b4351effd31d5b433710cffb8243e4.jpg 383,171,401,192,3,0.158604 381,169,403,193,6,0.020631 0,199,29,241,6,0.004979 0,203,17,257,6,0.002250 0,205,17,236,2,0.002033 386,181,404,199,3,0.001229 0,215,15,244,2,0.001170
/home/dysjin/data/CARLA.v20-carla_v20.coco/valid/019121_png.rf.deb86464dd224ac85f75272f851fc0a8.jpg 508,238,567,258,6,0.131273 543,239,576,254,6,0.040814 391,246,414,288,2,0.023628 393,244,413,282,6,0.021213 585,224,608,272,6,0.006392 500,241,530,258,6,0.005723 529,241,586,265,6,0.005446 194,230,204,263,2,0.004994 556,233,607,263,6,0.004639 576,237,599,259,6,0.001815 397,242,417,280,0,0.001598 595,219,616,272,2,0.001352 500,225,550,253,6,0.001316 532,226,582,253,6,0.001223 493,231,577,273,6,0.001019
/home/dysjin/data/CARLA.v20-carla_v20.coco/valid/041811_png.rf.e8d4c17844854d24f9b2bec66a8a8889.jpg 48,223,68,245,6,0.134235 0,243,14,300,2,0.064344 1,231,16,290,2,0.030845 1,223,28,270,6,0.026324 1,219,17,251,2,0.006304 0,237,35,280,6,0.006261 412,198,462,228,6,0.006258 48,229,66,252,3,0.005841 4,232,24,262,2,0.005021 5,223,22,251,4,0.004918 605,241,640,271,6,0.004890 0,260,10,297,2,0.004102 0,247,23,294,0,0.004059 623,233,639,282,6,0.003067 0,237,25,283,1,0.002924 0,224,26,268,3,0.002381 0,249,11,335,2,0.002343 5,243,24,273,2,0.002199 21,219,68,248,6,0.001945 0,208,14,238,4,0.001617 66,225,87,242,6,0.001536 5,220,53,255,6,0.001526 36,223,57,244,6,0.001375 0,251,57,284,6,0.001335 49,215,65,240,4,0.001277 0,220,24,330,6,0.001172 0,182,30,280,6,0.001143 624,224,640,277,0,0.001079 37,225,75,257,6,0.001075
/home/dysjin/data/CARLA.v20-carla_v20.coco/valid/041657_png.rf.e06a4a0ae870ee5d8dbe97fc65b5b666.jpg 304,248,339,312,0,0.057983 304,242,333,308,2,0.057500 628,217,640,278,6,0.003489 297,250,336,298,1,0.002689 304,250,339,301,6,0.002424 312,257,330,294,2,0.001231
/home/dysjin/data/CARLA.v20-carla_v20.coco/valid/001519_png.rf.e42bb854e84b40164ed2795569b2eb6f.jpg 570,219,591,242,3,0.099246 566,217,599,245,6,0.013682 600,216,635,255,6,0.004996 567,210,587,243,0,0.003898 221,238,241,255,6,0.002992 627,208,640,264,6,0.002548 566,203,639,255,6,0.001644
/home/dysjin/data/CARLA.v20-carla_v20.coco/valid/Town02_005280_png.rf.ec981f5d8aec80a53ec1f9961c2321af.jpg 158,201,214,265,6,0.164990 48,198,118,221,6,0.142795 88,198,135,219,6,0.086746 38,201,81,221,6,0.025367 1,183,18,232,6,0.006932 629,199,640,262,0,0.003387 144,171,229,285,6,0.002515 630,185,640,258,2,0.002345 0,181,13,213,2,0.002122 157,206,212,273,3,0.002056 0,203,13,230,6,0.002017 0,195,64,218,6,0.001553 178,192,206,235,6,0.001549 56,190,146,229,6,0.001350 2,196,26,219,6,0.001329 631,213,640,250,6,0.001306 178,211,203,237,2,0.001272 39,208,57,224,6,0.001101
/home/dysjin/data/CARLA.v20-carla_v20.coco/valid/001509_png.rf.ed3baed466e7f65c1a01fb57bf942b65.jpg 570,219,591,242,3,0.097182 566,217,599,245,6,0.014903 600,216,635,256,6,0.007327 567,210,587,243,0,0.004176 626,208,640,264,6,0.002998 220,238,240,255,6,0.001865 566,204,639,256,6,0.001783 304,238,319,253,6,0.001076
/home/dysjin/data/CARLA.v20-carla_v20.coco/valid/033890_png.rf.e368755037cdc345b45b625d64db27a1.jpg 586,230,633,323,2,0.249763 250,247,420,367,6,0.229100 2,240,16,303,6,0.010182 573,230,639,321,0,0.006886 95,243,138,274,6,0.006592 226,194,437,394,4,0.004688 90,241,115,277,6,0.003664 0,226,14,295,2,0.003111 118,237,140,273,6,0.003029 623,243,640,322,6,0.002994 121,231,141,270,0,0.002892 1,251,14,287,2,0.002817 121,240,138,267,2,0.002762 128,13,513,480,0,0.002629 0,241,10,275,2,0.001471 0,261,12,297,2,0.001395 82,247,105,273,6,0.001350 599,238,638,341,6,0.001294 131,236,145,261,6,0.001206 0,212,11,285,0,0.001165 575,238,640,313,5,0.001140 386,248,417,370,0,0.001029
/home/dysjin/data/CARLA.v20-carla_v20.coco/valid/075724_png.rf.e0c3e9a2b7f318c71e76ccdcb0dda6a1.jpg 295,244,332,269,6,0.194248 0,246,77,409,6,0.133582 191,243,243,283,6,0.118737 73,252,198,334,6,0.096450 123,246,230,314,6,0.023951 6,261,66,480,6,0.017280 214,251,240,275,6,0.006718 610,228,634,261,6,0.006161 160,245,225,276,6,0.004560 199,252,231,272,6,0.003603 222,241,247,283,0,0.002797 214,253,238,280,1,0.002725 21,253,159,359,6,0.002708 0,291,79,396,2,0.002626 277,240,299,257,6,0.002625 624,220,639,272,6,0.002279 147,250,210,291,6,0.001698 178,236,234,267,6,0.001631 136,246,198,273,6,0.001631 93,228,210,341,0,0.001153 78,264,242,372,6,0.001067 223,246,246,287,6,0.001012
/home/dysjin/data/CARLA.v20-carla_v20.coco/valid/112477_png.rf.ecf5d82849f8b68362ce65c8d2645a1c.jpg 336,238,360,295,2,0.118643 583,233,640,257,6,0.008639 330,238,367,295,6,0.005048 331,238,366,287,1,0.003806 340,229,363,275,0,0.002947 339,250,357,286,0,0.002442 626,222,640,272,6,0.001580
/home/dysjin/data/CARLA.v20-carla_v20.coco/valid/Town02_001980_png.rf.ee7206fcf98c96c61f2900b25e79ce20.jpg 291,196,342,309,6,0.240833 0,191,64,219,6,0.057284 159,192,177,216,6,0.055991 30,185,71,216,6,0.014167 0,175,19,221,6,0.012680 119,182,168,212,6,0.012324 285,189,346,316,1,0.012146 79,169,127,198,6,0.007017 143,189,169,211,6,0.004219 158,185,195,215,6,0.003457 1,194,32,216,5,0.002930 177,187,202,207,6,0.002885 1,190,29,212,6,0.002759 281,178,293,194,6,0.002026 0,157,14,218,2,0.001941 52,180,77,212,6,0.001855 119,177,142,215,6,0.001834 0,192,17,219,2,0.001518 308,188,320,205,6,0.001428 290,192,344,336,2,0.001350 47,179,111,209,6,0.001335 105,174,127,196,3,0.001219 180,178,203,198,3,0.001209 0,169,11,200,4,0.001198 14,196,47,215,5,0.001109 0,197,45,235,6,0.001035
/home/dysjin/data/CARLA.v20-carla_v20.coco/valid/026829_png.rf.e6f26e62f316568466a95ba7fd18d850.jpg 371,220,394,239,3,0.182424 0,221,14,296,2,0.011862 372,218,394,237,6,0.011587 368,218,402,241,5,0.008651 630,250,640,312,6,0.003617 630,234,640,308,2,0.002995 0,227,11,265,2,0.002162 0,236,10,275,2,0.002156 366,214,402,241,4,0.001813 1,228,28,285,6,0.001235
/home/dysjin/data/CARLA.v20-carla_v20.coco/valid/007076_png.rf.d635d979c35f5dd6da756ef9889aef0b.jpg 394,217,421,239,3,0.067232 395,215,422,239,6,0.027522 391,214,427,240,4,0.007049 189,222,209,240,3,0.003562
/home/dysjin/data/CARLA.v20-carla_v20.coco/valid/112475_png.rf.df928fa484eb08e1454caacc1e194352.jpg 331,239,356,295,2,0.069668 583,233,640,257,6,0.005915 337,243,354,282,0,0.003488 325,239,367,295,6,0.003111 333,247,354,288,4,0.002010 337,247,354,287,1,0.001554 626,221,640,272,6,0.001496 327,235,359,300,1,0.001348
/home/dysjin/data/CARLA.v20-carla_v20.coco/valid/Town02_006960_png.rf.eedfb90c1deb0d66a31341acd2e08f4f.jpg 146,162,168,184,3,0.146391 580,179,640,242,6,0.087700 0,174,32,209,6,0.083646 149,160,172,183,6,0.007986 0,146,16,205,2,0.006316 0,147,36,219,6,0.004401 0,171,21,199,2,0.004279 0,180,23,207,5,0.004209 571,141,640,269,1,0.002491 574,153,640,283,4,0.001833 0,175,20,233,6,0.001818 604,178,637,219,6,0.001436 577,147,640,260,0,0.001165 0,154,25,198,1,0.001108
/home/dysjin/data/CARLA.v20-carla_v20.coco/valid/Town05_010860_png.rf.f31c0584fff1474ad2b0f4132e874f7d.jpg 4,184,53,216,6,0.135262 308,185,330,251,2,0.130287 310,185,330,242,0,0.032065 1,174,18,224,6,0.007872 303,183,334,252,6,0.007347 0,191,15,220,2,0.004793 2,189,31,211,6,0.004374 28,188,55,208,6,0.003944 0,187,14,247,6,0.003063 0,182,17,213,2,0.002503 314,197,328,238,1,0.002128 362,179,385,193,6,0.002090 299,189,332,234,1,0.002027 314,187,329,215,2,0.001827 1,193,33,215,5,0.001817 0,201,11,231,2,0.001767 2,171,39,208,6,0.001660 295,183,318,254,2,0.001375 0,188,30,223,2,0.001215 352,177,372,192,6,0.001211 503,0,608,69,6,0.001201 366,186,382,199,6,0.001123 16,174,61,204,6,0.001061 32,177,54,199,2,0.001018
/home/dysjin/data/CARLA.v20-carla_v20.coco/valid/Town05_004800_png.rf.ee7c080c8716cb366969ca625bb6d68b.jpg 242,184,269,202,6,0.138305 347,183,363,202,6,0.088625 217,180,266,199,6,0.021715 214,185,243,203,6,0.017454 627,157,640,208,6,0.006424 329,184,352,200,6,0.004580 363,178,384,193,6,0.003412 394,175,408,193,6,0.002726 629,142,640,208,0,0.002214 319,185,338,199,6,0.001900 283,180,294,192,6,0.001530 349,176,397,199,6,0.001196 183,185,201,203,6,0.001184 243,193,266,212,6,0.001183 267,182,280,194,6,0.001181 334,177,372,201,6,0.001075
/home/dysjin/data/CARLA.v20-carla_v20.coco/valid/Town05_009840_png.rf.f5040ce45ecca2822cb3b1b4ea8a6f61.jpg 297,196,366,252,6,0.274745 269,187,288,200,6,0.007686 286,172,376,279,0,0.002045 278,187,295,203,6,0.001946 291,192,342,228,6,0.001878 318,192,373,228,6,0.001772 0,192,11,223,2,0.001765 0,203,9,235,2,0.001597 337,199,366,242,6,0.001511 364,179,382,193,6,0.001389 293,188,309,205,6,0.001383 352,186,373,207,6,0.001380 0,181,13,237,6,0.001306 349,186,372,231,0,0.001041
/home/dysjin/data/CARLA.v20-carla_v20.coco/valid/041861_png.rf.f5f3812ca6c536c5c25bea3d596be111.jpg 123,238,234,310,6,0.218581 303,241,324,291,0,0.157958 301,241,324,286,3,0.090207 402,211,430,241,6,0.084883 399,218,432,239,3,0.015743 304,246,324,281,2,0.010718 214,234,241,285,6,0.010315 95,257,197,312,6,0.007784 186,234,237,284,6,0.007374 295,241,330,286,1,0.005947 295,238,331,294,6,0.005866 121,221,236,328,0,0.003047 202,226,233,270,6,0.002830 219,234,237,262,2,0.002375 216,242,238,291,0,0.002132 150,236,217,312,5,0.001881 220,242,237,275,2,0.001749 548,159,640,480,6,0.001600 303,231,325,274,6,0.001034 219,227,237,248,6,0.001031
/home/dysjin/data/CARLA.v20-carla_v20.coco/valid/Town02_003120_png.rf.f36fecf8d2ee4965c1f3bddaaaad5f33.jpg 411,191,488,220,6,0.106038 611,181,639,215,6,0.103229 558,185,609,211,6,0.024041 395,195,438,220,6,0.011809 622,187,640,250,6,0.006790 512,177,599,221,6,0.005561 614,191,638,216,2,0.004506 598,189,625,208,6,0.004153 41,183,98,212,6,0.004022 610,137,640,233,6,0.003166 0,164,11,231,2,0.001830 0,192,11,221,2,0.001828 549,181,578,215,6,0.001769 585,190,612,207,6,0.001709 0,179,14,235,6,0.001707 459,194,491,220,6,0.001658 132,185,181,212,6,0.001328 430,196,465,216,5,0.001211 362,185,410,214,6,0.001164
/home/dysjin/data/CARLA.v20-carla_v20.coco/valid/003755_png.rf.f6343810071c5f5401b5697ef363285d.jpg 406,213,435,240,3,0.083248 407,215,436,239,6,0.024971 404,213,438,241,1,0.021413 304,239,328,253,6,0.020884 406,217,435,240,4,0.018466 345,226,361,244,3,0.001964
/home/dysjin/data/CARLA.v20-carla_v20.coco/valid/Town01_003300_png.rf.fae28071a74fa02928094ff14cdbb3aa.jpg 270,198,361,271,6,0.280250 503,178,550,210,6,0.049067 162,191,215,210,6,0.046816 276,191,296,209,6,0.008038 191,192,217,210,6,0.006186 516,171,578,204,6,0.005032 58,188,97,211,6,0.004771 385,194,396,218,6,0.003972 530,147,630,217,6,0.003149 629,197,640,267,6,0.002279 82,187,98,209,6,0.002277 558,182,616,210,6,0.001685 288,196,344,223,6,0.001536 629,186,640,256,0,0.001402 583,170,636,202,6,0.001271 485,158,573,216,6,0.001256 59,194,79,216,6,0.001154 160,196,180,213,6,0.001142
/home/dysjin/data/CARLA.v20-carla_v20.coco/valid/138255_png.rf.fbf65e3e930393318a8312fdaefcae24.jpg 57,230,83,290,2,0.152913 53,233,87,285,1,0.004816 64,225,86,278,3,0.004371 57,233,92,287,6,0.003993 51,225,71,296,2,0.002919 0,233,12,309,2,0.002569 0,240,12,320,6,0.001255 494,279,640,403,6,0.001254 60,246,78,286,4,0.001205
/home/dysjin/data/CARLA.v20-carla_v20.coco/valid/005373_png.rf.f68e0e113c5193c933cbee38c6a6bc2d.jpg 141,232,161,270,2,0.084540 143,233,160,269,6,0.039586 153,233,173,268,2,0.032011 156,236,171,265,3,0.030693 137,240,153,269,2,0.020395 1,222,14,299,2,0.014492 154,235,172,271,4,0.010259 120,231,142,268,2,0.008274 111,233,151,266,6,0.006413 169,237,178,263,1,0.005542 1,235,15,302,6,0.004418 169,238,180,270,2,0.004192 142,237,181,270,6,0.003395 111,227,126,267,2,0.003319 167,236,182,274,0,0.002673 4,229,25,290,2,0.001799 608,172,640,284,2,0.001512 1,249,12,287,2,0.001390 0,202,11,296,2,0.001162 385,237,441,260,6,0.001124 0,250,15,312,6,0.001121
/home/dysjin/data/CARLA.v20-carla_v20.coco/valid/001630_png.rf.ff5ced110f03f998a7a6998ddf647fd2.jpg 408,212,437,239,3,0.132030 408,213,438,238,6,0.038247 167,222,185,240,3,0.007161 585,155,635,252,2,0.003544 38,196,133,265,6,0.003498 58,232,106,258,6,0.003413 406,211,431,239,4,0.002967 627,182,640,262,2,0.001538
/home/dysjin/data/CARLA.v20-carla_v20.coco/valid/006662_png.rf.fa42143249c7b6a780238796639341d3.jpg 462,237,501,309,2,0.150088 461,245,494,302,6,0.014496 450,236,510,311,1,0.003641 445,209,519,343,2,0.001335
/home/dysjin/data/CARLA.v20-carla_v20.coco/valid/Town05_004860_png.rf.f5c138159cbce172c63fa9a736f9c655.jpg 242,184,269,202,6,0.125483 347,183,363,203,6,0.092549 217,180,266,199,6,0.027524 214,185,243,202,6,0.016613 627,157,640,208,6,0.007118 330,185,353,200,6,0.003608 363,178,384,193,6,0.002827 393,174,407,193,6,0.001878 183,185,200,203,6,0.001651 318,185,337,199,6,0.001299 283,180,294,191,6,0.001145 349,175,397,199,6,0.001132 243,193,266,212,3,0.001107 266,182,280,194,6,0.001023
/home/dysjin/data/CARLA.v20-carla_v20.coco/valid/Town01_008460_png.rf.03f3160d63f090b29499596ec3c8c4b5.jpg 23,196,142,248,6,0.216255 571,192,640,220,6,0.053822 540,194,608,222,6,0.033987 537,193,563,221,6,0.013190 424,193,480,217,6,0.012649 77,202,149,241,6,0.012112 2,199,92,253,6,0.009173 627,180,640,235,6,0.003894 611,190,639,223,6,0.001797 555,201,588,218,6,0.001796 540,188,638,244,6,0.001689 527,196,549,216,6,0.001512 471,196,529,218,6,0.001323 61,193,124,230,6,0.001136 20,169,144,282,0,0.001129 631,182,640,215,2,0.001128 592,197,623,217,6,0.001124 13,194,70,257,1,0.001064 0,178,32,271,6,0.001023 53,193,117,255,5,0.001005
/home/dysjin/data/CARLA.v20-carla_v20.coco/valid/005508_png.rf.0ab3da1b4970047c9b42e5bbe5d4e6f1.jpg 31,232,56,284,2,0.199068 85,239,130,310,6,0.155620 100,237,127,306,2,0.017163 26,232,61,284,6,0.011708 484,241,534,279,6,0.007641 152,248,207,266,6,0.002833 101,228,126,295,6,0.002053 41,239,59,278,1,0.001513 69,215,145,338,4,0.001185 0,247,48,287,6,0.001158
/home/dysjin/data/CARLA.v20-carla_v20.coco/valid/Town01_006180_png.rf.089d25ecaf49fe28c7f3bf0c3614732b.jpg 312,194,325,216,6,0.107223 315,193,326,217,2,0.036994 390,176,418,189,6,0.026459 359,175,389,191,6,0.022545 372,174,402,188,6,0.005365 1,195,19,247,6,0.003367 301,187,335,221,1,0.003294 315,181,327,197,6,0.002857 345,175,361,187,6,0.002467 304,179,331,220,6,0.002264 298,190,309,204,6,0.001665 1,188,29,231,6,0.001559 312,205,324,225,3,0.001464 0,216,18,244,6,0.001286 0,204,17,234,2,0.001274 401,181,420,200,6,0.001067 282,189,293,202,6,0.001007
/home/dysjin/data/CARLA.v20-carla_v20.coco/valid/Town02_008340_png.rf.044a76656e2e2fe428cd425926d9acbe.jpg 554,189,616,220,6,0.174559 163,195,239,244,6,0.160511 270,184,292,200,6,0.105055 626,187,640,252,6,0.013289 407,186,426,213,4,0.012792 628,166,640,230,2,0.009116 541,185,587,213,6,0.008494 245,184,259,204,6,0.006322 261,181,296,203,1,0.004494 258,178,278,197,6,0.004270 157,213,209,244,6,0.003212 565,195,601,216,5,0.002477 193,200,251,236,6,0.002366 580,196,613,216,1,0.002203 569,192,602,209,6,0.002039 398,184,432,214,3,0.002031 405,186,428,220,6,0.002007 593,181,640,215,6,0.001948 600,198,640,237,6,0.001929 550,195,576,216,6,0.001841 289,187,312,201,6,0.001692 186,204,219,240,6,0.001345 559,174,609,205,6,0.001309 271,194,290,212,6,0.001240 301,187,322,199,6,0.001110 594,188,620,209,6,0.001017
/home/dysjin/data/CARLA.v20-carla_v20.coco/valid/075710_png.rf.0b62bb94157d1f2113ac6bbefe158022.jpg 169,244,249,303,6,0.269615 310,244,347,272,6,0.220458 0,247,175,418,6,0.190219 216,240,266,280,6,0.084025 241,244,264,271,6,0.013413 249,238,270,275,0,0.004448 211,246,244,289,6,0.004221 252,241,267,271,2,0.003675 0,77,225,480,0,0.003291 354,237,367,255,6,0.002953 159,220,258,329,0,0.002746 143,238,184,321,6,0.001980 164,245,224,279,6,0.001823 154,279,183,336,6,0.001651 228,250,259,271,3,0.001599 75,247,180,314,6,0.001595 292,238,309,257,6,0.001422 228,241,260,261,6,0.001114
/home/dysjin/data/CARLA.v20-carla_v20.coco/valid/041689_png.rf.0d648fbd58416a80b414e4503d51c42e.jpg 301,245,335,313,0,0.060391 304,248,333,310,2,0.049184 306,247,335,302,6,0.012465 306,248,335,309,4,0.008214 296,252,336,298,1,0.002793 128,219,183,246,6,0.001830
/home/dysjin/data/CARLA.v20-carla_v20.coco/valid/003751_png.rf.0ff9ef7c8c8e4f5eab52437609a3b501.jpg 395,217,421,241,3,0.067828 304,238,329,253,6,0.021480 395,215,423,239,6,0.016829 392,214,426,240,4,0.004997 342,226,359,244,3,0.002312 0,363,12,449,0,0.001379 0,365,10,469,6,0.001262
/home/dysjin/data/CARLA.v20-carla_v20.coco/valid/Town02_008820_png.rf.135414697b8215dc125af6b125d3058c.jpg 269,202,366,340,6,0.230103 513,180,560,211,6,0.162171 139,173,159,191,3,0.083750 509,173,604,222,6,0.075614 220,190,231,207,6,0.024284 392,188,433,213,6,0.019977 386,188,409,208,6,0.013800 0,182,17,238,6,0.011214 561,180,624,214,6,0.009848 341,187,355,201,6,0.009524 139,170,160,195,4,0.006896 177,185,205,203,6,0.006469 425,197,441,219,6,0.006355 628,183,640,257,2,0.006114 230,189,244,204,6,0.004733 0,192,14,224,2,0.004637 550,169,639,233,6,0.004229 370,185,384,201,6,0.004099 136,171,170,195,6,0.004077 549,188,600,224,6,0.003655 0,203,16,236,6,0.003024 141,167,160,187,6,0.002948 388,181,408,196,6,0.002489 212,189,227,205,6,0.002477 629,196,640,266,6,0.002472 354,186,369,200,6,0.002319 523,170,586,227,1,0.001816 0,170,15,226,6,0.001703 1,206,19,255,6,0.001680 385,195,398,213,1,0.001665 0,189,22,232,1,0.001582 381,180,394,197,3,0.001562 220,192,230,216,2,0.001477 218,182,234,210,1,0.001447 0,181,12,213,2,0.001441 244,187,255,202,6,0.001429 610,155,640,251,2,0.001304 369,180,381,196,3,0.001217 437,175,486,199,6,0.001174 500,176,521,194,3,0.001110 399,180,421,197,6,0.001090 423,191,443,222,0,0.001022
/home/dysjin/data/CARLA.v20-carla_v20.coco/valid/006664_png.rf.1466f666c872e94bac27eba56bbdfb5b.jpg 480,241,525,320,2,0.203769 471,241,534,320,1,0.009425 476,252,523,310,6,0.005810 463,213,543,341,2,0.004854 476,251,525,328,5,0.003718 0,190,14,252,4,0.001043
/home/dysjin/data/CARLA.v20-carla_v20.coco/valid/014570_png.rf.1235b2ca71c181a49fda1bb53eaa19cd.jpg 64,237,125,261,6,0.215567 433,234,455,285,2,0.183810 300,240,334,262,6,0.049397 427,236,464,285,6,0.007503 436,240,454,280,0,0.006509 0,224,14,294,2,0.005642 0,240,14,300,2,0.004408 0,213,13,284,2,0.003963 434,224,454,280,1,0.003439 45,234,101,258,6,0.003232 0,246,14,314,6,0.001293 104,238,130,258,6,0.001288 82,240,141,268,6,0.001254 632,240,640,327,2,0.001162 3,221,28,274,4,0.001100
/home/dysjin/data/CARLA.v20-carla_v20.coco/valid/112550_png.rf.1ca2fa82e03653536df85cf5faf5753c.jpg 517,228,554,319,2,0.110829 581,232,638,258,6,0.008375 523,223,549,280,0,0.002843 512,236,554,282,1,0.002677 528,229,624,285,6,0.002634 526,240,545,278,2,0.001901 504,237,549,281,6,0.001557 626,220,640,272,6,0.001400 501,232,564,314,0,0.001198
/home/dysjin/data/CARLA.v20-carla_v20.coco/valid/Town02_000780_png.rf.16d5987bcdc7d08470c1b3e757e128e5.jpg 301,190,345,310,0,0.245225 279,183,302,202,6,0.194176 51,184,112,215,6,0.121096 35,185,85,215,6,0.028584 293,187,346,309,6,0.021392 331,179,352,195,6,0.015933 316,177,331,192,6,0.013036 295,183,354,315,1,0.010311 0,182,16,236,6,0.009909 0,191,14,224,2,0.005841 75,190,111,206,6,0.005462 291,206,356,297,2,0.004944 368,182,383,205,6,0.004919 595,191,640,219,6,0.003673 109,186,131,208,6,0.003399 0,168,14,228,2,0.002684 368,177,381,199,3,0.002558 625,174,640,222,6,0.001975 1,202,16,233,2,0.001747 355,176,374,196,3,0.001685 115,178,136,214,6,0.001501 286,175,339,196,6,0.001392 255,186,279,201,6,0.001146 272,179,291,199,6,0.001120 306,170,324,183,3,0.001108 595,187,622,209,6,0.001096 279,193,297,212,3,0.001043 3,196,26,237,6,0.001021 338,174,384,201,6,0.001002
/home/dysjin/data/CARLA.v20-carla_v20.coco/valid/Town02_001500_png.rf.1e8a22666698f8954863a9939bc59942.jpg 183,191,214,215,6,0.059232 601,206,640,288,2,0.020733 609,228,640,280,6,0.018388 489,188,571,253,6,0.010677 177,193,215,214,3,0.004628 574,205,640,285,6,0.004429 434,192,486,226,6,0.004042 573,148,640,310,2,0.003352 437,182,466,217,6,0.002174 624,201,640,272,6,0.001733 535,183,632,271,6,0.001571 597,225,625,283,6,0.001531 153,183,215,212,6,0.001421 557,184,607,271,2,0.001258 627,228,640,265,2,0.001127 558,226,613,266,6,0.001076
/home/dysjin/data/CARLA.v20-carla_v20.coco/valid/Town05_004620_png.rf.0e4a190ca586e0e90df6b90be2c83f5b.jpg 392,180,452,208,6,0.179666 284,185,299,200,6,0.111869 344,182,361,200,6,0.083824 585,182,638,212,6,0.054463 572,199,623,243,6,0.032282 599,166,640,235,6,0.005953 608,185,636,205,6,0.004046 363,179,383,194,6,0.003772 333,184,353,199,6,0.003321 624,159,639,216,0,0.002613 622,172,639,221,6,0.002570 335,179,371,204,1,0.002230 274,180,309,205,5,0.002194 271,185,292,198,6,0.001688 348,176,397,200,6,0.001641 420,187,451,205,6,0.001558 567,189,640,248,6,0.001462 285,193,296,213,3,0.001416 628,185,640,257,6,0.001303 341,181,378,202,4,0.001177 255,184,273,199,6,0.001164 577,143,636,222,6,0.001118 319,177,364,196,6,0.001116 329,220,348,238,6,0.001100
/home/dysjin/data/CARLA.v20-carla_v20.coco/valid/006578_png.rf.21f08e8ed63ab67b3ef05528af8ef9e6.jpg 369,221,387,240,3,0.207757 261,237,293,255,6,0.115084 367,217,389,243,1,0.013100 362,216,397,245,3,0.006823 369,215,388,239,6,0.004362 151,220,179,243,6,0.002388 149,217,185,247,3,0.002029 151,216,180,246,4,0.001983 0,207,20,259,6,0.001814 612,241,640,352,2,0.001810 369,230,383,250,3,0.001798 365,217,399,246,4,0.001549 628,283,640,353,6,0.001182 1,206,16,234,4,0.001054 0,197,15,225,6,0.001005
/home/dysjin/data/CARLA.v20-carla_v20.coco/valid/Town01_004320_png.rf.1f6552094735eb0bd49b614b7e584c58.jpg 268,196,377,289,6,0.114383 507,193,598,257,6,0.009857 1,188,18,233,6,0.006678 191,185,210,204,6,0.005603 254,177,275,196,6,0.003610 557,85,639,172,6,0.003537 424,171,443,196,4,0.002534 227,175,278,199,6,0.002505 597,205,639,238,6,0.002102 423,166,445,203,3,0.002009 626,190,640,252,6,0.001832 212,175,238,191,6,0.001801 508,204,564,236,6,0.001799 527,113,580,188,2,0.001646 514,110,593,191,6,0.001586 193,176,240,199,6,0.001538 0,201,15,233,2,0.001489 0,185,13,211,2,0.001488 315,178,334,195,6,0.001398 407,169,446,200,6,0.001178 568,189,639,256,6,0.001095 0,175,15,224,6,0.001090 294,191,356,223,6,0.001090 563,83,640,313,6,0.001086 607,140,640,259,2,0.001059 290,184,341,209,6,0.001056 303,179,323,196,6,0.001033 241,184,268,201,6,0.001024
/home/dysjin/data/CARLA.v20-carla_v20.coco/valid/Town02_006720_png.rf.2632fd4f3d65ff215e84d472badfd870.jpg 267,192,291,209,6,0.208327 581,182,640,220,6,0.115607 494,182,546,211,6,0.050666 197,188,216,205,6,0.049362 560,175,579,198,6,0.033675 556,180,616,212,6,0.026307 116,186,164,214,6,0.018049 342,188,356,209,6,0.016563 259,191,280,205,6,0.012330 244,189,260,203,6,0.005921 179,191,199,209,6,0.004947 0,153,13,214,2,0.004026 216,189,236,203,6,0.004006 0,165,9,198,4,0.003868 141,189,166,209,6,0.003852 173,189,186,211,6,0.003720 0,156,9,191,4,0.003664 176,194,186,219,1,0.003527 523,185,546,207,6,0.003414 396,184,456,210,6,0.003370 1,181,19,237,6,0.003363 557,176,574,199,3,0.003243 116,194,142,217,6,0.003181 1,195,19,248,6,0.003054 0,160,15,233,6,0.002569 341,184,358,213,0,0.002564 245,187,294,205,6,0.002541 573,156,640,218,6,0.002354 511,136,530,156,3,0.002156 592,195,625,216,5,0.002121 555,171,575,204,0,0.002121 541,178,583,207,6,0.002119 605,193,637,216,1,0.002002 291,189,305,203,6,0.001894 592,192,623,209,6,0.001889 474,174,527,201,6,0.001844 606,190,636,210,6,0.001834 235,189,247,202,6,0.001508 199,189,250,207,6,0.001430 261,192,294,213,1,0.001411 567,185,597,206,6,0.001287 199,180,211,198,3,0.001275 157,189,174,210,6,0.001233 528,173,547,200,2,0.001202 203,181,221,198,6,0.001106 195,193,213,214,1,0.001052 622,184,638,231,6,0.001023 0,153,28,256,2,0.001016
/home/dysjin/data/CARLA.v20-carla_v20.coco/valid/Town05_006900_png.rf.2eaa1f5f6de8c6bffcd968f78f2f53b4.jpg 236,182,259,228,0,0.133026 234,184,257,228,2,0.072074 237,181,258,223,6,0.035333 2,230,164,368,6,0.002655
/home/dysjin/data/CARLA.v20-carla_v20.coco/valid/005482_png.rf.1eef94cb1d26525ab4b64d28fc9be58d.jpg 0,226,32,321,2,0.166722 484,242,534,278,6,0.014215 0,224,21,296,6,0.005617 0,243,27,297,3,0.002625 77,243,136,269,6,0.002428 6,234,56,288,6,0.002359 0,230,49,316,0,0.002073 45,236,62,282,2,0.001540 180,247,203,265,6,0.001247 14,233,41,303,2,0.001025
/home/dysjin/data/CARLA.v20-carla_v20.coco/valid/138251_png.rf.2622df013f55b1f57387212b95c87241.jpg 75,236,100,288,2,0.114740 480,264,640,413,6,0.029640 72,238,106,287,6,0.007429 239,236,261,252,6,0.001069
/home/dysjin/data/CARLA.v20-carla_v20.coco/valid/007070_png.rf.2316a0a54db7e4a749f421570aadd160.jpg 382,220,404,240,3,0.063759 384,216,407,238,4,0.005355 382,215,404,240,6,0.003555 197,224,218,242,3,0.001251 0,213,14,278,4,0.001002
/home/dysjin/data/CARLA.v20-carla_v20.coco/valid/Town05_010920_png.rf.2325292b5e147dc41c10fe128f6256f9.jpg 302,179,341,290,0,0.216055 297,177,342,288,6,0.088898 291,177,312,192,6,0.025879 305,179,327,196,6,0.023786 303,185,342,294,1,0.016850 292,192,353,276,2,0.002759 0,156,11,184,2,0.002463 281,176,303,190,6,0.001588 350,167,372,183,6,0.001330 295,180,332,207,1,0.001290 311,174,332,214,6,0.001270 0,144,14,198,6,0.001265 0,163,9,197,2,0.001109 626,154,640,214,6,0.001027 573,159,624,187,6,0.001002
/home/dysjin/data/CARLA.v20-carla_v20.coco/valid/Town01_006420_png.rf.2b897cd6227874bc930ae1c7e17e3b3b.jpg 312,189,325,212,6,0.101438 0,177,16,245,2,0.055727 598,165,640,231,6,0.039822 314,193,327,213,2,0.015077 310,183,328,214,1,0.014716 0,199,14,237,2,0.005253 302,181,334,214,6,0.004898 296,188,309,202,6,0.003845 0,196,15,261,2,0.003766 0,160,13,238,2,0.003547 0,186,26,235,1,0.003112 375,174,391,195,6,0.002975 369,175,388,196,3,0.002550 270,189,280,203,6,0.002513 623,176,640,243,6,0.002464 0,197,35,239,6,0.002459 0,158,30,251,2,0.002435 0,199,25,240,3,0.002425 314,181,331,198,6,0.002289 284,188,294,202,6,0.002193 294,180,304,195,3,0.001973 15,198,42,237,6,0.001906 262,188,272,203,6,0.001752 329,178,344,193,6,0.001584 623,153,640,220,0,0.001316 366,166,386,185,6,0.001272 329,187,341,204,1,0.001205 306,181,321,198,6,0.001126 306,190,339,218,4,0.001112 5,194,23,227,2,0.001092 578,151,640,220,6,0.001089 585,126,640,271,0,0.001072
/home/dysjin/data/CARLA.v20-carla_v20.coco/valid/Town05_006780_png.rf.253c814d6e368b92a888141244ca1a16.jpg 165,190,213,256,6,0.264961 354,179,375,194,6,0.005536 176,208,205,235,6,0.002559 176,190,218,260,1,0.002450 195,177,208,192,6,0.002220 185,190,212,236,6,0.001563 315,189,335,204,6,0.001429 582,231,637,262,6,0.001404 302,187,324,202,6,0.001337 327,190,345,204,6,0.001126 345,188,358,200,6,0.001011
/home/dysjin/data/CARLA.v20-carla_v20.coco/valid/Town01_008280_png.rf.2f69ce357d9638b109b359e31c238ab4.jpg 54,180,107,209,6,0.121627 285,193,312,209,6,0.061550 313,192,332,209,6,0.042236 192,189,207,212,6,0.023633 433,199,490,224,6,0.020298 1,183,32,217,6,0.019526 379,199,396,217,6,0.019101 139,181,193,204,6,0.014697 189,186,201,213,1,0.011913 18,175,112,217,6,0.010868 265,187,292,202,6,0.006602 455,197,514,220,6,0.005703 74,190,110,205,6,0.005647 186,182,203,213,0,0.005330 629,189,640,251,6,0.004088 282,195,320,212,4,0.003319 401,197,450,221,6,0.002694 0,181,18,211,2,0.002548 487,198,536,221,6,0.002457 484,199,510,216,6,0.002228 530,197,589,224,6,0.001938 629,175,640,245,2,0.001858 204,188,220,206,6,0.001778 216,179,237,195,6,0.001718 530,191,621,258,6,0.001604 0,192,19,218,6,0.001580 170,185,189,205,6,0.001494 438,200,463,219,6,0.001277 328,192,342,206,6,0.001179 10,191,77,219,6,0.001001
/home/dysjin/data/CARLA.v20-carla_v20.coco/valid/Town01_005100_png.rf.262bb9c3104b14f5fb633de3dafd0a52.jpg 578,177,608,218,6,0.033344 325,183,351,215,6,0.025991 567,170,639,222,6,0.010583 2,188,32,208,6,0.009911 581,192,604,217,5,0.007527 25,188,87,208,6,0.004137 593,168,640,201,6,0.003408 626,155,640,213,6,0.002311 605,159,640,236,6,0.002034 37,194,100,217,6,0.001510 592,178,621,213,6,0.001167 1,175,19,220,6,0.001084 303,198,325,216,6,0.001066
/home/dysjin/data/CARLA.v20-carla_v20.coco/valid/Town01_011940_png.rf.2554f5ab3ce2122d2ef300838472450f.jpg 565,197,606,220,6,0.174041 208,185,267,232,6,0.109393 330,186,351,201,6,0.025807 278,184,296,199,6,0.004101 577,194,631,223,6,0.003839 544,187,621,232,6,0.003348 4,182,33,231,6,0.002834 241,197,265,223,6,0.002035 320,188,339,202,6,0.001515 616,175,632,199,4,0.001503 268,178,291,196,6,0.001411 302,188,322,202,6,0.001400 225,197,254,220,1,0.001323 585,203,608,227,1,0.001235 328,188,371,207,6,0.001135 605,168,640,243,6,0.001120 0,157,15,186,4,0.001100 211,199,242,220,5,0.001066 593,196,617,218,6,0.001049 568,205,599,225,5,0.001008
/home/dysjin/data/CARLA.v20-carla_v20.coco/valid/041684_png.rf.2f70db5ab75442cd11fffa13a776ae97.jpg 303,249,339,311,0,0.056971 307,245,335,313,2,0.029911 307,245,334,306,6,0.017263 296,251,337,298,1,0.001624 296,250,339,307,3,0.001003
/home/dysjin/data/CARLA.v20-carla_v20.coco/valid/Town05_010980_png.rf.2071755951cd753466eb2cc53fd2fe0c.jpg 303,181,338,288,0,0.165566 302,185,339,294,1,0.009521 241,183,262,204,6,0.001580 293,195,350,271,2,0.001495 252,185,279,203,6,0.001376 228,187,327,380,6,0.001167 267,180,285,196,6,0.001062
/home/dysjin/data/CARLA.v20-carla_v20.coco/valid/112459_png.rf.33bdc5bd58f0f631808a95c4ceb9a78f.jpg 292,231,312,291,2,0.175209 582,233,640,257,6,0.006148 296,232,319,291,1,0.005262 294,225,314,280,0,0.004739 626,221,640,272,6,0.001475 283,237,318,294,6,0.001219 292,246,310,285,4,0.001080
/home/dysjin/data/CARLA.v20-carla_v20.coco/valid/041653_png.rf.31aa86a50239c7e6cbc52c66846dac06.jpg 303,240,332,309,2,0.090626 302,244,335,314,0,0.046847 153,220,205,248,6,0.002929 304,249,339,300,6,0.002633 296,247,336,298,1,0.002569 0,205,16,263,6,0.001947 312,256,330,294,2,0.001343 479,118,585,199,6,0.001079
/home/dysjin/data/CARLA.v20-carla_v20.coco/valid/041819_png.rf.374472e0a0868df264a4100cb7734e35.jpg 21,238,66,263,6,0.192750 108,242,135,299,2,0.132684 171,222,188,245,3,0.117196 106,246,144,296,6,0.012006 0,235,46,264,6,0.010447 39,243,72,258,6,0.010300 163,219,198,248,6,0.007139 109,248,132,306,0,0.006842 2,219,14,272,6,0.006833 0,227,11,259,2,0.006670 103,244,138,294,1,0.006301 575,191,640,221,6,0.006239 16,242,47,259,6,0.006225 515,214,559,248,6,0.002215 115,248,134,280,2,0.001656 171,214,185,240,4,0.001467 97,238,122,302,2,0.001288 525,204,551,246,4,0.001104 0,210,14,264,0,0.001058
/home/dysjin/data/CARLA.v20-carla_v20.coco/valid/Town05_010800_png.rf.3489607b659edfbc485537135e06f34b.jpg 0,192,138,269,6,0.166119 308,185,330,251,2,0.117359 127,185,173,206,6,0.029770 350,178,373,191,6,0.018910 341,179,360,192,6,0.014482 0,0,156,306,6,0.007272 363,178,380,192,6,0.006154 305,186,338,249,6,0.005700 116,185,139,233,6,0.005119 120,188,145,208,6,0.004134 139,180,168,197,6,0.004063 342,185,356,200,6,0.003936 68,197,135,227,6,0.003599 313,198,328,239,0,0.003450 295,182,310,196,6,0.003445 307,189,324,212,2,0.003399 305,183,328,221,6,0.003228 6,167,144,258,0,0.003061 340,176,384,196,6,0.002917 105,194,134,246,6,0.002687 331,180,346,193,3,0.002412 114,189,168,220,6,0.002052 302,183,320,196,6,0.001766 316,181,330,196,6,0.001709 367,185,379,199,1,0.001686 115,190,136,248,2,0.001684 300,189,332,234,1,0.001544 0,0,164,300,5,0.001529 354,184,372,198,6,0.001418 154,187,171,204,6,0.001258 119,194,137,222,0,0.001221 0,144,11,225,2,0.001169 13,207,153,329,6,0.001057 295,183,318,253,2,0.001022
/home/dysjin/data/CARLA.v20-carla_v20.coco/valid/Town02_001080_png.rf.2d29b90fb99ccf7727caeaa1914436b4.jpg 301,190,345,310,0,0.248356 278,184,301,202,6,0.227730 0,199,88,360,6,0.187776 94,196,241,274,6,0.107983 315,178,331,194,6,0.029800 337,178,359,196,6,0.018596 0,192,60,220,6,0.017406 294,188,346,309,6,0.013832 296,182,354,315,1,0.009605 5,211,77,380,6,0.006601 286,181,309,196,6,0.006281 22,192,83,221,6,0.005499 368,182,383,205,6,0.005460 291,207,357,296,2,0.004550 1,175,19,220,6,0.004294 368,177,381,199,3,0.004066 594,192,640,219,6,0.003862 115,175,235,281,0,0.003624 1,185,20,232,6,0.002572 310,185,326,202,6,0.002346 2,225,73,360,5,0.002244 0,193,76,271,6,0.002059 354,176,375,196,6,0.002052 2,188,28,211,6,0.002000 226,179,254,195,6,0.001918 625,174,640,223,6,0.001912 28,181,56,216,6,0.001539 0,134,12,159,4,0.001398 99,163,236,262,1,0.001359 307,175,344,197,6,0.001355 277,193,296,212,2,0.001301 55,188,81,227,6,0.001287 308,170,323,184,3,0.001270 255,186,279,200,6,0.001244 365,172,384,205,0,0.001224 148,186,216,274,5,0.001186 1,178,75,237,6,0.001173 595,188,622,209,6,0.001144 380,183,393,206,1,0.001078 0,198,43,238,6,0.001009
/home/dysjin/data/CARLA.v20-carla_v20.coco/valid/Town02_005700_png.rf.39e8547ff43ddaa06ed2b24f114c8a27.jpg 248,204,396,334,6,0.274741 284,184,303,201,6,0.084023 548,189,596,207,6,0.024865 312,180,333,195,6,0.021652 155,194,172,219,6,0.010395 104,184,151,213,6,0.008460 474,184,505,200,6,0.005579 497,186,554,206,6,0.004087 585,184,605,204,6,0.003122 274,182,309,203,1,0.002373 174,0,466,380,0,0.001837 272,185,291,199,6,0.001396 243,179,260,193,6,0.001265 197,162,213,180,3,0.001245 292,184,338,202,6,0.001199 535,190,564,206,6,0.001128
/home/dysjin/data/CARLA.v20-carla_v20.coco/valid/Town02_002040_png.rf.3d0fd4b3b3749ac8ebdf480959eb8e66.jpg 290,195,343,309,6,0.214045 1,193,114,361,6,0.178869 263,190,292,209,6,0.121330 117,189,161,218,6,0.039384 73,182,133,214,6,0.018093 284,189,347,313,1,0.016140 273,189,323,210,6,0.013561 305,191,319,208,6,0.009596 87,190,148,221,6,0.006376 138,186,164,215,6,0.005825 0,180,11,209,2,0.005180 0,193,12,275,2,0.004003 54,190,83,226,6,0.003874 46,174,66,196,6,0.003441 7,206,97,380,6,0.002960 0,170,14,222,6,0.002764 24,208,92,344,5,0.002572 0,200,11,288,2,0.002572 4,198,112,271,6,0.002527 0,168,10,199,2,0.002154 114,197,144,217,5,0.001904 0,158,12,212,4,0.001798 0,182,13,260,0,0.001625 0,178,14,238,6,0.001598 106,188,130,208,6,0.001540 0,191,10,221,2,0.001483 290,207,352,298,2,0.001413 291,195,314,215,6,0.001376 268,180,289,199,6,0.001326 87,172,141,204,6,0.001238 106,198,131,218,6,0.001227 55,176,74,197,4,0.001157 0,146,12,172,4,0.001120 628,197,640,268,6,0.001083 105,198,159,234,6,0.001051 0,154,9,185,2,0.001039 156,194,170,215,1,0.001006 301,186,322,213,0,0.001005
/home/dysjin/data/CARLA.v20-carla_v20.coco/valid/075707_png.rf.2ff4a82560cfe658387e361a6cc43ef0.jpg 170,244,250,303,6,0.267623 310,243,347,272,6,0.250025 0,245,174,417,6,0.186165 215,240,265,280,6,0.092761 241,244,264,270,6,0.010668 249,238,269,275,0,0.005017 253,240,267,271,1,0.004583 212,246,244,289,6,0.003748 355,237,367,257,6,0.003665 0,81,224,480,0,0.003254 161,219,259,329,0,0.002596 144,238,184,319,6,0.002330 164,244,224,279,6,0.001755 199,245,233,294,6,0.001592 253,237,269,265,6,0.001412 76,246,179,314,6,0.001299 154,279,183,335,6,0.001257 229,241,259,261,6,0.001175 293,239,308,257,6,0.001132 6,249,119,309,6,0.001022
/home/dysjin/data/CARLA.v20-carla_v20.coco/valid/138320_png.rf.332f3bdf3abffc7dd973858c3061b801.jpg 56,229,83,290,2,0.171465 51,232,87,286,6,0.005064 1,240,15,303,6,0.002674 241,232,258,252,6,0.001786 626,333,640,406,2,0.001546
/home/dysjin/data/CARLA.v20-carla_v20.coco/valid/003766_png.rf.3dbe103da1003d1fb3bd18ad0d0894b4.jpg 460,198,507,241,6,0.213873 457,198,502,243,3,0.022919 306,239,327,254,6,0.017303 463,195,504,246,5,0.014034 455,193,512,245,4,0.006263 351,225,369,243,4,0.003076
/home/dysjin/data/CARLA.v20-carla_v20.coco/valid/121245_png.rf.3c6765f574e34bb200e320d55fc2ffe7.jpg 272,253,360,316,6,0.281769 404,233,419,254,6,0.002322 539,249,586,286,6,0.002287 510,217,601,291,6,0.001482 1,225,14,290,6,0.001455 627,266,640,294,6,0.001394 0,215,13,280,6,0.001270
/home/dysjin/data/CARLA.v20-carla_v20.coco/valid/Town05_011040_png.rf.3f658b3c60547a5478cb61d6b76eb55c.jpg 313,185,330,213,6,0.062026 311,190,326,216,2,0.021475 313,188,328,218,1,0.007347 302,179,333,215,1,0.006262 311,183,330,223,4,0.005518 235,181,247,203,6,0.004458 234,178,245,197,3,0.002363 326,187,342,206,6,0.002303 239,184,258,203,6,0.001561 295,185,315,205,6,0.001397 223,184,238,201,6,0.001337 630,140,640,205,0,0.001225 310,185,360,211,6,0.001132 281,181,326,209,6,0.001060 378,183,425,206,6,0.001049
/home/dysjin/data/CARLA.v20-carla_v20.coco/valid/Town02_004920_png.rf.3cdedb8ebbe317a63567ec577e3789a8.jpg 308,192,329,235,6,0.066347 310,192,331,243,2,0.032168 206,187,227,204,6,0.008245 368,189,384,203,6,0.006513 165,185,184,202,6,0.004903 216,186,234,203,6,0.004742 312,198,328,236,0,0.004445 302,194,332,232,1,0.004024 339,176,361,194,6,0.003241 313,190,329,212,6,0.002696 332,187,345,207,3,0.001750 351,177,373,195,6,0.001740 342,185,359,201,6,0.001688 311,191,326,213,3,0.001629 328,172,374,199,6,0.001500 330,176,349,194,3,0.001310 629,193,640,273,2,0.001204 228,185,245,202,6,0.001110
/home/dysjin/data/CARLA.v20-carla_v20.coco/valid/Town05_002760_png.rf.41faa57cc70298c90c62fe9f6a3f08c9.jpg 116,186,142,206,6,0.101372 42,181,65,214,6,0.058492 254,185,266,201,6,0.023970 107,182,131,209,6,0.015913 38,177,58,214,2,0.006706 247,180,262,197,6,0.005784 102,186,117,204,6,0.005311 381,184,392,203,6,0.004488 320,182,333,192,6,0.003510 328,181,341,193,6,0.002141 231,177,249,192,6,0.001926 268,179,282,192,6,0.001810 280,178,294,190,6,0.001798 54,186,74,207,6,0.001724 45,166,63,213,2,0.001679 192,176,216,194,6,0.001258 369,185,386,200,6,0.001085
/home/dysjin/data/CARLA.v20-carla_v20.coco/valid/Town02_001740_png.rf.4072bb166a4df4f9403df039e28a73f3.jpg 291,195,341,309,6,0.239393 36,186,56,209,6,0.031551 77,168,126,201,6,0.014707 285,189,346,315,1,0.012389 0,180,11,208,6,0.004871 55,177,110,208,6,0.003605 284,186,296,199,6,0.003136 118,183,167,211,6,0.003007 0,167,10,199,2,0.001918 291,181,306,194,6,0.001778 0,190,10,221,2,0.001728 307,188,320,204,6,0.001718 0,156,13,213,6,0.001682 119,185,138,207,6,0.001658 41,177,62,199,6,0.001279 0,155,10,185,4,0.001242 0,180,14,235,6,0.001198 290,192,344,336,2,0.001152 140,186,162,207,6,0.001066
/home/dysjin/data/CARLA.v20-carla_v20.coco/valid/026849_png.rf.52e90800c02b90489d2521817c6942f7.jpg 422,206,456,240,3,0.143081 421,214,458,234,4,0.014385 422,207,464,242,6,0.011151 0,84,9,113,4,0.001658 629,195,640,271,2,0.001481 629,187,640,259,0,0.001443 611,181,640,274,2,0.001059
/home/dysjin/data/CARLA.v20-carla_v20.coco/valid/Town02_001560_png.rf.44c7e46d6d34263ac9f429ccb2cd2655.jpg 58,189,81,209,6,0.087065 6,184,30,206,6,0.068535 67,185,93,216,6,0.060435 79,192,95,220,1,0.037509 18,181,35,206,6,0.020917 78,189,97,214,6,0.013316 0,166,19,208,6,0.010157 51,187,69,205,6,0.005902 0,172,18,199,2,0.004710 32,183,86,207,6,0.004128 19,176,35,201,3,0.003789 33,185,51,205,6,0.003282 6,192,25,214,6,0.002382 6,151,31,202,6,0.001803 59,181,79,199,6,0.001642 0,191,16,217,2,0.001584 356,179,374,233,2,0.001355 93,190,109,209,6,0.001100 1,181,18,230,6,0.001077 67,180,86,199,4,0.001070 123,188,138,204,6,0.001025
/home/dysjin/data/CARLA.v20-carla_v20.coco/valid/Town02_003420_png.rf.4347a7bee8aec9f5c84eb5295856f9a9.jpg 327,197,379,230,6,0.174383 11,188,113,236,6,0.145585 558,185,608,211,6,0.052529 61,203,115,230,6,0.012307 0,195,64,228,6,0.010302 577,184,639,210,6,0.006212 627,169,640,224,6,0.004353 346,203,378,222,6,0.003934 0,180,17,240,6,0.002745 610,178,636,215,6,0.002506 629,154,640,221,0,0.001923 551,180,577,214,6,0.001901 130,186,181,212,6,0.001841 535,174,624,219,6,0.001836 347,205,377,226,1,0.001666 358,195,384,227,6,0.001612 0,164,13,234,2,0.001461 627,203,640,261,6,0.001432 582,189,610,207,6,0.001417 597,188,624,207,6,0.001375 345,185,396,218,6,0.001316 328,204,373,227,5,0.001222 29,183,97,241,5,0.001084 537,191,590,218,6,0.001056 2,200,31,222,6,0.001022
/home/dysjin/data/CARLA.v20-carla_v20.coco/valid/Town01_006060_png.rf.3d76b002da6076434f028293d0c4a498.jpg 298,198,338,266,6,0.071205 420,194,451,226,6,0.030058 176,210,205,226,6,0.012023 189,206,218,221,6,0.006241 297,200,336,247,1,0.005961 388,203,442,231,6,0.005089 0,185,12,256,2,0.002990 154,210,178,231,6,0.002964 163,211,194,228,6,0.002838 304,194,332,235,6,0.002714 295,200,348,260,2,0.002019 307,207,329,240,2,0.001826 231,201,246,214,6,0.001707 217,203,236,216,6,0.001682 393,185,433,216,6,0.001440 0,201,13,262,0,0.001394 31,201,84,235,6,0.001344 384,195,396,218,3,0.001333 414,205,442,227,3,0.001294 0,170,13,248,2,0.001281 416,188,439,213,2,0.001172
/home/dysjin/data/CARLA.v20-carla_v20.coco/valid/Town02_007800_png.rf.4e6520c0e9dd39a93f5048a2caea0283.jpg 334,196,415,223,6,0.108902 610,190,640,234,6,0.066969 320,196,364,224,6,0.035211 384,196,438,229,6,0.032862 514,188,555,209,6,0.029716 3,188,54,229,6,0.020500 45,187,65,225,0,0.016542 308,188,328,203,6,0.012011 0,183,18,237,6,0.011527 533,185,582,213,6,0.007737 574,187,621,212,6,0.006673 409,207,438,228,6,0.006402 625,209,640,276,6,0.005374 611,204,638,232,2,0.004927 33,186,57,227,6,0.004160 0,204,14,236,2,0.003271 1,164,35,244,6,0.003052 0,203,15,256,6,0.002638 366,189,428,215,6,0.002606 348,197,379,223,6,0.002354 0,214,12,244,2,0.002229 305,188,346,212,6,0.001766 0,182,16,212,2,0.001738 52,188,77,223,6,0.001713 554,0,640,222,6,0.001653 590,192,640,247,6,0.001607 19,196,45,220,6,0.001391 528,176,626,221,6,0.001391 0,201,29,239,6,0.001326 11,177,57,237,2,0.001319 315,195,338,217,6,0.001269 400,208,432,228,1,0.001268 611,115,640,248,6,0.001252 0,178,27,221,1,0.001216 560,191,587,222,6,0.001206 294,186,311,199,6,0.001150 3,198,27,224,6,0.001129 548,193,569,218,6,0.001119 32,178,55,224,0,0.001114 592,184,636,261,1,0.001045 617,176,640,315,6,0.001026
/home/dysjin/data/CARLA.v20-carla_v20.coco/valid/Town01_001860_png.rf.53e5db5983ad00d8986ebdc44e1e76ef.jpg 208,209,436,367,6,0.258690 289,184,313,201,6,0.066797 292,186,336,205,6,0.040379 1,176,19,219,6,0.012041 153,64,488,380,0,0.006548 136,183,150,209,6,0.006347 298,182,326,197,6,0.005620 47,176,73,217,6,0.004748 224,185,253,200,6,0.003691 326,185,347,204,6,0.003464 135,178,151,212,0,0.002848 143,187,163,211,6,0.002506 214,179,240,193,6,0.002450 102,184,124,206,6,0.002426 220,186,418,341,4,0.002424 458,156,511,188,6,0.002326 316,181,335,196,6,0.002310 448,166,499,199,6,0.002170 1,157,17,215,6,0.001911 33,168,77,201,6,0.001884 0,181,25,215,1,0.001764 536,61,624,142,6,0.001564 340,186,365,204,6,0.001446 472,167,518,202,6,0.001335 1,167,15,198,2,0.001329 270,186,294,200,6,0.001212 5,190,22,217,6,0.001158 103,178,127,196,6,0.001127 1,158,16,182,6,0.001121 3,181,57,213,6,0.001018
/home/dysjin/data/CARLA.v20-carla_v20.coco/valid/Town01_006120_png.rf.405fede50ad311216cb9943968a5cdf5.jpg 316,193,331,219,6,0.159095 352,177,367,193,6,0.021564 308,187,345,221,6,0.009589 0,188,12,254,2,0.006207 478,173,524,198,6,0.006053 0,176,12,245,2,0.003461 532,171,586,197,6,0.003274 315,181,332,198,6,0.003200 309,181,342,222,5,0.003052 483,158,579,210,6,0.002601 315,203,330,226,2,0.001712 347,186,360,198,1,0.001533 328,190,339,207,2,0.001295 364,176,384,193,6,0.001294 0,197,13,265,6,0.001241 390,174,412,189,6,0.001239 296,189,308,203,6,0.001135 364,174,412,195,6,0.001097 0,213,10,248,2,0.001017
/home/dysjin/data/CARLA.v20-carla_v20.coco/valid/041864_png.rf.51f1d81198f2e5b7a450f586235760ec.jpg 90,245,240,321,6,0.134273 303,243,326,289,0,0.122465 302,243,327,284,6,0.099553 414,207,445,241,3,0.097203 412,208,445,240,6,0.067482 192,230,234,264,6,0.025920 305,247,326,279,2,0.014175 413,214,446,235,4,0.013634 296,243,331,284,1,0.008273 180,235,231,282,6,0.003950 218,233,236,257,6,0.003318 201,228,231,247,6,0.003287 71,268,166,316,6,0.003208 294,243,321,291,2,0.003176 212,232,237,284,0,0.002066 120,228,230,328,0,0.001778 572,149,640,454,6,0.001542 353,219,366,244,4,0.001517 147,238,214,321,1,0.001409 71,279,118,313,6,0.001123 192,220,220,254,6,0.001021 192,234,219,257,5,0.001007
/home/dysjin/data/CARLA.v20-carla_v20.coco/valid/Town01_012060_png.rf.58e57e1a7e8d4f630323ae1827ca68bc.jpg 565,197,606,220,6,0.173553 329,186,353,201,6,0.021769 166,192,219,229,6,0.009004 577,193,631,223,6,0.004045 545,187,621,232,6,0.003537 277,186,297,201,6,0.003378 302,190,322,204,6,0.002686 4,182,33,231,6,0.002442 318,189,339,203,6,0.001373 293,189,310,202,6,0.001309 584,203,609,227,1,0.001095 323,185,360,203,1,0.001059
/home/dysjin/data/CARLA.v20-carla_v20.coco/valid/009044_png.rf.59d4a83882b4b6af242cbd9e0e31ba80.jpg 559,219,579,241,3,0.123713 0,198,15,247,3,0.031350 0,203,12,239,2,0.022759 585,216,633,255,6,0.010592 0,198,15,262,2,0.008109 555,217,588,244,5,0.007817 118,232,140,268,6,0.004257 554,216,577,243,6,0.003994 628,204,640,265,6,0.003775 130,230,151,269,2,0.003392 118,233,140,276,2,0.003284 555,211,587,243,4,0.003275 554,216,606,250,6,0.003156 0,184,13,244,4,0.003085 131,236,150,263,6,0.002661 0,195,12,231,2,0.002654 130,233,149,276,0,0.002596 130,234,178,264,6,0.002555 631,217,640,251,2,0.002066 629,191,640,258,0,0.001650 96,238,142,272,6,0.001251 339,226,356,245,6,0.001226 108,236,133,261,6,0.001222 0,206,14,281,4,0.001207 593,224,620,247,6,0.001117 547,217,581,241,1,0.001086 152,237,177,257,6,0.001067 142,237,164,259,6,0.001061 606,196,640,266,6,0.001029
/home/dysjin/data/CARLA.v20-carla_v20.coco/valid/Town02_002520_png.rf.55f8a7c01a8e4b86c99a794d7b61cd5d.jpg 230,185,404,333,6,0.208120 165,198,223,234,6,0.151525 143,174,164,195,3,0.105417 524,185,627,264,6,0.041645 138,172,173,198,5,0.007337 366,179,381,204,6,0.005568 130,0,512,380,0,0.003542 365,176,379,198,3,0.002297 238,183,261,203,6,0.001891 217,181,263,211,6,0.001868 410,190,435,207,6,0.001609 1,196,18,244,6,0.001468 1,180,17,238,6,0.001319 523,191,589,255,1,0.001294 169,207,209,228,5,0.001221 43,191,92,224,6,0.001047 135,175,173,208,4,0.001022
/home/dysjin/data/CARLA.v20-carla_v20.coco/valid/Town02_008760_png.rf.5bfb07b6a5fbe6700b4b9c150b9c6576.jpg 271,187,289,203,6,0.219596 270,202,366,340,6,0.212021 513,179,560,211,6,0.095179 140,173,159,192,3,0.066717 514,175,602,220,6,0.065201 392,188,432,213,6,0.027132 221,190,232,207,6,0.024679 556,177,589,212,6,0.022303 583,179,632,211,6,0.017918 341,186,356,201,6,0.017496 387,187,410,207,6,0.016292 0,182,16,239,6,0.011724 176,185,206,203,6,0.010527 260,188,277,200,6,0.007263 262,180,298,205,6,0.007224 556,171,640,224,6,0.006603 370,184,384,201,6,0.006468 609,163,640,240,6,0.006255 627,184,640,257,2,0.006220 139,169,160,195,4,0.006134 412,196,437,215,6,0.005437 0,192,13,225,2,0.004769 276,182,294,197,6,0.004677 354,185,371,200,6,0.004056 230,189,243,203,6,0.003812 0,204,16,236,6,0.003530 137,171,170,195,6,0.003521 628,196,640,266,6,0.003428 388,181,408,196,6,0.003376 369,180,381,196,3,0.003258 142,166,160,187,6,0.002781 246,188,260,200,6,0.002613 628,165,640,230,0,0.002581 380,181,394,197,3,0.002354 211,189,227,206,6,0.002232 526,171,588,225,4,0.002076 1,206,19,255,6,0.001853 0,169,15,226,6,0.001721 271,194,287,211,3,0.001655 355,181,369,195,3,0.001551 0,189,22,233,1,0.001539 220,192,230,216,2,0.001458 399,180,422,197,6,0.001458 615,164,640,278,2,0.001447 598,193,622,215,6,0.001429 219,182,235,210,1,0.001413 384,195,399,213,6,0.001378 631,191,640,224,2,0.001366 0,180,12,212,2,0.001307 290,186,306,201,6,0.001184 333,181,348,196,6,0.001140
/home/dysjin/data/CARLA.v20-carla_v20.coco/valid/Town01_008100_png.rf.5942043a53e2ea3c62572bf7029ed896.jpg 277,188,297,206,6,0.214184 78,185,135,213,6,0.084329 383,192,411,210,6,0.048342 365,189,383,205,6,0.015667 419,190,451,206,6,0.013301 156,186,179,205,6,0.011748 171,187,186,209,6,0.011076 289,188,303,204,6,0.008253 584,177,636,196,6,0.007226 339,188,362,200,6,0.006960 358,188,374,201,6,0.006901 101,190,133,208,6,0.003862 331,186,349,199,6,0.003327 114,186,143,212,6,0.002780 271,195,292,211,6,0.002777 255,187,279,201,6,0.002645 196,172,238,200,6,0.001903 179,185,194,207,6,0.001855 611,183,633,199,6,0.001822 168,184,188,211,0,0.001806 307,189,320,202,6,0.001774 626,171,640,198,6,0.001677 356,186,398,208,6,0.001566 320,186,332,199,6,0.001475 129,184,184,208,6,0.001179 329,187,375,205,6,0.001170 230,186,245,206,6,0.001149 156,178,175,199,6,0.001140 240,186,297,204,6,0.001072 318,180,331,195,3,0.001055 595,184,622,199,6,0.001014
/home/dysjin/data/CARLA.v20-carla_v20.coco/valid/Town01_010680_png.rf.5537782525200ced228c602e6dcc3456.jpg 371,177,384,192,3,0.230904 168,175,213,199,6,0.027237 331,191,341,202,6,0.016384 320,191,333,202,6,0.011944 367,172,388,194,1,0.005827 374,180,390,193,6,0.005054 359,168,400,199,6,0.004318 230,183,246,206,6,0.002445 222,185,238,207,6,0.002409 342,190,354,201,6,0.002399 309,190,321,201,6,0.001800 357,180,373,192,3,0.001447 358,188,371,199,6,0.001314 410,200,437,218,6,0.001201 146,172,195,197,6,0.001018
/home/dysjin/data/CARLA.v20-carla_v20.coco/valid/121155_png.rf.5eeb1497380edc240a771f68b9d34669.jpg 248,259,405,385,6,0.314838 562,217,600,304,2,0.251870 545,219,612,300,0,0.003956 491,240,533,273,6,0.002680 544,190,616,321,2,0.002188 156,34,485,480,0,0.002143 566,224,599,292,4,0.001515
/home/dysjin/data/CARLA.v20-carla_v20.coco/valid/007085_png.rf.5a7141063cfddac158b01dce18de1e48.jpg 428,207,464,241,3,0.163148 168,223,192,241,3,0.011181 613,209,640,341,2,0.001134 0,228,12,313,2,0.001096
/home/dysjin/data/CARLA.v20-carla_v20.coco/valid/Town05_006720_png.rf.717ce1e22225ab6a97befb2b8effcc2a.jpg 89,188,145,206,6,0.100891 178,190,220,251,6,0.093212 125,187,151,203,6,0.015572 343,180,358,194,6,0.013148 364,179,387,192,6,0.008202 83,187,112,206,6,0.007659 349,179,371,193,6,0.005843 90,194,116,211,6,0.005430 316,186,333,200,6,0.003489 367,185,384,199,6,0.002488 351,175,396,198,6,0.002331 189,206,212,234,2,0.002079 86,177,125,202,6,0.002056 103,178,151,201,6,0.002033 331,187,346,201,6,0.001767 178,202,220,253,2,0.001502 174,200,216,255,3,0.001404 179,210,210,235,5,0.001077
/home/dysjin/data/CARLA.v20-carla_v20.coco/valid/Town01_006600_png.rf.612f31973b2db2fda3ee5293fd937a64.jpg 373,190,396,211,6,0.078057 293,192,308,205,6,0.004436 0,193,15,220,6,0.002061 0,184,15,211,2,0.002000 387,187,403,207,6,0.001694 1,175,17,221,6,0.001550 626,6,640,68,6,0.001516 282,191,301,204,6,0.001515 562,0,640,68,6,0.001416 609,27,638,69,6,0.001382 304,191,316,205,6,0.001165 377,179,393,200,6,0.001041 336,185,395,209,6,0.001024
/home/dysjin/data/CARLA.v20-carla_v20.coco/valid/112469_png.rf.4fea3a1e3f0858f468ecb362968a08fb.jpg 314,233,339,290,2,0.152260 309,236,344,286,1,0.005686 583,233,640,257,6,0.005572 316,230,340,275,0,0.004250 311,233,343,299,6,0.003253 626,221,640,272,6,0.001608 317,248,335,286,4,0.001294
/home/dysjin/data/CARLA.v20-carla_v20.coco/valid/Town05_009540_png.rf.67accf9da191af14c5f05da1b6fe1e58.jpg 597,184,637,206,6,0.104792 618,180,639,216,6,0.001584 492,230,640,333,6,0.001074 414,178,433,194,6,0.001035 607,192,635,213,3,0.001022
/home/dysjin/data/CARLA.v20-carla_v20.coco/valid/041820_png.rf.69e77a8e269d90d89efc21e5026a7083.jpg 31,238,76,263,6,0.172438 115,243,145,295,6,0.170564 177,222,195,247,6,0.044632 118,253,141,287,4,0.007374 9,235,63,262,6,0.006506 51,243,83,258,6,0.005835 116,247,141,307,0,0.004591 34,244,77,262,3,0.004452 526,214,568,251,6,0.003865 174,223,194,245,3,0.003727 442,0,463,11,6,0.003637 0,230,15,258,2,0.003210 109,241,136,296,2,0.002840 110,244,147,284,1,0.002780 1,223,17,267,6,0.002288 21,240,49,258,6,0.001824 0,220,14,249,2,0.001706 119,248,142,280,2,0.001696 0,228,42,261,6,0.001232 171,227,207,256,1,0.001074
/home/dysjin/data/CARLA.v20-carla_v20.coco/valid/121278_png.rf.6607158f1164a75baf620dcb66d1b07e.jpg 273,254,364,315,6,0.176972 237,241,262,260,6,0.044425 3,237,31,277,6,0.005313 251,239,273,259,6,0.002707 1,230,17,288,6,0.001432 1,215,15,280,6,0.001138 571,223,590,241,6,0.001017
/home/dysjin/data/CARLA.v20-carla_v20.coco/valid/Town02_004620_png.rf.7280640e1c163e7c4b28010b90659788.jpg 243,202,396,335,6,0.263066 279,183,301,201,6,0.104523 131,182,174,204,6,0.065217 307,183,330,200,6,0.060458 286,181,313,196,6,0.015771 330,177,346,197,6,0.013034 459,222,491,259,6,0.008518 271,178,293,198,6,0.007371 341,174,353,199,2,0.004115 310,181,359,206,6,0.003767 152,179,176,198,6,0.003481 167,0,473,380,0,0.002186 109,183,158,207,6,0.001933 331,5,640,218,6,0.001784 377,0,640,287,5,0.001673 118,188,170,219,6,0.001482 341,175,358,212,6,0.001380 377,148,396,170,6,0.001335 536,126,627,180,6,0.001224
/home/dysjin/data/CARLA.v20-carla_v20.coco/valid/Town05_016500_png.rf.75b431585ae9c755044e81517b796324.jpg 0,198,92,293,6,0.146917 119,199,216,242,6,0.136073 456,176,477,196,3,0.133315 351,194,395,230,6,0.113973 456,177,480,197,6,0.056242 153,197,223,228,6,0.025067 0,144,62,173,6,0.012127 431,186,444,207,6,0.011254 344,189,362,207,6,0.009273 243,192,258,205,6,0.009225 1,156,18,211,6,0.004956 2,148,20,197,6,0.004616 1,148,30,170,5,0.003279 343,190,368,232,6,0.003153 201,194,225,228,6,0.003063 117,212,174,244,6,0.002868 6,186,78,380,6,0.002815 232,191,252,204,6,0.002796 334,187,348,201,6,0.002793 1,136,20,185,6,0.002419 0,168,16,224,6,0.002318 253,191,269,204,6,0.002249 372,198,394,226,2,0.002042 349,191,377,211,6,0.002013 1,166,16,199,2,0.001917 0,193,14,220,6,0.001846 1,155,19,186,2,0.001791 271,190,285,202,6,0.001733 347,202,377,221,6,0.001598 281,188,293,201,6,0.001567 429,181,445,210,0,0.001563 430,195,442,214,4,0.001526 190,200,219,221,6,0.001497 453,178,485,203,4,0.001485 0,162,59,201,6,0.001291 438,180,464,195,6,0.001275 0,180,14,211,2,0.001242 130,197,196,250,4,0.001192 341,191,404,234,3,0.001159 437,184,459,202,3,0.001101 430,178,476,198,2,0.001092 0,146,20,172,2,0.001077 361,203,392,228,1,0.001047 418,188,438,203,6,0.001036 147,201,181,241,6,0.001029
/home/dysjin/data/CARLA.v20-carla_v20.coco/valid/Town02_001020_png.rf.79741d4293c684a4f4e895c08f1290d5.jpg 300,187,345,310,1,0.209455 0,202,89,361,6,0.185262 278,184,325,206,6,0.081305 188,184,215,213,6,0.038405 292,184,347,309,6,0.034066 24,187,69,214,6,0.031036 302,172,342,304,0,0.013705 304,178,330,198,6,0.008217 330,178,353,195,3,0.006778 5,204,76,380,6,0.005965 368,183,383,205,6,0.005575 3,209,74,351,0,0.004911 337,177,358,194,6,0.004664 290,205,356,295,2,0.004385 272,187,291,202,6,0.003790 275,181,302,198,6,0.003764 595,192,640,219,6,0.003285 0,237,87,345,4,0.002887 368,177,381,199,3,0.002755 28,195,57,215,5,0.002725 300,184,326,228,6,0.002508 314,176,362,198,6,0.002440 22,188,46,208,6,0.002029 2,223,73,361,5,0.001758 625,174,640,223,6,0.001657 253,187,277,201,6,0.001391 332,182,348,202,1,0.001257 2,202,61,234,6,0.001176 356,175,374,196,3,0.001130 55,190,80,225,6,0.001115 113,186,130,210,6,0.001099 380,182,393,206,1,0.001013
/home/dysjin/data/CARLA.v20-carla_v20.coco/valid/004996_png.rf.758bfe0873e6cba6e1d99146894cae01.jpg 490,261,511,314,2,0.126501 490,266,511,315,0,0.075064 494,263,516,318,4,0.004935 102,206,125,262,2,0.003341 484,265,516,309,1,0.003268 482,265,516,315,6,0.002600 356,244,367,268,6,0.001956 290,247,317,262,6,0.001870 98,209,120,260,0,0.001056
/home/dysjin/data/CARLA.v20-carla_v20.coco/valid/Town02_001620_png.rf.77cda18f042297c4b15936a35acef602.jpg 303,190,332,253,6,0.109245 397,191,425,210,6,0.006932 311,196,333,227,2,0.003197 220,188,241,204,6,0.002105 298,193,333,234,1,0.001953 314,190,331,212,6,0.001366 133,151,155,171,3,0.001286 310,184,334,219,4,0.001224 182,188,199,209,6,0.001154 297,202,335,254,3,0.001143 380,188,397,205,6,0.001112
/home/dysjin/data/CARLA.v20-carla_v20.coco/valid/112362_png.rf.868e587d8bdd37c81e4872223fbdbeb4.jpg 149,232,168,280,2,0.132980 582,232,640,257,6,0.007539 142,233,181,283,6,0.005627 153,237,169,277,1,0.005223 148,236,167,293,0,0.002669 151,233,166,270,3,0.001972 625,221,640,272,6,0.001734 626,206,640,269,0,0.001066
/home/dysjin/data/CARLA.v20-carla_v20.coco/valid/Town05_010080_png.rf.88fb23d739ffa2beacd3c5735d172d03.jpg 269,183,287,201,6,0.121745 315,185,328,215,6,0.085888 312,183,326,216,2,0.068954 0,0,264,233,6,0.026357 311,178,327,219,1,0.024981 243,173,262,190,6,0.015254 330,182,342,195,6,0.011143 0,0,252,265,5,0.009037 309,179,341,219,5,0.007087 255,179,280,196,6,0.006839 330,185,339,205,2,0.004238 261,179,295,204,1,0.003419 310,180,324,199,6,0.003352 530,135,634,211,6,0.003115 342,180,352,192,6,0.002784 294,182,307,195,3,0.002393 484,163,640,303,6,0.002184 296,185,310,204,6,0.002090 277,182,324,211,6,0.001776 1,1,113,72,6,0.001747 308,185,339,223,6,0.001544 467,78,640,380,6,0.001505 405,194,414,219,0,0.001454 0,177,13,240,6,0.001427 0,18,14,79,6,0.001395 0,191,15,248,6,0.001390 457,13,640,369,5,0.001256 0,30,15,89,6,0.001136 0,203,12,234,2,0.001049
/home/dysjin/data/CARLA.v20-carla_v20.coco/valid/026847_png.rf.7a28094ba474fb2fab06e58f1ebea83c.jpg 412,209,445,239,3,0.107810 413,208,449,242,4,0.021933 416,211,447,237,6,0.005617 0,230,9,310,2,0.004423 0,216,9,303,2,0.001845 0,241,10,320,2,0.001464
/home/dysjin/data/CARLA.v20-carla_v20.coco/valid/075709_png.rf.7dd638ab9af378bf60aaa2fb92a0aea4.jpg 169,243,250,303,6,0.270155 310,243,347,272,6,0.240588 0,246,175,419,6,0.186297 216,240,266,280,6,0.093993 241,244,264,270,6,0.012833 249,239,270,275,0,0.005305 252,241,267,271,2,0.004295 354,237,368,256,6,0.003542 212,246,244,289,6,0.003379 0,80,225,480,0,0.003283 159,219,258,329,0,0.002680 143,238,184,319,6,0.001986 165,244,224,279,6,0.001671 252,238,269,265,6,0.001661 74,247,180,314,6,0.001502 293,239,309,257,6,0.001372 154,279,183,335,6,0.001186 228,241,260,261,6,0.001135
/home/dysjin/data/CARLA.v20-carla_v20.coco/valid/Town02_007380_png.rf.8809896fc46f6266a6729640bbc68e4c.jpg 560,193,633,219,6,0.107595 503,183,541,214,6,0.051631 276,186,295,202,6,0.013157 610,180,639,221,6,0.009890 556,209,584,256,6,0.006118 1,177,17,238,2,0.003592 547,183,600,219,6,0.003512 0,165,14,230,2,0.003107 492,184,569,232,6,0.002579 590,198,627,215,6,0.002534 551,198,598,239,6,0.002531 550,175,573,221,2,0.002321 566,200,601,218,6,0.002266 292,178,307,194,6,0.002211 268,178,291,197,6,0.001710 628,192,640,223,6,0.001658 507,192,535,215,5,0.001644 0,46,11,75,2,0.001609 0,178,11,213,4,0.001546 551,196,573,220,6,0.001451 0,184,16,255,6,0.001190 266,183,307,205,6,0.001184 628,183,640,217,2,0.001180 0,148,11,223,0,0.001169 583,182,614,220,6,0.001139 625,153,640,224,0,0.001011
/home/dysjin/data/CARLA.v20-carla_v20.coco/valid/Town01_007500_png.rf.7e4c2487265d812d93246e09a19aeab2.jpg 553,174,640,221,6,0.175584 254,195,283,212,6,0.124564 529,174,556,219,6,0.061901 532,181,553,212,0,0.006528 606,175,638,222,6,0.004881 531,186,590,224,6,0.004822 366,184,408,212,6,0.004057 570,170,632,227,4,0.003890 151,209,206,231,6,0.003160 235,200,248,213,6,0.001763 514,160,604,217,6,0.001574 223,203,235,215,6,0.001522 245,192,266,209,6,0.001441 176,210,201,226,6,0.001422 280,191,295,206,1,0.001385 340,163,359,181,3,0.001223 624,179,639,235,6,0.001134 542,146,640,256,0,0.001123 206,204,221,217,6,0.001104
/home/dysjin/data/CARLA.v20-carla_v20.coco/valid/Town05_007500_png.rf.8a81a882e564e9e99b5c951d3e18dbbc.jpg 350,181,394,201,6,0.121532 252,179,270,197,6,0.059343 131,182,175,204,6,0.057449 303,177,320,190,6,0.039955 184,104,229,139,6,0.010482 343,180,368,197,6,0.006334 120,186,140,205,6,0.004787 315,177,329,191,6,0.004213 264,177,282,193,6,0.004206 306,181,401,369,6,0.002291 331,178,347,193,6,0.002212 199,103,229,138,4,0.002201 391,179,405,196,6,0.002181 295,174,330,195,6,0.001703 250,177,301,196,6,0.001589 281,177,298,189,6,0.001349 369,0,640,271,6,0.001341 201,108,228,133,3,0.001226 0,180,13,210,2,0.001007
/home/dysjin/data/CARLA.v20-carla_v20.coco/valid/Town02_005520_png.rf.8a9d2ba4122736ea3845c9e405936cce.jpg 74,197,133,220,6,0.092684 608,186,639,230,6,0.065690 41,200,102,223,6,0.043266 39,203,69,222,6,0.019987 101,201,134,217,6,0.014550 599,182,624,235,2,0.011045 0,196,18,221,6,0.009016 38,190,126,231,6,0.007625 583,170,634,240,6,0.002984 608,167,640,245,2,0.002940 0,203,14,230,6,0.002067 56,188,108,216,6,0.001910 0,172,15,228,6,0.001665 0,197,61,219,6,0.001487 368,196,381,215,6,0.001157
/home/dysjin/data/CARLA.v20-carla_v20.coco/valid/041735_png.rf.891d950e6341a379e0a80f54f49c126a.jpg 272,244,308,309,6,0.125042 277,248,305,308,2,0.033149 268,250,308,298,1,0.005462 68,209,120,238,6,0.002225
/home/dysjin/data/CARLA.v20-carla_v20.coco/valid/041669_png.rf.8f16c7cc68671f71ba068edf120b2a61.jpg 300,244,335,316,0,0.102094 304,245,333,314,2,0.043037 307,244,335,305,6,0.014321 98,220,141,250,6,0.002505 287,243,346,311,1,0.001867
/home/dysjin/data/CARLA.v20-carla_v20.coco/valid/003814_png.rf.9123d8ff8e23490d6f5201cb816e4fc2.jpg 546,172,622,245,6,0.206878 286,241,317,259,6,0.110206 548,170,617,249,5,0.025085 537,147,628,263,0,0.007271 550,179,620,252,3,0.004738 313,240,330,257,6,0.002507 266,239,292,255,6,0.001942 557,171,627,252,4,0.001296 131,223,153,264,3,0.001285
/home/dysjin/data/CARLA.v20-carla_v20.coco/valid/005413_png.rf.9000d6e877ce40e1d5bd5387ece453c2.jpg 106,234,124,278,2,0.209145 84,235,107,287,2,0.122128 539,243,627,298,6,0.026188 107,238,123,275,0,0.017929 84,238,122,282,6,0.014888 115,234,133,277,2,0.012567 492,231,525,265,6,0.011307 134,240,149,269,1,0.005798 135,232,153,270,2,0.005792 107,234,123,269,3,0.005747 76,231,93,291,2,0.005735 137,236,151,266,3,0.004959 94,242,115,276,2,0.004824 78,240,115,281,1,0.004225 142,243,158,266,6,0.002836 118,238,161,273,6,0.002624 104,235,144,277,6,0.002249 142,237,157,263,2,0.001466 82,241,122,290,3,0.001069
/home/dysjin/data/CARLA.v20-carla_v20.coco/valid/Town01_001500_png.rf.9254a251a5c6eb6313adba6a6adf1620.jpg 384,173,406,192,3,0.202514 379,169,417,195,5,0.013925 381,170,405,193,6,0.009524 226,199,253,216,6,0.002324 0,194,11,221,2,0.001816 219,197,238,215,6,0.001525 384,183,401,198,3,0.001309 630,169,640,247,2,0.001290 3,201,28,219,6,0.001250 290,192,310,207,6,0.001176 1,141,15,201,4,0.001173 0,167,10,196,2,0.001130 0,181,8,211,2,0.001086 0,127,16,193,6,0.001019
/home/dysjin/data/CARLA.v20-carla_v20.coco/valid/Town05_004680_png.rf.93664881511a21c1adf050e2e8993477.jpg 319,180,413,220,6,0.136014 242,184,269,203,6,0.133504 281,180,295,195,6,0.027309 383,182,415,214,6,0.007211 627,157,640,208,6,0.007090 268,182,287,195,6,0.006680 185,183,205,202,6,0.006376 222,178,265,199,6,0.006033 354,174,416,205,6,0.005729 322,177,358,219,6,0.003303 249,179,299,198,6,0.002204 288,179,306,195,6,0.001716 320,172,341,221,2,0.001428 385,195,411,216,1,0.001295 373,189,404,209,6,0.001260 242,193,265,212,1,0.001224 329,175,395,229,4,0.001194 362,181,393,218,6,0.001130
/home/dysjin/data/CARLA.v20-carla_v20.coco/valid/138312_png.rf.93c512dad514948e54a85fd6860eba4e.jpg 93,232,116,278,2,0.098334 0,257,14,327,2,0.024576 1,251,28,318,2,0.019449 87,233,122,277,6,0.004682 1,262,14,302,2,0.002684 2,262,27,319,6,0.001903 177,230,231,258,6,0.001589 629,330,640,408,2,0.001494 90,233,122,269,1,0.001431 1,236,15,313,2,0.001273 0,268,25,316,0,0.001260 0,263,12,344,2,0.001212 2,194,31,326,2,0.001136 0,230,25,356,2,0.001078 629,343,640,418,6,0.001037
/home/dysjin/data/CARLA.v20-carla_v20.coco/valid/005160_png.rf.922d9f2da21b5b11121905df87e629d7.jpg 400,213,429,240,3,0.123930 399,215,431,238,6,0.034299 404,212,434,240,4,0.002100 612,210,639,337,2,0.001369 628,228,640,314,2,0.001024
