/home/dysjin/data/CARLA.v20-carla_v20.coco/valid/Town02_006840_png.rf.a4a970c10202604d1dd8c41fe9097525.jpg 563,177,578,192,1,0.194448 561,55,603,99,0,0.057080 565,57,601,98,1,0.033635 0,170,10,196,0,0.018141 0,161,17,202,1,0.007942 440,188,456,202,0,0.005893 196,166,211,181,1,0.005544 432,189,446,202,0,0.005269 568,167,582,185,1,0.004541 199,174,212,190,1,0.002008 556,173,589,197,1,0.001884 557,176,572,190,0,0.001881 194,153,210,171,1,0.001712 244,166,261,181,1,0.001657 0,163,13,184,0,0.001523 185,163,199,179,1,0.001431 206,176,221,192,1,0.001298 205,167,222,181,1,0.001297 443,178,458,194,0,0.001276 556,183,569,203,0,0.001112 565,183,580,200,0,0.001055
/home/dysjin/data/CARLA.v20-carla_v20.coco/valid/Town02_002640_png.rf.ac6bee6a9e4c4b2a1e149670c97196c1.jpg 390,177,404,191,1,0.440439 384,174,401,188,0,0.014384 394,167,410,186,0,0.004652 384,172,415,199,1,0.003350 393,179,409,202,0,0.001207
/home/dysjin/data/CARLA.v20-carla_v20.coco/valid/007096_png.rf.a26873f70f1467f54f0fd09ea8c1731b.jpg 537,162,620,254,2,0.487509 0,0,640,480,0,0.002353 547,180,596,239,1,0.001680
/home/dysjin/data/CARLA.v20-carla_v20.coco/valid/Town02_006480_png.rf.aec43468267a9993201d034f7031ee5c.jpg 347,176,359,189,0,0.022339 354,175,369,188,0,0.014971 368,152,384,168,0,0.013566 357,164,371,181,0,0.008837 367,161,382,178,0,0.002659 587,173,603,195,1,0.002546 347,166,361,181,0,0.002498 368,140,384,158,0,0.001941 588,184,603,206,1,0.001526
/home/dysjin/data/CARLA.v20-carla_v20.coco/valid/051305_png.rf.af3e2dc55ae45fc793f7f25eb6fdf7b4.jpg 426,210,463,244,0,0.393718
/home/dysjin/data/CARLA.v20-carla_v20.coco/valid/007291_png.rf.b33e9d647d42777054dfb5f46d23bbad.jpg 384,220,400,238,0,0.581712 393,205,408,223,0,0.002316 383,204,399,225,0,0.001905 373,217,388,230,0,0.001822
/home/dysjin/data/CARLA.v20-carla_v20.coco/valid/003752_png.rf.bb0716bc5b93fa8b10f41577e20a2f35.jpg 397,214,424,245,1,0.402346 400,217,421,241,2,0.252346 398,214,421,246,0,0.057326 402,78,419,97,1,0.001252
/home/dysjin/data/CARLA.v20-carla_v20.coco/valid/005173_png.rf.c24ac196d86260d3a384e12093bfa5ef.jpg 474,193,527,248,2,0.173623 479,188,527,249,1,0.044370
/home/dysjin/data/CARLA.v20-carla_v20.coco/valid/003769_png.rf.c5c0c17fa97551316c57744e9608f796.jpg 496,193,552,248,1,0.188271 489,172,559,253,2,0.008695 355,224,370,241,1,0.001491
/home/dysjin/data/CARLA.v20-carla_v20.coco/valid/004966_png.rf.c9d8d72d0920460b612251c5fddc5770.jpg 428,204,467,241,1,0.291266 431,210,472,235,2,0.001210
/home/dysjin/data/CARLA.v20-carla_v20.coco/valid/001638_png.rf.c98e4c5bc2a68de358073a26469c81b2.jpg 420,209,456,242,0,0.638756 620,207,640,256,1,0.049300 612,196,639,251,0,0.029463 153,223,172,241,1,0.012879 613,219,634,244,0,0.007684 148,223,167,241,0,0.006744 623,173,640,223,1,0.005897 618,211,640,236,0,0.002231 149,219,180,247,0,0.001684 614,184,632,212,1,0.001597
/home/dysjin/data/CARLA.v20-carla_v20.coco/valid/051274_png.rf.d5f64278c64b556983082379a316485f.jpg 561,163,640,252,2,0.327946 563,167,636,251,1,0.179249 538,138,640,270,0,0.043005 356,226,372,241,1,0.006211 440,41,456,60,1,0.001249 440,53,456,71,1,0.001057
/home/dysjin/data/CARLA.v20-carla_v20.coco/valid/Town01_001440_png.rf.e4b4351effd31d5b433710cffb8243e4.jpg 384,178,401,193,0,0.522142 232,178,247,193,1,0.012973 379,169,407,200,0,0.012381 233,183,248,201,0,0.003776 363,151,380,171,1,0.003531 282,176,296,191,0,0.002909 362,123,387,174,1,0.002133 356,136,375,159,1,0.002004 391,65,409,81,1,0.001556 363,137,382,161,0,0.001219 294,177,309,191,0,0.001101 271,177,285,191,0,0.001069
/home/dysjin/data/CARLA.v20-carla_v20.coco/valid/041811_png.rf.e8d4c17844854d24f9b2bec66a8a8889.jpg 48,227,63,242,1,0.111960 453,211,469,229,1,0.004425 281,53,295,71,1,0.002969 282,42,296,59,1,0.001811 270,64,284,84,0,0.001563 42,222,74,247,1,0.001545 271,53,285,71,1,0.001166 270,77,285,94,1,0.001070
/home/dysjin/data/CARLA.v20-carla_v20.coco/valid/001519_png.rf.e42bb854e84b40164ed2795569b2eb6f.jpg 572,222,588,239,0,0.471457 567,232,585,250,0,0.004636 418,229,432,242,0,0.002837 580,204,593,224,0,0.001721 405,229,422,242,1,0.001507 621,72,640,123,1,0.001502 584,218,600,235,0,0.001099
/home/dysjin/data/CARLA.v20-carla_v20.coco/valid/001509_png.rf.ed3baed466e7f65c1a01fb57bf942b65.jpg 572,222,588,239,0,0.520977 567,232,585,250,0,0.006871 580,204,594,224,0,0.001876 418,229,433,242,0,0.001777 584,218,600,235,0,0.001454
/home/dysjin/data/CARLA.v20-carla_v20.coco/valid/026829_png.rf.e6f26e62f316568466a95ba7fd18d850.jpg 370,220,394,238,0,0.659788 367,231,389,249,0,0.002365 245,216,262,231,0,0.001725 254,214,271,230,0,0.001169
/home/dysjin/data/CARLA.v20-carla_v20.coco/valid/007076_png.rf.d635d979c35f5dd6da756ef9889aef0b.jpg 395,212,422,245,1,0.354271 398,218,418,240,2,0.145399 388,206,419,254,0,0.007420
/home/dysjin/data/CARLA.v20-carla_v20.coco/valid/Town02_006960_png.rf.eedfb90c1deb0d66a31341acd2e08f4f.jpg 148,162,164,179,1,0.520394 608,101,627,122,0,0.020132 145,156,172,187,1,0.011908 149,154,168,175,0,0.009079 156,154,174,176,1,0.003970 603,108,621,132,0,0.002496 601,138,617,155,0,0.001786 146,160,163,189,0,0.001588 602,123,617,144,0,0.001008
/home/dysjin/data/CARLA.v20-carla_v20.coco/valid/041861_png.rf.f5f3812ca6c536c5c25bea3d596be111.jpg 400,208,429,241,0,0.369374 399,212,429,244,1,0.074355 356,40,372,57,1,0.001608 356,28,373,46,1,0.001173 367,29,384,46,1,0.001135
/home/dysjin/data/CARLA.v20-carla_v20.coco/valid/003755_png.rf.f6343810071c5f5401b5697ef363285d.jpg 407,212,436,243,1,0.382014 409,210,434,245,0,0.064035 411,217,432,240,2,0.038588 404,65,421,85,1,0.001470
/home/dysjin/data/CARLA.v20-carla_v20.coco/valid/001630_png.rf.ff5ced110f03f998a7a6998ddf647fd2.jpg 408,211,435,243,0,0.768910 167,222,183,240,1,0.035399 620,172,640,225,1,0.020957 606,156,639,257,1,0.004788 161,221,179,240,0,0.003141 621,183,639,214,2,0.002547 169,216,186,235,0,0.002092 605,180,640,242,0,0.001044
/home/dysjin/data/CARLA.v20-carla_v20.coco/valid/003751_png.rf.0ff9ef7c8c8e4f5eab52437609a3b501.jpg 395,216,421,244,1,0.349523 394,219,421,241,2,0.163739 397,216,418,247,0,0.026624 417,53,432,71,1,0.001041
/home/dysjin/data/CARLA.v20-carla_v20.coco/valid/Town02_008820_png.rf.135414697b8215dc125af6b125d3058c.jpg 392,184,408,199,0,0.169665 142,172,160,190,1,0.095710 385,187,399,200,0,0.021877 145,163,162,186,0,0.017072 24,125,37,143,0,0.014209 139,167,168,197,1,0.005820 356,178,370,189,0,0.005378 371,180,384,190,0,0.004080 245,166,260,179,0,0.003807 406,165,420,183,0,0.002877 404,179,420,195,0,0.002818 14,125,29,144,0,0.002667 404,153,420,168,0,0.002479 503,173,519,189,0,0.002411 395,165,410,184,0,0.002170 372,187,385,200,0,0.001994 345,178,360,190,0,0.001830 11,136,27,155,0,0.001811 417,176,433,189,0,0.001568 136,163,155,184,1,0.001487 13,116,29,134,0,0.001480 234,167,250,180,0,0.001289 387,171,414,196,0,0.001248 23,114,39,135,0,0.001174 505,162,519,182,0,0.001170 401,187,418,201,0,0.001114 269,166,285,178,0,0.001052 33,129,50,144,0,0.001031 382,195,397,212,0,0.001015 515,151,531,169,0,0.001012
/home/dysjin/data/CARLA.v20-carla_v20.coco/valid/006578_png.rf.21f08e8ed63ab67b3ef05528af8ef9e6.jpg 370,221,388,239,0,0.676078 365,233,386,248,0,0.004138 381,206,396,223,0,0.001857 364,222,390,259,0,0.001757 256,213,272,229,0,0.001421 371,202,386,226,0,0.001108
/home/dysjin/data/CARLA.v20-carla_v20.coco/valid/Town02_006720_png.rf.2632fd4f3d65ff215e84d472badfd870.jpg 562,177,578,192,1,0.154079 561,54,603,99,0,0.050333 561,58,604,105,1,0.027412 0,170,10,196,0,0.019701 0,161,17,202,1,0.008581 432,189,446,202,0,0.004416 567,167,581,184,1,0.003983 440,188,456,201,0,0.003844 198,174,213,190,1,0.002394 196,166,213,182,1,0.002203 346,178,360,192,1,0.002037 556,172,589,196,1,0.001773 0,163,13,184,0,0.001682 206,176,221,192,1,0.001588 443,178,458,194,0,0.001549 206,167,222,182,1,0.001226 184,163,199,180,1,0.001144
/home/dysjin/data/CARLA.v20-carla_v20.coco/valid/007070_png.rf.2316a0a54db7e4a749f421570aadd160.jpg 381,220,403,240,1,0.188586 384,222,406,240,2,0.077024 381,220,399,244,0,0.010499 385,200,410,252,1,0.007365
/home/dysjin/data/CARLA.v20-carla_v20.coco/valid/041819_png.rf.374472e0a0868df264a4100cb7734e35.jpg 171,226,185,241,1,0.293730 177,227,195,241,1,0.007414 174,218,189,235,1,0.005757 166,219,196,247,1,0.004739 167,220,187,253,0,0.001068
/home/dysjin/data/CARLA.v20-carla_v20.coco/valid/003766_png.rf.3dbe103da1003d1fb3bd18ad0d0894b4.jpg 461,199,514,246,2,0.328202 460,199,514,244,1,0.035254 354,225,369,242,1,0.002595 427,5,446,21,1,0.001628 418,41,433,59,1,0.001625 418,52,434,72,1,0.001294 427,53,443,73,1,0.001011
/home/dysjin/data/CARLA.v20-carla_v20.coco/valid/026849_png.rf.52e90800c02b90489d2521817c6942f7.jpg 422,207,457,244,0,0.442377 343,215,357,230,0,0.002535 406,218,475,235,0,0.001752 234,224,248,239,0,0.001465
/home/dysjin/data/CARLA.v20-carla_v20.coco/valid/041864_png.rf.51f1d81198f2e5b7a450f586235760ec.jpg 411,206,446,243,1,0.255716 409,207,446,243,0,0.187880 366,29,382,47,1,0.003128 368,16,384,34,1,0.001405
/home/dysjin/data/CARLA.v20-carla_v20.coco/valid/009044_png.rf.59d4a83882b4b6af242cbd9e0e31ba80.jpg 557,220,578,241,1,0.313448 0,209,11,238,0,0.137656 556,222,575,239,0,0.039199 343,226,357,239,0,0.014252 0,204,19,253,0,0.003541 340,215,356,232,0,0.003323 333,225,349,239,0,0.001916 0,201,17,226,0,0.001822 4,218,21,231,0,0.001575 553,211,584,241,0,0.001353 194,215,211,231,0,0.001083
/home/dysjin/data/CARLA.v20-carla_v20.coco/valid/Town01_010680_png.rf.5537782525200ced228c602e6dcc3456.jpg 368,179,384,191,1,0.558501 234,175,246,190,0,0.017996 363,172,393,199,1,0.006052 360,175,376,186,0,0.003729 223,178,238,192,0,0.003599 371,166,388,187,0,0.003543 222,184,237,201,0,0.002449 258,174,271,190,0,0.001966 237,165,249,182,0,0.001685 365,174,382,201,0,0.001648 332,177,346,189,0,0.001605 320,177,334,190,0,0.001518 246,151,262,167,1,0.001333 244,177,259,190,0,0.001258 260,164,275,180,0,0.001102 210,177,223,192,0,0.001040 381,164,396,188,0,0.001023
/home/dysjin/data/CARLA.v20-carla_v20.coco/valid/007085_png.rf.5a7141063cfddac158b01dce18de1e48.jpg 425,203,470,245,1,0.320646 422,204,462,244,2,0.006137
/home/dysjin/data/CARLA.v20-carla_v20.coco/valid/041820_png.rf.69e77a8e269d90d89efc21e5026a7083.jpg 180,225,195,240,1,0.216712 184,216,201,235,1,0.006049 174,214,191,234,1,0.003578 177,219,205,247,1,0.003376
/home/dysjin/data/CARLA.v20-carla_v20.coco/valid/Town05_016500_png.rf.75b431585ae9c755044e81517b796324.jpg 460,177,476,197,1,0.331572 332,190,347,203,1,0.027267 455,173,478,208,0,0.015093 382,189,394,205,0,0.005725 341,191,356,204,1,0.004991 371,198,385,214,0,0.004008 330,178,347,195,0,0.003423 602,187,618,202,0,0.002947 371,191,385,205,0,0.001851 467,164,482,190,0,0.001678 344,179,359,193,0,0.001505 334,197,348,214,0,0.001132 380,177,396,195,0,0.001131 40,247,66,290,0,0.001114
/home/dysjin/data/CARLA.v20-carla_v20.coco/valid/026847_png.rf.7a28094ba474fb2fab06e58f1ebea83c.jpg 410,207,449,246,0,0.661233 394,220,465,234,0,0.007047 232,225,248,239,0,0.001128
/home/dysjin/data/CARLA.v20-carla_v20.coco/valid/003814_png.rf.9123d8ff8e23490d6f5201cb816e4fc2.jpg 539,165,620,251,2,0.278704 543,169,615,249,1,0.181155 511,138,638,268,0,0.030589 145,54,162,72,1,0.001650 539,179,622,253,0,0.001095
/home/dysjin/data/CARLA.v20-carla_v20.coco/valid/Town01_001500_png.rf.9254a251a5c6eb6313adba6a6adf1620.jpg 386,174,403,189,1,0.416915 385,173,402,189,0,0.325313 285,175,298,190,0,0.010240 293,174,308,190,0,0.007189 293,165,308,182,0,0.005482 382,180,401,201,0,0.003743 284,166,299,182,0,0.003300 390,162,411,191,0,0.002674 272,176,287,189,0,0.001859 247,175,262,190,0,0.001802 393,154,408,174,0,0.001445 270,167,285,180,0,0.001352 369,152,383,171,0,0.001248 283,185,299,202,0,0.001156 282,152,298,170,0,0.001061 258,176,273,190,0,0.001047
/home/dysjin/data/CARLA.v20-carla_v20.coco/valid/005160_png.rf.922d9f2da21b5b11121905df87e629d7.jpg 397,210,433,244,1,0.361953 405,216,424,241,2,0.008000
