/home/dysjin/data/CARLA.v20-carla_v20.coco/valid/Town05_011820_png.rf.a721d4435d03a17b63243ff374e790d2.jpg 9,185,112,236,6,0.788423 0,192,67,228,6,0.061968 69,195,114,228,6,0.029828 306,182,322,194,6,0.011365 353,175,371,190,3,0.010972 254,179,273,190,3,0.010857 314,181,332,193,3,0.006293 314,186,332,199,6,0.004933 277,181,301,192,6,0.004610 2,205,14,232,6,0.003306 265,180,286,191,6,0.003075 2,195,14,225,6,0.003015 290,182,312,192,6,0.002786 325,178,345,192,3,0.002277 344,176,362,191,3,0.002274 4,186,31,231,6,0.001870 0,50,12,71,6,0.001406 229,189,247,203,0,0.001024 232,179,251,191,3,0.001014
/home/dysjin/data/CARLA.v20-carla_v20.coco/valid/Town05_005760_png.rf.a5aa9e8688171e7bfb57f36e4a648f69.jpg 309,187,328,204,6,0.801901 343,163,357,179,3,0.019481 257,176,272,190,3,0.006484 332,164,346,182,3,0.004632 243,178,263,191,3,0.003745 344,173,358,187,3,0.003167 353,163,369,180,3,0.002442 267,176,284,190,6,0.002146 298,174,336,202,6,0.001865 353,173,372,188,3,0.001850
/home/dysjin/data/CARLA.v20-carla_v20.coco/valid/075705_png.rf.9f5447b468e0280dc956a534954f8a5e.jpg 308,244,350,272,6,0.972879 170,243,262,304,6,0.930318 0,241,171,435,6,0.925032 237,235,265,277,6,0.161206 216,244,265,292,6,0.021933 13,49,115,309,6,0.013224 146,245,184,322,6,0.011386 165,249,222,290,6,0.003682 255,244,267,273,0,0.003452 280,239,300,254,6,0.002147 49,255,174,347,6,0.001092
/home/dysjin/data/CARLA.v20-carla_v20.coco/valid/Town02_006840_png.rf.a4a970c10202604d1dd8c41fe9097525.jpg 582,186,640,222,6,0.593386 108,192,174,222,6,0.308310 195,189,215,202,6,0.099228 0,193,15,247,6,0.087272 563,176,581,197,3,0.080778 0,195,13,226,6,0.057880 560,180,610,214,6,0.035038 344,187,356,208,1,0.029554 0,168,10,198,3,0.028121 1,187,26,230,6,0.024165 243,188,262,201,6,0.006932 391,192,455,218,6,0.006209 134,196,175,215,6,0.006118 343,193,356,217,0,0.005748 1,157,15,235,6,0.005315 214,189,240,202,6,0.005195 562,181,584,206,6,0.005106 0,215,12,245,6,0.004939 197,177,210,194,3,0.003332 497,186,548,211,6,0.002565 253,188,272,202,6,0.002497 232,189,250,202,6,0.002303 196,163,210,182,3,0.002135 265,189,285,203,6,0.001984 292,189,310,203,6,0.001716 190,190,242,206,6,0.001587 314,187,335,201,6,0.001570 181,189,208,204,6,0.001537 465,172,482,189,3,0.001512 439,174,457,191,3,0.001419 244,179,260,192,3,0.001417 347,188,372,202,6,0.001273 563,165,581,185,3,0.001252 303,188,321,202,6,0.001145 278,189,299,202,6,0.001093 113,188,145,208,6,0.001006 233,178,249,192,3,0.001002
/home/dysjin/data/CARLA.v20-carla_v20.coco/valid/Town02_002640_png.rf.ac6bee6a9e4c4b2a1e149670c97196c1.jpg 302,189,366,247,6,0.903216 392,174,410,191,3,0.545071 262,191,291,218,6,0.303605 280,172,381,273,6,0.003538 21,195,87,224,6,0.003066 273,188,300,210,6,0.002946 66,194,90,246,1,0.002825 0,204,10,234,6,0.002252 0,193,10,225,6,0.001525 333,187,367,250,1,0.001467 297,180,354,219,6,0.001366 0,185,10,253,0,0.001292 242,176,261,191,3,0.001260 67,183,90,240,2,0.001119
/home/dysjin/data/CARLA.v20-carla_v20.coco/valid/007096_png.rf.a26873f70f1467f54f0fd09ea8c1731b.jpg 540,168,620,254,5,0.662497 195,91,211,136,4,0.020749 555,311,597,388,5,0.003851 441,13,457,31,5,0.002949 537,331,582,408,5,0.001408 379,247,394,267,2,0.001227
/home/dysjin/data/CARLA.v20-carla_v20.coco/valid/041683_png.rf.abc13a183255cbb5f9aeca7d55d8b4c0.jpg 298,247,336,321,0,0.355757 75,227,134,257,6,0.006246 521,0,635,216,6,0.003392 168,229,188,288,0,0.001272 179,234,199,286,0,0.001044
/home/dysjin/data/CARLA.v20-carla_v20.coco/valid/041699_png.rf.a4a6f7fb7672ac47b317ec4fe3e21c97.jpg 297,247,334,320,0,0.407414 117,239,137,295,0,0.001436 155,238,173,298,0,0.001100
/home/dysjin/data/CARLA.v20-carla_v20.coco/valid/Town02_006480_png.rf.aec43468267a9993201d034f7031ee5c.jpg 345,174,360,190,3,0.230200 353,175,370,188,3,0.070957 352,165,370,182,3,0.010812 366,163,382,181,3,0.009498 335,175,351,189,3,0.006108 364,175,382,188,3,0.005388 376,164,396,182,3,0.003860 194,183,214,206,6,0.002879 334,164,351,182,3,0.002456 201,184,230,203,6,0.001930 377,174,395,189,3,0.001674 167,175,191,192,6,0.001071
/home/dysjin/data/CARLA.v20-carla_v20.coco/valid/Town02_003060_png.rf.b28380c7e6ad26a4ccdfda39d4db7f85.jpg 579,189,639,224,6,0.734300 527,191,573,221,6,0.060667 552,182,615,222,6,0.058678 1,181,11,217,6,0.011954 440,182,500,212,6,0.011135 528,185,548,207,6,0.004226 623,178,638,260,6,0.001876 367,183,428,213,6,0.001740 46,185,108,213,6,0.001619 0,176,30,217,6,0.001162 603,175,634,245,6,0.001039
/home/dysjin/data/CARLA.v20-carla_v20.coco/valid/Town01_009120_png.rf.b3886317404f3c307752dac4625c4b0e.jpg 307,194,331,214,6,0.495397 0,189,13,251,2,0.022616 1,201,12,238,6,0.019733 0,179,13,241,6,0.011925 0,206,60,236,6,0.010433 0,198,11,264,2,0.008263 319,191,381,219,6,0.008209 268,187,285,200,6,0.007690 539,194,557,218,6,0.005759 1,200,27,236,6,0.004147 297,191,317,208,6,0.003555 257,188,275,200,6,0.003491 30,209,56,231,6,0.002872 376,198,396,219,1,0.002132 279,188,300,201,6,0.002131 565,198,630,219,6,0.001796 467,196,532,220,6,0.001784 1,190,39,227,6,0.001528 242,188,263,202,6,0.001519 71,195,136,221,6,0.001327 369,198,430,218,6,0.001214 349,195,402,217,6,0.001142 536,192,582,220,6,0.001071
/home/dysjin/data/CARLA.v20-carla_v20.coco/valid/051305_png.rf.af3e2dc55ae45fc793f7f25eb6fdf7b4.jpg 426,207,467,244,3,0.825696 162,222,187,270,2,0.002445
/home/dysjin/data/CARLA.v20-carla_v20.coco/valid/007291_png.rf.b33e9d647d42777054dfb5f46d23bbad.jpg 382,222,402,240,3,0.896520 128,230,180,259,6,0.004629 196,226,224,340,0,0.003018 116,12,209,299,6,0.002131 368,223,394,242,3,0.001548
/home/dysjin/data/CARLA.v20-carla_v20.coco/valid/Town05_005820_png.rf.abc3e70595852b4f2320e8b55c805a27.jpg 303,192,340,221,6,0.818036 630,243,640,270,6,0.001447 342,164,357,179,3,0.001023
/home/dysjin/data/CARLA.v20-carla_v20.coco/valid/Town05_006960_png.rf.9d31f2ffd8a1d723122d28555c0e3321.jpg 283,184,294,213,0,0.138954 371,171,428,200,6,0.002443 610,216,640,379,6,0.001765 611,191,639,365,0,0.001312
/home/dysjin/data/CARLA.v20-carla_v20.coco/valid/Town02_009720_png.rf.b20474373a38fe973889a895d5aba03e.jpg 294,195,340,253,6,0.407421 269,189,280,211,1,0.135867 262,190,278,208,6,0.018682 329,176,346,192,3,0.001018
/home/dysjin/data/CARLA.v20-carla_v20.coco/valid/Town01_002220_png.rf.9b6e376c042a4b43cdf2a33f00250d62.jpg 199,202,437,365,6,0.875449 24,211,197,358,6,0.035391 204,244,447,380,6,0.011407 1,183,12,207,6,0.003401 0,195,11,220,6,0.003161 273,181,329,208,6,0.002681 277,188,300,207,6,0.001463 195,0,446,380,6,0.001214 253,176,270,192,3,0.001150 0,208,10,231,6,0.001144 181,188,197,205,0,0.001083
/home/dysjin/data/CARLA.v20-carla_v20.coco/valid/Town01_003900_png.rf.b43a572a2d61a01bb389880cf86179de.jpg 200,200,442,371,6,0.809929 402,171,422,226,1,0.134997 24,210,193,361,6,0.037541 282,180,341,206,6,0.029504 1,181,11,214,6,0.024901 2,192,11,220,6,0.015950 170,184,236,207,6,0.006532 338,188,359,207,6,0.006453 0,173,13,238,6,0.003688 1,173,27,218,6,0.003677 0,171,66,201,6,0.002442 23,169,86,199,6,0.001806 1,150,14,222,6,0.001751 203,0,439,380,6,0.001431 626,156,639,233,6,0.001305 221,183,284,206,6,0.001255 0,172,12,203,6,0.001244 341,197,358,216,6,0.001065 216,189,234,208,0,0.001011
/home/dysjin/data/CARLA.v20-carla_v20.coco/valid/029067_png.rf.b686edaf28a0971571945f7b069613d5.jpg 543,216,581,351,2,0.973762 393,232,405,261,2,0.010298 1,248,57,275,6,0.004714 1,243,12,274,6,0.004384
/home/dysjin/data/CARLA.v20-carla_v20.coco/valid/Town02_004200_png.rf.b4d2f32e1287253b4f35bf521927be39.jpg 268,187,293,210,6,0.842035 1,193,14,219,6,0.057727 2,185,15,213,6,0.042131 367,188,389,204,6,0.021043 289,187,309,200,6,0.011738 4,195,24,215,6,0.008786 304,187,322,199,6,0.006204 378,195,396,213,6,0.003985 341,178,358,194,3,0.002753 355,177,372,194,3,0.002282 366,173,385,193,3,0.002187 341,187,359,201,3,0.002140 329,187,350,201,6,0.001891 387,197,410,213,6,0.001462 432,192,488,227,6,0.001395 6,185,23,209,6,0.001346 377,160,393,181,3,0.001220 0,204,12,230,6,0.001125 353,187,374,201,3,0.001071 0,151,14,220,6,0.001011
/home/dysjin/data/CARLA.v20-carla_v20.coco/valid/Town02_002100_png.rf.b49da10e2c41ab65d4c132e46f15d3e3.jpg 299,192,335,295,1,0.848533 1,187,13,212,6,0.552901 273,185,288,202,6,0.269000 3,186,24,206,6,0.045219 0,186,59,208,6,0.011647 110,173,127,191,3,0.007297 60,181,120,206,6,0.005238 309,189,323,206,6,0.003886 0,155,16,220,6,0.003842 2,174,13,203,6,0.003824 118,175,136,191,3,0.003463 317,187,332,205,6,0.002693 257,186,281,200,6,0.002052 141,187,164,204,6,0.001846 278,177,295,196,3,0.001799 162,185,218,207,6,0.001578 291,187,313,202,6,0.001556
/home/dysjin/data/CARLA.v20-carla_v20.coco/valid/003752_png.rf.bb0716bc5b93fa8b10f41577e20a2f35.jpg 399,217,423,240,4,0.873472 306,237,324,253,6,0.008140
/home/dysjin/data/CARLA.v20-carla_v20.coco/valid/138327_png.rf.b4aecc174d58e25a6e680c2468864172.jpg 14,232,43,302,2,0.524828 0,225,19,313,2,0.010392 15,225,41,279,2,0.001068
/home/dysjin/data/CARLA.v20-carla_v20.coco/valid/Town05_009600_png.rf.b886b3525f44da0ae66796230d91b958.jpg 104,189,223,237,6,0.785482 463,187,505,215,6,0.738394 375,183,419,211,6,0.730658 585,182,636,209,6,0.514757 162,189,223,228,6,0.230944 628,191,639,220,6,0.025371 549,181,599,206,6,0.025361 527,180,546,196,6,0.021002 97,204,146,233,6,0.014515 558,142,637,213,6,0.009291 557,46,640,254,6,0.005868 368,180,394,209,6,0.005474 549,178,573,196,6,0.002410 535,185,556,202,6,0.001980 626,155,640,218,6,0.001948 292,190,308,205,0,0.001895 294,197,308,218,0,0.001658 303,188,320,205,0,0.001422
/home/dysjin/data/CARLA.v20-carla_v20.coco/valid/Town01_002340_png.rf.b8976b6d8f366e29aeb47fb3b3146b33.jpg 198,202,437,366,6,0.869321 24,211,196,358,6,0.036364 204,243,448,380,6,0.011822 273,181,328,208,6,0.007184 277,188,297,210,0,0.006124 0,195,11,220,6,0.002767 1,183,12,207,6,0.002564 197,0,445,380,6,0.001175 181,188,197,205,0,0.001059
/home/dysjin/data/CARLA.v20-carla_v20.coco/valid/Town05_009780_png.rf.c3069a0d7ec82f2e1960c0497cec36fe.jpg 285,196,350,260,6,0.755596 157,188,172,204,0,0.015337 241,186,262,200,6,0.012209 252,187,272,200,6,0.005941 150,190,166,204,6,0.005142 167,189,184,204,0,0.002738 373,185,398,200,6,0.002157 157,196,172,213,0,0.001738 187,173,242,199,6,0.001571 230,180,250,196,3,0.001559 231,186,249,202,6,0.001547 368,184,382,203,2,0.001425
/home/dysjin/data/CARLA.v20-carla_v20.coco/valid/Town05_002700_png.rf.b9dfa75f628efa31633800bb9dfee796.jpg 362,179,391,196,6,0.354117 342,179,357,193,0,0.012087 0,162,13,227,6,0.008983 375,185,393,199,6,0.006054 356,183,372,201,0,0.004423 0,145,11,226,2,0.003403 332,178,352,192,6,0.001826 253,189,270,206,0,0.001244 244,188,260,206,0,0.001205 414,175,434,191,6,0.001085 293,176,314,192,6,0.001036
/home/dysjin/data/CARLA.v20-carla_v20.coco/valid/005173_png.rf.c24ac196d86260d3a384e12093bfa5ef.jpg 477,187,531,251,5,0.388654 477,198,507,240,5,0.006663 477,283,518,363,5,0.001599 480,362,534,429,6,0.001471 482,336,526,411,5,0.001193 466,202,492,244,5,0.001052
/home/dysjin/data/CARLA.v20-carla_v20.coco/valid/Town01_005820_png.rf.c9053a957ff7561268673aaec9e095f0.jpg 298,188,338,323,1,0.864251 0,204,11,234,6,0.015267 178,203,204,219,6,0.007175 179,210,200,224,6,0.005370 0,175,12,246,6,0.004596 429,110,528,190,6,0.003529 553,153,587,188,0,0.002785 0,217,11,242,6,0.001734 390,191,437,221,6,0.001696 414,173,431,192,3,0.001501 399,192,447,221,1,0.001264 621,144,640,199,0,0.001170 549,141,597,181,6,0.001158 389,59,543,220,6,0.001070 607,150,634,193,0,0.001009
/home/dysjin/data/CARLA.v20-carla_v20.coco/valid/Town01_011580_png.rf.c8aa9ea674a7d69974d55bf63b55ddbf.jpg 264,190,292,209,6,0.912248 582,189,640,221,6,0.854250 553,175,568,195,3,0.080609 630,195,640,226,6,0.019430 309,187,326,199,6,0.014450 461,201,508,244,1,0.010507 580,167,640,208,6,0.005951 553,183,570,206,6,0.005744 316,180,332,195,6,0.005522 561,175,578,195,3,0.005133 468,198,523,243,6,0.004616 168,196,184,216,2,0.003998 560,182,610,214,6,0.003451 543,176,562,191,3,0.003130 561,183,582,207,6,0.002640 241,190,266,204,6,0.001926 626,159,639,235,6,0.001793 55,199,77,220,6,0.001637 573,193,597,217,6,0.001479 291,189,308,203,6,0.001445 553,166,566,184,3,0.001390 2,182,61,210,6,0.001215 628,183,640,277,2,0.001119 0,182,11,212,0,0.001089 44,195,90,225,6,0.001022
/home/dysjin/data/CARLA.v20-carla_v20.coco/valid/Town01_007440_png.rf.bed11eeb1dde416bf8789b24a8a5c0f8.jpg 550,172,637,228,6,0.888309 264,194,274,213,0,0.200614 530,178,559,218,6,0.133461 266,191,280,207,6,0.133422 295,187,313,200,6,0.014907 525,177,548,200,6,0.011564 365,183,411,208,6,0.008100 275,189,298,201,6,0.004806 530,192,547,220,0,0.004312 0,218,11,243,6,0.003832 304,180,320,194,6,0.003724 529,189,589,225,6,0.003290 497,180,555,210,6,0.002639 509,176,541,193,6,0.001906 154,212,174,229,6,0.001789 206,202,223,216,6,0.001762 216,201,235,215,6,0.001669 0,189,12,252,6,0.001641 537,142,640,258,6,0.001554 179,210,201,226,6,0.001271
/home/dysjin/data/CARLA.v20-carla_v20.coco/valid/Town05_011760_png.rf.c548e0a947d80bc036151e4db99afcfa.jpg 2,200,188,348,6,0.927640 312,183,324,202,0,0.275599 7,171,30,337,6,0.012527 6,188,33,365,6,0.009065 314,182,330,196,3,0.004746 352,176,370,191,3,0.004345 1,245,121,341,6,0.004237 307,176,327,209,0,0.003504 5,157,28,307,6,0.002550 94,208,208,306,6,0.002214 254,180,273,194,6,0.002094 1,0,83,259,6,0.002050 292,182,315,193,6,0.001994 343,177,360,192,3,0.001848 276,180,300,192,6,0.001830 263,180,288,193,6,0.001717 162,213,474,380,6,0.001493 253,231,358,299,6,0.001180 38,29,217,175,6,0.001046 255,187,272,202,0,0.001020
/home/dysjin/data/CARLA.v20-carla_v20.coco/valid/075708_png.rf.c1818fa586a2b613b2806f928a933d9d.jpg 307,243,350,271,6,0.965986 171,242,261,304,6,0.940713 0,233,167,434,6,0.914601 237,235,265,277,6,0.198282 216,244,265,292,6,0.016098 12,52,116,302,6,0.007252 148,243,185,323,6,0.004760 95,141,142,176,1,0.002895 0,280,90,462,6,0.002675 145,256,182,343,1,0.002665 163,249,224,290,6,0.002461 255,244,268,272,0,0.001651 281,239,300,254,6,0.001064
/home/dysjin/data/CARLA.v20-carla_v20.coco/valid/Town05_009900_png.rf.c90bd5781f975f44de47fd794a1f9ac6.jpg 354,192,429,253,6,0.931192 330,184,344,202,0,0.032920 571,0,639,224,6,0.016863 403,177,420,194,3,0.004542 323,187,339,202,6,0.004033 338,169,452,280,6,0.002951 338,186,354,204,1,0.002437 0,180,9,213,6,0.002297 466,211,640,368,6,0.001917 330,180,345,198,3,0.001503 582,12,631,143,6,0.001393 318,179,338,196,6,0.001225 431,53,598,215,6,0.001200 231,177,247,192,3,0.001019
/home/dysjin/data/CARLA.v20-carla_v20.coco/valid/Town05_009660_png.rf.cc2e0d6a11c64dbe092a6e9321c6a170.jpg 235,199,403,344,6,0.889890 410,187,468,214,6,0.780314 209,185,227,202,6,0.176154 624,181,638,206,6,0.029999 344,183,356,207,0,0.017847 378,177,393,195,0,0.012051 238,179,269,195,6,0.004216 215,181,234,197,6,0.003200 349,178,373,193,6,0.002875 368,176,385,192,0,0.002864 610,170,636,203,6,0.002474 625,174,639,240,6,0.002169 24,226,244,346,6,0.002165 92,195,235,311,6,0.002055 562,175,631,199,6,0.001752 523,185,544,234,0,0.001711 227,187,250,203,6,0.001500 256,184,274,200,6,0.001494 510,186,531,232,0,0.001147 265,180,282,194,6,0.001107 341,181,359,236,0,0.001101
/home/dysjin/data/CARLA.v20-carla_v20.coco/valid/003769_png.rf.c5c0c17fa97551316c57744e9608f796.jpg 493,193,555,243,4,0.415147 306,237,324,255,6,0.010299 491,186,516,241,4,0.001653 281,232,327,254,6,0.001209
/home/dysjin/data/CARLA.v20-carla_v20.coco/valid/121197_png.rf.c99e70822c663f40252f74e6b2ad5094.jpg 240,254,402,395,6,0.961332 24,262,249,406,6,0.004040 487,238,534,275,6,0.003601 395,233,450,257,6,0.003034 314,237,331,257,0,0.002330 307,235,324,257,1,0.001401
/home/dysjin/data/CARLA.v20-carla_v20.coco/valid/004966_png.rf.c9d8d72d0920460b612251c5fddc5770.jpg 426,203,468,242,4,0.908108 376,232,445,260,6,0.002738 167,243,494,480,6,0.002180 575,232,640,261,6,0.001340 433,215,468,229,4,0.001091
/home/dysjin/data/CARLA.v20-carla_v20.coco/valid/Town01_006240_png.rf.cc5628eb556a5a5bd1824a8d19313b41.jpg 317,193,326,219,1,0.476826 0,189,14,252,2,0.216576 316,190,327,213,0,0.119829 297,186,315,199,6,0.045917 2,193,27,244,2,0.016050 625,183,640,260,6,0.009108 303,181,320,196,6,0.007869 353,177,373,192,3,0.006963 0,197,39,240,6,0.006407 0,212,13,246,6,0.005351 606,194,639,247,6,0.003729 363,177,384,193,3,0.002648 280,187,302,201,6,0.002581 17,196,42,239,2,0.002254 314,180,329,197,3,0.002229 628,216,640,249,6,0.001100
/home/dysjin/data/CARLA.v20-carla_v20.coco/valid/001638_png.rf.c98e4c5bc2a68de358073a26469c81b2.jpg 421,208,458,240,3,0.863293 39,233,94,260,6,0.003810 453,196,640,480,6,0.003006 154,225,174,244,3,0.001723 626,216,639,299,6,0.001208
/home/dysjin/data/CARLA.v20-carla_v20.coco/valid/051274_png.rf.d5f64278c64b556983082379a316485f.jpg 555,168,637,251,4,0.617444 560,174,631,257,3,0.099994
/home/dysjin/data/CARLA.v20-carla_v20.coco/valid/Town01_001440_png.rf.e4b4351effd31d5b433710cffb8243e4.jpg 384,177,402,192,3,0.950584 343,177,357,191,3,0.033751 0,186,16,253,2,0.018626 390,168,404,187,3,0.012078 372,178,391,189,3,0.011330 0,177,15,241,2,0.010645 332,177,349,190,3,0.009991 230,176,248,193,3,0.006716 291,176,310,190,3,0.006363 303,176,320,190,3,0.006354 267,177,284,190,3,0.005383 440,166,471,281,2,0.003280 257,176,274,190,3,0.003230 304,187,322,201,6,0.002646 0,193,14,226,6,0.002390 316,176,335,188,3,0.002036 351,178,372,191,3,0.001587 0,163,14,230,6,0.001490 3,181,28,235,2,0.001367 420,163,450,283,2,0.001323 107,196,175,222,6,0.001293 278,176,299,189,3,0.001289 0,194,13,266,2,0.001097 315,187,335,200,6,0.001096 0,179,43,213,6,0.001075 398,179,418,192,3,0.001051 392,152,410,173,3,0.001027
/home/dysjin/data/CARLA.v20-carla_v20.coco/valid/019121_png.rf.deb86464dd224ac85f75272f851fc0a8.jpg 503,238,565,259,6,0.640747 544,236,574,258,6,0.044731 499,242,529,258,6,0.033966 392,243,410,292,2,0.031983 527,241,591,270,6,0.003393 396,218,424,324,2,0.001834 195,232,208,261,2,0.001692 414,221,445,323,2,0.001159
/home/dysjin/data/CARLA.v20-carla_v20.coco/valid/041811_png.rf.e8d4c17844854d24f9b2bec66a8a8889.jpg 48,224,67,244,4,0.746242 0,238,15,300,2,0.174586 4,211,26,255,4,0.015425 0,245,13,278,6,0.008704 412,197,462,225,6,0.007878 1,201,18,267,6,0.006568 0,237,12,321,2,0.005546 0,215,16,282,6,0.004905 258,211,273,232,4,0.004219 247,213,264,232,4,0.004057 0,207,29,307,0,0.003644 40,224,58,242,4,0.002768 50,232,67,249,3,0.002678 2,235,15,263,6,0.002644 4,218,49,249,4,0.001920 247,222,262,240,4,0.001821 400,175,425,214,4,0.001627 3,221,25,270,2,0.001603 233,212,249,232,4,0.001245 306,214,324,233,4,0.001202 18,223,40,240,4,0.001186 367,213,383,230,4,0.001018
/home/dysjin/data/CARLA.v20-carla_v20.coco/valid/041657_png.rf.e06a4a0ae870ee5d8dbe97fc65b5b666.jpg 300,244,335,321,0,0.260444 516,233,576,261,6,0.002998 578,232,638,265,6,0.001204 435,233,485,261,6,0.001101
/home/dysjin/data/CARLA.v20-carla_v20.coco/valid/001519_png.rf.e42bb854e84b40164ed2795569b2eb6f.jpg 573,222,590,243,3,0.712078 531,236,587,261,6,0.014009 605,230,640,260,6,0.012813 565,232,585,251,3,0.005413 582,221,604,244,3,0.004730 624,215,639,273,6,0.002436 414,226,432,243,3,0.002150 601,223,620,249,6,0.001982 493,222,519,334,2,0.001628 403,224,423,241,3,0.001318 500,227,519,242,3,0.001269
/home/dysjin/data/CARLA.v20-carla_v20.coco/valid/Town02_005280_png.rf.ec981f5d8aec80a53ec1f9961c2321af.jpg 45,194,114,221,6,0.876254 161,195,210,273,1,0.697931 69,196,139,225,6,0.430350 2,195,11,219,6,0.150518 2,186,13,214,6,0.039619 175,192,206,260,0,0.016633 0,181,14,232,6,0.013307 33,197,82,222,6,0.009090 369,177,384,194,3,0.004115 315,187,331,206,0,0.003536 577,172,593,194,3,0.002315 367,197,380,218,0,0.002009 292,185,315,200,6,0.001991 0,186,63,212,6,0.001959 578,184,593,206,3,0.001694 313,186,366,208,6,0.001368 0,205,11,228,6,0.001313 306,185,323,202,6,0.001208 628,172,640,246,6,0.001117
/home/dysjin/data/CARLA.v20-carla_v20.coco/valid/001509_png.rf.ed3baed466e7f65c1a01fb57bf942b65.jpg 573,222,590,243,3,0.559539 569,216,584,235,3,0.018298 531,236,588,261,6,0.012634 605,230,640,260,6,0.009253 583,221,604,243,3,0.006657 564,233,585,252,3,0.003414 624,215,639,274,6,0.002985 494,222,519,336,2,0.002576 414,226,432,243,3,0.001906 601,223,619,248,6,0.001819 533,238,562,255,6,0.001575
/home/dysjin/data/CARLA.v20-carla_v20.coco/valid/033890_png.rf.e368755037cdc345b45b625d64db27a1.jpg 591,219,628,329,2,0.966695 247,237,407,376,6,0.949294 569,216,611,325,2,0.007072 79,237,104,284,2,0.005608 136,233,194,257,6,0.005148 620,235,640,326,2,0.003889 609,225,631,300,2,0.003809 623,213,640,281,2,0.002882 0,244,11,272,6,0.001478 0,255,11,285,6,0.001412 124,234,139,257,2,0.001241 0,237,12,302,2,0.001172 126,122,321,263,6,0.001110
/home/dysjin/data/CARLA.v20-carla_v20.coco/valid/075724_png.rf.e0c3e9a2b7f318c71e76ccdcb0dda6a1.jpg 0,246,74,447,6,0.912706 292,244,332,270,6,0.889421 57,241,214,356,6,0.655984 193,241,243,285,6,0.481326 0,271,74,480,6,0.246132 0,49,88,309,6,0.012156 270,239,290,253,6,0.011260 587,232,634,260,6,0.006845 118,233,237,319,6,0.006602 284,239,300,257,6,0.002900 71,130,115,165,1,0.002847 215,255,244,280,6,0.002698 0,254,150,384,6,0.002392 626,231,640,310,2,0.001911 0,205,50,418,6,0.001838 224,240,247,284,1,0.001459 74,77,111,190,0,0.001349 265,246,290,262,6,0.001045
/home/dysjin/data/CARLA.v20-carla_v20.coco/valid/112477_png.rf.ecf5d82849f8b68362ce65c8d2645a1c.jpg 333,236,364,298,2,0.643975 585,236,639,259,6,0.005682 418,216,448,340,2,0.003029 439,215,471,344,2,0.001573
/home/dysjin/data/CARLA.v20-carla_v20.coco/valid/Town02_001980_png.rf.ee7206fcf98c96c61f2900b25e79ce20.jpg 300,190,336,320,1,0.926841 0,188,60,224,6,0.532907 161,191,177,219,1,0.368069 1,181,13,212,6,0.008129 108,174,126,192,3,0.006262 150,184,187,216,1,0.005485 31,193,76,218,6,0.004965 42,196,69,216,1,0.004959 164,188,185,212,6,0.004174 47,173,68,194,3,0.003780 118,175,136,192,3,0.003627 162,185,216,208,6,0.002917 3,180,30,219,6,0.002641 56,182,127,207,6,0.002517 42,177,71,218,2,0.002087 117,185,168,208,6,0.002010 1,187,15,222,6,0.001514 157,190,175,242,0,0.001292
/home/dysjin/data/CARLA.v20-carla_v20.coco/valid/026829_png.rf.e6f26e62f316568466a95ba7fd18d850.jpg 374,221,393,240,3,0.935155 0,228,17,289,2,0.051597 358,226,378,241,3,0.009267 630,268,640,298,6,0.008554 0,214,15,283,6,0.007003 0,217,26,320,2,0.006161 628,232,639,312,2,0.004594 0,242,15,276,6,0.004276 0,251,14,286,2,0.003259 256,171,301,233,3,0.001754 0,236,41,279,6,0.001455 24,227,86,265,6,0.001347 2,219,28,279,2,0.001130 236,167,280,232,3,0.001102 283,171,327,233,3,0.001043
/home/dysjin/data/CARLA.v20-carla_v20.coco/valid/007076_png.rf.d635d979c35f5dd6da756ef9889aef0b.jpg 395,218,420,241,5,0.582281
/home/dysjin/data/CARLA.v20-carla_v20.coco/valid/112475_png.rf.df928fa484eb08e1454caacc1e194352.jpg 331,236,359,298,2,0.714813 419,212,448,342,2,0.003858 585,236,639,259,6,0.003248 439,214,471,344,2,0.001633
/home/dysjin/data/CARLA.v20-carla_v20.coco/valid/Town02_006960_png.rf.eedfb90c1deb0d66a31341acd2e08f4f.jpg 148,165,168,182,3,0.868398 578,182,636,240,6,0.440646 0,177,30,212,6,0.221502 1,159,18,217,6,0.031826 175,175,204,192,6,0.022697 488,0,581,77,6,0.008498 1,190,17,217,6,0.005168 79,175,106,189,6,0.002963 154,169,173,190,6,0.001870 189,176,216,191,6,0.001475 561,144,640,268,6,0.001376 1,161,13,186,6,0.001367 262,176,316,214,6,0.001109 242,187,308,231,6,0.001073
/home/dysjin/data/CARLA.v20-carla_v20.coco/valid/Town05_010860_png.rf.f31c0584fff1474ad2b0f4132e874f7d.jpg 303,180,334,255,0,0.365883 0,180,60,218,6,0.241622 2,194,14,220,6,0.020988 314,201,328,223,0,0.003706 2,164,17,231,6,0.002862 1,204,12,231,6,0.002689 244,186,260,204,0,0.001319 309,189,328,215,0,0.001177 0,185,12,249,0,0.001150 2,186,33,223,6,0.001071
/home/dysjin/data/CARLA.v20-carla_v20.coco/valid/Town05_004800_png.rf.ee7c080c8716cb366969ca625bb6d68b.jpg 240,183,270,206,6,0.730286 214,184,241,204,6,0.291109 346,179,362,204,1,0.014089 183,185,201,202,6,0.009576 144,166,160,184,3,0.004875 180,178,200,195,3,0.004174 0,180,11,209,6,0.003561 468,225,640,370,6,0.003532 226,180,258,205,6,0.002917 393,174,407,194,3,0.002308 191,184,213,203,6,0.002283 190,178,213,195,3,0.001787 351,177,369,198,6,0.001313 204,179,232,198,6,0.001248 141,172,165,190,3,0.001147 0,171,13,199,6,0.001120
/home/dysjin/data/CARLA.v20-carla_v20.coco/valid/Town05_009840_png.rf.f5040ce45ecca2822cb3b1b4ea8a6f61.jpg 296,193,369,252,6,0.954552 207,187,224,206,0,0.002379 0,193,10,222,6,0.001358 217,188,232,205,0,0.001247
/home/dysjin/data/CARLA.v20-carla_v20.coco/valid/041861_png.rf.f5f3812ca6c536c5c25bea3d596be111.jpg 301,243,324,292,0,0.747677 112,240,250,307,6,0.727068 399,206,430,238,4,0.530934 398,212,427,244,3,0.030170 90,263,190,319,6,0.027030 306,255,318,279,0,0.024956 355,219,367,243,4,0.022738 348,222,364,241,3,0.004730 351,214,370,249,2,0.001772 68,252,262,391,6,0.001671 383,210,399,229,4,0.001566 179,231,235,295,6,0.001361
/home/dysjin/data/CARLA.v20-carla_v20.coco/valid/Town02_003120_png.rf.f36fecf8d2ee4965c1f3bddaaaad5f33.jpg 415,189,489,223,6,0.774742 609,180,637,216,6,0.158146 557,182,610,212,6,0.075470 2,181,11,217,6,0.028314 624,181,639,254,6,0.023075 0,178,29,216,6,0.003901 45,185,109,214,6,0.003047 582,193,640,218,6,0.002900 361,183,410,212,6,0.001655 603,199,640,238,6,0.001135 133,185,195,214,6,0.001077
/home/dysjin/data/CARLA.v20-carla_v20.coco/valid/003755_png.rf.f6343810071c5f5401b5697ef363285d.jpg 408,214,433,243,4,0.903317 307,237,324,253,6,0.014616
/home/dysjin/data/CARLA.v20-carla_v20.coco/valid/Town01_003300_png.rf.fae28071a74fa02928094ff14cdbb3aa.jpg 273,203,363,277,6,0.887945 278,191,302,209,6,0.012226 158,185,218,212,6,0.008979 630,207,640,236,6,0.003861 508,180,560,214,6,0.003813 85,195,101,215,1,0.002181 56,186,108,209,6,0.001366 391,171,419,279,2,0.001190 85,186,102,210,2,0.001073
/home/dysjin/data/CARLA.v20-carla_v20.coco/valid/138255_png.rf.fbf65e3e930393318a8312fdaefcae24.jpg 53,234,81,291,2,0.724404 195,238,209,258,2,0.001418 194,246,208,266,2,0.001125
/home/dysjin/data/CARLA.v20-carla_v20.coco/valid/005373_png.rf.f68e0e113c5193c933cbee38c6a6bc2d.jpg 148,239,163,270,2,0.738664 156,239,171,270,2,0.533057 140,240,153,270,2,0.135824 0,224,12,296,2,0.068902 167,242,180,274,2,0.025511 1,250,11,289,2,0.025491 374,235,445,261,6,0.007702 108,235,156,261,6,0.003626 305,226,323,241,3,0.001872 1,246,26,291,2,0.001718
/home/dysjin/data/CARLA.v20-carla_v20.coco/valid/001630_png.rf.ff5ced110f03f998a7a6998ddf647fd2.jpg 407,210,438,239,3,0.630329 54,233,108,259,6,0.001169
/home/dysjin/data/CARLA.v20-carla_v20.coco/valid/006662_png.rf.fa42143249c7b6a780238796639341d3.jpg 466,226,495,314,2,0.818421 450,215,482,311,2,0.006667 416,221,449,323,2,0.001029
/home/dysjin/data/CARLA.v20-carla_v20.coco/valid/Town05_004860_png.rf.f5c138159cbce172c63fa9a736f9c655.jpg 240,183,270,205,6,0.682449 214,183,241,204,6,0.231876 346,179,362,204,1,0.017634 183,185,201,203,6,0.007069 226,180,257,206,6,0.003594 469,225,640,370,6,0.003101 144,167,160,184,3,0.003099 0,179,12,209,6,0.002895 180,178,200,195,3,0.002629 393,173,407,193,3,0.002293 192,184,213,204,6,0.002010 134,175,155,192,3,0.001826 191,178,213,195,3,0.001680 134,186,150,204,0,0.001605 204,178,232,198,6,0.001354 0,171,14,199,6,0.001279
/home/dysjin/data/CARLA.v20-carla_v20.coco/valid/Town01_008460_png.rf.03f3160d63f090b29499596ec3c8c4b5.jpg 33,197,146,254,6,0.894216 576,192,640,223,6,0.517455 534,193,587,223,6,0.063731 539,193,561,219,6,0.021946 0,197,91,264,6,0.012971 629,172,640,197,6,0.010468 423,196,481,219,6,0.005765 629,193,640,222,6,0.005476 241,199,256,218,0,0.003554 515,172,530,191,3,0.003487 538,191,635,241,6,0.003287 0,216,161,333,6,0.002437 551,186,617,215,6,0.002411 556,169,639,328,6,0.002057 2,178,31,277,2,0.001504 231,198,248,261,0,0.001482 304,199,320,217,0,0.001308 514,185,563,212,6,0.001054
/home/dysjin/data/CARLA.v20-carla_v20.coco/valid/005508_png.rf.0ab3da1b4970047c9b42e5bbe5d4e6f1.jpg 30,232,59,287,2,0.891854 94,232,121,316,2,0.584215 466,241,527,284,6,0.027387 76,220,113,304,2,0.010881 39,225,72,308,2,0.003405 51,232,107,263,6,0.002993 38,248,53,275,2,0.001221 131,240,199,269,6,0.001198
/home/dysjin/data/CARLA.v20-carla_v20.coco/valid/Town01_006180_png.rf.089d25ecaf49fe28c7f3bf0c3614732b.jpg 311,191,325,216,1,0.456726 315,190,327,212,0,0.079789 0,218,13,244,6,0.046811 355,176,372,191,3,0.034137 0,209,13,237,6,0.019454 401,177,420,192,3,0.018646 363,176,383,192,3,0.010730 555,0,640,187,6,0.007774 403,185,422,200,3,0.007722 389,175,414,191,3,0.004165 4,219,27,239,6,0.002488 306,181,323,198,6,0.002262 402,189,467,223,6,0.001922 299,189,316,204,6,0.001701 314,180,330,197,3,0.001364 0,193,63,228,6,0.001190 373,174,401,190,3,0.001105 38,205,94,233,6,0.001014
/home/dysjin/data/CARLA.v20-carla_v20.coco/valid/Town02_008340_png.rf.044a76656e2e2fe428cd425926d9acbe.jpg 547,191,620,223,6,0.858688 158,198,243,244,6,0.687523 521,188,574,223,6,0.041512 269,186,289,199,6,0.027585 279,186,298,200,6,0.017904 291,187,310,199,6,0.013930 302,187,323,200,6,0.002139 259,178,277,197,6,0.001935 482,182,536,212,6,0.001874 627,181,640,210,6,0.001682 158,176,175,190,3,0.001098 572,182,640,219,6,0.001032
/home/dysjin/data/CARLA.v20-carla_v20.coco/valid/075710_png.rf.0b62bb94157d1f2113ac6bbefe158022.jpg 307,243,349,271,6,0.964320 171,242,261,303,6,0.941237 0,233,171,434,6,0.918436 236,235,265,278,6,0.199077 217,244,265,292,6,0.035305 12,52,116,303,6,0.007683 148,243,186,323,6,0.004185 166,245,214,309,6,0.003496 145,256,183,342,1,0.002163 281,239,301,253,6,0.001149
/home/dysjin/data/CARLA.v20-carla_v20.coco/valid/041689_png.rf.0d648fbd58416a80b414e4503d51c42e.jpg 298,246,334,321,0,0.133760 168,232,187,289,0,0.002807 526,0,637,222,6,0.001877
/home/dysjin/data/CARLA.v20-carla_v20.coco/valid/003751_png.rf.0ff9ef7c8c8e4f5eab52437609a3b501.jpg 396,216,420,242,4,0.847070 307,235,323,254,1,0.016895 304,233,323,278,0,0.001221
/home/dysjin/data/CARLA.v20-carla_v20.coco/valid/Town02_008820_png.rf.135414697b8215dc125af6b125d3058c.jpg 280,204,364,349,6,0.935649 512,182,557,213,6,0.568353 141,174,162,193,3,0.212110 391,184,434,210,6,0.168483 551,180,617,218,6,0.160658 155,185,204,207,6,0.052178 1,206,11,236,6,0.010662 1,170,13,248,6,0.010169 501,175,520,193,3,0.008446 0,161,13,232,6,0.006694 220,190,234,206,6,0.005221 227,188,249,201,6,0.004116 479,185,543,208,6,0.003927 441,182,504,209,6,0.002942 255,188,274,202,6,0.002321 133,195,148,219,1,0.002261 501,163,519,184,3,0.002018 0,216,11,243,6,0.001852 381,185,399,204,6,0.001672 314,188,335,201,6,0.001626 339,187,360,201,6,0.001581 387,177,413,196,3,0.001573 303,188,322,202,6,0.001295 191,189,214,203,6,0.001242 1,181,27,234,6,0.001241 266,188,283,203,6,0.001199 610,0,640,94,6,0.001133 132,187,153,226,2,0.001092 207,189,227,203,6,0.001076 219,196,234,215,1,0.001069 410,176,434,193,3,0.001069
/home/dysjin/data/CARLA.v20-carla_v20.coco/valid/006664_png.rf.1466f666c872e94bac27eba56bbdfb5b.jpg 483,229,516,323,2,0.881417 416,219,447,328,2,0.002651 499,232,537,319,2,0.002495 441,225,479,323,2,0.001874 0,237,162,343,6,0.001261
/home/dysjin/data/CARLA.v20-carla_v20.coco/valid/014570_png.rf.1235b2ca71c181a49fda1bb53eaa19cd.jpg 432,233,455,286,2,0.969571 62,237,126,265,6,0.919164 300,241,333,261,6,0.588026 0,239,12,300,2,0.038757 0,228,13,291,2,0.037129 0,251,11,288,6,0.032246 38,236,102,258,6,0.005638 540,234,572,327,2,0.003114 0,210,11,286,2,0.001661 19,232,51,321,2,0.001521 0,245,11,314,2,0.001252 0,221,29,331,2,0.001200 2,234,26,283,2,0.001181 50,242,132,297,6,0.001082
/home/dysjin/data/CARLA.v20-carla_v20.coco/valid/112550_png.rf.1ca2fa82e03653536df85cf5faf5753c.jpg 522,227,547,292,2,0.447559 584,235,639,258,6,0.005727 518,214,546,366,2,0.004933 416,210,446,342,2,0.004219 437,218,472,338,2,0.001110
/home/dysjin/data/CARLA.v20-carla_v20.coco/valid/Town02_000780_png.rf.16d5987bcdc7d08470c1b3e757e128e5.jpg 306,188,341,321,1,0.895135 279,185,303,202,6,0.665200 47,183,116,214,6,0.643463 29,187,84,213,6,0.021003 356,174,374,190,3,0.018971 167,179,238,210,6,0.003140 289,179,310,196,6,0.002695 364,165,380,184,3,0.002634 366,185,386,202,6,0.002469 0,191,10,223,6,0.002107 0,181,11,212,6,0.001834 26,190,114,245,6,0.001572 628,184,640,207,6,0.001426 0,205,11,232,6,0.001341 305,88,319,107,6,0.001232 316,187,335,203,6,0.001199 300,186,325,202,6,0.001078
/home/dysjin/data/CARLA.v20-carla_v20.coco/valid/Town02_001500_png.rf.1e8a22666698f8954863a9939bc59942.jpg 181,189,218,218,1,0.420420 482,191,569,260,6,0.080823 581,198,635,298,6,0.012780 607,236,639,281,6,0.006824 530,190,628,270,6,0.005506 419,193,479,225,6,0.004451 552,226,615,269,6,0.003030 487,174,640,306,6,0.002257 33,179,102,210,6,0.002116 625,254,640,282,6,0.001494 608,203,639,333,6,0.001366 150,184,216,213,6,0.001345 0,170,10,200,6,0.001130
/home/dysjin/data/CARLA.v20-carla_v20.coco/valid/Town05_004620_png.rf.0e4a190ca586e0e90df6b90be2c83f5b.jpg 391,178,456,210,6,0.882995 346,183,361,201,0,0.186352 220,187,240,200,6,0.112110 283,186,300,202,6,0.058679 349,180,369,196,6,0.018065 624,182,640,205,6,0.006890 290,187,305,204,0,0.006056 207,189,229,203,6,0.005949 583,186,638,209,6,0.005032 269,186,290,202,6,0.002324 381,177,398,195,6,0.001580 253,186,274,203,6,0.001495 131,177,150,195,3,0.001443 334,176,376,201,6,0.001433 120,176,141,192,3,0.001375 229,180,247,196,3,0.001196 381,173,429,203,6,0.001105 239,187,262,202,6,0.001045
/home/dysjin/data/CARLA.v20-carla_v20.coco/valid/006578_png.rf.21f08e8ed63ab67b3ef05528af8ef9e6.jpg 369,221,385,240,3,0.863074 260,236,296,256,6,0.717873 588,255,629,346,2,0.019088 625,288,640,348,6,0.012373 360,223,378,239,3,0.008682 557,254,597,340,2,0.002281 599,298,640,335,6,0.002145 569,262,637,340,6,0.001153
/home/dysjin/data/CARLA.v20-carla_v20.coco/valid/Town01_004320_png.rf.1f6552094735eb0bd49b614b7e584c58.jpg 266,194,367,290,6,0.742844 0,194,12,223,6,0.021965 562,111,633,184,3,0.009381 0,186,12,211,6,0.007873 395,169,423,282,2,0.004549 0,203,12,232,6,0.002661 415,175,446,277,2,0.002536 192,188,208,204,0,0.001998 437,177,466,275,2,0.001528 583,127,634,170,6,0.001312
/home/dysjin/data/CARLA.v20-carla_v20.coco/valid/Town02_006720_png.rf.2632fd4f3d65ff215e84d472badfd870.jpg 268,191,292,208,6,0.870824 582,186,640,222,6,0.588371 107,191,174,222,6,0.228798 195,188,215,202,6,0.101850 0,193,15,247,6,0.087676 0,195,13,225,6,0.058963 562,176,581,198,3,0.053341 559,180,612,215,6,0.049315 0,168,10,198,3,0.029327 1,187,26,230,6,0.023243 344,186,356,207,1,0.016463 562,181,584,207,6,0.012609 391,192,455,218,6,0.006689 1,157,15,235,6,0.005489 343,194,357,217,0,0.005032 0,215,12,245,6,0.004853 499,186,547,210,6,0.004839 197,177,211,194,3,0.004420 214,189,240,202,6,0.003790 134,196,175,215,6,0.003633 290,190,307,204,6,0.003220 242,188,263,201,6,0.002279 196,163,210,182,3,0.002243 190,190,241,206,6,0.001946 465,172,484,190,3,0.001630 181,188,208,204,6,0.001436 439,174,457,191,3,0.001416 522,195,549,212,6,0.001396 563,165,581,185,3,0.001305 551,194,573,216,6,0.001159 232,189,249,202,6,0.001145 519,193,575,221,6,0.001058 303,188,322,202,6,0.001039 534,186,560,205,6,0.001027 568,150,634,228,6,0.001008
/home/dysjin/data/CARLA.v20-carla_v20.coco/valid/Town05_006900_png.rf.2eaa1f5f6de8c6bffcd968f78f2f53b4.jpg 234,182,261,234,1,0.666880 235,179,261,225,0,0.191744 237,196,257,220,1,0.008182 372,170,427,200,6,0.003255 610,218,640,377,6,0.001446
/home/dysjin/data/CARLA.v20-carla_v20.coco/valid/005482_png.rf.1eef94cb1d26525ab4b64d28fc9be58d.jpg 4,214,26,327,2,0.754916 467,240,526,284,6,0.028059 0,223,21,300,2,0.007527 0,246,24,317,2,0.002940 10,216,42,306,2,0.002262 133,240,197,270,6,0.001062
/home/dysjin/data/CARLA.v20-carla_v20.coco/valid/138251_png.rf.2622df013f55b1f57387212b95c87241.jpg 77,232,99,289,2,0.664835 88,233,111,286,2,0.002178 84,247,97,287,2,0.001621
/home/dysjin/data/CARLA.v20-carla_v20.coco/valid/007070_png.rf.2316a0a54db7e4a749f421570aadd160.jpg 383,221,404,240,5,0.780970 0,230,11,263,6,0.009107 0,197,12,273,6,0.001559
/home/dysjin/data/CARLA.v20-carla_v20.coco/valid/Town05_010920_png.rf.2325292b5e147dc41c10fe128f6256f9.jpg 302,175,345,292,0,0.808603 313,177,334,197,6,0.013552 0,194,10,223,0,0.004078 233,196,346,289,6,0.003220 107,183,125,235,0,0.001842 262,185,364,297,0,0.001813 82,183,101,235,0,0.001408 70,181,89,236,0,0.001365 94,181,113,235,0,0.001317 144,181,161,234,0,0.001234 191,182,212,233,0,0.001182 289,176,318,194,6,0.001132 0,182,9,211,6,0.001104 565,165,629,199,6,0.001072 1,159,11,184,6,0.001036 181,180,199,234,0,0.001017
/home/dysjin/data/CARLA.v20-carla_v20.coco/valid/Town01_006420_png.rf.2b897cd6227874bc930ae1c7e17e3b3b.jpg 312,191,323,211,0,0.524633 313,192,324,214,1,0.264076 0,187,15,252,2,0.019040 569,148,640,219,6,0.017344 346,176,359,191,3,0.014561 1,203,14,236,6,0.005845 0,216,13,243,6,0.005270 581,183,640,232,6,0.005248 279,186,298,200,6,0.003877 299,189,316,202,6,0.002874 266,188,285,202,6,0.002468 3,195,28,242,2,0.002328 378,186,394,207,1,0.002012 626,169,640,248,6,0.001602 255,189,274,203,6,0.001503 0,201,39,238,6,0.001477 14,196,43,240,2,0.001084 306,186,321,245,0,0.001043 293,89,308,108,6,0.001014 207,178,223,193,3,0.001013 353,176,371,189,3,0.001010
/home/dysjin/data/CARLA.v20-carla_v20.coco/valid/Town05_006780_png.rf.253c814d6e368b92a888141244ca1a16.jpg 174,184,212,264,1,0.804384 184,183,212,256,0,0.004198 315,187,335,230,0,0.001684 0,193,10,223,0,0.001398 244,185,261,204,0,0.001067
/home/dysjin/data/CARLA.v20-carla_v20.coco/valid/Town01_008280_png.rf.2f69ce357d9638b109b359e31c238ab4.jpg 64,186,114,211,6,0.447624 286,189,340,209,6,0.227215 287,197,314,211,6,0.050486 316,191,336,210,6,0.036532 277,191,305,208,6,0.030977 141,185,191,206,6,0.021812 0,192,41,219,6,0.015708 381,201,396,217,6,0.011786 2,166,16,229,6,0.009880 0,189,16,221,6,0.009432 433,205,490,235,6,0.004221 399,209,428,224,6,0.003562 629,219,640,245,6,0.002262 388,202,408,216,6,0.002048 192,196,206,217,1,0.002039 6,190,75,221,6,0.001972 441,200,502,221,6,0.001802 91,188,114,207,6,0.001598 266,188,292,206,6,0.001545 409,201,437,220,6,0.001508 193,188,209,207,6,0.001338 575,205,640,239,6,0.001034
/home/dysjin/data/CARLA.v20-carla_v20.coco/valid/Town01_005100_png.rf.262bb9c3104b14f5fb633de3dafd0a52.jpg 575,175,600,221,6,0.105213 575,178,638,213,6,0.074037 2,185,15,211,6,0.040341 580,163,619,229,1,0.016997 158,194,220,219,6,0.016517 0,186,39,210,6,0.011147 329,187,348,213,1,0.005507 322,185,372,213,6,0.003407 300,187,351,212,6,0.002790 0,193,63,219,6,0.002471 627,169,640,197,6,0.002259 476,184,496,230,1,0.002143 135,188,194,211,6,0.001959 0,178,14,231,6,0.001746 584,185,608,210,6,0.001708 42,189,69,203,6,0.001506 1,175,14,200,6,0.001124 141,190,165,206,6,0.001034
/home/dysjin/data/CARLA.v20-carla_v20.coco/valid/Town01_011940_png.rf.2554f5ab3ce2122d2ef300838472450f.jpg 565,196,605,223,6,0.647908 205,179,272,235,6,0.594492 3,172,32,214,6,0.188885 331,183,348,203,1,0.046906 561,195,610,235,1,0.014063 577,193,610,240,0,0.013708 278,186,297,201,6,0.012073 468,193,526,221,6,0.005217 0,160,13,186,6,0.005143 337,187,355,205,6,0.004636 1,150,17,220,6,0.004297 0,143,16,202,6,0.002529 534,195,592,221,6,0.002210 267,187,288,202,6,0.002045 301,188,326,201,6,0.001754 329,178,346,199,0,0.001626 527,172,544,190,3,0.001210 183,139,285,266,6,0.001018
/home/dysjin/data/CARLA.v20-carla_v20.coco/valid/041684_png.rf.2f70db5ab75442cd11fffa13a776ae97.jpg 298,247,336,320,0,0.390235 75,228,133,256,6,0.004693 524,0,634,221,6,0.002475 167,232,188,288,0,0.001333
/home/dysjin/data/CARLA.v20-carla_v20.coco/valid/Town05_010980_png.rf.2071755951cd753466eb2cc53fd2fe0c.jpg 299,181,337,284,0,0.904673 343,208,640,380,6,0.002419 359,170,414,200,6,0.001879 599,166,640,201,6,0.001211
/home/dysjin/data/CARLA.v20-carla_v20.coco/valid/112459_png.rf.33bdc5bd58f0f631808a95c4ceb9a78f.jpg 285,237,314,296,2,0.789505 419,213,446,340,2,0.006018 585,236,639,259,6,0.002730 439,214,470,341,2,0.002141
/home/dysjin/data/CARLA.v20-carla_v20.coco/valid/041653_png.rf.31aa86a50239c7e6cbc52c66846dac06.jpg 299,244,335,319,0,0.290440 0,201,14,265,6,0.001675
/home/dysjin/data/CARLA.v20-carla_v20.coco/valid/041819_png.rf.374472e0a0868df264a4100cb7734e35.jpg 172,221,189,241,4,0.755845 16,237,73,264,6,0.613355 108,244,136,293,0,0.253391 369,212,384,235,4,0.011625 359,222,374,243,4,0.008636 162,223,182,237,4,0.008026 148,222,164,239,4,0.006431 178,224,193,246,4,0.003674 179,214,193,237,4,0.001506 456,210,469,232,4,0.001272 113,259,132,282,0,0.001037 363,213,383,247,3,0.001008
/home/dysjin/data/CARLA.v20-carla_v20.coco/valid/Town05_010800_png.rf.3489607b659edfbc485537135e06f34b.jpg 0,188,142,273,6,0.723390 306,185,331,251,0,0.360758 121,184,169,203,6,0.064490 342,178,357,193,3,0.011601 0,0,86,256,6,0.002946 6,167,35,286,6,0.002283 0,202,164,330,6,0.001521 310,201,325,225,0,0.001466 116,190,135,250,2,0.001299 206,187,224,205,0,0.001222 297,189,316,205,6,0.001152 343,185,357,202,0,0.001108 291,180,315,196,6,0.001088 2,249,29,380,6,0.001071 350,176,371,190,3,0.001055 217,187,236,205,0,0.001027
/home/dysjin/data/CARLA.v20-carla_v20.coco/valid/Town02_001080_png.rf.2d29b90fb99ccf7727caeaa1914436b4.jpg 306,188,341,321,1,0.901054 0,203,81,380,6,0.894932 276,185,303,202,6,0.759232 95,179,243,295,6,0.555227 356,173,373,191,3,0.031639 14,184,70,214,6,0.014268 2,194,13,218,6,0.010808 3,187,30,226,6,0.009078 2,184,12,213,6,0.007834 317,187,334,203,6,0.006904 363,165,380,184,3,0.004086 304,186,327,202,6,0.003937 231,176,252,191,6,0.002533 365,185,386,202,6,0.002501 316,178,333,194,6,0.001996 12,0,116,218,6,0.001753 339,185,362,201,6,0.001720 1,175,15,235,6,0.001615 0,222,79,380,6,0.001445 304,179,326,193,6,0.001432 627,184,640,208,6,0.001413 100,186,136,271,6,0.001289 305,89,319,107,6,0.001218 596,183,640,211,6,0.001168 288,178,312,196,6,0.001150 274,175,328,200,6,0.001097 0,195,135,310,6,0.001060 0,206,14,228,6,0.001002
/home/dysjin/data/CARLA.v20-carla_v20.coco/valid/Town02_005700_png.rf.39e8547ff43ddaa06ed2b24f114c8a27.jpg 240,198,391,341,6,0.839740 281,184,302,201,6,0.566221 303,178,332,198,6,0.089808 231,178,248,192,3,0.025443 240,179,258,191,3,0.011197 458,184,515,205,6,0.009684 290,179,314,198,6,0.006973 369,164,383,179,3,0.003566 180,177,204,191,6,0.003128 469,177,504,195,6,0.002612 454,173,470,192,3,0.002430 156,175,175,193,3,0.002015 367,172,386,188,3,0.001724 504,187,566,209,6,0.001426 193,177,211,190,3,0.001362 572,186,597,203,6,0.001267 195,165,209,180,3,0.001204 586,184,606,203,6,0.001204 325,178,345,194,6,0.001166 75,193,134,223,6,0.001152 387,186,414,203,6,0.001133 144,175,166,191,3,0.001104 377,163,392,179,3,0.001082 462,175,484,192,6,0.001070
/home/dysjin/data/CARLA.v20-carla_v20.coco/valid/Town02_002040_png.rf.3d0fd4b3b3749ac8ebdf480959eb8e66.jpg 298,192,337,320,1,0.904046 1,186,107,363,6,0.514024 266,188,294,211,6,0.392585 56,190,82,229,1,0.265293 49,173,67,191,3,0.065390 56,191,125,220,6,0.053938 129,182,158,216,6,0.041336 104,191,159,221,6,0.034982 57,189,80,244,0,0.011797 301,187,324,204,6,0.008679 2,172,12,198,6,0.004960 1,181,12,206,6,0.004045 141,194,161,216,6,0.003600 62,170,122,202,6,0.003484 55,185,74,211,1,0.002304 65,176,149,229,6,0.002297 0,198,178,341,6,0.001697 3,163,28,297,6,0.001696 7,171,32,337,6,0.001292 65,197,87,221,1,0.001198 0,170,59,201,6,0.001165 117,176,139,193,3,0.001063
/home/dysjin/data/CARLA.v20-carla_v20.coco/valid/075707_png.rf.2ff4a82560cfe658387e361a6cc43ef0.jpg 307,243,350,271,6,0.970823 171,242,262,304,6,0.940536 0,234,168,435,6,0.913721 237,235,266,277,6,0.136498 216,244,265,292,6,0.012749 13,51,116,304,6,0.006990 148,244,185,323,6,0.005641 145,257,183,343,1,0.003719 255,244,267,272,0,0.002498 165,245,213,310,6,0.002166 0,278,91,465,6,0.001687 281,239,301,254,6,0.001241
/home/dysjin/data/CARLA.v20-carla_v20.coco/valid/138320_png.rf.332f3bdf3abffc7dd973858c3061b801.jpg 55,232,79,288,2,0.871471 0,235,12,307,2,0.003229 63,244,77,279,2,0.001558 51,230,71,306,2,0.001324
/home/dysjin/data/CARLA.v20-carla_v20.coco/valid/003766_png.rf.3dbe103da1003d1fb3bd18ad0d0894b4.jpg 460,198,512,244,4,0.831048 304,236,324,254,6,0.002275
/home/dysjin/data/CARLA.v20-carla_v20.coco/valid/121245_png.rf.3c6765f574e34bb200e320d55fc2ffe7.jpg 275,252,359,319,6,0.924367 627,268,640,294,6,0.005157 529,251,588,286,6,0.004636 0,238,10,304,6,0.002157 400,236,470,258,6,0.002105 0,245,10,317,2,0.001952 399,204,423,339,2,0.001325
/home/dysjin/data/CARLA.v20-carla_v20.coco/valid/Town05_011040_png.rf.3f658b3c60547a5478cb61d6b76eb55c.jpg 309,180,329,218,0,0.387528 627,152,640,216,6,0.004627 311,190,333,242,0,0.001381 370,170,427,199,6,0.001034
/home/dysjin/data/CARLA.v20-carla_v20.coco/valid/Town02_004920_png.rf.3cdedb8ebbe317a63567ec577e3789a8.jpg 309,187,327,241,1,0.681895 164,187,188,201,6,0.173176 366,186,383,202,6,0.027468 329,179,344,193,3,0.025933 314,199,329,226,1,0.013898 315,189,332,210,6,0.005602 252,186,280,199,6,0.005028 365,177,380,195,3,0.004017 204,186,226,201,6,0.003478 338,178,360,192,3,0.003292 162,178,178,197,6,0.003246 339,186,363,200,6,0.002350 216,186,238,200,6,0.001942 424,185,446,206,6,0.001322 317,179,336,195,3,0.001303 176,187,201,202,6,0.001299 329,167,344,183,3,0.001116 306,178,329,227,6,0.001000
/home/dysjin/data/CARLA.v20-carla_v20.coco/valid/Town05_002760_png.rf.41faa57cc70298c90c62fe9f6a3f08c9.jpg 248,186,264,203,0,0.048006 112,187,142,202,6,0.012815 245,179,264,195,6,0.011437 168,172,219,195,6,0.003928 318,178,333,191,3,0.003076 105,189,128,207,6,0.002899 320,185,333,202,0,0.002486 265,177,284,192,6,0.002324 41,177,65,218,1,0.001469 97,188,116,207,0,0.001403 254,177,270,233,0,0.001212 278,177,297,191,6,0.001170 131,186,146,205,0,0.001060 328,178,346,191,3,0.001044 1,167,11,196,6,0.001031
/home/dysjin/data/CARLA.v20-carla_v20.coco/valid/Town02_001740_png.rf.4072bb166a4df4f9403df039e28a73f3.jpg 300,190,336,320,1,0.924784 60,172,123,202,6,0.013203 0,182,61,209,6,0.012340 45,173,66,195,3,0.009055 107,177,126,193,3,0.007074 0,180,10,207,6,0.006669 2,172,12,199,6,0.006208 119,177,135,193,3,0.004262 141,188,163,205,6,0.002062 43,184,63,206,1,0.001736 86,181,145,209,6,0.001636 302,186,325,201,6,0.001220 35,195,54,216,1,0.001120 151,185,207,208,6,0.001045
/home/dysjin/data/CARLA.v20-carla_v20.coco/valid/026849_png.rf.52e90800c02b90489d2521817c6942f7.jpg 423,207,459,238,3,0.777792 284,169,328,231,3,0.002132 256,169,305,232,3,0.001877 307,169,349,230,3,0.001618 33,69,217,216,6,0.001347 236,167,280,231,3,0.001291
/home/dysjin/data/CARLA.v20-carla_v20.coco/valid/Town02_001560_png.rf.44c7e46d6d34263ac9f429ccb2cd2655.jpg 78,196,96,222,1,0.324493 62,190,84,207,6,0.199864 7,185,30,204,6,0.180132 70,191,90,212,1,0.084328 2,183,14,206,6,0.069535 62,188,101,216,6,0.019315 50,191,70,204,6,0.010798 22,187,36,204,6,0.008937 120,188,140,201,6,0.004643 77,196,99,235,0,0.003898 2,157,16,215,6,0.003700 351,202,400,234,6,0.002359 72,192,96,238,1,0.001804 31,189,54,203,6,0.001316 60,189,86,220,1,0.001046
/home/dysjin/data/CARLA.v20-carla_v20.coco/valid/Town02_003420_png.rf.4347a7bee8aec9f5c84eb5295856f9a9.jpg 328,195,379,228,1,0.816131 8,193,106,244,6,0.545595 554,182,613,212,6,0.037691 0,193,68,230,6,0.012654 440,182,500,212,6,0.009002 2,175,15,243,6,0.006857 1,203,12,233,6,0.003524 627,185,640,209,6,0.003014 1,190,31,229,6,0.002397 627,174,640,240,2,0.002199 326,176,358,243,1,0.001895 355,183,419,211,6,0.001207 206,185,269,212,6,0.001041
/home/dysjin/data/CARLA.v20-carla_v20.coco/valid/Town01_006060_png.rf.3d76b002da6076434f028293d0c4a498.jpg 301,194,334,273,1,0.611715 154,212,179,230,6,0.028497 414,193,457,228,1,0.014451 0,185,12,256,2,0.011234 0,215,11,246,6,0.010640 406,193,449,227,6,0.010613 180,214,201,227,6,0.009366 192,212,212,225,6,0.007044 0,172,11,248,2,0.004850 1,204,11,237,6,0.004001 562,151,587,192,0,0.003323 27,204,85,236,6,0.003300 422,184,500,213,6,0.002327 569,162,596,203,0,0.001837 408,208,638,363,6,0.001685 448,108,549,191,6,0.001659 204,204,224,218,6,0.001615 204,211,223,225,6,0.001588 568,153,627,188,6,0.001477 192,205,213,219,6,0.001441 387,60,551,214,6,0.001283 558,40,635,215,1,0.001282 228,202,250,216,6,0.001069
/home/dysjin/data/CARLA.v20-carla_v20.coco/valid/Town02_007800_png.rf.4e6520c0e9dd39a93f5048a2caea0283.jpg 336,195,414,227,6,0.508088 305,188,328,203,6,0.437260 609,189,637,235,6,0.185616 511,185,554,204,6,0.163349 295,187,313,200,6,0.046149 312,192,364,226,6,0.045700 551,187,566,206,6,0.018471 1,203,11,236,6,0.012250 621,193,640,266,6,0.010220 0,187,30,230,6,0.008777 1,173,16,243,6,0.008319 609,203,637,258,1,0.007452 385,196,438,230,6,0.007072 279,188,302,199,6,0.005242 229,179,248,191,3,0.004606 316,180,332,198,3,0.003910 171,161,187,178,3,0.003403 157,184,222,208,6,0.003384 2,160,15,234,6,0.003091 537,185,561,203,6,0.003086 501,186,529,202,6,0.002855 304,191,349,211,6,0.002575 170,176,189,189,3,0.002464 120,174,138,192,3,0.002325 241,179,260,193,3,0.002005 0,216,11,243,6,0.001918 575,187,597,206,6,0.001831 1,181,13,212,6,0.001794 572,185,621,211,6,0.001520 0,171,12,198,6,0.001510 170,151,187,169,3,0.001421 266,187,287,200,6,0.001411 406,209,438,228,6,0.001373 54,185,127,212,6,0.001361 218,178,238,191,3,0.001258
/home/dysjin/data/CARLA.v20-carla_v20.coco/valid/Town01_001860_png.rf.53e5db5983ad00d8986ebdc44e1e76ef.jpg 210,198,431,369,6,0.937579 292,184,309,206,0,0.200204 280,185,304,202,6,0.017353 3,184,13,211,6,0.016902 318,176,336,195,6,0.016683 292,172,336,200,6,0.010245 329,175,341,195,0,0.009964 300,183,323,204,0,0.006430 3,193,13,218,6,0.005564 21,210,208,359,6,0.004372 318,182,335,203,0,0.004091 383,182,443,208,6,0.003398 2,165,14,227,6,0.002688 270,175,316,200,6,0.002661 104,186,124,202,6,0.002329 30,179,80,212,6,0.001990 135,187,149,210,1,0.001889 206,178,224,194,0,0.001774 254,178,273,193,0,0.001674 95,186,115,203,6,0.001642 2,173,13,199,6,0.001503 264,179,291,195,6,0.001497 1,149,14,219,6,0.001464 66,183,120,204,6,0.001371 222,239,429,380,6,0.001315 170,0,472,380,6,0.001215 7,196,22,216,6,0.001068
/home/dysjin/data/CARLA.v20-carla_v20.coco/valid/Town01_006120_png.rf.405fede50ad311216cb9943968a5cdf5.jpg 317,192,329,221,1,0.663816 354,172,370,188,3,0.200335 0,184,12,256,2,0.003969 348,168,364,183,3,0.003809 0,218,13,244,6,0.003725 0,172,11,248,2,0.003708 316,180,331,196,3,0.003683 311,190,328,209,6,0.002243 1,204,12,237,6,0.001918 356,184,372,200,3,0.001475 363,168,380,184,3,0.001323 390,176,411,191,6,0.001287 291,187,315,202,6,0.001212 364,175,381,193,3,0.001173 328,178,347,192,3,0.001050
/home/dysjin/data/CARLA.v20-carla_v20.coco/valid/041864_png.rf.51f1d81198f2e5b7a450f586235760ec.jpg 413,206,444,238,4,0.754809 302,240,327,292,0,0.685472 78,228,236,335,6,0.503219 356,216,370,234,4,0.045304 156,228,245,314,6,0.028879 62,264,172,325,6,0.021893 309,255,321,277,0,0.017730 407,190,427,238,4,0.002647 364,216,381,232,4,0.002571 348,223,364,240,3,0.002403 189,226,244,265,6,0.002191 380,211,396,230,4,0.001762 394,209,412,230,4,0.001659
/home/dysjin/data/CARLA.v20-carla_v20.coco/valid/Town01_012060_png.rf.58e57e1a7e8d4f630323ae1827ca68bc.jpg 565,196,604,223,6,0.576104 3,172,32,214,6,0.173240 330,184,350,203,1,0.020383 561,196,609,235,1,0.019214 577,195,610,239,0,0.012869 0,159,13,185,6,0.005181 469,193,525,220,6,0.004564 1,150,17,220,6,0.004386 337,188,357,205,6,0.003724 535,195,592,220,6,0.003120 277,186,298,202,6,0.001445 301,186,356,208,6,0.001347 302,189,325,204,6,0.001343 327,178,348,198,3,0.001291 157,189,176,205,3,0.001241
/home/dysjin/data/CARLA.v20-carla_v20.coco/valid/009044_png.rf.59d4a83882b4b6af242cbd9e0e31ba80.jpg 559,219,579,244,3,0.659030 0,208,13,238,4,0.207853 130,229,150,286,2,0.011554 0,224,12,294,6,0.010315 557,202,633,258,6,0.009440 0,190,13,268,3,0.007933 90,238,144,274,6,0.005793 0,234,12,304,2,0.005460 0,253,11,286,6,0.002702 0,198,12,291,2,0.002541 540,224,561,242,3,0.001833 548,202,618,254,3,0.001806 577,242,638,271,6,0.001644 630,231,640,258,6,0.001067
/home/dysjin/data/CARLA.v20-carla_v20.coco/valid/Town02_002520_png.rf.55f8a7c01a8e4b86c99a794d7b61cd5d.jpg 239,187,408,348,6,0.929731 165,196,225,237,6,0.841376 369,174,384,193,3,0.067505 1,208,32,228,6,0.029002 2,205,15,230,6,0.024596 0,205,58,233,6,0.018108 376,174,394,190,3,0.005734 2,180,16,240,6,0.004835 22,203,85,234,6,0.004708 233,216,287,338,6,0.003716 368,183,382,204,3,0.002228 144,175,162,193,3,0.001595 0,217,11,243,6,0.001216 20,208,217,350,6,0.001141 389,185,413,206,6,0.001107 399,184,450,213,6,0.001005
/home/dysjin/data/CARLA.v20-carla_v20.coco/valid/Town02_008760_png.rf.5bfb07b6a5fbe6700b4b9c150b9c6576.jpg 280,203,364,349,6,0.936208 271,188,290,203,6,0.372335 512,182,557,213,6,0.283121 391,184,434,210,6,0.250764 141,175,161,193,3,0.143167 524,180,595,215,6,0.062327 156,186,204,206,6,0.055057 277,187,292,202,1,0.034764 2,206,12,237,6,0.018952 1,170,13,248,6,0.016266 1,186,14,255,6,0.011299 569,180,624,209,6,0.010964 1,161,13,232,6,0.009149 477,185,543,208,6,0.006978 1,215,11,243,6,0.004254 533,150,618,220,6,0.003459 259,189,281,202,6,0.003368 219,190,235,205,6,0.003114 441,182,503,208,6,0.003022 227,188,249,201,6,0.002772 314,188,335,201,6,0.002573 625,185,640,256,6,0.002474 1,181,26,234,6,0.002463 304,188,323,201,6,0.001927 483,187,511,204,6,0.001921 340,187,360,201,6,0.001903 289,188,307,201,6,0.001778 381,185,400,204,6,0.001646 386,177,414,196,3,0.001289 191,190,214,203,6,0.001215 132,196,149,219,1,0.001076 610,0,640,93,6,0.001033
/home/dysjin/data/CARLA.v20-carla_v20.coco/valid/Town01_008100_png.rf.5942043a53e2ea3c62572bf7029ed896.jpg 277,188,299,205,6,0.668959 385,197,414,214,6,0.385800 72,185,136,215,6,0.109778 291,188,305,203,6,0.011829 155,184,184,200,6,0.009359 329,189,348,203,6,0.009170 376,192,444,210,6,0.007816 369,191,388,205,3,0.006587 368,199,387,214,3,0.003808 426,191,448,206,6,0.002794 186,175,240,200,6,0.002387 303,187,322,202,6,0.001912 97,194,156,218,6,0.001878 395,193,425,207,6,0.001842 354,190,374,202,3,0.001344 415,199,438,213,6,0.001323 318,186,335,203,6,0.001309 170,185,189,202,6,0.001151 1,191,60,222,6,0.001047 438,197,455,215,6,0.001016
/home/dysjin/data/CARLA.v20-carla_v20.coco/valid/Town01_010680_png.rf.5537782525200ced228c602e6dcc3456.jpg 369,177,385,191,3,0.920129 359,176,379,189,3,0.024805 230,179,246,196,3,0.009177 230,185,244,204,0,0.007542 158,185,178,201,3,0.005715 329,177,345,192,3,0.004848 219,180,239,195,3,0.003788 178,179,201,196,6,0.003591 317,186,337,200,6,0.003486 306,178,322,192,3,0.002502 168,185,187,201,3,0.002098 316,178,337,191,3,0.001709 156,178,177,195,3,0.001656 221,184,240,202,6,0.001627 340,175,359,190,3,0.001523 396,194,452,223,6,0.001445 305,187,322,200,6,0.001329 293,187,311,200,6,0.001237 329,188,344,201,6,0.001231 295,198,308,218,0,0.001171 278,187,301,201,6,0.001031
/home/dysjin/data/CARLA.v20-carla_v20.coco/valid/121155_png.rf.5eeb1497380edc240a771f68b9d34669.jpg 240,255,403,395,6,0.962211 564,215,594,306,2,0.861630 23,261,249,406,6,0.003710 580,218,605,301,2,0.002371 508,39,535,58,6,0.002274 484,237,534,275,6,0.002164 395,232,451,258,6,0.001280
/home/dysjin/data/CARLA.v20-carla_v20.coco/valid/007085_png.rf.5a7141063cfddac158b01dce18de1e48.jpg 428,206,470,244,5,0.867435 426,219,465,234,5,0.012002
/home/dysjin/data/CARLA.v20-carla_v20.coco/valid/Town05_006720_png.rf.717ce1e22225ab6a97befb2b8effcc2a.jpg 180,183,212,257,1,0.410018 86,187,149,205,6,0.025340 182,174,215,254,0,0.024567 341,179,358,195,3,0.012843 1,7,83,246,6,0.012668 94,190,117,206,6,0.003703 341,184,357,203,0,0.001421 94,198,113,215,0,0.001390 348,179,372,194,3,0.001295
/home/dysjin/data/CARLA.v20-carla_v20.coco/valid/Town01_006600_png.rf.612f31973b2db2fda3ee5293fd937a64.jpg 584,0,631,69,1,0.021101 1,185,14,208,6,0.003032 584,15,637,58,6,0.003017 292,189,309,205,6,0.002225 376,189,393,211,1,0.001898 277,190,301,203,6,0.001755 0,186,63,210,6,0.001507 593,26,627,73,0,0.001377 575,0,640,72,6,0.001367 1,194,12,221,6,0.001331 6,187,29,205,6,0.001308 540,0,626,67,6,0.001181 626,22,640,48,6,0.001179 623,3,640,67,6,0.001103
/home/dysjin/data/CARLA.v20-carla_v20.coco/valid/112469_png.rf.4fea3a1e3f0858f468ecb362968a08fb.jpg 311,235,340,298,2,0.680853 585,236,639,259,6,0.003771 418,216,447,340,2,0.003468 439,217,470,342,2,0.001596
/home/dysjin/data/CARLA.v20-carla_v20.coco/valid/Town05_009540_png.rf.67accf9da191af14c5f05da1b6fe1e58.jpg 596,187,640,208,6,0.254946 275,171,334,198,6,0.020050 537,188,554,205,0,0.009034 548,190,568,204,6,0.003902 562,189,578,204,6,0.002613 590,188,614,206,6,0.002047 1,179,9,214,6,0.001611 469,230,640,356,6,0.001473 463,189,479,205,6,0.001267 0,195,10,268,0,0.001206
/home/dysjin/data/CARLA.v20-carla_v20.coco/valid/041820_png.rf.69e77a8e269d90d89efc21e5026a7083.jpg 29,237,81,264,6,0.749950 181,221,196,242,4,0.572314 115,244,144,296,0,0.511991 380,212,394,235,4,0.014465 372,221,386,242,4,0.010404 173,217,190,234,4,0.007542 160,223,178,238,4,0.006343 379,221,393,242,3,0.004022 468,209,481,232,4,0.001905 120,262,139,281,0,0.001466 367,213,387,249,3,0.001299 162,221,197,245,4,0.001160 159,216,175,231,4,0.001142 192,213,209,233,4,0.001117 183,231,198,251,4,0.001061
/home/dysjin/data/CARLA.v20-carla_v20.coco/valid/121278_png.rf.6607158f1164a75baf620dcb66d1b07e.jpg 274,253,362,318,6,0.897701 240,243,261,265,1,0.122685 233,236,275,263,1,0.016149 400,207,424,338,2,0.005247 0,231,44,263,6,0.005151 238,237,285,260,6,0.003433 416,218,445,335,2,0.002625 249,214,278,325,2,0.002621 18,235,92,259,6,0.001847 419,235,479,258,6,0.001312
/home/dysjin/data/CARLA.v20-carla_v20.coco/valid/Town02_004620_png.rf.7280640e1c163e7c4b28010b90659788.jpg 239,196,392,340,6,0.741482 305,183,329,200,6,0.401266 276,185,300,201,6,0.308230 117,184,168,204,6,0.095907 288,184,317,200,6,0.019468 152,186,174,202,6,0.006180 156,176,174,192,3,0.004696 141,179,167,197,6,0.004401 89,183,147,207,6,0.003427 342,185,359,203,6,0.002424 158,165,174,182,3,0.002029 327,184,346,202,6,0.002013 165,186,187,202,6,0.001959 167,165,184,181,3,0.001907 97,183,248,305,6,0.001361 143,194,164,216,0,0.001333 343,175,358,194,3,0.001198 167,174,186,190,3,0.001058
/home/dysjin/data/CARLA.v20-carla_v20.coco/valid/Town05_016500_png.rf.75b431585ae9c755044e81517b796324.jpg 0,202,89,295,6,0.849939 341,193,394,232,6,0.847602 123,197,228,247,6,0.790684 455,178,477,195,3,0.720563 369,188,398,234,1,0.034965 114,205,171,243,6,0.033048 280,190,294,205,0,0.009132 334,188,350,207,6,0.005511 0,189,82,380,6,0.005494 0,185,12,209,6,0.004327 0,196,13,220,6,0.003384 0,116,82,309,6,0.003337 0,177,15,236,6,0.002063 268,189,288,203,6,0.002015 290,190,307,204,0,0.001888 444,176,466,191,3,0.001839 244,191,260,205,0,0.001749 0,166,15,226,6,0.001569 302,188,320,203,6,0.001111 171,199,233,238,6,0.001055
/home/dysjin/data/CARLA.v20-carla_v20.coco/valid/Town02_001020_png.rf.79741d4293c684a4f4e895c08f1290d5.jpg 0,202,82,380,6,0.912187 306,187,341,320,1,0.881801 278,183,328,206,6,0.193586 18,184,71,217,6,0.038873 356,173,373,190,3,0.031505 181,182,243,212,6,0.019995 0,198,130,355,6,0.008068 366,185,386,202,6,0.003213 363,165,380,185,3,0.002273 313,185,335,203,6,0.002094 186,181,217,219,1,0.001689 339,186,361,201,6,0.001580 305,88,319,107,6,0.001412 275,178,306,198,6,0.001247
/home/dysjin/data/CARLA.v20-carla_v20.coco/valid/004996_png.rf.758bfe0873e6cba6e1d99146894cae01.jpg 488,261,513,314,2,0.859643 94,230,118,283,2,0.003134 477,237,504,328,2,0.002301 355,247,370,267,2,0.001119
/home/dysjin/data/CARLA.v20-carla_v20.coco/valid/Town02_001620_png.rf.77cda18f042297c4b15936a35acef602.jpg 304,183,332,261,1,0.522417 309,181,334,246,6,0.006252 393,189,451,222,6,0.004384 256,178,274,193,6,0.003697 316,178,333,197,6,0.002362 264,177,287,192,6,0.002120 255,186,273,200,6,0.002101 354,162,370,179,3,0.001840 312,188,334,211,6,0.001676 185,189,215,203,6,0.001453 178,188,198,207,6,0.001275
/home/dysjin/data/CARLA.v20-carla_v20.coco/valid/112362_png.rf.868e587d8bdd37c81e4872223fbdbeb4.jpg 147,228,169,282,2,0.903205 417,212,446,339,2,0.006060 583,234,640,260,6,0.003216 439,213,469,340,2,0.002252 397,214,428,334,2,0.001130
/home/dysjin/data/CARLA.v20-carla_v20.coco/valid/Town05_010080_png.rf.88fb23d739ffa2beacd3c5735d172d03.jpg 316,186,326,215,0,0.544370 272,184,285,202,6,0.264889 0,23,14,49,6,0.003628 329,163,346,181,3,0.002197 305,187,346,219,0,0.001771 341,162,356,179,3,0.001714 244,176,260,191,6,0.001613 277,185,290,203,0,0.001281 313,185,331,246,0,0.001276 263,185,278,201,6,0.001137 276,178,293,195,6,0.001020 0,192,10,225,6,0.001019
/home/dysjin/data/CARLA.v20-carla_v20.coco/valid/026847_png.rf.7a28094ba474fb2fab06e58f1ebea83c.jpg 414,212,444,238,3,0.665482 0,220,11,295,2,0.002959 284,169,328,232,3,0.001870 256,169,304,232,3,0.001772 33,70,218,217,6,0.001470 307,168,349,231,3,0.001431 0,231,11,307,2,0.001273 235,167,279,231,3,0.001184
/home/dysjin/data/CARLA.v20-carla_v20.coco/valid/075709_png.rf.7dd638ab9af378bf60aaa2fb92a0aea4.jpg 307,243,349,271,6,0.967351 171,242,261,303,6,0.939217 0,233,169,435,6,0.912080 236,235,265,278,6,0.220648 217,244,265,292,6,0.038514 12,52,116,304,6,0.009053 148,243,186,323,6,0.004196 166,245,214,309,6,0.003812 145,256,183,343,1,0.002317 94,142,142,176,6,0.001743 0,276,91,466,6,0.001439 282,238,301,253,6,0.001314 55,243,171,323,6,0.001146
/home/dysjin/data/CARLA.v20-carla_v20.coco/valid/Town02_007380_png.rf.8809896fc46f6266a6729640bbc68e4c.jpg 574,193,640,219,6,0.437611 277,187,299,201,6,0.144133 552,190,597,222,6,0.134842 1,191,11,224,6,0.013745 220,175,236,190,3,0.006134 292,180,308,196,6,0.005455 0,185,11,254,6,0.005384 1,183,11,213,6,0.004233 497,183,548,212,6,0.003953 229,176,247,189,3,0.003331 624,192,640,220,6,0.003297 169,175,186,191,3,0.003084 555,190,588,247,0,0.002972 256,177,302,198,6,0.002580 540,162,557,180,3,0.002480 303,180,321,193,6,0.002298 240,177,260,190,3,0.002207 552,175,569,193,3,0.001766 555,196,616,237,6,0.001745 330,179,345,193,3,0.001587 560,187,594,246,1,0.001519 551,164,568,182,3,0.001504 340,177,358,193,3,0.001233 353,192,371,248,0,0.001232 520,186,596,235,6,0.001213 550,187,577,209,6,0.001165 627,185,639,279,2,0.001134 435,184,487,209,6,0.001118 542,174,559,190,3,0.001084
/home/dysjin/data/CARLA.v20-carla_v20.coco/valid/Town01_007500_png.rf.7e4c2487265d812d93246e09a19aeab2.jpg 551,170,637,226,6,0.912237 254,195,280,214,6,0.834566 525,180,551,215,6,0.118746 365,180,410,207,6,0.012601 534,174,555,198,6,0.007119 277,189,296,203,6,0.005775 291,187,311,200,6,0.005281 498,175,551,200,6,0.004578 155,213,174,228,6,0.004569 302,187,324,200,6,0.003770 526,178,589,216,6,0.003598 144,212,166,227,6,0.002626 0,218,12,242,6,0.002403 231,200,250,214,6,0.002314 536,143,640,256,6,0.001847 205,202,224,215,6,0.001831 337,182,390,206,6,0.001700 528,193,545,217,0,0.001292 394,181,451,211,6,0.001284 304,180,322,194,6,0.001182 0,188,12,253,6,0.001095 341,164,360,183,3,0.001033 217,202,236,215,6,0.001018
/home/dysjin/data/CARLA.v20-carla_v20.coco/valid/Town05_007500_png.rf.8a81a882e564e9e99b5c951d3e18dbbc.jpg 349,182,396,203,6,0.575924 253,177,269,197,0,0.140322 303,177,321,192,6,0.043028 344,179,368,199,6,0.020756 374,186,395,203,6,0.016787 0,181,11,208,6,0.005608 121,170,183,202,6,0.003275 0,172,11,200,6,0.002266 246,170,265,216,0,0.001728 0,191,10,221,6,0.001421 314,176,332,191,6,0.001398 306,166,325,186,6,0.001076 0,180,9,257,0,0.001044
/home/dysjin/data/CARLA.v20-carla_v20.coco/valid/Town02_005520_png.rf.8a9d2ba4122736ea3845c9e405936cce.jpg 45,195,113,223,6,0.770144 1,197,12,221,6,0.418896 601,191,640,228,6,0.219781 88,196,137,227,6,0.158744 2,186,13,214,6,0.022586 33,198,78,225,6,0.007049 366,198,380,219,0,0.006369 0,204,12,228,6,0.005872 623,184,639,251,6,0.004056 1,196,25,215,6,0.003859 0,193,61,221,6,0.002184 291,185,313,200,6,0.002102 157,192,224,219,6,0.001805 368,189,382,208,3,0.001261 426,191,497,221,6,0.001086
/home/dysjin/data/CARLA.v20-carla_v20.coco/valid/041735_png.rf.891d950e6341a379e0a80f54f49c126a.jpg 274,245,308,317,0,0.551064 628,226,640,290,6,0.004741 627,229,639,307,2,0.003018 538,234,602,263,6,0.001662 475,262,640,480,6,0.001021 67,245,89,293,0,0.001015
/home/dysjin/data/CARLA.v20-carla_v20.coco/valid/041669_png.rf.8f16c7cc68671f71ba068edf120b2a61.jpg 298,246,335,321,0,0.296704 89,229,146,257,6,0.002272 180,235,200,284,0,0.001214 191,238,212,284,0,0.001213
/home/dysjin/data/CARLA.v20-carla_v20.coco/valid/003814_png.rf.9123d8ff8e23490d6f5201cb816e4fc2.jpg 548,175,621,248,3,0.911351 288,239,321,259,6,0.764483 0,232,11,308,2,0.003188 286,244,302,266,0,0.002027 551,333,598,414,4,0.001093
/home/dysjin/data/CARLA.v20-carla_v20.coco/valid/005413_png.rf.9000d6e877ce40e1d5bd5387ece453c2.jpg 104,233,125,278,2,0.876793 80,234,108,286,2,0.791220 89,225,118,295,2,0.007902 220,236,282,260,6,0.003466 626,203,640,287,2,0.002618 113,241,135,279,2,0.002448 401,236,468,262,6,0.001749 538,252,604,289,6,0.001277 279,238,346,260,6,0.001170 98,239,119,265,2,0.001112
/home/dysjin/data/CARLA.v20-carla_v20.coco/valid/Town01_001500_png.rf.9254a251a5c6eb6313adba6a6adf1620.jpg 387,175,404,192,3,0.923957 0,195,11,220,6,0.004464 292,191,310,205,6,0.003891 302,191,321,205,6,0.001955 294,197,309,213,1,0.001914 217,197,239,214,6,0.001769 280,176,296,192,3,0.001559 228,198,249,215,6,0.001463 370,177,392,191,3,0.001307 304,197,320,214,1,0.001284 627,182,640,209,6,0.001197
/home/dysjin/data/CARLA.v20-carla_v20.coco/valid/Town05_004680_png.rf.93664881511a21c1adf050e2e8993477.jpg 321,175,421,226,6,0.876930 241,183,271,205,6,0.727954 280,185,297,199,6,0.056685 315,179,364,218,6,0.034690 264,185,289,202,6,0.019607 184,184,203,202,6,0.012819 192,185,206,204,1,0.004618 0,180,11,209,6,0.003851 406,213,622,366,6,0.003831 180,179,201,196,3,0.003272 249,179,305,198,6,0.002748 190,178,210,195,3,0.002203 373,178,421,217,6,0.001959 133,177,154,193,3,0.001661 0,171,13,199,6,0.001164 231,180,259,198,6,0.001053
/home/dysjin/data/CARLA.v20-carla_v20.coco/valid/138312_png.rf.93c512dad514948e54a85fd6860eba4e.jpg 93,232,116,280,2,0.814277 0,249,12,318,2,0.004709 1,227,27,331,2,0.003484 94,221,122,313,2,0.001695 80,216,112,299,2,0.001099
/home/dysjin/data/CARLA.v20-carla_v20.coco/valid/005160_png.rf.922d9f2da21b5b11121905df87e629d7.jpg 401,214,427,241,5,0.785619 216,76,235,92,6,0.001382
