/home/dysjin/data/CARLA.v20-carla_v20.coco/valid/001330_png.rf.9e411a3372eaf682fdfd203677e095c5.jpg 387,200,396,229,0,0.942400
/home/dysjin/data/CARLA.v20-carla_v20.coco/valid/075705_png.rf.9f5447b468e0280dc956a534954f8a5e.jpg 382,210,390,234,0,0.986513 378,198,397,243,0,0.007884 545,238,553,258,2,0.001575 391,212,397,236,0,0.001071
/home/dysjin/data/CARLA.v20-carla_v20.coco/valid/Town02_006840_png.rf.a4a970c10202604d1dd8c41fe9097525.jpg 552,59,594,163,2,0.943944 540,10,601,211,2,0.029348 17,69,53,143,2,0.006277 442,99,456,173,2,0.004162 37,61,68,148,2,0.001194 524,53,580,155,2,0.001140
/home/dysjin/data/CARLA.v20-carla_v20.coco/valid/041683_png.rf.abc13a183255cbb5f9aeca7d55d8b4c0.jpg 400,199,410,228,0,0.910757
/home/dysjin/data/CARLA.v20-carla_v20.coco/valid/041699_png.rf.a4a6f7fb7672ac47b317ec4fe3e21c97.jpg 437,172,456,223,0,0.994345
/home/dysjin/data/CARLA.v20-carla_v20.coco/valid/001367_png.rf.a534dfb67da01ed3f6ee43fba91e6134.jpg 420,179,436,220,1,0.963629 395,171,451,232,1,0.007910
/home/dysjin/data/CARLA.v20-carla_v20.coco/valid/Town02_003060_png.rf.b28380c7e6ad26a4ccdfda39d4db7f85.jpg 552,63,586,178,2,0.915163 530,14,598,201,2,0.013315 535,61,573,143,2,0.003124 551,31,588,149,1,0.002838
/home/dysjin/data/CARLA.v20-carla_v20.coco/valid/Town01_009120_png.rf.b3886317404f3c307752dac4625c4b0e.jpg 541,47,580,162,2,0.979619 531,0,585,230,2,0.032837
/home/dysjin/data/CARLA.v20-carla_v20.coco/valid/Town01_002220_png.rf.9b6e376c042a4b43cdf2a33f00250d62.jpg 374,139,384,182,2,0.858489 362,121,387,197,2,0.002124
/home/dysjin/data/CARLA.v20-carla_v20.coco/valid/Town01_003900_png.rf.b43a572a2d61a01bb389880cf86179de.jpg 399,136,410,183,2,0.773679 389,109,410,208,2,0.004527
/home/dysjin/data/CARLA.v20-carla_v20.coco/valid/Town02_004200_png.rf.b4d2f32e1287253b4f35bf521927be39.jpg 525,76,561,164,0,0.682085 360,154,369,185,0,0.506973 513,23,580,196,0,0.023336 367,157,375,187,0,0.020854 350,155,360,183,2,0.004080 335,156,342,179,2,0.002103 509,118,549,152,0,0.001568 347,149,380,190,0,0.001059
/home/dysjin/data/CARLA.v20-carla_v20.coco/valid/Town02_002100_png.rf.b49da10e2c41ab65d4c132e46f15d3e3.jpg 403,143,414,177,0,0.623296 397,123,409,182,0,0.009355 346,174,353,192,2,0.002165 393,139,427,180,0,0.002110
/home/dysjin/data/CARLA.v20-carla_v20.coco/valid/Town01_002340_png.rf.b8976b6d8f366e29aeb47fb3b3146b33.jpg 374,139,384,182,2,0.863402 362,121,387,197,2,0.002174
/home/dysjin/data/CARLA.v20-carla_v20.coco/valid/Town01_005820_png.rf.c9053a957ff7561268673aaec9e095f0.jpg 397,130,406,181,2,0.647700 371,150,379,173,2,0.164317 387,89,410,227,2,0.002734
/home/dysjin/data/CARLA.v20-carla_v20.coco/valid/Town02_007860_png.rf.c09b31040aef1813f06b8c0e8484ab0a.jpg 571,33,619,165,2,0.849339 560,67,598,135,2,0.006093
/home/dysjin/data/CARLA.v20-carla_v20.coco/valid/Town01_011580_png.rf.c8aa9ea674a7d69974d55bf63b55ddbf.jpg 580,35,625,160,2,0.938256 583,12,633,118,1,0.007709 568,0,640,167,1,0.001309
/home/dysjin/data/CARLA.v20-carla_v20.coco/valid/001927_png.rf.c664a8d96a0b098c23327d2b8d94ee43.jpg 363,217,369,233,1,0.963230 460,170,480,222,0,0.008851 164,316,199,438,2,0.005263 361,198,374,243,1,0.001352
/home/dysjin/data/CARLA.v20-carla_v20.coco/valid/Town01_007440_png.rf.bed11eeb1dde416bf8789b24a8a5c0f8.jpg 560,33,603,163,2,0.947812 557,10,608,120,1,0.002154
/home/dysjin/data/CARLA.v20-carla_v20.coco/valid/075708_png.rf.c1818fa586a2b613b2806f928a933d9d.jpg 382,209,390,233,0,0.985911 378,197,396,242,0,0.008128
/home/dysjin/data/CARLA.v20-carla_v20.coco/valid/001435_png.rf.d3bf273ef63551475f4cb25d8d301e39.jpg 429,166,448,218,0,0.989743
/home/dysjin/data/CARLA.v20-carla_v20.coco/valid/001361_png.rf.d5572afc1762eccbf78b41cc82f35cc2.jpg 397,185,408,224,2,0.936279
/home/dysjin/data/CARLA.v20-carla_v20.coco/valid/019121_png.rf.deb86464dd224ac85f75272f851fc0a8.jpg 374,206,383,229,1,0.962333 373,196,387,239,1,0.004092
/home/dysjin/data/CARLA.v20-carla_v20.coco/valid/041657_png.rf.e06a4a0ae870ee5d8dbe97fc65b5b666.jpg 374,208,381,231,0,0.990133 379,211,384,232,0,0.011750 369,197,388,239,0,0.002681 0,148,14,224,0,0.001452
/home/dysjin/data/CARLA.v20-carla_v20.coco/valid/Town01_012480_png.rf.e26b2e82c78ce09ec03748425e58f4cc.jpg 530,55,568,160,2,0.977884 521,1,573,219,2,0.014893
/home/dysjin/data/CARLA.v20-carla_v20.coco/valid/001519_png.rf.e42bb854e84b40164ed2795569b2eb6f.jpg 591,77,633,192,1,0.920094 569,50,640,220,1,0.056845 375,236,383,254,2,0.005357 527,7,640,246,0,0.004536 409,0,640,480,0,0.002901 382,234,391,256,2,0.002232 593,112,628,222,2,0.001691 592,65,631,167,2,0.001229
/home/dysjin/data/CARLA.v20-carla_v20.coco/valid/Town02_005280_png.rf.ec981f5d8aec80a53ec1f9961c2321af.jpg 574,50,623,162,2,0.941192 560,0,638,188,2,0.008495 554,60,600,146,2,0.001951
/home/dysjin/data/CARLA.v20-carla_v20.coco/valid/001509_png.rf.ed3baed466e7f65c1a01fb57bf942b65.jpg 591,76,633,191,1,0.922899 570,49,640,220,1,0.060092 376,236,383,254,2,0.008816 529,7,640,246,0,0.004658 383,236,390,256,2,0.004218 406,0,640,480,0,0.002911 593,112,628,221,2,0.001349 592,65,631,167,2,0.001346
/home/dysjin/data/CARLA.v20-carla_v20.coco/valid/075724_png.rf.e0c3e9a2b7f318c71e76ccdcb0dda6a1.jpg 376,209,385,232,1,0.959043 373,197,388,240,1,0.003997
/home/dysjin/data/CARLA.v20-carla_v20.coco/valid/Town01_003120_png.rf.e8102012d0fd77f9a4e66da971c70a18.jpg 567,58,607,144,0,0.915860 553,33,618,179,0,0.012391 558,90,599,130,0,0.003176 559,60,608,172,1,0.001180
/home/dysjin/data/CARLA.v20-carla_v20.coco/valid/112477_png.rf.ecf5d82849f8b68362ce65c8d2645a1c.jpg 421,181,436,222,2,0.967784 414,151,433,242,2,0.001558
/home/dysjin/data/CARLA.v20-carla_v20.coco/valid/001270_png.rf.ed6bb3904ae87dd4ef07338f3f0f626a.jpg 361,211,370,231,1,0.955150 359,196,375,241,1,0.002698
/home/dysjin/data/CARLA.v20-carla_v20.coco/valid/Town02_001980_png.rf.ee7206fcf98c96c61f2900b25e79ce20.jpg 399,133,408,183,2,0.724290 345,174,352,191,2,0.017966 401,132,412,173,1,0.009483 337,172,345,191,2,0.008638 384,108,413,210,2,0.004915
/home/dysjin/data/CARLA.v20-carla_v20.coco/valid/004263_png.rf.e0588fc5a69e43640623e78a55ad9165.jpg 421,179,438,221,2,0.886950 412,158,436,238,2,0.003823
/home/dysjin/data/CARLA.v20-carla_v20.coco/valid/112475_png.rf.df928fa484eb08e1454caacc1e194352.jpg 421,181,436,222,2,0.966885 414,150,433,244,2,0.001617
/home/dysjin/data/CARLA.v20-carla_v20.coco/valid/001331_png.rf.f35659e30d08c388b3963206bae9713b.jpg 388,202,396,231,1,0.857071
/home/dysjin/data/CARLA.v20-carla_v20.coco/valid/Town02_003120_png.rf.f36fecf8d2ee4965c1f3bddaaaad5f33.jpg 552,65,586,178,2,0.935243 542,34,594,230,2,0.021583 551,33,589,148,1,0.002842 533,59,574,146,2,0.002444
/home/dysjin/data/CARLA.v20-carla_v20.coco/valid/001245_png.rf.fb13d5414216a61be5ab1c3bb0c457c4.jpg 370,208,378,233,0,0.976146 367,197,384,243,0,0.006146
/home/dysjin/data/CARLA.v20-carla_v20.coco/valid/Town01_005460_png.rf.f3a920057f1914b9e5e96a79df0ca0b1.jpg 538,49,577,162,2,0.980567 529,0,581,228,2,0.027090
/home/dysjin/data/CARLA.v20-carla_v20.coco/valid/Town01_003300_png.rf.fae28071a74fa02928094ff14cdbb3aa.jpg 383,141,392,181,0,0.853703 390,154,398,183,0,0.027349 386,166,394,191,0,0.001871 367,138,405,179,0,0.001512
/home/dysjin/data/CARLA.v20-carla_v20.coco/valid/043396_png.rf.fd1d11b6357b9bb0264712f4145cbdf8.jpg 415,182,429,219,1,0.866744 385,181,458,222,1,0.005185
/home/dysjin/data/CARLA.v20-carla_v20.coco/valid/Town01_009600_png.rf.ff8a77abddeb09ebba247345e2d76c29.jpg 593,51,630,159,2,0.926306 580,0,640,221,2,0.025088 383,160,392,187,2,0.005002
/home/dysjin/data/CARLA.v20-carla_v20.coco/valid/Town01_008460_png.rf.03f3160d63f090b29499596ec3c8c4b5.jpg 531,52,573,163,2,0.975028 514,0,586,188,2,0.004002
/home/dysjin/data/CARLA.v20-carla_v20.coco/valid/005508_png.rf.0ab3da1b4970047c9b42e5bbe5d4e6f1.jpg 414,182,426,226,2,0.838996 403,119,427,297,2,0.001469 414,154,432,259,2,0.001287
/home/dysjin/data/CARLA.v20-carla_v20.coco/valid/008302_png.rf.007e2949bdfa7d1da314006e2e76bf9f.jpg 387,202,395,234,2,0.941206 162,209,173,234,2,0.002369 348,217,355,232,2,0.001332 347,223,353,240,2,0.001100
/home/dysjin/data/CARLA.v20-carla_v20.coco/valid/Town02_008340_png.rf.044a76656e2e2fe428cd425926d9acbe.jpg 541,63,582,162,2,0.857772 527,12,592,206,2,0.015201 419,186,427,207,2,0.003228 536,34,579,147,1,0.002081 544,93,565,153,2,0.001674 520,37,561,173,2,0.001387
/home/dysjin/data/CARLA.v20-carla_v20.coco/valid/075710_png.rf.0b62bb94157d1f2113ac6bbefe158022.jpg 382,209,390,234,0,0.984141 378,198,396,242,0,0.008709
/home/dysjin/data/CARLA.v20-carla_v20.coco/valid/041689_png.rf.0d648fbd58416a80b414e4503d51c42e.jpg 411,191,422,225,0,0.965755
/home/dysjin/data/CARLA.v20-carla_v20.coco/valid/Town01_012660_png.rf.01d0c3eb2f5a5f61b97b9f2487fb85b6.jpg 433,120,449,182,2,0.946498 425,93,444,205,2,0.002702 435,113,452,168,1,0.001453
/home/dysjin/data/CARLA.v20-carla_v20.coco/valid/Town02_008820_png.rf.135414697b8215dc125af6b125d3058c.jpg 396,137,409,186,2,0.746596 385,118,411,201,2,0.005095 618,22,635,194,2,0.001432 403,144,413,190,2,0.001295 416,142,423,177,2,0.001106
/home/dysjin/data/CARLA.v20-carla_v20.coco/valid/112550_png.rf.1ca2fa82e03653536df85cf5faf5753c.jpg 421,181,437,222,2,0.960984 414,151,434,242,2,0.001699
/home/dysjin/data/CARLA.v20-carla_v20.coco/valid/Town02_000780_png.rf.16d5987bcdc7d08470c1b3e757e128e5.jpg 393,138,403,182,2,0.816052 360,150,369,173,2,0.005235 386,112,410,206,2,0.003500
/home/dysjin/data/CARLA.v20-carla_v20.coco/valid/001305_png.rf.21e91298a1a8a613dfd4b2fd70a08e6e.jpg 377,204,384,230,0,0.937497 371,200,389,236,0,0.015651 392,208,398,233,0,0.001989
/home/dysjin/data/CARLA.v20-carla_v20.coco/valid/Town01_004320_png.rf.1f6552094735eb0bd49b614b7e584c58.jpg 363,152,372,184,2,0.725560 366,141,376,165,2,0.002503
/home/dysjin/data/CARLA.v20-carla_v20.coco/valid/Town02_006720_png.rf.2632fd4f3d65ff215e84d472badfd870.jpg 552,59,594,163,2,0.940558 539,11,602,210,2,0.030006 17,68,53,143,2,0.006130 442,99,456,173,2,0.004969 524,54,580,154,2,0.001218 37,61,68,148,2,0.001145
/home/dysjin/data/CARLA.v20-carla_v20.coco/valid/005482_png.rf.1eef94cb1d26525ab4b64d28fc9be58d.jpg 414,183,426,226,2,0.864560 404,117,427,299,2,0.001251 414,155,432,258,2,0.001204
/home/dysjin/data/CARLA.v20-carla_v20.coco/valid/Town01_009480_png.rf.2113ca4f54f645b50b381b8bc24f1faa.jpg 396,147,406,186,2,0.932914 403,144,410,191,2,0.010785 389,152,399,182,2,0.001183
/home/dysjin/data/CARLA.v20-carla_v20.coco/valid/Town01_008280_png.rf.2f69ce357d9638b109b359e31c238ab4.jpg 358,164,365,186,2,0.975585
/home/dysjin/data/CARLA.v20-carla_v20.coco/valid/Town01_005100_png.rf.262bb9c3104b14f5fb633de3dafd0a52.jpg 567,41,609,163,2,0.896800 558,0,615,227,2,0.096168 566,64,593,136,2,0.006309 553,11,640,134,2,0.003047
/home/dysjin/data/CARLA.v20-carla_v20.coco/valid/Town01_011940_png.rf.2554f5ab3ce2122d2ef300838472450f.jpg 533,56,572,161,2,0.979642 524,0,576,225,2,0.018186
/home/dysjin/data/CARLA.v20-carla_v20.coco/valid/041684_png.rf.2f70db5ab75442cd11fffa13a776ae97.jpg 402,192,412,229,0,0.971688
/home/dysjin/data/CARLA.v20-carla_v20.coco/valid/043387_png.rf.2ac54174f523b6a6cb2ed7cb9d7ff050.jpg 398,196,410,225,1,0.951159
/home/dysjin/data/CARLA.v20-carla_v20.coco/valid/112459_png.rf.33bdc5bd58f0f631808a95c4ceb9a78f.jpg 421,181,437,222,2,0.963451 295,219,310,298,0,0.001999 414,152,433,241,2,0.001631
/home/dysjin/data/CARLA.v20-carla_v20.coco/valid/041653_png.rf.31aa86a50239c7e6cbc52c66846dac06.jpg 371,210,379,233,0,0.986058 367,197,385,242,0,0.003219 379,213,384,235,0,0.002808
/home/dysjin/data/CARLA.v20-carla_v20.coco/valid/Town01_004860_png.rf.37a45d49d493fecaca3b7180972e4923.jpg 567,43,609,161,2,0.915476 558,0,614,227,2,0.080292
/home/dysjin/data/CARLA.v20-carla_v20.coco/valid/Town02_001080_png.rf.2d29b90fb99ccf7727caeaa1914436b4.jpg 393,138,403,182,2,0.815675 386,112,410,206,2,0.003521 360,150,369,173,2,0.003037 387,153,397,184,2,0.001544
/home/dysjin/data/CARLA.v20-carla_v20.coco/valid/Town02_005700_png.rf.39e8547ff43ddaa06ed2b24f114c8a27.jpg 376,151,384,184,2,0.836646
/home/dysjin/data/CARLA.v20-carla_v20.coco/valid/Town02_002040_png.rf.3d0fd4b3b3749ac8ebdf480959eb8e66.jpg 399,133,408,184,2,0.750004 336,171,344,191,2,0.009760 345,173,352,192,2,0.008652 384,108,413,210,2,0.005098
/home/dysjin/data/CARLA.v20-carla_v20.coco/valid/075707_png.rf.2ff4a82560cfe658387e361a6cc43ef0.jpg 382,210,390,234,0,0.984234 378,198,396,243,0,0.008165 544,238,553,257,2,0.003094
/home/dysjin/data/CARLA.v20-carla_v20.coco/valid/043408_png.rf.423899111ab297ee43cd263230701958.jpg 414,182,429,221,1,0.864009 383,176,459,227,1,0.005139
/home/dysjin/data/CARLA.v20-carla_v20.coco/valid/121245_png.rf.3c6765f574e34bb200e320d55fc2ffe7.jpg 354,210,362,234,0,0.932549 350,202,367,240,0,0.002930 366,210,373,236,0,0.001343
/home/dysjin/data/CARLA.v20-carla_v20.coco/valid/005269_png.rf.3fdac2d2a85c74c4a787e6e850a03f79.jpg 429,183,445,225,0,0.974657
/home/dysjin/data/CARLA.v20-carla_v20.coco/valid/001236_png.rf.409576651b226c5576da72e905ebe162.jpg 371,211,379,236,0,0.984251 368,198,385,244,0,0.005605
/home/dysjin/data/CARLA.v20-carla_v20.coco/valid/Town02_004920_png.rf.3cdedb8ebbe317a63567ec577e3789a8.jpg 339,166,345,182,2,0.628582 344,164,350,185,2,0.220554 356,156,362,184,2,0.032890 0,0,15,181,2,0.005758 0,41,11,131,0,0.005741 0,55,12,142,0,0.004090 328,165,335,179,2,0.002877 359,135,367,164,2,0.002777 0,31,11,118,0,0.002328 0,68,12,152,0,0.001605 0,80,12,166,0,0.001001
/home/dysjin/data/CARLA.v20-carla_v20.coco/valid/002495_png.rf.406c65b4f1f39556fe8088674255f20c.jpg 485,138,513,207,0,0.745077 191,239,199,257,2,0.039846 461,141,493,206,0,0.010202 195,237,202,255,2,0.004206 189,245,198,266,2,0.001348
/home/dysjin/data/CARLA.v20-carla_v20.coco/valid/Town02_001740_png.rf.4072bb166a4df4f9403df039e28a73f3.jpg 399,134,408,183,2,0.720678 345,173,352,192,2,0.011175 401,132,412,173,1,0.009011 337,172,345,191,2,0.007455 385,109,413,209,2,0.004872
/home/dysjin/data/CARLA.v20-carla_v20.coco/valid/Town02_003420_png.rf.4347a7bee8aec9f5c84eb5295856f9a9.jpg 552,65,586,177,2,0.931752 542,34,594,230,2,0.020928 534,60,573,145,2,0.002828 551,32,588,148,1,0.002763
/home/dysjin/data/CARLA.v20-carla_v20.coco/valid/Town01_006060_png.rf.3d76b002da6076434f028293d0c4a498.jpg 413,126,429,172,0,0.793278 384,145,393,175,2,0.002473 395,117,415,180,0,0.002091 407,122,439,195,0,0.001887
/home/dysjin/data/CARLA.v20-carla_v20.coco/valid/030045_png.rf.44afb2a25b96e7e9cf1f6928e4ffdfa2.jpg 434,169,455,215,0,0.830225 434,193,454,243,0,0.002417
/home/dysjin/data/CARLA.v20-carla_v20.coco/valid/Town02_007800_png.rf.4e6520c0e9dd39a93f5048a2caea0283.jpg 572,33,619,166,2,0.861994 558,67,599,136,2,0.005387
/home/dysjin/data/CARLA.v20-carla_v20.coco/valid/Town01_001860_png.rf.53e5db5983ad00d8986ebdc44e1e76ef.jpg 362,157,371,182,0,0.582260 367,157,375,179,0,0.141432 357,150,374,189,0,0.012191 381,157,388,182,0,0.007494 380,149,389,176,2,0.001352 357,124,368,178,0,0.001036
/home/dysjin/data/CARLA.v20-carla_v20.coco/valid/002475_png.rf.423db98833982c80b16eba29e15abd29.jpg 392,194,403,226,0,0.961445 402,198,411,226,0,0.002815
/home/dysjin/data/CARLA.v20-carla_v20.coco/valid/Town01_012060_png.rf.58e57e1a7e8d4f630323ae1827ca68bc.jpg 538,58,573,149,0,0.978352 526,27,584,189,0,0.009914
/home/dysjin/data/CARLA.v20-carla_v20.coco/valid/009044_png.rf.59d4a83882b4b6af242cbd9e0e31ba80.jpg 552,108,584,199,0,0.928748 348,215,356,232,2,0.010704 0,197,11,274,2,0.003472 536,91,601,231,0,0.003276 0,188,11,260,2,0.001729 531,139,578,184,0,0.001601 0,213,14,279,2,0.001032
/home/dysjin/data/CARLA.v20-carla_v20.coco/valid/Town02_002520_png.rf.55f8a7c01a8e4b86c99a794d7b61cd5d.jpg 393,140,403,182,2,0.775497 385,122,409,196,2,0.002371 373,157,380,180,2,0.001369 387,147,398,187,2,0.001143
/home/dysjin/data/CARLA.v20-carla_v20.coco/valid/001376_png.rf.52ccc494e9755f668a164dfef1970be7.jpg 435,171,450,217,1,0.955806 419,169,452,233,1,0.002745
/home/dysjin/data/CARLA.v20-carla_v20.coco/valid/Town02_008760_png.rf.5bfb07b6a5fbe6700b4b9c150b9c6576.jpg 396,137,409,186,2,0.764364 385,118,411,201,2,0.005458 483,175,490,193,2,0.002908 618,25,635,192,2,0.001194 416,142,424,176,2,0.001060
/home/dysjin/data/CARLA.v20-carla_v20.coco/valid/001919_png.rf.5df061a0f3682d67079db4b8e59b6d76.jpg 355,217,361,235,0,0.856328
/home/dysjin/data/CARLA.v20-carla_v20.coco/valid/112469_png.rf.4fea3a1e3f0858f468ecb362968a08fb.jpg 421,181,437,222,2,0.962020 414,151,433,242,2,0.001616
/home/dysjin/data/CARLA.v20-carla_v20.coco/valid/005263_png.rf.4d3f2af7a3d3c199581713ca3ff5cc76.jpg 424,186,439,224,0,0.731166 417,180,452,236,0,0.001259
/home/dysjin/data/CARLA.v20-carla_v20.coco/valid/026720_png.rf.5ce6cea2d4886f058887b87959cddd04.jpg 386,196,395,232,2,0.987061 347,228,355,243,2,0.001698 422,263,431,281,2,0.001089
/home/dysjin/data/CARLA.v20-carla_v20.coco/valid/Town01_008760_png.rf.8619ab6f1e0a55fcd39be2cc52aa27ad.jpg 467,79,491,165,2,0.404431 477,78,509,166,2,0.002382
/home/dysjin/data/CARLA.v20-carla_v20.coco/valid/121278_png.rf.6607158f1164a75baf620dcb66d1b07e.jpg 401,187,412,224,0,0.903561 26,212,35,233,0,0.006176
/home/dysjin/data/CARLA.v20-carla_v20.coco/valid/Town02_004620_png.rf.7280640e1c163e7c4b28010b90659788.jpg 382,147,392,181,2,0.840030 378,147,385,182,2,0.010048 390,144,398,180,2,0.005858 376,122,397,218,2,0.002266
/home/dysjin/data/CARLA.v20-carla_v20.coco/valid/010747_png.rf.72cd9b8e4f7a2ef784d2c0a03b7219ec.jpg 428,176,445,226,0,0.985988
/home/dysjin/data/CARLA.v20-carla_v20.coco/valid/Town02_001020_png.rf.79741d4293c684a4f4e895c08f1290d5.jpg 393,138,403,182,2,0.803285 385,109,410,208,2,0.003894 360,150,369,174,2,0.002629 388,153,397,184,2,0.001104
/home/dysjin/data/CARLA.v20-carla_v20.coco/valid/112362_png.rf.868e587d8bdd37c81e4872223fbdbeb4.jpg 421,181,437,222,2,0.959390 414,151,434,243,2,0.001725
/home/dysjin/data/CARLA.v20-carla_v20.coco/valid/Town01_003060_png.rf.85674efb77b24c333852c457877b34ed.jpg 546,59,581,159,2,0.904101 532,0,593,218,2,0.007677 552,34,583,145,1,0.002867 539,58,557,162,2,0.001309
/home/dysjin/data/CARLA.v20-carla_v20.coco/valid/075709_png.rf.7dd638ab9af378bf60aaa2fb92a0aea4.jpg 382,209,390,234,0,0.984575 378,197,396,243,0,0.008843 391,211,397,236,0,0.001123
/home/dysjin/data/CARLA.v20-carla_v20.coco/valid/001394_png.rf.72ecbd4106fe4eb2725c881dc7ee3f4b.jpg 464,157,487,211,1,0.952295 451,134,492,244,1,0.004228 456,151,489,234,2,0.001730
/home/dysjin/data/CARLA.v20-carla_v20.coco/valid/Town02_007380_png.rf.8809896fc46f6266a6729640bbc68e4c.jpg 551,64,584,180,2,0.899572 539,41,596,226,2,0.025738 538,65,572,138,2,0.003120 543,98,568,153,2,0.001291 551,33,587,146,1,0.001130
/home/dysjin/data/CARLA.v20-carla_v20.coco/valid/Town01_009660_png.rf.8a031c61ab7dacc4e322f2e7ad612a64.jpg 593,51,630,159,2,0.925360 580,0,640,221,2,0.024528 383,160,392,187,2,0.009735
/home/dysjin/data/CARLA.v20-carla_v20.coco/valid/005281_png.rf.8b82b07da923b5aa4ca4f6cb937956c3.jpg 490,155,514,214,0,0.961479
/home/dysjin/data/CARLA.v20-carla_v20.coco/valid/Town01_007500_png.rf.7e4c2487265d812d93246e09a19aeab2.jpg 561,36,603,159,2,0.951895 543,0,609,192,2,0.082608 557,10,606,121,1,0.003963 541,0,614,170,1,0.001013
/home/dysjin/data/CARLA.v20-carla_v20.coco/valid/Town02_005520_png.rf.8a9d2ba4122736ea3845c9e405936cce.jpg 585,47,627,160,0,0.961980 572,0,637,198,0,0.043857 367,135,384,184,0,0.024327 378,155,389,183,0,0.004799 565,52,640,111,0,0.001449
/home/dysjin/data/CARLA.v20-carla_v20.coco/valid/041669_png.rf.8f16c7cc68671f71ba068edf120b2a61.jpg 383,205,392,231,0,0.977527 380,197,397,240,0,0.014725 391,210,397,234,0,0.003266
/home/dysjin/data/CARLA.v20-carla_v20.coco/valid/005413_png.rf.9000d6e877ce40e1d5bd5387ece453c2.jpg 363,216,370,234,2,0.984914
/home/dysjin/data/CARLA.v20-carla_v20.coco/valid/004215_png.rf.9a454f3420d12d02b84df385f9483c13.jpg 383,199,392,227,2,0.958431 390,175,404,202,2,0.004249 386,192,394,214,2,0.004227
/home/dysjin/data/CARLA.v20-carla_v20.coco/valid/043383_png.rf.9696a636b2b90404d0f076aec4fcce96.jpg 391,198,401,227,1,0.964739
/home/dysjin/data/CARLA.v20-carla_v20.coco/valid/001419_png.rf.8fccb0783a4bf0c981204c9cbd565678.jpg 522,120,551,218,2,0.458347 517,125,552,203,1,0.449443 565,209,573,235,2,0.002504
