/home/dysjin/data/CARLA.v20-carla_v20.coco/valid/Town05_011820_png.rf.a721d4435d03a17b63243ff374e790d2.jpg 7,180,102,234,6,0.601009 1,192,62,230,6,0.077916 316,186,331,198,6,0.048181 41,193,114,230,6,0.009609 157,164,177,178,6,0.007183 4,205,28,228,6,0.004201 245,176,264,187,6,0.002890 355,175,373,184,3,0.002003 308,182,326,195,6,0.001756 0,200,16,233,6,0.001322 78,195,107,227,6,0.001185 363,175,383,185,6,0.001133 0,182,20,233,6,0.001105
/home/dysjin/data/CARLA.v20-carla_v20.coco/valid/Town05_005760_png.rf.a5aa9e8688171e7bfb57f36e4a648f69.jpg 312,183,329,204,6,0.668823 355,176,372,186,6,0.014421 344,175,360,187,6,0.005648 412,190,441,225,6,0.003268 99,186,113,206,1,0.002943 401,190,427,229,2,0.002834 424,173,445,228,2,0.002189 365,177,381,189,6,0.001837 343,167,359,182,3,0.001742 0,160,11,231,6,0.001575 327,183,340,201,6,0.001459 393,186,412,229,2,0.001327 328,176,342,191,6,0.001197
/home/dysjin/data/CARLA.v20-carla_v20.coco/valid/075705_png.rf.9f5447b468e0280dc956a534954f8a5e.jpg 167,242,253,300,6,0.746727 309,242,348,276,6,0.697965 3,252,168,424,6,0.608866 221,242,265,283,6,0.229866 239,247,266,271,6,0.048085 253,242,266,272,0,0.014427 353,235,370,251,6,0.004456 282,239,301,251,6,0.004063 217,250,245,292,6,0.003164 0,0,465,480,6,0.002556 290,241,310,254,6,0.002193 353,225,368,243,6,0.001423 352,245,372,266,6,0.001278
/home/dysjin/data/CARLA.v20-carla_v20.coco/valid/Town02_006840_png.rf.a4a970c10202604d1dd8c41fe9097525.jpg 577,182,637,219,6,0.581097 562,183,583,208,6,0.048461 0,199,19,241,6,0.026903 346,186,359,206,1,0.024246 199,186,213,203,6,0.022413 526,165,540,181,3,0.011822 1,191,14,227,6,0.010614 280,187,298,199,6,0.009251 529,173,543,188,3,0.005646 3,199,25,224,6,0.005168 401,186,451,212,6,0.004868 125,197,179,217,6,0.004225 344,182,357,195,6,0.003761 292,188,309,200,6,0.003727 349,187,372,200,6,0.003303 554,194,572,215,6,0.003190 527,186,544,205,6,0.002938 152,199,181,214,6,0.002712 304,188,320,200,6,0.002482 569,182,598,212,6,0.002064 537,186,555,207,6,0.002053 115,197,145,215,6,0.002039 257,188,272,200,6,0.001770 377,178,395,190,6,0.001755 0,210,14,247,6,0.001588 0,164,15,227,6,0.001517 269,188,286,201,6,0.001470 439,189,459,205,6,0.001418 367,187,385,200,6,0.001361 352,181,371,192,6,0.001276 368,179,383,193,6,0.001068 0,173,26,275,2,0.001058
/home/dysjin/data/CARLA.v20-carla_v20.coco/valid/Town02_002640_png.rf.ac6bee6a9e4c4b2a1e149670c97196c1.jpg 258,196,294,215,6,0.652370 291,187,363,248,6,0.618250 393,174,407,192,3,0.373457 67,187,91,239,2,0.022810 28,195,78,224,6,0.014450 304,182,317,205,6,0.011313 291,183,311,204,6,0.007068 296,198,326,245,6,0.003385 530,163,638,243,6,0.003150 259,191,277,211,6,0.001424 335,197,360,242,6,0.001331 584,167,639,204,6,0.001302
/home/dysjin/data/CARLA.v20-carla_v20.coco/valid/007096_png.rf.a26873f70f1467f54f0fd09ea8c1731b.jpg 543,174,620,259,3,0.496582 555,177,627,244,4,0.011302
/home/dysjin/data/CARLA.v20-carla_v20.coco/valid/041683_png.rf.abc13a183255cbb5f9aeca7d55d8b4c0.jpg 296,245,334,317,0,0.778286
/home/dysjin/data/CARLA.v20-carla_v20.coco/valid/041699_png.rf.a4a6f7fb7672ac47b317ec4fe3e21c97.jpg 294,244,333,317,0,0.739424
/home/dysjin/data/CARLA.v20-carla_v20.coco/valid/Town02_006480_png.rf.aec43468267a9993201d034f7031ee5c.jpg 357,177,370,188,3,0.064316 347,174,362,187,3,0.019130 366,177,378,187,3,0.008387 199,187,231,203,6,0.003897 217,189,240,207,6,0.003416 252,188,276,201,6,0.002965 354,184,371,198,6,0.002478
/home/dysjin/data/CARLA.v20-carla_v20.coco/valid/Town02_003060_png.rf.b28380c7e6ad26a4ccdfda39d4db7f85.jpg 550,196,619,223,6,0.627598 366,196,409,216,6,0.074008 551,195,575,223,6,0.038478 474,196,500,212,6,0.029130 528,185,545,211,6,0.020324 3,186,53,215,6,0.017045 535,193,563,219,6,0.005691 578,179,639,222,6,0.004978 606,193,634,223,6,0.002100
/home/dysjin/data/CARLA.v20-carla_v20.coco/valid/Town01_009120_png.rf.b3886317404f3c307752dac4625c4b0e.jpg 310,193,332,214,6,0.668529 369,195,400,217,6,0.045644 19,212,61,237,6,0.037420 324,191,344,205,6,0.012657 336,189,365,202,6,0.009708 540,195,559,218,6,0.003748 297,190,313,206,6,0.003282 339,187,393,212,6,0.002662 267,188,286,199,6,0.002367 513,195,532,214,6,0.001972 366,176,387,192,3,0.001813 373,178,399,192,6,0.001735 171,200,191,212,6,0.001138 339,197,367,210,6,0.001053
/home/dysjin/data/CARLA.v20-carla_v20.coco/valid/051305_png.rf.af3e2dc55ae45fc793f7f25eb6fdf7b4.jpg 427,209,462,244,3,0.580064 425,211,458,241,4,0.008598 267,236,289,249,6,0.003335
/home/dysjin/data/CARLA.v20-carla_v20.coco/valid/007291_png.rf.b33e9d647d42777054dfb5f46d23bbad.jpg 384,220,400,239,3,0.490713
/home/dysjin/data/CARLA.v20-carla_v20.coco/valid/Town05_005820_png.rf.abc3e70595852b4f2320e8b55c805a27.jpg 303,188,335,220,6,0.791834 342,166,358,178,6,0.004524 342,174,361,185,6,0.001326
/home/dysjin/data/CARLA.v20-carla_v20.coco/valid/Town05_006960_png.rf.9d31f2ffd8a1d723122d28555c0e3321.jpg 286,184,297,211,0,0.160830 606,226,639,372,3,0.011948 385,186,412,200,6,0.006668 382,178,413,194,6,0.002154
/home/dysjin/data/CARLA.v20-carla_v20.coco/valid/Town02_009720_png.rf.b20474373a38fe973889a895d5aba03e.jpg 294,204,341,258,6,0.590229 269,188,279,212,0,0.096785 191,178,208,193,3,0.017810 263,190,276,209,6,0.015138 207,198,220,217,1,0.010128 264,195,275,211,0,0.006758 292,209,321,256,1,0.003645 194,182,211,203,3,0.001560
/home/dysjin/data/CARLA.v20-carla_v20.coco/valid/Town01_002220_png.rf.9b6e376c042a4b43cdf2a33f00250d62.jpg 217,201,422,356,6,0.704841 533,187,638,271,6,0.004819 0,0,640,380,6,0.004787 256,187,271,201,6,0.001741 301,190,329,204,6,0.001686 0,0,640,380,6,0.001679 314,187,337,203,6,0.001586 280,190,301,205,6,0.001243
/home/dysjin/data/CARLA.v20-carla_v20.coco/valid/Town01_003900_png.rf.b43a572a2d61a01bb389880cf86179de.jpg 217,203,423,356,6,0.674445 1,193,33,224,6,0.013805 12,151,108,216,6,0.006670 220,189,235,209,6,0.006088 0,0,640,380,6,0.005378 0,191,14,225,6,0.003814 338,191,360,206,6,0.002501 286,190,314,207,6,0.001947 0,0,640,380,6,0.001351
/home/dysjin/data/CARLA.v20-carla_v20.coco/valid/029067_png.rf.b686edaf28a0971571945f7b069613d5.jpg 541,222,583,341,2,0.812146 1,248,55,276,6,0.006665 0,240,13,274,6,0.002804
/home/dysjin/data/CARLA.v20-carla_v20.coco/valid/Town02_004200_png.rf.b4d2f32e1287253b4f35bf521927be39.jpg 267,188,288,210,6,0.665839 376,190,399,206,6,0.147138 366,189,387,204,6,0.016715 304,187,322,199,6,0.015509 344,179,359,192,3,0.014247 354,187,370,200,6,0.010435 292,187,311,202,6,0.004675 345,185,360,200,6,0.004027 262,184,278,204,6,0.002373 318,188,334,201,6,0.001558 351,179,367,193,6,0.001052
/home/dysjin/data/CARLA.v20-carla_v20.coco/valid/Town02_002100_png.rf.b49da10e2c41ab65d4c132e46f15d3e3.jpg 272,184,290,204,6,0.512352 300,196,333,286,1,0.505617 311,187,323,205,6,0.183538 0,178,12,217,6,0.081507 393,184,409,206,6,0.010731 280,178,292,199,6,0.007536 3,186,23,212,6,0.005964 290,184,306,203,6,0.003351 310,181,324,195,6,0.002069 260,185,278,200,6,0.001715 141,186,166,206,6,0.001575 13,189,45,202,6,0.001399 403,182,418,212,6,0.001334 381,187,399,205,6,0.001162 318,180,332,192,6,0.001134 351,166,370,178,6,0.001003
/home/dysjin/data/CARLA.v20-carla_v20.coco/valid/003752_png.rf.bb0716bc5b93fa8b10f41577e20a2f35.jpg 398,215,423,243,3,0.460740 302,238,324,254,6,0.088746
/home/dysjin/data/CARLA.v20-carla_v20.coco/valid/138327_png.rf.b4aecc174d58e25a6e680c2468864172.jpg 15,237,48,305,2,0.393183 0,233,17,308,2,0.006538
/home/dysjin/data/CARLA.v20-carla_v20.coco/valid/Town05_009600_png.rf.b886b3525f44da0ae66796230d91b958.jpg 376,186,414,211,6,0.726239 465,191,499,217,6,0.693646 98,203,155,239,6,0.602538 585,183,634,211,6,0.566809 161,193,219,228,6,0.486517 99,184,220,237,6,0.440771 560,185,587,201,6,0.109877 527,186,544,199,6,0.048686 395,185,423,204,6,0.024734 416,182,433,194,6,0.023919 371,183,390,209,6,0.011942 551,180,571,193,6,0.009289 539,185,555,200,6,0.007179 189,197,219,221,6,0.007132 439,188,459,201,6,0.002517 567,180,600,197,6,0.002295 426,185,445,200,6,0.001890 629,189,639,220,6,0.001517 438,181,459,192,6,0.001295
/home/dysjin/data/CARLA.v20-carla_v20.coco/valid/Town01_002340_png.rf.b8976b6d8f366e29aeb47fb3b3146b33.jpg 217,201,422,356,6,0.697217 280,187,296,210,6,0.059177 271,188,289,205,6,0.015323 533,188,638,270,6,0.006579 277,193,298,215,1,0.006438 0,0,640,380,6,0.004968 315,186,337,202,6,0.003275 0,0,640,380,6,0.001613 256,187,273,201,6,0.001459
/home/dysjin/data/CARLA.v20-carla_v20.coco/valid/Town05_009780_png.rf.c3069a0d7ec82f2e1960c0497cec36fe.jpg 284,196,357,259,6,0.469410 435,211,465,235,6,0.141715 302,188,323,202,6,0.011972 297,188,310,207,6,0.009840 370,188,386,203,6,0.009387 311,190,338,203,6,0.003930 158,189,174,203,6,0.001950 283,214,316,251,6,0.001386
/home/dysjin/data/CARLA.v20-carla_v20.coco/valid/Town05_002700_png.rf.b9dfa75f628efa31633800bb9dfee796.jpg 365,183,388,200,6,0.480347 357,183,374,199,6,0.043766 345,184,359,199,6,0.024266 256,186,274,199,6,0.006120 389,184,404,200,6,0.003342 193,175,214,194,6,0.002673 266,186,282,200,6,0.002123 296,175,310,192,6,0.002008 389,176,407,192,6,0.001622 0,163,15,225,6,0.001518 356,179,408,198,6,0.001338 427,187,446,199,6,0.001084
/home/dysjin/data/CARLA.v20-carla_v20.coco/valid/005173_png.rf.c24ac196d86260d3a384e12093bfa5ef.jpg 473,193,528,247,3,0.386894 478,194,515,246,4,0.012041
/home/dysjin/data/CARLA.v20-carla_v20.coco/valid/Town01_005820_png.rf.c9053a957ff7561268673aaec9e095f0.jpg 298,194,345,309,1,0.709118 277,197,357,296,6,0.016336 343,174,359,188,3,0.005680 402,194,440,221,6,0.004362 122,195,138,221,2,0.002856 414,165,428,183,3,0.002039 187,202,218,218,6,0.001922 177,209,205,223,6,0.001209 554,162,571,182,6,0.001174 266,188,284,199,6,0.001128
/home/dysjin/data/CARLA.v20-carla_v20.coco/valid/Town01_011580_png.rf.c8aa9ea674a7d69974d55bf63b55ddbf.jpg 581,189,636,221,6,0.760104 266,190,290,209,6,0.701674 555,186,569,209,6,0.069749 417,197,440,214,6,0.069284 319,187,334,200,6,0.017088 554,179,567,196,6,0.009789 558,193,579,219,6,0.008182 51,195,80,227,6,0.007010 586,166,637,209,6,0.006540 377,192,402,206,6,0.005754 543,187,560,206,6,0.003789 499,178,517,190,6,0.002619 471,212,518,253,6,0.002598 574,186,596,211,6,0.002317 308,187,325,200,6,0.002091 551,189,594,224,6,0.001774 260,195,279,210,6,0.001704 328,187,345,201,6,0.001148 480,186,498,205,6,0.001115
/home/dysjin/data/CARLA.v20-carla_v20.coco/valid/Town01_007440_png.rf.bed11eeb1dde416bf8789b24a8a5c0f8.jpg 551,168,636,229,6,0.611260 528,183,551,215,6,0.430211 263,196,274,211,6,0.281672 530,176,583,220,6,0.072017 294,187,312,200,6,0.028177 370,186,409,210,6,0.019276 178,214,204,225,6,0.014615 165,216,195,227,6,0.013499 342,187,362,202,6,0.006131 220,203,237,214,6,0.005751 278,187,297,202,6,0.003520 396,187,451,213,6,0.003127 191,211,215,222,6,0.002945 208,204,227,217,6,0.001950 153,215,181,227,6,0.001033
/home/dysjin/data/CARLA.v20-carla_v20.coco/valid/Town05_011760_png.rf.c548e0a947d80bc036151e4db99afcfa.jpg 5,199,217,339,6,0.636020 317,186,328,201,6,0.112819 0,0,640,380,6,0.003087 353,176,372,185,6,0.003018 0,0,534,380,6,0.002121 257,178,272,189,6,0.001744 266,179,285,190,6,0.001395 308,182,323,196,6,0.001392 141,166,163,181,6,0.001034 295,186,313,197,6,0.001006
/home/dysjin/data/CARLA.v20-carla_v20.coco/valid/075708_png.rf.c1818fa586a2b613b2806f928a933d9d.jpg 164,241,253,298,6,0.762058 309,243,347,275,6,0.712741 4,248,167,422,6,0.624814 222,242,264,283,6,0.257537 239,246,265,270,6,0.089664 253,241,265,272,0,0.018643 352,235,368,251,6,0.004556 0,0,451,480,6,0.002606 281,240,302,252,6,0.002595 151,281,182,331,1,0.001306 145,237,186,325,1,0.001301 217,250,245,290,6,0.001216
/home/dysjin/data/CARLA.v20-carla_v20.coco/valid/Town05_009900_png.rf.c90bd5781f975f44de47fd794a1f9ac6.jpg 353,189,436,251,6,0.693265 331,186,350,202,6,0.194687 375,185,400,199,6,0.006580 403,181,420,191,6,0.005715 443,179,460,191,6,0.004788 321,185,339,202,6,0.004413 385,187,414,200,6,0.004257 415,200,429,260,1,0.002898 403,188,423,202,6,0.002626 374,184,423,208,6,0.002224 391,182,412,191,6,0.002092
/home/dysjin/data/CARLA.v20-carla_v20.coco/valid/Town05_009660_png.rf.cc2e0d6a11c64dbe092a6e9321c6a170.jpg 245,223,412,308,6,0.808292 414,186,465,215,6,0.637646 610,184,637,202,6,0.214544 210,186,226,199,6,0.042517 214,172,446,331,6,0.027474 369,179,384,191,6,0.020533 347,183,360,204,1,0.016690 354,179,373,190,6,0.011340 255,179,272,191,6,0.010571 346,181,360,196,6,0.007783 381,179,396,194,6,0.005801 333,186,353,203,6,0.002306 386,177,411,191,6,0.001604 0,0,640,380,6,0.001573 624,177,640,212,6,0.001410 350,183,371,200,6,0.001193 217,181,234,197,6,0.001135
/home/dysjin/data/CARLA.v20-carla_v20.coco/valid/003769_png.rf.c5c0c17fa97551316c57744e9608f796.jpg 494,193,552,250,3,0.305180 303,237,323,254,6,0.201727 493,198,532,246,4,0.003774
/home/dysjin/data/CARLA.v20-carla_v20.coco/valid/121197_png.rf.c99e70822c663f40252f74e6b2ad5094.jpg 251,273,405,359,6,0.832387 222,228,438,385,6,0.012027 305,239,323,259,1,0.005973 251,238,274,251,6,0.002301 302,246,324,262,6,0.001259 0,0,640,480,6,0.001010
/home/dysjin/data/CARLA.v20-carla_v20.coco/valid/004966_png.rf.c9d8d72d0920460b612251c5fddc5770.jpg 426,203,467,243,3,0.510098 431,205,463,242,4,0.377518
/home/dysjin/data/CARLA.v20-carla_v20.coco/valid/Town01_006240_png.rf.cc5628eb556a5a5bd1824a8d19313b41.jpg 311,189,324,209,6,0.286926 317,191,326,216,1,0.235186 354,178,377,188,6,0.031435 610,152,640,255,2,0.021203 609,164,639,207,6,0.020515 519,188,640,255,6,0.020068 0,190,14,249,6,0.006740 299,187,312,200,6,0.003379 614,159,640,279,6,0.002557 628,165,640,201,6,0.002359 595,194,640,248,6,0.002237 0,202,39,243,6,0.001855 308,181,323,198,6,0.001164
/home/dysjin/data/CARLA.v20-carla_v20.coco/valid/001638_png.rf.c98e4c5bc2a68de358073a26469c81b2.jpg 420,209,455,243,3,0.504175 420,211,456,241,4,0.072562 153,223,173,240,3,0.012626 47,232,84,257,6,0.007647 607,232,632,253,6,0.002459 610,223,632,250,3,0.001187
/home/dysjin/data/CARLA.v20-carla_v20.coco/valid/051274_png.rf.d5f64278c64b556983082379a316485f.jpg 556,173,636,259,3,0.477024 358,229,373,244,3,0.051421 557,169,622,255,4,0.042947
/home/dysjin/data/CARLA.v20-carla_v20.coco/valid/Town01_001440_png.rf.e4b4351effd31d5b433710cffb8243e4.jpg 383,174,400,193,3,0.380606 0,205,32,240,6,0.007214 343,175,359,186,3,0.005641 0,195,18,247,6,0.003830 268,187,284,200,6,0.002304 352,175,370,188,6,0.001342 226,178,248,192,6,0.001340
/home/dysjin/data/CARLA.v20-carla_v20.coco/valid/019121_png.rf.deb86464dd224ac85f75272f851fc0a8.jpg 503,238,564,262,6,0.708803 542,239,578,256,6,0.013599 496,239,530,258,6,0.001175 352,236,376,252,6,0.001061
/home/dysjin/data/CARLA.v20-carla_v20.coco/valid/041811_png.rf.e8d4c17844854d24f9b2bec66a8a8889.jpg 46,226,67,244,3,0.379940 0,240,14,298,6,0.027743 5,232,26,257,6,0.007415 52,227,72,243,6,0.006666 0,210,33,299,2,0.005829 0,211,26,328,6,0.002860 0,204,21,391,3,0.002289 0,244,14,314,1,0.001765 1,239,30,276,6,0.001701 8,224,24,248,3,0.001624 2,235,12,280,6,0.001334 2,224,13,262,6,0.001257
/home/dysjin/data/CARLA.v20-carla_v20.coco/valid/041657_png.rf.e06a4a0ae870ee5d8dbe97fc65b5b666.jpg 299,242,332,317,0,0.723281
/home/dysjin/data/CARLA.v20-carla_v20.coco/valid/001519_png.rf.e42bb854e84b40164ed2795569b2eb6f.jpg 573,221,586,244,3,0.510425 341,229,357,246,3,0.033534 605,236,622,257,6,0.031720
/home/dysjin/data/CARLA.v20-carla_v20.coco/valid/Town02_005280_png.rf.ec981f5d8aec80a53ec1f9961c2321af.jpg 49,200,114,223,6,0.766567 157,198,206,268,1,0.195264 0,191,13,223,6,0.141234 92,202,131,223,6,0.120905 163,205,211,261,6,0.087667 377,189,399,202,6,0.034618 39,201,73,221,6,0.007478 2,195,23,221,6,0.004991 0,200,11,230,6,0.003503 629,214,640,247,6,0.003378 33,186,129,235,6,0.003193 0,176,10,223,6,0.002100 114,199,136,219,6,0.001645
/home/dysjin/data/CARLA.v20-carla_v20.coco/valid/001509_png.rf.ed3baed466e7f65c1a01fb57bf942b65.jpg 573,222,586,244,3,0.490177 341,230,357,245,3,0.076957 604,237,622,257,6,0.050968 301,237,324,250,6,0.001968
/home/dysjin/data/CARLA.v20-carla_v20.coco/valid/033890_png.rf.e368755037cdc345b45b625d64db27a1.jpg 592,227,632,325,2,0.797846 257,242,412,352,6,0.779068 252,234,282,375,0,0.018840 386,239,417,373,1,0.006874 216,227,453,419,6,0.003989 400,244,422,265,6,0.001486 0,0,640,480,6,0.001453 85,255,104,283,2,0.001210
/home/dysjin/data/CARLA.v20-carla_v20.coco/valid/075724_png.rf.e0c3e9a2b7f318c71e76ccdcb0dda6a1.jpg 293,244,330,272,6,0.684850 194,247,241,288,6,0.564564 64,252,206,338,6,0.460630 0,259,82,431,6,0.358575 0,239,79,418,0,0.230308 0,254,73,480,6,0.114816 271,239,288,252,6,0.030136 8,259,69,399,1,0.018941 280,239,296,256,6,0.005805 227,245,247,276,6,0.003851 122,237,235,311,6,0.002730 213,254,239,280,6,0.001973 26,239,239,450,6,0.001401 612,234,635,259,6,0.001203
/home/dysjin/data/CARLA.v20-carla_v20.coco/valid/112477_png.rf.ecf5d82849f8b68362ce65c8d2645a1c.jpg 335,235,364,304,2,0.526073 585,234,634,258,6,0.001653 626,232,640,254,6,0.001055
/home/dysjin/data/CARLA.v20-carla_v20.coco/valid/Town02_001980_png.rf.ee7206fcf98c96c61f2900b25e79ce20.jpg 300,198,341,313,1,0.756683 162,188,175,221,1,0.244649 0,191,67,223,6,0.178098 157,185,178,215,0,0.134850 41,195,71,217,6,0.035337 305,190,322,205,6,0.010383 278,202,355,295,6,0.007396 0,187,12,222,6,0.003959 281,186,296,200,6,0.003743 294,188,309,203,6,0.003315 147,183,170,210,6,0.002414 0,175,10,216,6,0.002263 392,186,409,208,6,0.002162 269,186,286,199,6,0.001735 163,183,212,214,6,0.001188 49,175,68,192,3,0.001028 38,182,90,214,6,0.001023 0,191,30,223,6,0.001006
/home/dysjin/data/CARLA.v20-carla_v20.coco/valid/026829_png.rf.e6f26e62f316568466a95ba7fd18d850.jpg 375,218,390,240,3,0.549575 0,238,15,300,2,0.016332 0,228,16,291,6,0.008019 0,245,12,293,6,0.001749 631,259,640,304,6,0.001699 0,206,28,311,2,0.001597
/home/dysjin/data/CARLA.v20-carla_v20.coco/valid/007076_png.rf.d635d979c35f5dd6da756ef9889aef0b.jpg 395,217,419,240,3,0.444653
/home/dysjin/data/CARLA.v20-carla_v20.coco/valid/112475_png.rf.df928fa484eb08e1454caacc1e194352.jpg 330,239,357,296,2,0.607964
/home/dysjin/data/CARLA.v20-carla_v20.coco/valid/Town02_006960_png.rf.eedfb90c1deb0d66a31341acd2e08f4f.jpg 3,180,30,211,6,0.603497 149,164,167,183,3,0.305730 581,180,636,245,6,0.220107 213,175,242,188,6,0.020731 0,161,20,213,6,0.009464 103,174,130,186,6,0.006691 78,173,107,185,6,0.003820 156,169,167,187,3,0.001502 90,167,116,184,6,0.001340 573,184,593,207,6,0.001249 630,215,640,245,6,0.001023
/home/dysjin/data/CARLA.v20-carla_v20.coco/valid/Town05_010860_png.rf.f31c0584fff1474ad2b0f4132e874f7d.jpg 307,181,330,241,0,0.478034 4,182,53,218,6,0.259918 351,178,372,191,6,0.012147 0,189,11,221,6,0.004768 353,185,373,199,6,0.001766 305,182,337,246,2,0.001406 1,194,33,215,6,0.001289
/home/dysjin/data/CARLA.v20-carla_v20.coco/valid/Town05_004800_png.rf.ee7c080c8716cb366969ca625bb6d68b.jpg 242,185,269,206,6,0.658230 216,187,238,203,6,0.279747 346,186,362,201,6,0.202241 183,186,201,201,6,0.112104 225,184,259,203,6,0.042437 193,187,210,202,6,0.022262 320,186,337,200,6,0.012454 362,185,384,199,6,0.006984 331,186,352,200,6,0.006835 627,167,640,199,6,0.006083 362,179,387,192,6,0.004161 353,181,373,196,6,0.002735 143,167,161,180,3,0.002640 392,178,411,192,6,0.002499 263,185,281,202,6,0.002151 376,178,399,190,6,0.001857 522,210,635,380,6,0.001618 143,174,162,187,3,0.001541 134,188,150,205,1,0.001142 254,181,273,197,6,0.001050
/home/dysjin/data/CARLA.v20-carla_v20.coco/valid/Town05_009840_png.rf.f5040ce45ecca2822cb3b1b4ea8a6f61.jpg 287,194,363,257,6,0.659786 296,188,310,205,6,0.006626 464,192,478,226,2,0.005045 453,194,473,218,6,0.004249 306,190,320,207,6,0.003672 290,203,314,244,6,0.001569 346,196,362,220,0,0.001344 349,195,369,245,6,0.001299
/home/dysjin/data/CARLA.v20-carla_v20.coco/valid/041861_png.rf.f5f3812ca6c536c5c25bea3d596be111.jpg 99,239,228,322,6,0.696303 299,242,325,294,0,0.532842 402,213,430,240,3,0.374877 400,212,431,241,4,0.095301 304,246,318,293,1,0.001396
/home/dysjin/data/CARLA.v20-carla_v20.coco/valid/Town02_003120_png.rf.f36fecf8d2ee4965c1f3bddaaaad5f33.jpg 410,196,487,223,6,0.663450 611,181,638,212,6,0.494481 368,198,407,214,6,0.062650 402,199,431,222,6,0.034346 2,187,54,215,6,0.018575 616,160,640,254,6,0.006030 563,185,631,212,6,0.002458 456,200,495,217,6,0.002414 49,196,106,219,6,0.002339 526,186,544,209,6,0.001805 626,188,639,220,6,0.001714 275,188,329,213,6,0.001548 0,187,13,221,6,0.001462 559,197,586,212,6,0.001402 128,184,181,217,6,0.001111
/home/dysjin/data/CARLA.v20-carla_v20.coco/valid/003755_png.rf.f6343810071c5f5401b5697ef363285d.jpg 408,216,433,239,3,0.474866 303,238,324,254,6,0.109515 407,213,430,242,4,0.033005
/home/dysjin/data/CARLA.v20-carla_v20.coco/valid/Town01_003300_png.rf.fae28071a74fa02928094ff14cdbb3aa.jpg 269,195,357,275,6,0.784495 165,190,211,212,6,0.253083 189,197,221,211,6,0.075284 510,183,556,212,6,0.041788 271,190,286,207,6,0.019664 279,194,295,216,1,0.016517 159,196,181,210,6,0.009165 378,188,395,203,3,0.003691 316,191,339,203,6,0.001736 84,197,103,213,6,0.001025
/home/dysjin/data/CARLA.v20-carla_v20.coco/valid/138255_png.rf.fbf65e3e930393318a8312fdaefcae24.jpg 54,243,81,295,2,0.639702 47,245,86,295,3,0.002032 65,238,84,286,2,0.001538 219,237,261,252,6,0.001125
/home/dysjin/data/CARLA.v20-carla_v20.coco/valid/005373_png.rf.f68e0e113c5193c933cbee38c6a6bc2d.jpg 155,233,171,268,2,0.465367 145,232,164,269,2,0.314312 138,233,153,277,2,0.285097 2,243,17,294,2,0.012932 2,247,14,291,6,0.005639 169,238,180,273,2,0.001199
/home/dysjin/data/CARLA.v20-carla_v20.coco/valid/001630_png.rf.ff5ced110f03f998a7a6998ddf647fd2.jpg 409,215,436,238,3,0.487288 409,210,427,241,4,0.012371 378,239,401,256,6,0.003697 55,231,99,256,6,0.002577 167,223,186,240,3,0.002194
/home/dysjin/data/CARLA.v20-carla_v20.coco/valid/006662_png.rf.fa42143249c7b6a780238796639341d3.jpg 464,224,500,314,2,0.745453 269,234,284,263,2,0.003751 0,216,13,300,2,0.001710
/home/dysjin/data/CARLA.v20-carla_v20.coco/valid/Town05_004860_png.rf.f5c138159cbce172c63fa9a736f9c655.jpg 241,185,269,205,6,0.645932 216,187,238,203,6,0.283876 346,186,362,201,6,0.205663 223,185,260,202,6,0.088682 183,187,201,200,6,0.076257 193,187,211,201,6,0.033621 320,186,337,200,6,0.008685 331,186,351,200,6,0.007596 361,186,385,199,6,0.006032 627,167,640,199,6,0.005782 143,166,160,180,3,0.004191 362,179,387,192,6,0.002627 392,177,411,191,6,0.002137 353,181,373,197,6,0.002004 263,185,281,202,6,0.001925 143,174,163,187,6,0.001427 377,177,399,190,6,0.001329 134,188,150,204,1,0.001315 253,181,273,197,6,0.001173 523,225,640,380,6,0.001147
/home/dysjin/data/CARLA.v20-carla_v20.coco/valid/Town01_008460_png.rf.03f3160d63f090b29499596ec3c8c4b5.jpg 29,191,136,250,6,0.671579 541,199,562,223,6,0.381378 538,194,604,224,6,0.350631 533,183,637,236,6,0.082176 112,183,125,210,2,0.026119 12,207,123,295,6,0.016797 261,190,291,202,6,0.005497 235,196,247,215,1,0.004116 428,200,470,212,6,0.003508 631,180,640,211,6,0.002810 530,197,551,215,6,0.002105 470,199,499,213,6,0.001354 71,212,139,254,6,0.001343 515,187,532,205,6,0.001212 109,186,128,231,2,0.001148
/home/dysjin/data/CARLA.v20-carla_v20.coco/valid/005508_png.rf.0ab3da1b4970047c9b42e5bbe5d4e6f1.jpg 89,229,124,312,2,0.555583 32,236,59,283,2,0.538013 19,225,56,298,2,0.051208 175,250,203,262,6,0.005103 25,234,63,286,3,0.004733 41,220,79,304,2,0.004170
/home/dysjin/data/CARLA.v20-carla_v20.coco/valid/Town01_006180_png.rf.089d25ecaf49fe28c7f3bf0c3614732b.jpg 310,189,325,212,6,0.361892 312,193,325,213,1,0.214700 355,177,376,189,6,0.087595 390,176,418,191,6,0.087365 94,211,119,225,6,0.010769 66,210,93,228,6,0.003169 0,210,12,248,6,0.002944
/home/dysjin/data/CARLA.v20-carla_v20.coco/valid/Town02_008340_png.rf.044a76656e2e2fe428cd425926d9acbe.jpg 554,192,613,221,6,0.704671 158,191,237,247,6,0.426237 270,185,288,199,6,0.294824 151,213,212,249,6,0.007625 540,187,587,216,6,0.006767 292,186,311,197,6,0.006274 305,186,322,197,6,0.005587 246,186,260,201,6,0.005547 259,180,274,194,6,0.004048 328,199,352,210,6,0.002044 179,186,196,203,6,0.001993 630,181,640,210,6,0.001806 245,179,259,191,6,0.001306
/home/dysjin/data/CARLA.v20-carla_v20.coco/valid/075710_png.rf.0b62bb94157d1f2113ac6bbefe158022.jpg 165,241,253,298,6,0.756187 309,241,346,274,6,0.703157 4,249,168,422,6,0.624314 221,242,264,283,6,0.219694 239,247,265,271,6,0.078081 253,242,266,273,0,0.010953 352,236,368,251,6,0.003176 282,239,301,251,6,0.002973 0,0,454,480,6,0.002599 290,241,310,255,6,0.001646 217,250,244,291,6,0.001494
/home/dysjin/data/CARLA.v20-carla_v20.coco/valid/041689_png.rf.0d648fbd58416a80b414e4503d51c42e.jpg 296,244,332,314,0,0.737181
/home/dysjin/data/CARLA.v20-carla_v20.coco/valid/003751_png.rf.0ff9ef7c8c8e4f5eab52437609a3b501.jpg 396,215,418,243,3,0.483394 304,238,325,254,6,0.120665 396,213,416,242,4,0.009547
/home/dysjin/data/CARLA.v20-carla_v20.coco/valid/Town02_008820_png.rf.135414697b8215dc125af6b125d3058c.jpg 513,179,557,213,6,0.712635 270,209,363,345,6,0.648311 142,175,159,192,3,0.189534 388,185,413,202,6,0.042713 339,186,359,200,6,0.040103 510,174,596,226,6,0.028754 178,187,201,203,6,0.017595 0,177,13,239,6,0.007780 570,181,624,217,6,0.004922 0,190,15,247,6,0.004740 229,189,247,202,6,0.003809 225,187,237,206,6,0.003752 501,178,523,193,6,0.002536 269,187,282,200,6,0.002513 399,183,425,193,6,0.001824 91,197,136,222,6,0.001778 381,186,399,202,6,0.001651 0,173,8,218,6,0.001399 258,187,273,198,6,0.001339 351,186,370,199,6,0.001319 307,187,324,200,6,0.001221 368,186,386,200,6,0.001150 0,76,14,142,6,0.001120
/home/dysjin/data/CARLA.v20-carla_v20.coco/valid/006664_png.rf.1466f666c872e94bac27eba56bbdfb5b.jpg 477,226,520,322,2,0.765436 473,243,502,304,2,0.001211
/home/dysjin/data/CARLA.v20-carla_v20.coco/valid/014570_png.rf.1235b2ca71c181a49fda1bb53eaa19cd.jpg 434,234,455,285,2,0.658918 62,237,121,264,6,0.619090 301,238,332,262,6,0.521551 425,232,458,288,6,0.004347
/home/dysjin/data/CARLA.v20-carla_v20.coco/valid/112550_png.rf.1ca2fa82e03653536df85cf5faf5753c.jpg 520,227,553,311,2,0.178629 585,233,633,257,6,0.008231
/home/dysjin/data/CARLA.v20-carla_v20.coco/valid/Town02_000780_png.rf.16d5987bcdc7d08470c1b3e757e128e5.jpg 35,184,100,216,6,0.656177 280,183,301,203,6,0.648822 301,195,337,304,1,0.627263 69,188,112,213,6,0.434939 24,185,71,212,6,0.009690 87,188,137,208,6,0.007668 583,186,635,214,6,0.005124 284,207,360,291,6,0.003992 339,185,360,202,6,0.002067 0,186,9,229,6,0.001932 367,186,385,203,6,0.001810 0,198,11,237,6,0.001650
/home/dysjin/data/CARLA.v20-carla_v20.coco/valid/Town02_001500_png.rf.1e8a22666698f8954863a9939bc59942.jpg 184,192,214,215,6,0.528112 600,198,640,296,6,0.009648 439,192,478,227,6,0.003996 606,234,638,278,6,0.002085 372,188,397,206,6,0.001426 566,180,640,311,6,0.001131
/home/dysjin/data/CARLA.v20-carla_v20.coco/valid/Town05_004620_png.rf.0e4a190ca586e0e90df6b90be2c83f5b.jpg 396,183,449,210,6,0.725181 351,184,367,200,6,0.310477 281,186,297,198,6,0.179736 605,185,637,206,6,0.078276 217,186,237,197,6,0.027820 365,179,383,190,6,0.021913 379,181,397,192,6,0.004717 392,182,416,204,6,0.004602 290,185,304,202,6,0.003933 253,181,274,192,6,0.003605 582,189,638,224,6,0.003432 271,186,289,198,6,0.001373 383,184,401,199,6,0.001357 332,180,350,194,6,0.001197
/home/dysjin/data/CARLA.v20-carla_v20.coco/valid/006578_png.rf.21f08e8ed63ab67b3ef05528af8ef9e6.jpg 261,238,294,258,6,0.627348 369,220,387,239,3,0.444675
/home/dysjin/data/CARLA.v20-carla_v20.coco/valid/Town01_004320_png.rf.1f6552094735eb0bd49b614b7e584c58.jpg 267,199,364,290,6,0.787280 292,188,312,202,6,0.009234 301,186,325,200,6,0.006089 608,70,640,192,2,0.005939 215,165,236,178,6,0.004665 256,186,271,198,6,0.003203 554,110,610,189,2,0.001982 192,186,209,204,6,0.001669 317,177,335,192,6,0.001639 314,186,339,200,6,0.001633 216,174,238,187,6,0.001538 0,187,10,226,6,0.001468 562,83,640,178,2,0.001201
/home/dysjin/data/CARLA.v20-carla_v20.coco/valid/Town02_006720_png.rf.2632fd4f3d65ff215e84d472badfd870.jpg 267,190,287,209,6,0.692016 575,182,637,219,6,0.542821 562,183,583,208,6,0.049840 262,187,277,205,6,0.034677 199,186,213,203,6,0.025717 0,199,19,241,6,0.024737 347,187,359,207,1,0.013968 1,191,14,227,6,0.010972 3,199,25,224,6,0.005230 291,187,308,201,6,0.004793 526,165,540,181,3,0.004775 553,194,572,215,6,0.004386 528,174,543,189,3,0.003888 114,196,169,217,6,0.003554 526,186,544,206,6,0.003296 304,188,321,200,6,0.002617 400,186,452,213,6,0.002505 153,199,181,213,6,0.002423 536,186,556,207,6,0.002307 349,187,372,200,6,0.002156 345,181,358,195,6,0.001888 247,186,264,198,6,0.001883 569,182,599,213,6,0.001764 0,210,14,247,6,0.001593 0,164,15,227,6,0.001548 438,189,459,205,6,0.001496 377,178,395,191,6,0.001395 352,181,371,192,6,0.001189 367,187,385,200,6,0.001172 555,176,572,198,6,0.001117
/home/dysjin/data/CARLA.v20-carla_v20.coco/valid/Town05_006900_png.rf.2eaa1f5f6de8c6bffcd968f78f2f53b4.jpg 237,184,260,228,1,0.478999 608,225,639,374,3,0.012302 231,184,265,228,6,0.006506 385,187,411,201,6,0.002585 379,187,396,204,6,0.001096
/home/dysjin/data/CARLA.v20-carla_v20.coco/valid/005482_png.rf.1eef94cb1d26525ab4b64d28fc9be58d.jpg 2,220,35,319,2,0.732522 174,249,202,262,6,0.013648
/home/dysjin/data/CARLA.v20-carla_v20.coco/valid/138251_png.rf.2622df013f55b1f57387212b95c87241.jpg 79,238,99,287,2,0.151758 77,247,91,290,2,0.011020 233,238,265,251,6,0.002304
/home/dysjin/data/CARLA.v20-carla_v20.coco/valid/007070_png.rf.2316a0a54db7e4a749f421570aadd160.jpg 384,217,405,241,3,0.401421 383,214,404,241,4,0.006837
/home/dysjin/data/CARLA.v20-carla_v20.coco/valid/Town05_010920_png.rf.2325292b5e147dc41c10fe128f6256f9.jpg 299,179,336,291,0,0.807548 318,177,333,195,6,0.007674 358,186,374,200,6,0.005438 294,176,310,194,6,0.004500 303,177,325,194,6,0.002150 364,177,385,195,6,0.001127
/home/dysjin/data/CARLA.v20-carla_v20.coco/valid/Town01_006420_png.rf.2b897cd6227874bc930ae1c7e17e3b3b.jpg 311,189,325,211,6,0.296032 314,187,328,213,1,0.104756 572,161,640,243,6,0.009576 0,201,38,242,6,0.007035 298,187,313,200,6,0.006704 282,187,297,199,6,0.005608 377,183,395,206,6,0.004444 269,189,285,200,6,0.004231 377,179,394,193,3,0.003518 596,203,640,239,6,0.002703 343,175,360,187,3,0.002589 585,164,637,207,6,0.002474 0,192,17,247,6,0.002021 368,177,388,193,6,0.001861 0,211,13,246,6,0.001588 351,175,373,187,6,0.001230 258,188,275,199,6,0.001178
/home/dysjin/data/CARLA.v20-carla_v20.coco/valid/Town05_006780_png.rf.253c814d6e368b92a888141244ca1a16.jpg 167,189,208,262,0,0.253451 357,184,374,199,6,0.044561 166,193,213,253,6,0.029616 180,181,214,260,1,0.011774 167,176,208,252,2,0.011399 365,184,380,202,3,0.006328 196,175,209,186,6,0.002690
/home/dysjin/data/CARLA.v20-carla_v20.coco/valid/Town01_008280_png.rf.2f69ce357d9638b109b359e31c238ab4.jpg 65,187,112,213,6,0.575648 275,191,306,210,6,0.364255 288,191,332,210,6,0.133526 409,208,437,225,6,0.097753 187,183,200,208,2,0.027573 314,192,339,209,6,0.020432 270,188,291,202,6,0.015856 380,204,395,217,6,0.012987 388,204,412,217,6,0.008445 193,194,210,214,1,0.006544 343,189,358,201,6,0.005010 217,187,237,199,6,0.003948 630,228,640,262,6,0.003594 0,194,63,225,6,0.003321 148,187,187,201,6,0.003315 57,171,107,208,6,0.002618 456,200,492,213,6,0.002427 86,187,119,208,6,0.002104 510,202,534,220,6,0.001277 0,189,13,223,6,0.001272 28,181,83,215,6,0.001267 183,178,197,196,3,0.001260 594,205,640,242,6,0.001196 0,195,32,218,6,0.001188 327,190,348,203,6,0.001091
/home/dysjin/data/CARLA.v20-carla_v20.coco/valid/Town01_005100_png.rf.262bb9c3104b14f5fb633de3dafd0a52.jpg 578,192,600,219,6,0.318112 574,179,617,220,6,0.090492 284,202,321,217,6,0.046725 3,189,28,209,6,0.016927 324,187,351,213,1,0.008309 0,180,14,212,6,0.005806 326,188,366,215,6,0.005351 564,185,587,210,6,0.003698 550,186,569,204,6,0.002831 535,188,562,203,6,0.001711 263,201,294,215,6,0.001702 588,178,640,213,6,0.001698 315,196,342,213,6,0.001422 0,188,12,219,6,0.001015
/home/dysjin/data/CARLA.v20-carla_v20.coco/valid/Town01_011940_png.rf.2554f5ab3ce2122d2ef300838472450f.jpg 565,194,601,222,6,0.699150 206,188,268,234,6,0.514411 336,186,358,204,6,0.218264 321,185,337,202,6,0.012098 583,188,625,254,6,0.008691 269,186,286,200,6,0.006644 308,189,325,204,6,0.006003 332,181,349,198,6,0.005952 210,207,228,228,6,0.004513 599,182,639,275,6,0.003025 567,190,586,213,6,0.002821 278,188,294,200,6,0.002019 200,200,252,221,6,0.001555 566,205,586,224,6,0.001494 579,185,640,215,6,0.001013
/home/dysjin/data/CARLA.v20-carla_v20.coco/valid/041684_png.rf.2f70db5ab75442cd11fffa13a776ae97.jpg 297,245,333,317,0,0.760336
/home/dysjin/data/CARLA.v20-carla_v20.coco/valid/Town05_010980_png.rf.2071755951cd753466eb2cc53fd2fe0c.jpg 302,187,342,285,0,0.759886 267,185,288,199,6,0.012449 316,185,332,202,6,0.003797 371,187,400,202,6,0.003552 241,174,260,191,6,0.001327 275,179,299,193,6,0.001310
/home/dysjin/data/CARLA.v20-carla_v20.coco/valid/112459_png.rf.33bdc5bd58f0f631808a95c4ceb9a78f.jpg 289,236,316,298,2,0.652111 603,236,637,253,6,0.001679
/home/dysjin/data/CARLA.v20-carla_v20.coco/valid/041653_png.rf.31aa86a50239c7e6cbc52c66846dac06.jpg 300,242,331,312,0,0.646810
/home/dysjin/data/CARLA.v20-carla_v20.coco/valid/041819_png.rf.374472e0a0868df264a4100cb7734e35.jpg 23,241,67,267,6,0.660195 170,224,187,241,3,0.431422 102,236,138,307,0,0.056048 106,247,133,299,1,0.013299 168,228,185,253,3,0.007981 169,227,189,255,2,0.001853 0,226,8,260,6,0.001543 0,233,49,266,6,0.001133
/home/dysjin/data/CARLA.v20-carla_v20.coco/valid/Town05_010800_png.rf.3489607b659edfbc485537135e06f34b.jpg 5,191,124,269,6,0.772587 308,186,330,250,1,0.464414 308,184,329,243,0,0.332495 134,189,172,204,6,0.070313 344,180,358,193,6,0.044116 0,224,60,269,6,0.012429 332,179,351,191,6,0.012143 352,178,371,189,6,0.006183 68,199,139,246,6,0.005383 280,185,298,201,6,0.002496 367,177,382,189,6,0.001740 296,183,308,205,6,0.001648 271,186,285,201,6,0.001466
/home/dysjin/data/CARLA.v20-carla_v20.coco/valid/Town02_001080_png.rf.2d29b90fb99ccf7727caeaa1914436b4.jpg 301,196,336,305,1,0.661322 87,192,235,276,6,0.636713 279,183,299,203,6,0.619829 1,190,89,372,6,0.354338 2,198,80,380,6,0.056278 26,185,80,214,6,0.022380 55,195,81,215,6,0.006430 584,186,634,214,6,0.005951 5,182,60,216,6,0.005270 318,186,333,202,6,0.004102 0,168,81,306,6,0.002978 317,179,335,193,6,0.002131 0,188,10,222,6,0.002017 340,185,360,202,6,0.001675 330,185,349,203,6,0.001421 367,185,385,203,6,0.001355 3,194,31,217,6,0.001143 51,161,270,332,6,0.001010
/home/dysjin/data/CARLA.v20-carla_v20.coco/valid/Town02_005700_png.rf.39e8547ff43ddaa06ed2b24f114c8a27.jpg 254,223,402,308,6,0.788878 281,185,301,200,6,0.465772 552,192,594,206,6,0.083101 474,186,503,199,6,0.031202 314,180,334,196,6,0.030106 113,190,146,207,6,0.005793 224,176,427,335,6,0.004769 272,186,289,200,6,0.003356 386,189,411,200,6,0.002644 583,185,609,199,6,0.002299 289,180,311,196,6,0.001891 326,186,347,197,6,0.001496 377,188,398,200,6,0.001284
/home/dysjin/data/CARLA.v20-carla_v20.coco/valid/Town02_002040_png.rf.3d0fd4b3b3749ac8ebdf480959eb8e66.jpg 301,197,340,315,1,0.672677 267,184,306,213,6,0.468254 6,180,119,380,6,0.381878 289,190,336,279,6,0.260354 104,190,155,221,6,0.046065 51,175,65,193,3,0.034658 140,187,162,212,6,0.033116 262,185,277,206,6,0.025071 12,198,117,306,6,0.020310 58,195,81,218,6,0.012617 127,195,160,215,6,0.010482 299,189,326,206,6,0.008490 60,194,124,223,6,0.005158 393,186,409,207,6,0.004647 51,183,66,203,6,0.003493 59,186,74,209,6,0.002787 106,195,132,219,6,0.002293 416,186,435,210,6,0.001425 268,180,287,200,6,0.001214 79,183,134,217,6,0.001146 288,193,314,214,6,0.001132
/home/dysjin/data/CARLA.v20-carla_v20.coco/valid/075707_png.rf.2ff4a82560cfe658387e361a6cc43ef0.jpg 165,241,253,298,6,0.750638 309,242,347,275,6,0.714384 3,248,168,425,6,0.605873 222,242,263,283,6,0.197732 239,246,265,271,6,0.078797 253,242,266,272,0,0.014345 352,235,369,251,6,0.002911 0,0,446,480,6,0.002682 282,239,301,251,6,0.002299 352,246,372,267,6,0.001649 151,281,182,332,1,0.001633 290,241,309,255,6,0.001605 217,249,245,290,6,0.001523 144,237,185,325,1,0.001291
/home/dysjin/data/CARLA.v20-carla_v20.coco/valid/138320_png.rf.332f3bdf3abffc7dd973858c3061b801.jpg 56,241,79,294,2,0.591256
/home/dysjin/data/CARLA.v20-carla_v20.coco/valid/003766_png.rf.3dbe103da1003d1fb3bd18ad0d0894b4.jpg 459,198,509,243,3,0.501337 467,199,502,243,4,0.246545 302,238,323,255,6,0.076577
/home/dysjin/data/CARLA.v20-carla_v20.coco/valid/121245_png.rf.3c6765f574e34bb200e320d55fc2ffe7.jpg 271,249,359,322,6,0.792424 627,266,640,293,6,0.001022
/home/dysjin/data/CARLA.v20-carla_v20.coco/valid/Town05_011040_png.rf.3f658b3c60547a5478cb61d6b76eb55c.jpg 311,183,331,215,0,0.338524 374,188,398,202,6,0.003213 232,187,247,202,6,0.001291 311,177,324,201,6,0.001211 630,178,640,207,6,0.001063
/home/dysjin/data/CARLA.v20-carla_v20.coco/valid/Town02_004920_png.rf.3cdedb8ebbe317a63567ec577e3789a8.jpg 309,191,329,242,1,0.533829 166,187,188,200,6,0.360909 340,178,361,197,6,0.144100 364,187,384,202,6,0.023084 332,177,349,194,6,0.012770 204,189,227,203,6,0.009907 351,183,374,199,6,0.007930 176,187,200,200,6,0.005592 216,189,239,202,6,0.005559 296,193,336,233,6,0.004010 195,189,215,204,6,0.003904 228,188,251,199,6,0.002941 280,176,295,196,6,0.001694 270,186,287,199,6,0.001267 317,183,332,209,6,0.001188 320,177,337,195,6,0.001166 162,178,176,197,6,0.001146
/home/dysjin/data/CARLA.v20-carla_v20.coco/valid/Town05_002760_png.rf.41faa57cc70298c90c62fe9f6a3f08c9.jpg 366,187,390,200,6,0.119776 380,183,393,204,2,0.099446 114,187,141,200,6,0.080949 247,178,260,195,6,0.068661 256,182,265,200,6,0.018957 356,186,374,199,6,0.012181 45,176,66,212,2,0.011674 109,184,129,203,1,0.008790 189,178,214,190,6,0.008479 235,176,253,189,6,0.006601 180,176,204,188,6,0.004062 343,187,360,201,6,0.001897 318,185,333,199,6,0.001485 265,179,284,192,6,0.001197 96,186,117,200,6,0.001081 306,187,323,199,6,0.001028
/home/dysjin/data/CARLA.v20-carla_v20.coco/valid/Town02_001740_png.rf.4072bb166a4df4f9403df039e28a73f3.jpg 300,198,341,313,1,0.763347 31,184,61,208,6,0.009800 278,202,355,295,6,0.007203 282,186,295,200,6,0.007032 115,175,137,191,3,0.006231 46,177,65,193,3,0.004136 306,191,323,206,6,0.003790 293,188,307,203,6,0.003125 393,186,409,208,6,0.002392 141,186,165,205,6,0.002344 79,172,127,203,6,0.002206 0,173,8,211,6,0.001491 269,186,286,199,6,0.001357 331,186,346,201,6,0.001237
/home/dysjin/data/CARLA.v20-carla_v20.coco/valid/026849_png.rf.52e90800c02b90489d2521817c6942f7.jpg 421,208,456,242,3,0.502220 421,211,456,240,4,0.032521
/home/dysjin/data/CARLA.v20-carla_v20.coco/valid/Town02_001560_png.rf.44c7e46d6d34263ac9f429ccb2cd2655.jpg 60,189,82,209,6,0.336957 9,183,30,207,6,0.293716 80,190,94,224,1,0.238342 361,189,391,232,1,0.101115 69,185,89,216,6,0.078413 68,187,91,214,1,0.051178 355,173,398,244,2,0.034194 0,178,15,208,6,0.032274 357,186,396,235,6,0.028748 51,188,69,205,6,0.011814 118,188,138,201,6,0.005286 27,188,53,203,6,0.003558 356,187,379,232,2,0.001936 345,172,449,239,6,0.001543 0,165,12,204,6,0.001280 0,183,29,210,6,0.001118
/home/dysjin/data/CARLA.v20-carla_v20.coco/valid/Town02_003420_png.rf.4347a7bee8aec9f5c84eb5295856f9a9.jpg 8,189,101,245,6,0.656100 329,199,378,232,6,0.650558 330,184,379,239,1,0.012058 474,197,500,212,6,0.010511 63,198,114,237,6,0.005499 128,184,182,216,6,0.002351 358,186,415,216,6,0.002167 559,197,586,211,6,0.001791 369,198,402,215,6,0.001688 566,187,624,213,6,0.001475 317,199,339,221,6,0.001440 0,172,15,244,6,0.001391
/home/dysjin/data/CARLA.v20-carla_v20.coco/valid/Town01_006060_png.rf.3d76b002da6076434f028293d0c4a498.jpg 305,197,331,267,1,0.494049 231,203,249,214,6,0.030896 423,196,450,225,6,0.028768 189,210,218,223,6,0.010719 570,164,593,183,6,0.005855 180,212,207,226,6,0.004020 217,205,243,215,6,0.003502 298,203,336,259,6,0.002862 402,199,425,217,6,0.001559 402,189,421,203,6,0.001517 391,188,407,202,6,0.001386 0,187,14,252,6,0.001290 205,205,227,220,6,0.001040
/home/dysjin/data/CARLA.v20-carla_v20.coco/valid/Town02_007800_png.rf.4e6520c0e9dd39a93f5048a2caea0283.jpg 336,199,412,226,6,0.497204 515,188,552,207,6,0.351700 403,208,439,228,6,0.279732 306,189,325,204,6,0.254349 319,196,360,228,6,0.075144 577,188,594,207,6,0.025126 607,199,639,238,6,0.011419 501,185,529,202,6,0.010345 319,196,338,217,6,0.008809 612,177,640,267,6,0.008585 279,187,297,197,6,0.008237 308,188,423,238,6,0.007403 564,188,587,205,6,0.003989 0,197,16,242,6,0.003955 296,187,311,200,6,0.003761 269,188,287,199,6,0.002521 0,203,39,241,6,0.002332 550,186,568,204,6,0.001637 0,212,11,244,6,0.001018
/home/dysjin/data/CARLA.v20-carla_v20.coco/valid/Town01_001860_png.rf.53e5db5983ad00d8986ebdc44e1e76ef.jpg 211,209,427,352,6,0.749208 291,185,310,202,6,0.350288 315,187,336,201,6,0.126973 299,185,326,203,6,0.091644 233,188,251,203,6,0.010659 140,190,169,209,6,0.009447 282,181,303,197,6,0.007832 138,195,152,213,1,0.006718 241,187,260,200,6,0.006483 0,0,640,380,6,0.003572 137,189,153,210,6,0.002359 327,186,343,204,6,0.001602 156,193,169,220,1,0.001457
/home/dysjin/data/CARLA.v20-carla_v20.coco/valid/Town01_006120_png.rf.405fede50ad311216cb9943968a5cdf5.jpg 316,193,330,216,6,0.439584 355,173,368,189,3,0.104132 388,177,415,188,6,0.021547 363,185,384,198,6,0.001485 479,174,514,192,6,0.001171 406,179,442,190,6,0.001073
/home/dysjin/data/CARLA.v20-carla_v20.coco/valid/041864_png.rf.51f1d81198f2e5b7a450f586235760ec.jpg 85,238,229,324,6,0.459765 300,243,326,294,0,0.421047 418,211,446,242,3,0.405220 415,212,443,240,4,0.084020 103,198,211,330,5,0.001844 72,275,130,318,6,0.001406
/home/dysjin/data/CARLA.v20-carla_v20.coco/valid/Town01_012060_png.rf.58e57e1a7e8d4f630323ae1827ca68bc.jpg 565,194,601,222,6,0.699090 335,184,359,204,6,0.264566 268,187,287,201,6,0.046025 583,189,625,256,6,0.011171 308,190,324,206,6,0.007928 319,187,337,204,6,0.005299 599,182,639,277,6,0.003124 566,205,587,224,6,0.001983 567,190,586,213,6,0.001594
/home/dysjin/data/CARLA.v20-carla_v20.coco/valid/009044_png.rf.59d4a83882b4b6af242cbd9e0e31ba80.jpg 563,219,578,243,3,0.486742 144,237,167,259,6,0.002741 0,238,13,298,6,0.002532 0,235,9,280,6,0.002388 0,201,11,262,6,0.001286 0,197,8,244,6,0.001225
/home/dysjin/data/CARLA.v20-carla_v20.coco/valid/Town02_002520_png.rf.55f8a7c01a8e4b86c99a794d7b61cd5d.jpg 236,215,411,316,6,0.837341 170,202,225,234,6,0.729249 229,187,252,203,6,0.078625 145,177,161,193,3,0.023878 370,181,381,207,0,0.016610 0,201,12,233,6,0.014115 31,208,79,228,6,0.013901 532,179,630,272,6,0.013418 370,177,383,194,3,0.008209 0,209,32,228,6,0.007395 411,188,435,205,6,0.005209 0,190,11,227,6,0.003739 0,0,640,380,6,0.003107 369,166,384,182,3,0.001471 518,174,639,284,2,0.001470 361,183,374,204,6,0.001389 6,208,57,230,6,0.001306 53,202,82,220,6,0.001140
/home/dysjin/data/CARLA.v20-carla_v20.coco/valid/Town02_008760_png.rf.5bfb07b6a5fbe6700b4b9c150b9c6576.jpg 270,209,363,346,6,0.647792 519,176,574,214,6,0.606705 270,186,290,202,6,0.601375 142,175,159,192,3,0.210582 573,183,628,212,6,0.180863 507,182,548,212,6,0.083915 338,186,360,200,6,0.072146 389,185,413,202,6,0.031619 543,182,591,212,6,0.014052 261,186,278,200,6,0.013670 179,186,201,202,6,0.011600 0,178,14,238,6,0.007637 0,191,15,247,6,0.006401 230,188,246,201,6,0.003792 351,186,371,199,6,0.003139 225,187,237,206,6,0.002419 367,181,382,192,6,0.001972 399,183,425,193,6,0.001935 596,194,627,212,6,0.001785 305,187,324,200,6,0.001717 287,187,308,202,6,0.001556 0,174,9,218,6,0.001448 169,185,193,204,6,0.001242 388,195,412,211,6,0.001202 381,186,399,202,6,0.001176 368,185,385,200,6,0.001159 317,187,337,200,6,0.001088
/home/dysjin/data/CARLA.v20-carla_v20.coco/valid/Town01_008100_png.rf.5942043a53e2ea3c62572bf7029ed896.jpg 277,188,295,204,6,0.650672 384,197,412,214,6,0.553678 337,189,365,204,6,0.154674 156,188,182,203,6,0.087994 91,188,143,214,6,0.069292 305,186,320,199,6,0.035093 168,187,189,205,6,0.028001 289,186,307,202,6,0.011349 111,196,148,211,6,0.011121 422,193,455,205,6,0.008805 365,191,384,208,6,0.006079 142,187,169,203,6,0.003331 128,189,153,211,6,0.002289 272,195,291,210,6,0.002062 319,186,335,201,6,0.001521 200,188,230,201,6,0.001468 343,196,364,210,6,0.001115
/home/dysjin/data/CARLA.v20-carla_v20.coco/valid/Town01_010680_png.rf.5537782525200ced228c602e6dcc3456.jpg 370,180,385,193,3,0.514238 152,184,178,199,6,0.039765 176,185,207,197,6,0.019834 223,187,240,204,3,0.017076 344,185,361,201,6,0.007640 318,188,335,200,6,0.006832 163,185,193,198,6,0.006326 332,187,349,201,6,0.004888 308,188,322,200,6,0.002905 189,182,214,195,6,0.002677 357,184,376,198,6,0.002515 221,182,238,195,3,0.001482 232,196,246,212,1,0.001117
/home/dysjin/data/CARLA.v20-carla_v20.coco/valid/121155_png.rf.5eeb1497380edc240a771f68b9d34669.jpg 251,273,405,359,6,0.829928 564,216,605,305,2,0.765612 222,227,438,386,6,0.013120 303,240,324,258,1,0.003562 238,239,268,251,6,0.003507 0,0,640,480,6,0.001068
/home/dysjin/data/CARLA.v20-carla_v20.coco/valid/007085_png.rf.5a7141063cfddac158b01dce18de1e48.jpg 428,207,465,244,3,0.469013 427,211,465,242,4,0.003040
/home/dysjin/data/CARLA.v20-carla_v20.coco/valid/Town05_006720_png.rf.717ce1e22225ab6a97befb2b8effcc2a.jpg 91,191,118,207,6,0.289102 180,184,216,258,1,0.220075 177,192,222,250,6,0.072504 129,190,153,201,6,0.045757 350,180,369,193,6,0.032600 346,184,362,200,6,0.022753 181,179,218,250,2,0.005081 317,186,335,198,6,0.002744 102,187,151,205,6,0.001718 363,181,386,193,6,0.001547
/home/dysjin/data/CARLA.v20-carla_v20.coco/valid/Town01_006600_png.rf.612f31973b2db2fda3ee5293fd937a64.jpg 370,188,398,212,6,0.223868 608,16,638,52,6,0.001888 583,17,611,49,6,0.001329 294,191,309,204,6,0.001248
/home/dysjin/data/CARLA.v20-carla_v20.coco/valid/112469_png.rf.4fea3a1e3f0858f468ecb362968a08fb.jpg 313,239,342,297,2,0.587070 584,234,634,257,6,0.001535 306,239,346,299,3,0.001046
/home/dysjin/data/CARLA.v20-carla_v20.coco/valid/Town05_009540_png.rf.67accf9da191af14c5f05da1b6fe1e58.jpg 600,187,637,213,6,0.511658 550,188,568,200,6,0.002395 619,184,640,207,6,0.001082
/home/dysjin/data/CARLA.v20-carla_v20.coco/valid/041820_png.rf.69e77a8e269d90d89efc21e5026a7083.jpg 32,243,76,267,6,0.666001 179,225,197,241,3,0.288156 112,235,148,306,0,0.018217 115,250,144,298,1,0.017918 177,227,199,258,2,0.007510 178,227,196,256,3,0.006641 0,224,9,263,6,0.002267 8,237,64,266,6,0.001059
/home/dysjin/data/CARLA.v20-carla_v20.coco/valid/121278_png.rf.6607158f1164a75baf620dcb66d1b07e.jpg 273,248,359,319,6,0.776557 243,245,266,261,6,0.342457 232,247,257,261,6,0.003411
/home/dysjin/data/CARLA.v20-carla_v20.coco/valid/Town02_004620_png.rf.7280640e1c163e7c4b28010b90659788.jpg 240,219,400,311,6,0.777222 307,182,328,201,6,0.501301 280,185,300,201,6,0.418793 137,185,168,204,6,0.096542 346,184,360,205,6,0.019898 151,186,174,199,6,0.010558 272,186,289,201,6,0.007840 184,187,199,199,6,0.005765 197,189,442,360,6,0.005724 106,188,160,209,6,0.005207 287,182,317,195,6,0.005081 191,189,212,200,6,0.004531 158,179,174,191,6,0.002747 329,183,345,202,6,0.002291 255,187,273,199,6,0.002159 377,161,393,178,6,0.002106 0,0,640,380,6,0.001315 368,163,384,179,6,0.001106 170,187,188,199,6,0.001035
/home/dysjin/data/CARLA.v20-carla_v20.coco/valid/Town05_016500_png.rf.75b431585ae9c755044e81517b796324.jpg 117,195,212,248,6,0.713043 0,202,86,291,6,0.642718 343,197,391,237,6,0.640883 458,179,479,199,3,0.406802 342,189,360,206,6,0.034651 348,191,376,207,6,0.022933 429,188,445,204,6,0.021099 332,188,344,202,6,0.014940 342,204,362,233,6,0.011834 371,202,395,234,6,0.008371 30,235,75,281,6,0.002723 169,194,230,232,6,0.002279
/home/dysjin/data/CARLA.v20-carla_v20.coco/valid/Town02_001020_png.rf.79741d4293c684a4f4e895c08f1290d5.jpg 300,191,337,302,1,0.612209 0,197,90,367,6,0.422702 296,188,336,281,6,0.381059 277,182,324,212,6,0.326594 275,183,301,204,6,0.175252 28,186,77,215,6,0.102024 191,188,216,212,6,0.102018 2,199,81,380,6,0.043136 583,186,635,214,6,0.005244 331,185,350,203,6,0.005009 50,195,83,214,6,0.002696 339,180,361,194,6,0.001155 367,185,385,204,6,0.001070
/home/dysjin/data/CARLA.v20-carla_v20.coco/valid/004996_png.rf.758bfe0873e6cba6e1d99146894cae01.jpg 489,265,513,316,2,0.647898
/home/dysjin/data/CARLA.v20-carla_v20.coco/valid/Town02_001620_png.rf.77cda18f042297c4b15936a35acef602.jpg 303,190,330,252,1,0.481878 299,187,334,247,6,0.081178 175,183,188,211,0,0.034190 230,187,249,200,6,0.016885 315,186,332,209,6,0.013114 307,186,323,213,6,0.012035 243,187,261,197,6,0.011981 179,186,196,212,1,0.011505 257,186,271,198,6,0.009316 411,189,435,207,6,0.004641 262,179,286,191,6,0.002684 329,183,339,206,6,0.002436 221,187,239,201,6,0.002317 299,186,311,209,6,0.002065 378,189,401,204,6,0.001724 394,186,409,208,2,0.001327 175,190,188,217,1,0.001024
/home/dysjin/data/CARLA.v20-carla_v20.coco/valid/112362_png.rf.868e587d8bdd37c81e4872223fbdbeb4.jpg 149,235,168,278,2,0.698238 145,224,178,307,2,0.001589 139,232,172,288,6,0.001423
/home/dysjin/data/CARLA.v20-carla_v20.coco/valid/Town05_010080_png.rf.88fb23d739ffa2beacd3c5735d172d03.jpg 270,183,285,201,6,0.627496 314,184,329,217,0,0.286170 316,182,326,225,1,0.129628 310,185,327,212,6,0.022038 259,178,276,195,6,0.002770 244,167,258,182,6,0.002676 613,86,640,225,2,0.001636 244,175,259,188,6,0.001635
/home/dysjin/data/CARLA.v20-carla_v20.coco/valid/026847_png.rf.7a28094ba474fb2fab06e58f1ebea83c.jpg 412,210,443,241,3,0.475654 417,209,446,241,4,0.302381
/home/dysjin/data/CARLA.v20-carla_v20.coco/valid/075709_png.rf.7dd638ab9af378bf60aaa2fb92a0aea4.jpg 164,241,253,298,6,0.765965 309,241,347,274,6,0.724460 4,248,167,424,6,0.621964 221,242,264,283,6,0.284537 238,246,265,271,6,0.073847 253,243,266,272,0,0.011150 352,235,369,251,6,0.006500 0,0,447,480,6,0.002676 292,241,310,256,6,0.001409 217,249,245,291,6,0.001298 145,237,186,324,6,0.001101 282,240,301,251,6,0.001092 150,280,181,333,1,0.001044
/home/dysjin/data/CARLA.v20-carla_v20.coco/valid/Town02_007380_png.rf.8809896fc46f6266a6729640bbc68e4c.jpg 564,193,633,222,6,0.470186 272,188,288,203,6,0.271723 492,193,510,245,2,0.064787 508,187,537,211,6,0.047312 290,187,307,200,6,0.008623 376,187,405,203,6,0.007044 559,195,587,217,6,0.006557 554,184,571,210,6,0.005321 443,195,462,215,6,0.003067 273,195,285,211,6,0.002906 548,183,599,218,6,0.002893 258,188,277,200,6,0.002708 230,177,247,188,3,0.002322 560,209,586,257,1,0.001553 267,182,287,195,6,0.001517 606,196,639,216,6,0.001440 331,185,347,202,1,0.001336 554,174,569,193,6,0.001100
/home/dysjin/data/CARLA.v20-carla_v20.coco/valid/Town01_007500_png.rf.7e4c2487265d812d93246e09a19aeab2.jpg 532,162,636,226,6,0.743108 257,194,279,213,6,0.613291 528,180,551,214,6,0.578321 369,187,409,212,6,0.019318 527,176,585,217,6,0.014329 220,203,237,213,6,0.007951 396,188,452,213,6,0.007390 164,216,194,227,6,0.006178 179,214,203,225,6,0.005166 348,187,379,201,6,0.003048 276,188,292,205,6,0.002839 209,205,226,216,6,0.002755 251,196,265,210,6,0.001639 303,187,321,198,6,0.001416 232,199,249,210,6,0.001353 292,187,311,201,6,0.001192 193,211,214,222,6,0.001168
/home/dysjin/data/CARLA.v20-carla_v20.coco/valid/Town05_007500_png.rf.8a81a882e564e9e99b5c951d3e18dbbc.jpg 352,180,390,203,6,0.740814 304,178,320,190,6,0.355810 249,177,264,194,6,0.038539 153,185,179,203,6,0.012572 347,179,361,198,6,0.006756 425,179,448,193,6,0.005785 430,186,466,198,6,0.005472 130,170,178,206,6,0.001859 315,177,329,189,6,0.001717 254,184,268,199,0,0.001511 261,179,285,190,6,0.001318
/home/dysjin/data/CARLA.v20-carla_v20.coco/valid/Town02_005520_png.rf.8a9d2ba4122736ea3845c9e405936cce.jpg 50,200,112,224,6,0.684426 609,189,636,229,6,0.635396 93,202,132,223,6,0.240404 0,192,14,225,6,0.132809 33,202,83,224,6,0.022052 372,198,399,213,6,0.013787 371,196,386,214,1,0.012656 114,198,138,219,6,0.010958 2,197,25,221,6,0.008878 335,186,365,200,6,0.005662 600,199,628,240,6,0.003552 370,189,386,208,6,0.001914 4,197,60,222,6,0.001724 35,187,132,235,6,0.001668 601,187,621,211,6,0.001325 35,208,60,224,6,0.001020
/home/dysjin/data/CARLA.v20-carla_v20.coco/valid/041735_png.rf.891d950e6341a379e0a80f54f49c126a.jpg 272,240,307,309,0,0.639533 0,214,13,278,2,0.001455
/home/dysjin/data/CARLA.v20-carla_v20.coco/valid/041669_png.rf.8f16c7cc68671f71ba068edf120b2a61.jpg 297,244,333,319,0,0.786765
/home/dysjin/data/CARLA.v20-carla_v20.coco/valid/003814_png.rf.9123d8ff8e23490d6f5201cb816e4fc2.jpg 289,239,319,260,6,0.569784 545,175,619,257,3,0.512074 556,179,625,245,4,0.013037 267,239,292,253,6,0.005217
/home/dysjin/data/CARLA.v20-carla_v20.coco/valid/005413_png.rf.9000d6e877ce40e1d5bd5387ece453c2.jpg 106,237,124,276,2,0.726216 84,235,105,289,2,0.661986 91,237,114,281,2,0.017001 533,239,626,306,6,0.007629 96,232,133,285,6,0.001799 131,246,156,266,2,0.001138
/home/dysjin/data/CARLA.v20-carla_v20.coco/valid/Town01_001500_png.rf.9254a251a5c6eb6313adba6a6adf1620.jpg 387,174,404,193,3,0.418809 293,198,309,211,6,0.015767 226,200,253,212,6,0.009420
/home/dysjin/data/CARLA.v20-carla_v20.coco/valid/Town05_004680_png.rf.93664881511a21c1adf050e2e8993477.jpg 244,183,268,206,6,0.657434 318,174,409,227,6,0.614439 185,185,202,200,6,0.257665 281,185,298,198,6,0.058390 193,185,208,202,6,0.054541 206,186,221,200,6,0.021664 322,192,352,220,6,0.016725 263,184,284,199,6,0.013426 364,182,425,217,6,0.006904 627,167,640,199,6,0.006162 321,185,338,209,6,0.004247 320,178,334,196,6,0.003659 290,186,308,198,6,0.002534 134,188,149,204,1,0.002218 216,186,237,200,6,0.001726 254,182,271,197,6,0.001676 522,226,640,380,6,0.001378
/home/dysjin/data/CARLA.v20-carla_v20.coco/valid/138312_png.rf.93c512dad514948e54a85fd6860eba4e.jpg 95,242,114,276,2,0.358156 2,260,15,325,2,0.003210
/home/dysjin/data/CARLA.v20-carla_v20.coco/valid/005160_png.rf.922d9f2da21b5b11121905df87e629d7.jpg 401,214,430,241,3,0.440395 401,215,430,243,4,0.228631
