/home/dysjin/data/CARLA.v20-carla_v20.coco/valid/Town02_006840_png.rf.a4a970c10202604d1dd8c41fe9097525.jpg 560,56,603,96,0,0.069640 565,177,578,195,0,0.039333 441,188,454,203,0,0.015078 0,153,12,212,0,0.008370 185,150,196,169,0,0.008245 0,166,12,195,1,0.006996 206,171,222,194,0,0.004879 561,167,581,205,0,0.003586 195,149,207,170,0,0.003001 451,188,465,206,0,0.001970 200,170,213,189,0,0.001789 432,184,446,202,0,0.001557 178,143,203,176,0,0.001191 174,148,187,167,0,0.001141 541,186,555,205,0,0.001089 434,181,460,210,0,0.001088
/home/dysjin/data/CARLA.v20-carla_v20.coco/valid/Town02_002640_png.rf.ac6bee6a9e4c4b2a1e149670c97196c1.jpg 391,169,407,190,0,0.624144 360,158,397,205,0,0.001916
/home/dysjin/data/CARLA.v20-carla_v20.coco/valid/007096_png.rf.a26873f70f1467f54f0fd09ea8c1731b.jpg 541,171,622,247,0,0.260860 548,170,614,247,2,0.131387 300,106,640,254,0,0.001828
/home/dysjin/data/CARLA.v20-carla_v20.coco/valid/Town02_006480_png.rf.aec43468267a9993201d034f7031ee5c.jpg 343,166,356,185,0,0.024024 269,176,281,191,0,0.006538 352,164,368,186,0,0.002881 366,161,380,186,0,0.002018 337,158,362,191,0,0.001767 184,150,197,172,0,0.001435
/home/dysjin/data/CARLA.v20-carla_v20.coco/valid/051305_png.rf.af3e2dc55ae45fc793f7f25eb6fdf7b4.jpg 424,206,466,243,1,0.270267 427,206,463,244,0,0.096482
/home/dysjin/data/CARLA.v20-carla_v20.coco/valid/007291_png.rf.b33e9d647d42777054dfb5f46d23bbad.jpg 388,223,403,240,0,0.302930 379,214,398,238,0,0.011966 380,221,413,248,0,0.002794
/home/dysjin/data/CARLA.v20-carla_v20.coco/valid/003752_png.rf.bb0716bc5b93fa8b10f41577e20a2f35.jpg 399,214,424,245,1,0.238196 402,217,422,243,2,0.157059 397,214,426,247,0,0.022848
/home/dysjin/data/CARLA.v20-carla_v20.coco/valid/005173_png.rf.c24ac196d86260d3a384e12093bfa5ef.jpg 470,193,529,248,0,0.093533 350,0,640,372,0,0.002651
/home/dysjin/data/CARLA.v20-carla_v20.coco/valid/003769_png.rf.c5c0c17fa97551316c57744e9608f796.jpg 498,186,546,248,0,0.184105 484,162,565,279,0,0.002116
/home/dysjin/data/CARLA.v20-carla_v20.coco/valid/004966_png.rf.c9d8d72d0920460b612251c5fddc5770.jpg 427,203,467,242,1,0.326428 430,203,464,245,0,0.132755
/home/dysjin/data/CARLA.v20-carla_v20.coco/valid/001638_png.rf.c98e4c5bc2a68de358073a26469c81b2.jpg 425,211,455,239,0,0.639482 156,219,169,243,0,0.039707
/home/dysjin/data/CARLA.v20-carla_v20.coco/valid/051274_png.rf.d5f64278c64b556983082379a316485f.jpg 558,170,640,248,0,0.300418 359,224,371,240,0,0.040787 451,58,640,312,0,0.007334 330,32,640,426,0,0.001642 363,225,380,242,0,0.001177
/home/dysjin/data/CARLA.v20-carla_v20.coco/valid/Town01_001440_png.rf.e4b4351effd31d5b433710cffb8243e4.jpg 385,175,398,190,0,0.387316 344,175,355,191,0,0.032167 337,171,362,198,0,0.001734 393,181,405,201,0,0.001471 368,176,392,192,0,0.001368 361,126,389,170,0,0.001045 356,144,371,169,0,0.001006
/home/dysjin/data/CARLA.v20-carla_v20.coco/valid/041811_png.rf.e8d4c17844854d24f9b2bec66a8a8889.jpg 49,224,60,242,1,0.198309 45,219,64,250,0,0.009876 160,212,196,259,0,0.001676
/home/dysjin/data/CARLA.v20-carla_v20.coco/valid/001519_png.rf.e42bb854e84b40164ed2795569b2eb6f.jpg 574,221,589,242,0,0.445858 566,214,585,236,0,0.004105
/home/dysjin/data/CARLA.v20-carla_v20.coco/valid/001509_png.rf.ed3baed466e7f65c1a01fb57bf942b65.jpg 574,221,589,242,0,0.449448 566,214,585,237,0,0.003961
/home/dysjin/data/CARLA.v20-carla_v20.coco/valid/026829_png.rf.e6f26e62f316568466a95ba7fd18d850.jpg 375,222,390,240,0,0.578616 164,180,195,217,0,0.001082
/home/dysjin/data/CARLA.v20-carla_v20.coco/valid/007076_png.rf.d635d979c35f5dd6da756ef9889aef0b.jpg 395,214,421,245,2,0.315497 397,204,421,250,1,0.024167 389,216,420,243,0,0.011639
/home/dysjin/data/CARLA.v20-carla_v20.coco/valid/Town02_006960_png.rf.eedfb90c1deb0d66a31341acd2e08f4f.jpg 151,161,163,179,0,0.530442 148,158,173,185,0,0.002990 588,224,602,239,0,0.002294 151,169,160,187,0,0.001874
/home/dysjin/data/CARLA.v20-carla_v20.coco/valid/041861_png.rf.f5f3812ca6c536c5c25bea3d596be111.jpg 403,213,428,246,0,0.237204
/home/dysjin/data/CARLA.v20-carla_v20.coco/valid/003755_png.rf.f6343810071c5f5401b5697ef363285d.jpg 408,213,437,245,1,0.288337 405,214,431,245,0,0.016442 410,214,432,244,2,0.007558
/home/dysjin/data/CARLA.v20-carla_v20.coco/valid/001630_png.rf.ff5ced110f03f998a7a6998ddf647fd2.jpg 410,212,438,238,0,0.623343 169,221,181,242,0,0.057354 170,215,185,237,0,0.003240
/home/dysjin/data/CARLA.v20-carla_v20.coco/valid/003751_png.rf.0ff9ef7c8c8e4f5eab52437609a3b501.jpg 396,215,420,245,1,0.220845 399,217,418,243,2,0.131382 393,214,424,247,0,0.022934
/home/dysjin/data/CARLA.v20-carla_v20.coco/valid/Town02_008820_png.rf.135414697b8215dc125af6b125d3058c.jpg 145,170,157,192,1,0.026201 477,176,491,191,0,0.017687 391,182,403,204,0,0.009191 504,174,515,190,0,0.007698 417,179,430,192,0,0.005840 139,165,161,198,0,0.004708 489,176,504,192,0,0.001565 381,184,396,203,0,0.001432 405,179,418,193,0,0.001384 465,176,482,191,0,0.001136 208,150,220,169,0,0.001063 402,183,415,203,0,0.001012 428,176,441,191,0,0.001004
/home/dysjin/data/CARLA.v20-carla_v20.coco/valid/006578_png.rf.21f08e8ed63ab67b3ef05528af8ef9e6.jpg 371,222,384,239,0,0.488485 365,208,388,244,0,0.023333 358,224,380,237,0,0.005905
/home/dysjin/data/CARLA.v20-carla_v20.coco/valid/Town02_006720_png.rf.2632fd4f3d65ff215e84d472badfd870.jpg 565,177,578,195,0,0.061268 561,56,603,96,0,0.057620 441,187,454,203,0,0.013875 0,153,12,212,0,0.008252 206,172,222,194,0,0.007008 0,166,12,195,1,0.006821 185,150,197,169,0,0.006008 561,167,581,205,0,0.004915 195,149,207,170,0,0.003221 200,170,213,189,0,0.001992 451,187,465,206,0,0.001833 432,184,446,202,0,0.001577 174,148,186,167,0,0.001118 434,182,460,209,0,0.001057 552,176,571,193,0,0.001018 179,143,204,176,0,0.001009
/home/dysjin/data/CARLA.v20-carla_v20.coco/valid/007070_png.rf.2316a0a54db7e4a749f421570aadd160.jpg 380,218,404,243,2,0.199424 375,216,408,249,1,0.031382
/home/dysjin/data/CARLA.v20-carla_v20.coco/valid/041819_png.rf.374472e0a0868df264a4100cb7734e35.jpg 173,224,184,238,0,0.282151 168,220,188,245,0,0.009250 179,225,193,242,0,0.004607 162,223,180,239,0,0.002385 164,202,191,250,0,0.001687 261,209,294,258,0,0.001255
/home/dysjin/data/CARLA.v20-carla_v20.coco/valid/003766_png.rf.3dbe103da1003d1fb3bd18ad0d0894b4.jpg 461,197,509,245,1,0.260892 473,198,514,245,0,0.028131 356,223,369,243,0,0.003505
/home/dysjin/data/CARLA.v20-carla_v20.coco/valid/026849_png.rf.52e90800c02b90489d2521817c6942f7.jpg 418,205,458,239,0,0.370014
/home/dysjin/data/CARLA.v20-carla_v20.coco/valid/041864_png.rf.51f1d81198f2e5b7a450f586235760ec.jpg 417,208,442,242,0,0.333228
/home/dysjin/data/CARLA.v20-carla_v20.coco/valid/009044_png.rf.59d4a83882b4b6af242cbd9e0e31ba80.jpg 560,221,578,243,0,0.246939 0,199,15,248,1,0.046577 344,227,355,242,0,0.019606 0,202,16,258,0,0.015146 205,220,221,244,0,0.009741 549,209,580,254,0,0.003370 186,199,198,220,0,0.001178 199,221,212,239,0,0.001080
/home/dysjin/data/CARLA.v20-carla_v20.coco/valid/Town01_010680_png.rf.5537782525200ced228c602e6dcc3456.jpg 371,175,384,190,0,0.255988 363,167,391,203,0,0.001375 352,177,382,191,0,0.001002
/home/dysjin/data/CARLA.v20-carla_v20.coco/valid/007085_png.rf.5a7141063cfddac158b01dce18de1e48.jpg 431,207,462,241,2,0.426864 423,210,461,237,1,0.023968 436,200,477,248,0,0.003715 438,206,477,241,1,0.001514
/home/dysjin/data/CARLA.v20-carla_v20.coco/valid/041820_png.rf.69e77a8e269d90d89efc21e5026a7083.jpg 182,225,193,241,0,0.044959 175,224,189,238,0,0.007544 176,216,198,251,0,0.003900 270,211,306,258,0,0.001253 182,211,196,236,0,0.001121
/home/dysjin/data/CARLA.v20-carla_v20.coco/valid/Town05_016500_png.rf.75b431585ae9c755044e81517b796324.jpg 459,176,477,197,0,0.387165 32,248,75,288,0,0.017449 34,247,74,289,1,0.005116 452,163,481,207,0,0.001767
/home/dysjin/data/CARLA.v20-carla_v20.coco/valid/026847_png.rf.7a28094ba474fb2fab06e58f1ebea83c.jpg 414,209,444,238,0,0.617990
/home/dysjin/data/CARLA.v20-carla_v20.coco/valid/003814_png.rf.9123d8ff8e23490d6f5201cb816e4fc2.jpg 542,173,623,246,0,0.304923 455,67,640,299,0,0.016701 379,0,640,480,0,0.001832
/home/dysjin/data/CARLA.v20-carla_v20.coco/valid/Town01_001500_png.rf.9254a251a5c6eb6313adba6a6adf1620.jpg 387,175,402,192,0,0.407283 247,176,260,195,0,0.010813 386,157,411,196,0,0.001985 241,169,267,203,0,0.001886 254,174,269,196,0,0.001331
/home/dysjin/data/CARLA.v20-carla_v20.coco/valid/005160_png.rf.922d9f2da21b5b11121905df87e629d7.jpg 398,213,427,245,2,0.308509 399,212,430,242,1,0.048389
