/home/dysjin/data/CARLA.v20-carla_v20.coco/valid/Town02_006840_png.rf.a4a970c10202604d1dd8c41fe9097525.jpg 565,174,579,191,0,0.586513 444,185,456,200,0,0.165695 565,182,576,200,0,0.158694 569,129,599,161,0,0.061343 0,170,9,199,1,0.032419 0,156,13,209,0,0.023768 478,160,491,177,0,0.020296 573,172,586,190,0,0.011734 455,175,466,196,0,0.009624 435,184,449,202,0,0.006026 445,195,456,215,0,0.005626 559,184,570,201,0,0.005375 588,139,600,157,0,0.003780 471,160,485,179,0,0.002082 481,172,494,189,0,0.002003 470,172,482,191,0,0.001910 471,149,483,168,0,0.001576 532,174,543,194,0,0.001426 590,147,602,166,0,0.001425 2,180,11,207,1,0.001414 560,151,583,192,0,0.001334 556,175,584,206,0,0.001285 454,195,467,215,0,0.001267 558,162,570,184,0,0.001112 469,184,481,202,0,0.001077 569,193,580,216,0,0.001022 459,148,470,169,0,0.001003
/home/dysjin/data/CARLA.v20-carla_v20.coco/valid/Town02_002640_png.rf.ac6bee6a9e4c4b2a1e149670c97196c1.jpg 390,173,402,189,0,0.960466 394,180,405,201,0,0.011470 342,207,356,229,0,0.006787 418,138,432,158,0,0.004104 529,148,540,169,0,0.003845 379,169,412,190,0,0.003529 333,201,364,235,0,0.003494 410,131,439,162,0,0.002053 386,163,398,182,0,0.001941 359,185,370,206,0,0.001805 222,150,234,168,0,0.001667 359,173,371,194,0,0.001551 521,149,532,168,0,0.001483 555,136,566,156,0,0.001479 373,148,385,167,0,0.001362 387,183,398,200,0,0.001342 406,164,416,185,0,0.001325 336,200,349,219,0,0.001176 162,136,173,154,0,0.001109
/home/dysjin/data/CARLA.v20-carla_v20.coco/valid/007096_png.rf.a26873f70f1467f54f0fd09ea8c1731b.jpg 545,171,621,244,1,0.805511 384,0,395,-16,0,0.008912 396,0,407,-15,0,0.005407 407,0,419,-15,0,0.003365 359,0,370,-15,0,0.002986 348,0,359,-16,0,0.002909 372,0,382,-16,0,0.002867 469,0,481,-15,0,0.002052 420,0,432,-16,0,0.001893 432,0,444,-16,0,0.001547 408,446,421,462,0,0.001305 470,0,482,-5,0,0.001151
/home/dysjin/data/CARLA.v20-carla_v20.coco/valid/Town02_006480_png.rf.aec43468267a9993201d034f7031ee5c.jpg 347,166,359,183,0,0.422756 359,166,371,184,0,0.093865 369,163,379,181,0,0.054804 347,184,359,200,0,0.031187 371,171,382,188,0,0.025968 339,164,349,181,0,0.009027 370,185,382,202,0,0.005593 356,184,368,201,0,0.005175 380,185,392,203,0,0.003997 338,173,350,189,0,0.003808 380,161,392,182,0,0.003772 339,154,364,187,0,0.003706 372,149,384,171,0,0.003545 393,161,405,182,0,0.002247 383,171,394,192,0,0.002013 346,195,357,214,0,0.001373 396,172,406,193,0,0.001064 370,0,382,-14,0,0.001043 631,23,640,45,0,0.001008
/home/dysjin/data/CARLA.v20-carla_v20.coco/valid/051305_png.rf.af3e2dc55ae45fc793f7f25eb6fdf7b4.jpg 422,211,467,238,0,0.974501 211,4,221,20,0,0.002849 188,0,199,7,0,0.001415 631,159,640,183,0,0.001020
/home/dysjin/data/CARLA.v20-carla_v20.coco/valid/007291_png.rf.b33e9d647d42777054dfb5f46d23bbad.jpg 384,223,400,236,0,0.930695 424,0,447,-3,0,0.013365 431,0,444,-11,0,0.012755 421,0,433,-13,0,0.007732 397,0,408,-6,0,0.006519 385,0,397,-15,0,0.004121 386,232,396,249,0,0.003088 393,227,404,254,0,0.002695 371,0,383,-16,0,0.002254 379,207,403,240,0,0.002234 406,0,419,-38,0,0.001238 407,0,419,-13,0,0.001134 407,209,418,234,0,0.001100 394,0,406,-38,0,0.001080
/home/dysjin/data/CARLA.v20-carla_v20.coco/valid/003752_png.rf.bb0716bc5b93fa8b10f41577e20a2f35.jpg 396,216,424,245,1,0.664298 395,214,428,247,0,0.284291 624,158,640,234,0,0.002285 371,0,383,-14,0,0.002277 631,195,640,220,0,0.001539 382,0,394,-14,0,0.001219
/home/dysjin/data/CARLA.v20-carla_v20.coco/valid/005173_png.rf.c24ac196d86260d3a384e12093bfa5ef.jpg 479,192,534,243,1,0.193669 471,188,529,247,2,0.162760 474,183,541,244,0,0.064206
/home/dysjin/data/CARLA.v20-carla_v20.coco/valid/003769_png.rf.c5c0c17fa97551316c57744e9608f796.jpg 493,191,550,246,0,0.380581 502,190,545,238,1,0.177054
/home/dysjin/data/CARLA.v20-carla_v20.coco/valid/004966_png.rf.c9d8d72d0920460b612251c5fddc5770.jpg 426,203,470,238,1,0.924930 516,0,527,-2,0,0.001957 518,0,528,7,0,0.001774
/home/dysjin/data/CARLA.v20-carla_v20.coco/valid/001638_png.rf.c98e4c5bc2a68de358073a26469c81b2.jpg 417,210,455,235,0,0.987868 158,224,171,240,0,0.117563 616,223,627,246,0,0.014361 608,212,632,252,0,0.003521 420,218,440,229,0,0.002716 437,219,452,237,0,0.002403 605,236,620,253,0,0.002180 198,187,209,206,0,0.001189 152,224,165,242,0,0.001187 448,213,466,232,0,0.001136 383,238,396,254,0,0.001042
/home/dysjin/data/CARLA.v20-carla_v20.coco/valid/051274_png.rf.d5f64278c64b556983082379a316485f.jpg 565,170,639,248,1,0.882736 593,172,640,240,0,0.001231
/home/dysjin/data/CARLA.v20-carla_v20.coco/valid/Town01_001440_png.rf.e4b4351effd31d5b433710cffb8243e4.jpg 383,180,398,193,0,0.969587 346,175,357,188,0,0.114859 390,183,403,198,0,0.046752 271,176,282,189,0,0.035067 284,176,294,189,0,0.016639 337,175,349,189,0,0.016020 358,124,388,170,0,0.014364 296,175,307,190,0,0.012970 308,174,319,189,0,0.010420 263,175,274,191,0,0.010066 374,177,388,190,0,0.009038 359,145,372,169,0,0.009004 345,163,356,182,0,0.005291 442,160,454,181,0,0.004893 402,176,413,195,0,0.004801 348,182,359,201,0,0.004793 337,164,348,182,0,0.004539 367,135,380,162,0,0.004108 273,164,284,184,0,0.004065 430,174,442,191,0,0.003766 372,173,405,193,0,0.003720 374,185,386,198,0,0.003001 261,148,269,168,0,0.002911 250,147,262,167,0,0.002804 434,161,445,180,0,0.002667 359,158,370,180,0,0.002163 259,138,269,159,0,0.002129 273,185,284,202,0,0.001852 286,165,296,183,0,0.001775 357,176,369,191,0,0.001624 388,133,414,180,0,0.001434 310,164,320,183,0,0.001242 374,163,385,181,0,0.001232 263,162,272,181,0,0.001217 262,185,274,202,0,0.001209 323,163,334,182,0,0.001139 347,150,359,172,0,0.001077
/home/dysjin/data/CARLA.v20-carla_v20.coco/valid/041811_png.rf.e8d4c17844854d24f9b2bec66a8a8889.jpg 45,223,60,238,1,0.943487 35,218,69,244,1,0.037106 41,216,54,235,1,0.013478 247,0,259,-13,0,0.009894 48,228,59,253,1,0.007332 347,0,358,-15,0,0.005737 360,0,371,-15,0,0.004602 371,0,381,-14,0,0.003606 59,212,71,235,1,0.003417 259,0,270,-12,0,0.003215 336,0,347,-16,0,0.003163 237,0,249,-14,0,0.002865 372,0,383,-6,0,0.002528 299,0,309,-5,0,0.002269 27,214,39,230,1,0.002193 361,0,372,-7,0,0.001594 240,0,264,-3,0,0.001469 287,0,298,-14,0,0.001150 272,0,284,-14,0,0.001131 323,0,334,-15,0,0.001012
/home/dysjin/data/CARLA.v20-carla_v20.coco/valid/001519_png.rf.e42bb854e84b40164ed2795569b2eb6f.jpg 573,220,586,239,0,0.925579 570,232,581,249,0,0.027670 579,230,588,251,0,0.009066 346,226,357,242,0,0.007278 604,235,615,251,0,0.005067 564,207,589,237,0,0.003775 558,212,572,229,0,0.003350 347,235,358,251,0,0.003232 590,209,600,238,0,0.002652 559,221,572,241,0,0.001611 593,196,603,221,0,0.001531 590,232,601,251,0,0.001482 559,199,571,219,0,0.001277 568,201,580,225,0,0.001203 586,223,598,242,0,0.001107 616,197,629,218,0,0.001010
/home/dysjin/data/CARLA.v20-carla_v20.coco/valid/001509_png.rf.ed3baed466e7f65c1a01fb57bf942b65.jpg 574,220,586,239,0,0.901377 570,233,581,249,0,0.024904 578,230,588,251,0,0.008465 346,226,356,242,0,0.004952 558,212,572,229,0,0.003816 564,207,589,237,0,0.003396 590,210,600,239,0,0.002972 604,235,615,251,0,0.002715 593,196,604,222,0,0.001822 559,221,572,240,0,0.001796 420,212,432,233,0,0.001527 346,235,358,252,0,0.001526 590,232,601,251,0,0.001270 616,198,629,218,0,0.001143 608,186,635,228,0,0.001124 558,199,570,219,0,0.001006
/home/dysjin/data/CARLA.v20-carla_v20.coco/valid/026829_png.rf.e6f26e62f316568466a95ba7fd18d850.jpg 374,222,390,237,0,0.992709 373,232,384,248,0,0.005789 380,227,390,253,0,0.004795 383,187,393,206,0,0.003657 393,212,404,234,0,0.003190 336,225,347,242,0,0.002134 347,225,358,240,0,0.002009 345,213,356,233,0,0.001363 395,197,407,220,0,0.001182
/home/dysjin/data/CARLA.v20-carla_v20.coco/valid/007076_png.rf.d635d979c35f5dd6da756ef9889aef0b.jpg 393,215,421,243,0,0.403368 387,211,427,248,1,0.206414 397,219,418,241,2,0.104074 433,0,445,-16,0,0.009724 445,0,457,-15,0,0.008977 456,0,467,-16,0,0.007401 421,0,432,-16,0,0.006825 396,0,407,-15,0,0.004364 469,0,481,-15,0,0.004284 385,0,396,-15,0,0.002538 409,0,420,-15,0,0.002311 457,0,469,-7,0,0.002185 493,0,504,-14,0,0.001986 372,0,383,-15,0,0.001842 482,0,493,-15,0,0.001815 347,0,358,-15,0,0.001795 359,0,370,-15,0,0.001523 397,0,409,-6,0,0.001333
/home/dysjin/data/CARLA.v20-carla_v20.coco/valid/Town02_006960_png.rf.eedfb90c1deb0d66a31341acd2e08f4f.jpg 148,163,165,178,0,0.910611 602,148,615,167,0,0.081022 612,101,626,123,0,0.025585 138,157,173,181,0,0.018085 605,102,618,121,0,0.012903 603,158,617,176,0,0.010173 568,199,580,214,0,0.007722 555,150,569,168,0,0.006768 557,159,569,176,0,0.006590 590,185,604,202,0,0.006500 600,87,636,133,0,0.005249 595,141,621,170,0,0.004859 604,138,616,159,0,0.004831 594,148,608,166,0,0.004696 418,151,431,168,0,0.004636 612,145,624,169,0,0.004603 421,161,433,176,0,0.003785 579,199,590,215,0,0.003534 568,187,580,204,0,0.003325 150,168,160,188,0,0.003180 429,151,441,168,0,0.003020 1,137,12,158,0,0.002943 589,175,602,192,0,0.002795 89,150,102,168,0,0.002719 520,149,532,166,0,0.002663 125,150,136,168,0,0.002654 630,73,640,95,0,0.002113 160,169,171,188,0,0.001934 607,127,632,167,0,0.001874 113,151,124,169,0,0.001844 622,114,640,177,0,0.001814 346,122,357,142,0,0.001797 595,137,607,156,0,0.001768 101,151,112,169,0,0.001764 557,186,569,203,0,0.001756 581,186,594,203,0,0.001716 529,137,541,153,0,0.001624 334,136,346,154,0,0.001617 408,137,420,155,0,0.001589 565,161,580,177,0,0.001519 141,162,154,179,0,0.001452 520,137,532,155,0,0.001241 557,198,570,215,0,0.001239 335,103,362,142,0,0.001238 592,211,603,230,0,0.001234 581,174,595,192,0,0.001173 628,132,639,160,0,0.001159 335,124,347,143,0,0.001146 565,151,577,168,0,0.001120 28,150,38,168,0,0.001063 433,139,444,157,0,0.001061 506,98,518,118,0,0.001033 432,161,443,179,0,0.001010 530,128,542,145,0,0.001004
/home/dysjin/data/CARLA.v20-carla_v20.coco/valid/041861_png.rf.f5f3812ca6c536c5c25bea3d596be111.jpg 400,211,433,240,0,0.791357 405,217,425,241,1,0.367414 397,222,413,241,1,0.001300
/home/dysjin/data/CARLA.v20-carla_v20.coco/valid/003755_png.rf.f6343810071c5f5401b5697ef363285d.jpg 404,214,435,243,1,0.704008 402,210,441,244,0,0.552992
/home/dysjin/data/CARLA.v20-carla_v20.coco/valid/001630_png.rf.ff5ced110f03f998a7a6998ddf647fd2.jpg 409,211,436,239,0,0.994029 170,222,184,238,0,0.256569 198,186,210,206,0,0.023552 457,213,468,230,0,0.006238 433,436,447,451,0,0.005250 608,200,635,240,0,0.003583 603,223,618,242,0,0.003431 440,437,453,454,0,0.003313 198,197,210,216,0,0.003107 161,217,192,242,0,0.002725 466,213,477,231,0,0.002639 442,444,455,462,0,0.002335 458,222,470,239,0,0.002008 631,184,640,208,0,0.001948 616,210,630,232,0,0.001922 442,212,456,230,0,0.001880 164,222,178,240,0,0.001666 622,200,640,264,0,0.001425 593,236,606,253,0,0.001374 615,222,629,243,0,0.001370 191,178,217,211,0,0.001315 468,223,481,240,0,0.001248 410,229,423,252,0,0.001201 173,213,185,234,0,0.001054 629,233,640,253,0,0.001031
/home/dysjin/data/CARLA.v20-carla_v20.coco/valid/003751_png.rf.0ff9ef7c8c8e4f5eab52437609a3b501.jpg 394,215,420,246,1,0.761670 371,0,383,-15,0,0.002992 409,0,419,-3,0,0.001639 383,0,394,-15,0,0.001635 409,2,419,23,0,0.001238 396,0,408,-15,0,0.001170 359,0,371,-15,0,0.001079 420,0,431,-2,0,0.001068
/home/dysjin/data/CARLA.v20-carla_v20.coco/valid/Town02_008820_png.rf.135414697b8215dc125af6b125d3058c.jpg 614,72,625,94,0,0.134592 393,187,406,203,0,0.088687 479,175,491,190,0,0.046575 430,173,443,191,0,0.019914 394,160,409,180,0,0.016765 505,173,517,190,0,0.013906 386,184,399,203,0,0.013586 405,162,418,182,0,0.012307 420,172,433,191,0,0.008842 396,172,408,191,0,0.007066 404,186,418,204,0,0.006987 472,174,484,190,0,0.006465 606,64,632,101,0,0.004849 431,185,443,202,0,0.004549 442,174,453,192,0,0.004485 408,171,420,191,0,0.004324 420,185,432,204,0,0.004047 482,182,494,201,0,0.003529 395,193,407,215,0,0.003501 444,159,455,179,0,0.003234 407,146,418,170,0,0.002608 387,152,415,185,0,0.002437 506,185,517,201,0,0.002326 433,161,444,183,0,0.002211 444,148,456,169,0,0.001848 396,147,408,169,0,0.001832 385,173,398,192,0,0.001609 444,186,456,201,0,0.001550 493,176,506,192,0,0.001478 385,195,397,214,0,0.001412 335,186,346,204,0,0.001409 623,97,640,168,0,0.001398 14,112,25,136,1,0.001243 530,149,542,166,0,0.001242 544,162,556,181,0,0.001087
/home/dysjin/data/CARLA.v20-carla_v20.coco/valid/006578_png.rf.21f08e8ed63ab67b3ef05528af8ef9e6.jpg 370,223,387,237,0,0.967575 358,219,395,239,0,0.007481 372,229,382,252,0,0.002704 383,230,394,251,0,0.002069 618,16,629,35,0,0.001769 362,223,376,239,0,0.001439 456,0,468,-4,0,0.001389 362,213,374,231,0,0.001040
/home/dysjin/data/CARLA.v20-carla_v20.coco/valid/Town02_006720_png.rf.2632fd4f3d65ff215e84d472badfd870.jpg 565,174,579,191,0,0.596423 570,129,600,161,0,0.141247 566,182,577,200,0,0.105474 445,185,456,200,0,0.093393 0,170,9,199,1,0.030491 478,161,491,178,0,0.030030 0,156,13,209,0,0.022344 573,172,586,190,0,0.010165 455,175,466,196,0,0.008556 587,139,599,156,0,0.008302 559,184,570,201,0,0.004269 434,184,448,202,0,0.003568 445,196,456,215,0,0.003264 435,173,447,193,0,0.003254 481,171,494,189,0,0.002540 470,172,482,191,0,0.002352 590,146,602,165,0,0.001987 480,152,490,170,0,0.001552 532,174,543,195,0,0.001445 2,180,11,207,1,0.001326 560,151,583,192,0,0.001314 455,195,468,216,0,0.001137 533,186,543,204,0,0.001086 630,159,640,180,0,0.001057 569,193,579,216,0,0.001045
/home/dysjin/data/CARLA.v20-carla_v20.coco/valid/007070_png.rf.2316a0a54db7e4a749f421570aadd160.jpg 379,221,405,237,0,0.653125 445,0,457,-16,0,0.004389 421,0,432,-16,0,0.004181 471,0,483,-15,0,0.003867 433,0,444,-16,0,0.003140 457,0,469,-15,0,0.002930 409,0,420,-15,0,0.002706 384,0,395,-15,0,0.002651 372,0,383,-15,0,0.002349 396,0,407,-15,0,0.002162 482,0,492,-4,0,0.002059 480,0,492,-14,0,0.002031 347,0,358,-15,0,0.001696 360,0,370,-15,0,0.001688 369,208,408,245,0,0.001331 506,0,519,-15,0,0.001030
/home/dysjin/data/CARLA.v20-carla_v20.coco/valid/041819_png.rf.374472e0a0868df264a4100cb7734e35.jpg 170,223,186,237,1,0.944177 180,213,192,238,1,0.018516 160,217,194,242,1,0.017577 358,0,370,-12,0,0.003691 175,230,185,252,1,0.003651 171,202,202,243,1,0.002303 164,216,178,234,1,0.002100 370,0,381,-11,0,0.001995 226,329,299,366,2,0.001543 349,0,359,-14,0,0.001143
/home/dysjin/data/CARLA.v20-carla_v20.coco/valid/003766_png.rf.3dbe103da1003d1fb3bd18ad0d0894b4.jpg 455,193,511,247,1,0.431546 458,199,511,243,0,0.271837 419,0,432,-12,0,0.001128
/home/dysjin/data/CARLA.v20-carla_v20.coco/valid/026849_png.rf.52e90800c02b90489d2521817c6942f7.jpg 415,210,458,234,0,0.978746 622,87,640,159,0,0.007303 419,214,441,227,0,0.005716 594,97,640,150,0,0.004578 435,217,453,239,0,0.002263 607,137,637,180,0,0.002024 629,120,638,143,0,0.001602 346,214,357,231,0,0.001412 608,116,636,151,0,0.001129
/home/dysjin/data/CARLA.v20-carla_v20.coco/valid/041864_png.rf.51f1d81198f2e5b7a450f586235760ec.jpg 413,208,446,240,1,0.834705 424,215,439,241,1,0.045862 371,213,382,231,1,0.001178
/home/dysjin/data/CARLA.v20-carla_v20.coco/valid/009044_png.rf.59d4a83882b4b6af242cbd9e0e31ba80.jpg 558,220,576,241,0,0.984165 0,196,13,251,0,0.048363 0,216,9,246,0,0.026720 346,226,357,243,0,0.006639 567,228,577,252,0,0.004908 443,236,455,250,0,0.004885 420,210,432,230,0,0.003876 454,224,466,242,0,0.003677 557,232,569,250,0,0.003657 446,225,457,242,0,0.002841 531,201,542,219,0,0.002259 557,167,587,203,0,0.002073 577,211,589,237,0,0.001854 544,199,556,218,0,0.001308 406,238,422,252,0,0.001158 521,199,533,218,0,0.001043 533,210,544,229,0,0.001009 431,237,445,251,0,0.001001
/home/dysjin/data/CARLA.v20-carla_v20.coco/valid/Town01_010680_png.rf.5537782525200ced228c602e6dcc3456.jpg 368,177,384,190,0,0.942441 406,185,418,200,0,0.012010 371,182,381,199,0,0.011846 394,176,406,193,0,0.011293 322,175,334,190,0,0.010110 334,176,345,191,0,0.005795 311,176,321,190,0,0.004877 361,175,376,189,0,0.003968 357,170,392,191,0,0.003176 348,160,359,178,0,0.002810 396,184,409,201,0,0.002670 348,149,360,169,0,0.002641 594,187,605,205,0,0.002326 382,182,394,200,0,0.001755 346,176,358,191,0,0.001657 248,175,259,191,0,0.001535 237,176,248,192,0,0.001383 604,16,615,35,0,0.001329 361,163,372,180,0,0.001117 358,149,369,171,0,0.001043
/home/dysjin/data/CARLA.v20-carla_v20.coco/valid/007085_png.rf.5a7141063cfddac158b01dce18de1e48.jpg 426,207,466,240,0,0.566267 426,212,464,243,1,0.095372 445,0,457,-16,0,0.010251 433,0,445,-16,0,0.007542 457,0,468,-16,0,0.007434 371,0,383,-16,0,0.005725 396,0,407,-15,0,0.005166 421,0,432,-16,0,0.004787 384,0,395,-15,0,0.004771 347,0,358,-16,0,0.003211 469,0,481,-16,0,0.003159 360,0,370,-16,0,0.003111 482,0,495,-6,0,0.002203 492,0,505,-4,0,0.001398 408,0,420,-15,0,0.001306 421,0,433,-7,0,0.001227 336,0,347,-15,0,0.001126 482,0,494,-14,0,0.001061 458,0,470,-7,0,0.001060 430,214,452,234,0,0.001047 446,0,458,-6,0,0.001021 384,0,397,-7,0,0.001009
/home/dysjin/data/CARLA.v20-carla_v20.coco/valid/041820_png.rf.69e77a8e269d90d89efc21e5026a7083.jpg 180,223,193,238,1,0.885700 171,216,202,244,1,0.009432 176,216,190,235,1,0.008158 185,230,195,252,1,0.003515 371,0,383,-12,0,0.003495 383,0,394,-4,0,0.002046 363,0,389,-1,0,0.001575 360,0,371,-14,0,0.001121 194,214,206,235,1,0.001033
/home/dysjin/data/CARLA.v20-carla_v20.coco/valid/Town05_016500_png.rf.75b431585ae9c755044e81517b796324.jpg 459,178,478,198,0,0.854751 323,175,334,190,0,0.020827 382,198,394,215,1,0.016167 395,175,407,194,1,0.014189 196,206,229,237,0,0.012489 384,188,394,206,1,0.007914 151,176,162,191,0,0.003818 284,176,295,191,0,0.003647 312,175,324,191,0,0.003538 204,213,221,231,0,0.003165 325,184,335,203,0,0.002826 454,165,483,208,0,0.002786 334,185,344,206,0,0.002626 331,177,342,195,0,0.002277 321,164,333,182,0,0.001963 395,186,406,204,1,0.001676 260,176,272,191,0,0.001533 592,188,605,204,0,0.001352 212,175,222,191,0,0.001223 159,177,171,193,0,0.001198 210,163,220,183,0,0.001157 61,176,72,195,0,0.001145
/home/dysjin/data/CARLA.v20-carla_v20.coco/valid/026847_png.rf.7a28094ba474fb2fab06e58f1ebea83c.jpg 409,208,444,235,0,0.992273 423,216,439,239,0,0.005140 407,218,428,239,0,0.001698 406,184,422,203,0,0.001353
/home/dysjin/data/CARLA.v20-carla_v20.coco/valid/003814_png.rf.9123d8ff8e23490d6f5201cb816e4fc2.jpg 556,177,613,238,0,0.805866 594,185,621,233,0,0.013730 419,225,430,242,0,0.001707 147,0,160,-13,0,0.001221 418,236,430,251,0,0.001016
/home/dysjin/data/CARLA.v20-carla_v20.coco/valid/Town01_001500_png.rf.9254a251a5c6eb6313adba6a6adf1620.jpg 387,175,402,187,0,0.991148 613,175,629,192,0,0.178660 577,135,588,155,0,0.154544 284,174,294,189,0,0.041788 456,148,468,168,0,0.027207 607,138,619,156,0,0.025371 390,182,403,199,0,0.024882 603,176,618,192,0,0.018052 617,147,629,167,0,0.017481 274,176,284,190,0,0.016888 570,134,583,154,0,0.011931 570,127,594,160,0,0.009157 567,175,578,190,0,0.008113 626,171,636,193,0,0.007767 249,174,259,193,0,0.007345 509,127,539,164,0,0.006660 614,182,627,202,0,0.006093 592,177,604,190,0,0.006080 431,174,442,190,0,0.005521 629,156,639,186,0,0.004880 447,125,474,169,0,0.004862 624,140,640,201,0,0.004647 293,175,303,191,0,0.004102 322,176,333,192,0,0.003978 376,171,408,190,0,0.003880 333,176,344,191,0,0.003478 407,136,419,156,0,0.003078 348,174,359,190,0,0.002901 260,176,271,193,0,0.002781 309,175,323,191,0,0.002748 173,185,186,207,1,0.002637 491,128,504,145,0,0.002406 610,138,635,174,0,0.002100 626,147,636,172,0,0.002098 286,184,298,203,0,0.001949 182,174,196,198,1,0.001908 345,137,356,158,0,0.001808 398,124,424,165,0,0.001783 347,148,358,167,0,0.001760 618,161,630,182,0,0.001750 604,163,635,202,0,0.001619 520,175,530,193,0,0.001612 175,197,186,217,1,0.001590 359,175,370,190,0,0.001586 516,136,532,157,0,0.001558 581,177,594,191,0,0.001517 323,185,335,202,0,0.001482 297,162,308,182,0,0.001462 419,135,431,156,0,0.001458 599,127,623,163,0,0.001456 374,174,388,188,0,0.001438 182,186,195,206,1,0.001418 465,151,477,170,0,0.001392 444,174,455,191,0,0.001372 408,162,418,184,0,0.001371 408,145,420,168,0,0.001330 593,138,604,155,0,0.001294 605,184,619,203,0,0.001229 250,161,260,182,0,0.001151 459,159,470,178,0,0.001125 433,163,443,183,0,0.001114 447,138,457,157,0,0.001107 446,162,457,181,0,0.001076 388,110,416,159,0,0.001074 558,175,569,191,0,0.001047 528,137,540,156,0,0.001027 419,175,430,192,0,0.001010
/home/dysjin/data/CARLA.v20-carla_v20.coco/valid/005160_png.rf.922d9f2da21b5b11121905df87e629d7.jpg 399,215,431,242,1,0.819650 577,90,590,112,0,0.008019 571,81,595,118,0,0.003565 405,213,425,239,2,0.003455
