/home/dysjin/data/CARLA.v20-carla_v20.coco/valid/Town02_006840_png.rf.a4a970c10202604d1dd8c41fe9097525.jpg 560,172,579,193,0,0.945014 444,190,455,200,0,0.215888 527,176,540,190,0,0.032389 526,166,542,182,0,0.023557 441,180,453,195,0,0.013518 477,175,489,190,0,0.013309 474,165,491,183,0,0.012090 452,188,464,203,0,0.009465 452,180,463,195,0,0.009259 568,177,591,191,0,0.007627 514,190,528,203,0,0.007306 0,160,15,189,1,0.007150 465,166,481,183,0,0.007122 555,165,575,186,0,0.006644 442,198,456,210,0,0.003739 454,165,468,183,0,0.003467 432,180,444,191,0,0.003454 569,165,589,187,0,0.002884 432,188,446,201,0,0.002837 527,185,539,201,0,0.002362 521,155,544,190,0,0.002108 556,182,571,200,0,0.001911 466,175,480,191,0,0.001834 452,199,467,211,0,0.001554 555,140,584,184,0,0.001495 539,178,554,193,0,0.001252 441,166,454,184,0,0.001237 0,147,14,199,0,0.001062
/home/dysjin/data/CARLA.v20-carla_v20.coco/valid/Town02_002640_png.rf.ac6bee6a9e4c4b2a1e149670c97196c1.jpg 391,174,407,188,1,0.553594 398,164,418,185,1,0.001730
/home/dysjin/data/CARLA.v20-carla_v20.coco/valid/007096_png.rf.a26873f70f1467f54f0fd09ea8c1731b.jpg 542,161,619,252,1,0.477567 541,172,615,248,2,0.268234
/home/dysjin/data/CARLA.v20-carla_v20.coco/valid/Town02_006480_png.rf.aec43468267a9993201d034f7031ee5c.jpg 354,178,367,190,0,0.030922 345,176,361,189,0,0.003791 355,187,370,199,0,0.002222 268,177,283,191,1,0.001327 364,164,381,182,1,0.001040
/home/dysjin/data/CARLA.v20-carla_v20.coco/valid/051305_png.rf.af3e2dc55ae45fc793f7f25eb6fdf7b4.jpg 425,208,464,237,0,0.686915
/home/dysjin/data/CARLA.v20-carla_v20.coco/valid/007291_png.rf.b33e9d647d42777054dfb5f46d23bbad.jpg 384,222,401,238,1,0.306553
/home/dysjin/data/CARLA.v20-carla_v20.coco/valid/003752_png.rf.bb0716bc5b93fa8b10f41577e20a2f35.jpg 399,215,425,243,1,0.507126 398,216,425,242,2,0.292389
/home/dysjin/data/CARLA.v20-carla_v20.coco/valid/005173_png.rf.c24ac196d86260d3a384e12093bfa5ef.jpg 472,194,527,242,2,0.195846 473,192,523,234,1,0.020821 453,169,555,255,1,0.002305
/home/dysjin/data/CARLA.v20-carla_v20.coco/valid/003769_png.rf.c5c0c17fa97551316c57744e9608f796.jpg 493,194,548,243,1,0.182213 493,186,551,249,2,0.098284 482,170,572,255,1,0.007160
/home/dysjin/data/CARLA.v20-carla_v20.coco/valid/004966_png.rf.c9d8d72d0920460b612251c5fddc5770.jpg 427,204,467,237,1,0.519498 419,210,479,230,2,0.005759 423,199,459,244,2,0.003497
/home/dysjin/data/CARLA.v20-carla_v20.coco/valid/001638_png.rf.c98e4c5bc2a68de358073a26469c81b2.jpg 423,206,452,239,1,0.446786 419,208,456,235,0,0.395378
/home/dysjin/data/CARLA.v20-carla_v20.coco/valid/051274_png.rf.d5f64278c64b556983082379a316485f.jpg 558,160,635,257,1,0.461365 557,169,633,251,2,0.283409
/home/dysjin/data/CARLA.v20-carla_v20.coco/valid/Town01_001440_png.rf.e4b4351effd31d5b433710cffb8243e4.jpg 383,174,402,191,1,0.586694 343,178,357,191,1,0.006969 304,175,318,188,0,0.005046 353,112,410,189,1,0.001777 380,181,399,199,0,0.001344 292,178,309,190,0,0.001251 81,151,98,167,1,0.001135
/home/dysjin/data/CARLA.v20-carla_v20.coco/valid/041811_png.rf.e8d4c17844854d24f9b2bec66a8a8889.jpg 49,226,64,241,1,0.511295 45,215,66,250,1,0.009170
/home/dysjin/data/CARLA.v20-carla_v20.coco/valid/001519_png.rf.e42bb854e84b40164ed2795569b2eb6f.jpg 571,221,589,239,0,0.871650 576,234,589,246,0,0.006139 568,232,582,250,0,0.002972 343,227,358,242,1,0.002914 583,217,600,233,0,0.001404 580,228,604,241,0,0.001174
/home/dysjin/data/CARLA.v20-carla_v20.coco/valid/001509_png.rf.ed3baed466e7f65c1a01fb57bf942b65.jpg 572,221,588,239,0,0.901225 576,235,589,246,0,0.005296 343,228,358,242,1,0.002887 568,232,582,249,0,0.002765 583,216,600,234,0,0.001274 581,228,603,241,0,0.001241 498,263,517,277,0,0.001014
/home/dysjin/data/CARLA.v20-carla_v20.coco/valid/026829_png.rf.e6f26e62f316568466a95ba7fd18d850.jpg 372,221,394,239,0,0.964763 383,228,406,241,0,0.003480 358,227,375,244,0,0.003269 387,216,402,237,0,0.002483 377,232,393,248,0,0.001991 342,228,356,244,0,0.001190
/home/dysjin/data/CARLA.v20-carla_v20.coco/valid/007076_png.rf.d635d979c35f5dd6da756ef9889aef0b.jpg 399,212,422,245,2,0.512258 386,212,434,244,1,0.053673 406,215,432,236,2,0.007774 364,207,416,243,2,0.004320 390,217,452,246,2,0.001453
/home/dysjin/data/CARLA.v20-carla_v20.coco/valid/Town02_006960_png.rf.eedfb90c1deb0d66a31341acd2e08f4f.jpg 147,159,169,178,1,0.466263 153,156,169,173,0,0.005806 610,98,627,123,0,0.002584
/home/dysjin/data/CARLA.v20-carla_v20.coco/valid/041861_png.rf.f5f3812ca6c536c5c25bea3d596be111.jpg 398,210,430,241,1,0.326446
/home/dysjin/data/CARLA.v20-carla_v20.coco/valid/003755_png.rf.f6343810071c5f5401b5697ef363285d.jpg 409,211,436,246,1,0.445707 407,215,437,241,2,0.142432
/home/dysjin/data/CARLA.v20-carla_v20.coco/valid/001630_png.rf.ff5ced110f03f998a7a6998ddf647fd2.jpg 408,208,435,241,0,0.519088 407,207,439,249,1,0.023070
/home/dysjin/data/CARLA.v20-carla_v20.coco/valid/003751_png.rf.0ff9ef7c8c8e4f5eab52437609a3b501.jpg 398,215,421,244,1,0.453298 406,215,433,233,1,0.001397
/home/dysjin/data/CARLA.v20-carla_v20.coco/valid/Town02_008820_png.rf.135414697b8215dc125af6b125d3058c.jpg 390,186,403,201,0,0.294745 499,174,515,188,0,0.214317 478,179,491,189,0,0.181507 416,178,430,191,0,0.027721 488,176,508,190,0,0.018333 383,189,398,202,0,0.013560 429,178,443,191,0,0.011961 441,177,452,190,0,0.010269 401,179,419,193,0,0.007254 495,157,517,193,0,0.007195 440,168,455,182,0,0.006360 468,178,483,191,0,0.005754 385,176,408,210,0,0.004590 414,168,430,184,0,0.003659 266,166,283,179,0,0.003329 400,166,420,184,0,0.002690 369,187,382,202,0,0.002452 454,178,466,191,0,0.002223 390,196,404,212,0,0.001911 382,181,396,196,0,0.001592 427,168,443,184,0,0.001389 476,166,494,187,0,0.001287 428,186,441,202,0,0.001203 331,179,344,192,0,0.001012
/home/dysjin/data/CARLA.v20-carla_v20.coco/valid/006578_png.rf.21f08e8ed63ab67b3ef05528af8ef9e6.jpg 368,220,389,239,0,0.533250 358,225,375,243,0,0.001152
/home/dysjin/data/CARLA.v20-carla_v20.coco/valid/Town02_006720_png.rf.2632fd4f3d65ff215e84d472badfd870.jpg 560,173,579,193,0,0.940176 444,190,455,200,0,0.111174 527,177,539,190,0,0.049083 466,167,481,183,0,0.024746 526,166,542,183,0,0.019279 515,190,528,202,0,0.018386 441,180,453,194,0,0.017897 475,166,490,183,0,0.015454 477,175,489,190,0,0.012185 452,179,464,195,0,0.011498 568,177,590,191,0,0.010749 0,159,15,189,1,0.005375 555,165,575,186,0,0.005354 454,166,468,183,0,0.003759 432,179,444,190,0,0.003656 569,165,589,186,0,0.003504 527,185,539,200,0,0.003263 432,188,446,201,0,0.002440 441,198,456,210,0,0.002344 521,155,544,190,0,0.001870 441,166,454,185,0,0.001779 556,182,571,200,0,0.001574 452,199,467,211,0,0.001478 559,59,607,92,0,0.001316 538,178,554,194,0,0.001231 564,54,601,94,1,0.001180 555,140,584,183,0,0.001161 502,190,518,204,0,0.001024
/home/dysjin/data/CARLA.v20-carla_v20.coco/valid/007070_png.rf.2316a0a54db7e4a749f421570aadd160.jpg 387,220,403,242,2,0.452265 380,214,397,238,2,0.072293 385,219,404,243,1,0.071827 361,217,421,239,1,0.005916 360,208,418,242,2,0.002306 355,162,409,240,1,0.001600 398,217,419,234,2,0.001559 395,29,453,69,1,0.001371
/home/dysjin/data/CARLA.v20-carla_v20.coco/valid/041819_png.rf.374472e0a0868df264a4100cb7734e35.jpg 173,224,189,240,1,0.630816 178,216,195,234,1,0.003171 171,232,187,249,1,0.001515
/home/dysjin/data/CARLA.v20-carla_v20.coco/valid/003766_png.rf.3dbe103da1003d1fb3bd18ad0d0894b4.jpg 460,202,509,238,1,0.456856 465,201,503,238,2,0.104845 428,210,543,228,2,0.001577
/home/dysjin/data/CARLA.v20-carla_v20.coco/valid/026849_png.rf.52e90800c02b90489d2521817c6942f7.jpg 421,208,454,239,0,0.882476
/home/dysjin/data/CARLA.v20-carla_v20.coco/valid/041864_png.rf.51f1d81198f2e5b7a450f586235760ec.jpg 413,210,444,239,1,0.460883
/home/dysjin/data/CARLA.v20-carla_v20.coco/valid/009044_png.rf.59d4a83882b4b6af242cbd9e0e31ba80.jpg 558,219,577,238,0,0.584482 0,207,16,236,1,0.196921 1,217,16,243,1,0.003667 342,229,355,242,0,0.002987 415,229,429,244,0,0.001879 0,205,16,256,0,0.001514 476,226,493,242,0,0.001119
/home/dysjin/data/CARLA.v20-carla_v20.coco/valid/Town01_010680_png.rf.5537782525200ced228c602e6dcc3456.jpg 370,175,387,190,1,0.445039 230,177,245,191,1,0.005683
/home/dysjin/data/CARLA.v20-carla_v20.coco/valid/007085_png.rf.5a7141063cfddac158b01dce18de1e48.jpg 430,205,463,241,2,0.577486 403,203,453,243,2,0.001534 448,206,494,243,1,0.001076
/home/dysjin/data/CARLA.v20-carla_v20.coco/valid/041820_png.rf.69e77a8e269d90d89efc21e5026a7083.jpg 183,225,198,240,1,0.539529 181,216,199,236,1,0.004027 182,233,198,248,1,0.002190
/home/dysjin/data/CARLA.v20-carla_v20.coco/valid/Town05_016500_png.rf.75b431585ae9c755044e81517b796324.jpg 457,176,480,194,0,0.411411 371,201,387,215,1,0.058956 452,172,476,209,1,0.012185 377,192,394,208,1,0.006273 366,191,390,224,1,0.002620 330,191,349,203,0,0.002019 122,175,137,191,1,0.001525 460,167,478,187,1,0.001403
/home/dysjin/data/CARLA.v20-carla_v20.coco/valid/026847_png.rf.7a28094ba474fb2fab06e58f1ebea83c.jpg 412,208,444,243,0,0.899131
/home/dysjin/data/CARLA.v20-carla_v20.coco/valid/003814_png.rf.9123d8ff8e23490d6f5201cb816e4fc2.jpg 543,162,622,250,0,0.612223 543,165,639,251,1,0.051967
/home/dysjin/data/CARLA.v20-carla_v20.coco/valid/Town01_001500_png.rf.9254a251a5c6eb6313adba6a6adf1620.jpg 385,174,405,189,0,0.798409 283,179,294,192,0,0.027333 245,177,260,190,0,0.011073 331,178,343,190,0,0.007120 344,178,355,191,0,0.006963 389,184,405,197,0,0.006723 355,178,366,195,0,0.005616 318,177,332,190,0,0.004954 256,177,269,191,0,0.003870 244,166,259,181,0,0.003296 369,179,386,195,0,0.002969 329,168,343,183,0,0.002551 292,178,305,193,0,0.002494 306,179,319,193,0,0.002202 270,178,283,192,0,0.001745 219,177,236,193,1,0.001627 396,179,419,192,0,0.001458 318,167,333,182,0,0.001245 281,186,294,201,0,0.001176 341,165,355,185,0,0.001037
/home/dysjin/data/CARLA.v20-carla_v20.coco/valid/005160_png.rf.922d9f2da21b5b11121905df87e629d7.jpg 398,208,430,243,2,0.538205 395,215,437,242,1,0.170280
