/home/dysjin/data/CARLA.v20-carla_v20.coco/valid/Town02_006840_png.rf.a4a970c10202604d1dd8c41fe9097525.jpg 566,171,580,190,0,0.653242 2,166,14,202,1,0.125624 0,154,16,211,0,0.073485 440,185,454,203,0,0.033790 3,157,15,194,1,0.013711 418,160,432,181,0,0.009722 559,161,589,192,0,0.008823 453,173,464,191,0,0.005338 245,173,256,189,0,0.004986 568,182,579,206,0,0.004357 247,164,258,181,0,0.003780 255,164,267,179,0,0.003674 0,126,17,196,0,0.003018 567,176,593,209,0,0.002740 444,174,456,194,0,0.002586 560,54,609,95,0,0.002273 556,187,566,210,0,0.001914 293,165,305,179,0,0.001844 432,172,445,192,0,0.001815 555,175,566,192,0,0.001749 430,161,442,184,0,0.001537 574,181,586,203,0,0.001467 0,167,30,197,0,0.001218 452,184,464,202,0,0.001194 234,175,247,192,0,0.001008
/home/dysjin/data/CARLA.v20-carla_v20.coco/valid/Town02_002640_png.rf.ac6bee6a9e4c4b2a1e149670c97196c1.jpg 391,176,406,192,0,0.374143 269,167,282,181,0,0.002073 553,135,562,155,0,0.001521 540,126,554,142,0,0.001286 210,163,223,184,0,0.001245
/home/dysjin/data/CARLA.v20-carla_v20.coco/valid/007096_png.rf.a26873f70f1467f54f0fd09ea8c1731b.jpg 537,166,625,247,2,0.585074 549,168,634,252,1,0.028318 553,155,581,305,2,0.004942
/home/dysjin/data/CARLA.v20-carla_v20.coco/valid/Town02_006480_png.rf.aec43468267a9993201d034f7031ee5c.jpg 347,176,358,191,0,0.144881 367,162,379,180,0,0.025294 354,175,365,189,0,0.023735 346,167,356,183,0,0.016926 268,177,279,189,0,0.007056 357,165,367,182,0,0.003394 346,187,358,203,0,0.003218 260,177,272,188,0,0.002500 354,186,365,201,0,0.001923 234,175,246,190,0,0.001658 245,176,258,189,0,0.001359 184,150,198,168,0,0.001310 336,175,346,190,0,0.001244 334,163,346,179,0,0.001244
/home/dysjin/data/CARLA.v20-carla_v20.coco/valid/051305_png.rf.af3e2dc55ae45fc793f7f25eb6fdf7b4.jpg 425,207,468,243,0,0.933804 426,214,453,234,0,0.001489
/home/dysjin/data/CARLA.v20-carla_v20.coco/valid/007291_png.rf.b33e9d647d42777054dfb5f46d23bbad.jpg 385,222,405,239,0,0.716372 376,218,418,243,0,0.001046
/home/dysjin/data/CARLA.v20-carla_v20.coco/valid/003752_png.rf.bb0716bc5b93fa8b10f41577e20a2f35.jpg 398,214,423,244,1,0.634944 13,165,108,237,1,0.002197
/home/dysjin/data/CARLA.v20-carla_v20.coco/valid/005173_png.rf.c24ac196d86260d3a384e12093bfa5ef.jpg 469,196,531,244,2,0.335520 492,199,545,241,1,0.001398 504,180,532,260,2,0.001371
/home/dysjin/data/CARLA.v20-carla_v20.coco/valid/003769_png.rf.c5c0c17fa97551316c57744e9608f796.jpg 490,191,558,248,1,0.330318
/home/dysjin/data/CARLA.v20-carla_v20.coco/valid/004966_png.rf.c9d8d72d0920460b612251c5fddc5770.jpg 426,205,468,240,1,0.686437 436,215,458,233,2,0.001945
/home/dysjin/data/CARLA.v20-carla_v20.coco/valid/001638_png.rf.c98e4c5bc2a68de358073a26469c81b2.jpg 423,209,455,242,0,0.922595 154,226,173,242,0,0.018572
/home/dysjin/data/CARLA.v20-carla_v20.coco/valid/051274_png.rf.d5f64278c64b556983082379a316485f.jpg 562,166,637,249,1,0.583934
/home/dysjin/data/CARLA.v20-carla_v20.coco/valid/Town01_001440_png.rf.e4b4351effd31d5b433710cffb8243e4.jpg 383,180,399,193,0,0.943034 343,178,355,190,0,0.137183 354,179,366,191,0,0.036298 283,179,295,190,0,0.028956 259,175,271,189,0,0.021947 270,177,281,188,0,0.020383 370,180,383,190,0,0.019994 294,178,308,190,0,0.016104 305,177,318,189,0,0.015464 332,177,346,188,0,0.011430 233,179,246,192,0,0.007837 317,177,331,189,0,0.007762 440,154,455,169,0,0.004871 342,185,355,201,0,0.004211 259,165,272,179,0,0.003552 246,177,260,190,0,0.001911 292,185,306,200,0,0.001551 280,186,293,201,0,0.001549 372,186,382,201,0,0.001408 356,186,368,202,0,0.001332 269,166,281,178,0,0.001155
/home/dysjin/data/CARLA.v20-carla_v20.coco/valid/041811_png.rf.e8d4c17844854d24f9b2bec66a8a8889.jpg 49,223,62,241,1,0.724578 453,215,469,231,0,0.014219 46,232,59,251,1,0.014147 41,226,54,239,1,0.006380 56,226,68,239,1,0.005000 40,227,66,257,1,0.002498 354,214,372,231,1,0.001664 47,208,67,244,0,0.001267
/home/dysjin/data/CARLA.v20-carla_v20.coco/valid/001519_png.rf.e42bb854e84b40164ed2795569b2eb6f.jpg 576,220,591,242,0,0.956354 571,226,582,242,0,0.118296 343,229,356,243,0,0.030015 586,224,597,241,0,0.010372 478,227,490,242,0,0.006312 579,231,591,252,0,0.005741 570,215,582,234,0,0.003895 570,234,580,256,0,0.003048 572,225,595,260,0,0.003001 454,226,466,241,0,0.002352 480,237,492,254,0,0.001829 417,224,430,242,0,0.001296 405,226,418,241,0,0.001111 565,216,605,249,0,0.001082
/home/dysjin/data/CARLA.v20-carla_v20.coco/valid/001509_png.rf.ed3baed466e7f65c1a01fb57bf942b65.jpg 576,220,591,242,0,0.947738 570,226,582,241,0,0.086467 343,229,356,243,0,0.027735 586,224,597,241,0,0.015908 479,226,490,242,0,0.009520 579,232,591,251,0,0.007134 570,215,582,234,0,0.004520 569,234,580,255,0,0.002512 572,226,596,258,0,0.002282 580,217,604,249,0,0.001389 481,237,492,254,0,0.001259 454,226,467,241,0,0.001142 587,233,598,252,0,0.001116
/home/dysjin/data/CARLA.v20-carla_v20.coco/valid/026829_png.rf.e6f26e62f316568466a95ba7fd18d850.jpg 375,222,391,238,0,0.972832 377,232,389,249,0,0.003889 372,234,383,250,0,0.003437 346,228,357,241,0,0.002080 371,225,396,256,0,0.001967
/home/dysjin/data/CARLA.v20-carla_v20.coco/valid/007076_png.rf.d635d979c35f5dd6da756ef9889aef0b.jpg 395,216,422,243,2,0.560933 386,210,430,248,1,0.052949 402,187,428,241,2,0.001140
/home/dysjin/data/CARLA.v20-carla_v20.coco/valid/Town02_006960_png.rf.eedfb90c1deb0d66a31341acd2e08f4f.jpg 147,162,167,178,0,0.918804 555,178,566,192,0,0.071194 518,173,530,191,0,0.025029 554,186,566,200,0,0.023545 376,160,393,178,0,0.020469 528,175,538,192,0,0.018359 466,164,480,180,0,0.012842 605,91,630,128,0,0.011596 600,159,613,181,0,0.005792 577,177,589,192,0,0.005248 564,176,574,190,0,0.004891 563,186,574,200,0,0.004218 603,139,616,160,0,0.004180 147,169,161,190,0,0.003087 150,156,162,173,0,0.002646 543,188,554,203,0,0.002160 504,174,517,191,0,0.002027 529,186,540,202,0,0.001801 366,154,403,182,0,0.001784 542,177,553,191,0,0.001664 577,187,589,201,0,0.001497 331,138,345,157,0,0.001342 599,98,621,140,0,0.001330 478,162,491,180,0,0.001248 588,174,602,189,0,0.001216 324,140,350,176,0,0.001063 142,157,182,183,0,0.001062
/home/dysjin/data/CARLA.v20-carla_v20.coco/valid/041861_png.rf.f5f3812ca6c536c5c25bea3d596be111.jpg 402,209,429,243,0,0.602969 404,215,426,244,1,0.131800
/home/dysjin/data/CARLA.v20-carla_v20.coco/valid/003755_png.rf.f6343810071c5f5401b5697ef363285d.jpg 404,213,435,241,1,0.421049 410,219,431,238,0,0.014842
/home/dysjin/data/CARLA.v20-carla_v20.coco/valid/001630_png.rf.ff5ced110f03f998a7a6998ddf647fd2.jpg 410,213,436,240,0,0.874749 168,225,184,242,0,0.123559 589,236,604,253,1,0.003029 169,217,184,235,0,0.002406
/home/dysjin/data/CARLA.v20-carla_v20.coco/valid/003751_png.rf.0ff9ef7c8c8e4f5eab52437609a3b501.jpg 396,219,418,239,1,0.568706 12,159,105,240,1,0.005946
/home/dysjin/data/CARLA.v20-carla_v20.coco/valid/Town02_008820_png.rf.135414697b8215dc125af6b125d3058c.jpg 478,176,490,191,0,0.280459 504,172,517,188,0,0.192956 417,173,430,190,0,0.019329 469,174,481,191,0,0.011794 479,186,489,202,0,0.010087 393,190,404,204,0,0.009618 428,172,440,188,0,0.009111 499,158,522,192,0,0.009019 269,165,281,180,0,0.006408 383,188,394,204,0,0.005738 623,152,640,213,0,0.005515 440,174,452,188,0,0.005162 471,188,481,202,0,0.005155 258,163,270,179,0,0.004774 369,175,379,190,0,0.004473 4,132,14,165,0,0.004372 455,175,466,191,0,0.003542 143,175,160,191,0,0.002640 478,165,491,185,0,0.002570 492,175,503,189,0,0.002503 629,166,639,203,0,0.002366 393,176,403,192,0,0.002302 247,163,259,180,0,0.002182 281,166,294,180,0,0.002164 269,172,281,189,0,0.001812 0,117,19,176,0,0.001785 382,174,392,192,0,0.001785 408,160,418,182,0,0.001685 406,175,417,192,0,0.001645 371,188,382,204,0,0.001545 513,173,524,188,0,0.001497 630,147,640,178,0,0.001492 3,143,14,175,0,0.001362 416,186,428,202,0,0.001242 407,148,418,169,0,0.001131 428,187,439,202,0,0.001050 457,187,468,202,0,0.001034 404,188,416,202,0,0.001024
/home/dysjin/data/CARLA.v20-carla_v20.coco/valid/006578_png.rf.21f08e8ed63ab67b3ef05528af8ef9e6.jpg 370,222,386,239,0,0.944564 368,231,380,253,0,0.002034 360,226,372,239,0,0.001493 359,224,386,260,0,0.001248
/home/dysjin/data/CARLA.v20-carla_v20.coco/valid/Town02_006720_png.rf.2632fd4f3d65ff215e84d472badfd870.jpg 565,171,580,190,0,0.758565 2,166,14,202,1,0.127686 0,154,16,211,0,0.073620 440,185,455,203,0,0.017717 3,157,14,194,1,0.014032 418,160,432,181,0,0.007636 454,174,465,191,0,0.006933 567,181,578,205,0,0.005104 573,163,586,189,0,0.004561 244,174,256,190,0,0.003298 0,126,17,196,0,0.003167 444,174,456,193,0,0.002771 560,54,609,95,0,0.002630 556,187,566,210,0,0.001954 555,175,566,192,0,0.001822 434,179,460,209,0,0.001742 567,177,593,210,0,0.001528 432,172,445,191,0,0.001402 430,161,442,184,0,0.001359 257,164,269,180,0,0.001345 452,184,464,202,0,0.001249 0,168,30,197,0,0.001197 464,173,477,189,0,0.001163 247,163,258,182,0,0.001084 574,182,586,203,0,0.001068 2,146,14,180,0,0.001018
/home/dysjin/data/CARLA.v20-carla_v20.coco/valid/007070_png.rf.2316a0a54db7e4a749f421570aadd160.jpg 383,221,403,243,2,0.608773 384,220,406,242,1,0.530752 374,212,417,249,1,0.005596 382,227,410,257,1,0.001358 381,233,397,252,1,0.001332
/home/dysjin/data/CARLA.v20-carla_v20.coco/valid/041819_png.rf.374472e0a0868df264a4100cb7734e35.jpg 173,223,186,241,1,0.718936 179,227,192,240,1,0.007481 163,226,178,237,1,0.005762 171,233,182,250,1,0.003494 170,208,191,245,1,0.002957 122,228,135,242,1,0.001507
/home/dysjin/data/CARLA.v20-carla_v20.coco/valid/003766_png.rf.3dbe103da1003d1fb3bd18ad0d0894b4.jpg 457,199,516,245,1,0.637405 465,196,509,248,2,0.086532 21,169,103,234,1,0.001395
/home/dysjin/data/CARLA.v20-carla_v20.coco/valid/026849_png.rf.52e90800c02b90489d2521817c6942f7.jpg 421,203,459,242,0,0.882885
/home/dysjin/data/CARLA.v20-carla_v20.coco/valid/041864_png.rf.51f1d81198f2e5b7a450f586235760ec.jpg 415,210,443,240,1,0.493925
/home/dysjin/data/CARLA.v20-carla_v20.coco/valid/009044_png.rf.59d4a83882b4b6af242cbd9e0e31ba80.jpg 561,218,577,241,0,0.963896 3,207,16,242,1,0.171440 2,198,16,246,0,0.116854 556,227,571,242,0,0.018298 0,201,15,260,0,0.005802 343,226,356,242,0,0.002753 1,186,18,240,0,0.002549 551,217,590,244,0,0.002060 0,210,26,235,0,0.001613 3,198,14,230,1,0.001245 564,230,576,253,0,0.001166 544,226,555,246,0,0.001035 7,213,21,234,0,0.001031
/home/dysjin/data/CARLA.v20-carla_v20.coco/valid/Town01_010680_png.rf.5537782525200ced228c602e6dcc3456.jpg 369,179,385,192,0,0.784753 232,180,246,193,0,0.053896 344,179,356,192,0,0.042728 331,178,343,191,0,0.027763 319,178,331,191,0,0.021316 308,176,320,189,0,0.019608 244,179,257,191,0,0.014570 357,179,369,190,0,0.011632 222,187,234,200,0,0.010024 281,178,294,190,0,0.009390 256,177,269,189,0,0.008109 366,173,391,198,0,0.005745 294,177,308,189,0,0.004049 270,178,283,190,0,0.003727 221,180,234,193,0,0.003661 307,165,318,181,0,0.002024 209,187,223,201,0,0.001750 330,185,344,200,0,0.001722 207,179,222,192,0,0.001124 344,186,357,203,0,0.001057 357,189,371,203,0,0.001057 242,184,255,201,0,0.001041
/home/dysjin/data/CARLA.v20-carla_v20.coco/valid/007085_png.rf.5a7141063cfddac158b01dce18de1e48.jpg 430,207,467,242,2,0.645117 432,210,450,236,2,0.003647 438,219,461,240,2,0.001199
/home/dysjin/data/CARLA.v20-carla_v20.coco/valid/041820_png.rf.69e77a8e269d90d89efc21e5026a7083.jpg 181,223,195,242,1,0.652499 175,227,189,238,1,0.005238 181,206,201,246,1,0.002889 181,234,194,250,1,0.002650 161,229,174,241,1,0.001605 134,227,147,242,1,0.001071
/home/dysjin/data/CARLA.v20-carla_v20.coco/valid/Town05_016500_png.rf.75b431585ae9c755044e81517b796324.jpg 456,177,476,199,0,0.849373 284,178,295,191,0,0.003110 294,177,306,190,0,0.002093 333,175,344,191,0,0.001321 443,178,457,190,0,0.001096 380,191,392,206,0,0.001080 283,188,296,202,0,0.001010
/home/dysjin/data/CARLA.v20-carla_v20.coco/valid/026847_png.rf.7a28094ba474fb2fab06e58f1ebea83c.jpg 409,209,447,241,0,0.888344
/home/dysjin/data/CARLA.v20-carla_v20.coco/valid/003814_png.rf.9123d8ff8e23490d6f5201cb816e4fc2.jpg 541,176,624,245,0,0.912395
/home/dysjin/data/CARLA.v20-carla_v20.coco/valid/Town01_001500_png.rf.9254a251a5c6eb6313adba6a6adf1620.jpg 386,176,403,193,0,0.985465 386,184,396,200,0,0.031347 282,177,293,191,0,0.017876 245,175,257,190,0,0.012607 270,176,283,190,0,0.011623 565,177,578,190,0,0.011095 330,177,343,190,0,0.010912 356,178,367,192,0,0.010622 258,177,269,191,0,0.010107 591,178,604,192,0,0.009170 371,178,382,190,0,0.007595 578,177,591,190,0,0.005743 554,177,566,191,0,0.005513 600,176,615,191,0,0.004438 318,178,332,192,0,0.004232 281,188,293,200,0,0.003911 357,186,369,202,0,0.003365 292,178,305,192,0,0.003286 344,176,354,190,0,0.003103 527,176,540,190,0,0.003066 503,177,517,190,0,0.002996 515,176,529,190,0,0.002507 305,178,320,192,0,0.002458 390,169,402,186,0,0.002074 491,176,505,191,0,0.002062 245,167,258,181,0,0.002045 234,176,246,191,0,0.001448 270,187,283,200,0,0.001424 372,187,382,201,0,0.001381 400,179,413,190,0,0.001272 330,165,344,180,0,0.001178 541,177,555,190,0,0.001177 292,187,306,200,0,0.001144 257,187,269,201,0,0.001045
/home/dysjin/data/CARLA.v20-carla_v20.coco/valid/005160_png.rf.922d9f2da21b5b11121905df87e629d7.jpg 398,212,430,240,2,0.543926 395,210,447,250,1,0.002129
