/home/dysjin/data/CARLA.v20-carla_v20.coco/valid/Town02_006840_png.rf.a4a970c10202604d1dd8c41fe9097525.jpg 565,174,580,195,0,0.915371 457,175,466,190,0,0.120619 557,154,588,200,0,0.038240 0,174,9,194,1,0.035730 564,58,603,93,1,0.030108 446,176,456,192,0,0.010321 464,173,476,189,0,0.010166 478,160,489,180,0,0.008633 0,164,15,207,1,0.007023 245,165,256,181,0,0.003781 468,165,478,183,0,0.002484 237,164,248,180,0,0.002078 456,184,465,200,0,0.001980 574,165,585,184,0,0.001804 574,176,583,193,0,0.001483 541,127,583,190,0,0.001244
/home/dysjin/data/CARLA.v20-carla_v20.coco/valid/Town02_002640_png.rf.ac6bee6a9e4c4b2a1e149670c97196c1.jpg 391,171,404,190,1,0.722306 384,173,410,193,0,0.018331 335,202,348,219,0,0.004101 531,152,542,166,0,0.001772 454,141,465,155,0,0.001188 539,153,551,167,0,0.001032
/home/dysjin/data/CARLA.v20-carla_v20.coco/valid/007096_png.rf.a26873f70f1467f54f0fd09ea8c1731b.jpg 555,162,603,265,2,0.840471 574,178,609,247,2,0.402806 512,143,640,263,2,0.017787
/home/dysjin/data/CARLA.v20-carla_v20.coco/valid/Town02_006480_png.rf.aec43468267a9993201d034f7031ee5c.jpg 343,164,355,184,0,0.766597 197,161,207,181,0,0.174186 333,159,366,190,0,0.021000 189,154,215,190,0,0.008785 371,162,381,180,0,0.005662 196,172,208,188,0,0.005248 381,161,390,180,0,0.003688 355,163,362,182,0,0.003606 344,155,352,174,0,0.003306 380,149,390,170,0,0.002448 393,188,402,203,0,0.002226 338,152,347,174,0,0.002168
/home/dysjin/data/CARLA.v20-carla_v20.coco/valid/051305_png.rf.af3e2dc55ae45fc793f7f25eb6fdf7b4.jpg 423,203,466,243,0,0.995722 434,208,456,236,0,0.016906
/home/dysjin/data/CARLA.v20-carla_v20.coco/valid/007291_png.rf.b33e9d647d42777054dfb5f46d23bbad.jpg 383,219,403,238,0,0.892689
/home/dysjin/data/CARLA.v20-carla_v20.coco/valid/003752_png.rf.bb0716bc5b93fa8b10f41577e20a2f35.jpg 402,219,423,238,1,0.611635
/home/dysjin/data/CARLA.v20-carla_v20.coco/valid/005173_png.rf.c24ac196d86260d3a384e12093bfa5ef.jpg 481,193,522,248,2,0.159048
/home/dysjin/data/CARLA.v20-carla_v20.coco/valid/003769_png.rf.c5c0c17fa97551316c57744e9608f796.jpg 503,195,546,248,1,0.191260 356,227,367,241,0,0.001049
/home/dysjin/data/CARLA.v20-carla_v20.coco/valid/004966_png.rf.c9d8d72d0920460b612251c5fddc5770.jpg 435,207,465,238,1,0.597944 428,203,469,240,2,0.481964
/home/dysjin/data/CARLA.v20-carla_v20.coco/valid/001638_png.rf.c98e4c5bc2a68de358073a26469c81b2.jpg 419,206,459,240,0,0.996811 429,212,449,231,0,0.036458 149,225,161,242,0,0.001205
/home/dysjin/data/CARLA.v20-carla_v20.coco/valid/051274_png.rf.d5f64278c64b556983082379a316485f.jpg 569,159,623,265,1,0.713289 559,165,636,252,2,0.530706 357,226,369,242,0,0.007323
/home/dysjin/data/CARLA.v20-carla_v20.coco/valid/Town01_001440_png.rf.e4b4351effd31d5b433710cffb8243e4.jpg 384,173,400,193,0,0.683224 439,152,452,166,1,0.016492 402,139,414,155,1,0.014994 343,175,353,190,0,0.008926 390,170,404,183,0,0.006750 389,129,417,166,1,0.004656 397,129,407,147,0,0.001573 361,139,371,157,0,0.001112
/home/dysjin/data/CARLA.v20-carla_v20.coco/valid/041811_png.rf.e8d4c17844854d24f9b2bec66a8a8889.jpg 49,224,64,243,1,0.737256 52,215,61,239,1,0.013196 43,205,68,249,1,0.003555 454,211,465,230,0,0.002777 46,233,60,248,0,0.001629
/home/dysjin/data/CARLA.v20-carla_v20.coco/valid/001519_png.rf.e42bb854e84b40164ed2795569b2eb6f.jpg 573,220,587,238,0,0.909500 566,209,594,245,0,0.013640 577,232,591,250,0,0.001171 505,197,516,221,0,0.001114
/home/dysjin/data/CARLA.v20-carla_v20.coco/valid/001509_png.rf.ed3baed466e7f65c1a01fb57bf942b65.jpg 573,220,587,238,0,0.883447 568,215,595,245,0,0.052134
/home/dysjin/data/CARLA.v20-carla_v20.coco/valid/026829_png.rf.e6f26e62f316568466a95ba7fd18d850.jpg 374,221,390,238,0,0.978173 368,210,399,245,0,0.010172
/home/dysjin/data/CARLA.v20-carla_v20.coco/valid/007076_png.rf.d635d979c35f5dd6da756ef9889aef0b.jpg 399,214,422,240,2,0.542876
/home/dysjin/data/CARLA.v20-carla_v20.coco/valid/Town02_006960_png.rf.eedfb90c1deb0d66a31341acd2e08f4f.jpg 148,159,165,181,0,0.874873 155,167,165,180,0,0.070949 330,104,355,164,0,0.034865 337,122,348,148,0,0.029044 152,154,161,176,0,0.018760 599,93,622,145,0,0.009758 610,99,624,122,0,0.005996 340,110,353,134,0,0.005669 625,190,640,248,0,0.004207 630,208,640,231,0,0.003820 605,105,617,132,0,0.003678 470,159,481,183,0,0.001501 142,143,169,187,0,0.001483 140,161,154,180,0,0.001390 522,106,551,163,0,0.001333 531,122,543,146,0,0.001036
/home/dysjin/data/CARLA.v20-carla_v20.coco/valid/041861_png.rf.f5f3812ca6c536c5c25bea3d596be111.jpg 404,211,435,241,1,0.627276 405,213,427,244,0,0.379429
/home/dysjin/data/CARLA.v20-carla_v20.coco/valid/003755_png.rf.f6343810071c5f5401b5697ef363285d.jpg 409,214,436,240,1,0.638945
/home/dysjin/data/CARLA.v20-carla_v20.coco/valid/001630_png.rf.ff5ced110f03f998a7a6998ddf647fd2.jpg 404,204,440,242,0,0.995241 412,199,425,239,0,0.002421 170,224,181,244,0,0.002404
/home/dysjin/data/CARLA.v20-carla_v20.coco/valid/003751_png.rf.0ff9ef7c8c8e4f5eab52437609a3b501.jpg 398,219,416,239,1,0.690171 391,209,418,245,0,0.009585
/home/dysjin/data/CARLA.v20-carla_v20.coco/valid/Town02_008820_png.rf.135414697b8215dc125af6b125d3058c.jpg 392,185,404,201,0,0.386544 619,62,630,85,0,0.035186 612,51,636,96,0,0.020865 479,173,490,190,0,0.018718 387,187,397,204,0,0.014624 408,147,417,167,0,0.013896 620,151,630,171,0,0.011948 472,173,482,192,0,0.005850 443,123,453,147,0,0.003822 146,175,158,190,1,0.003567 404,139,415,160,0,0.002447 491,173,503,190,0,0.002434 504,172,515,190,0,0.002407 610,140,639,183,0,0.002390 400,147,409,169,0,0.002344 382,181,414,209,0,0.002290 404,184,411,204,0,0.002135 470,162,481,184,0,0.001517 406,177,414,195,0,0.001460 407,160,416,180,0,0.001239 621,119,640,175,0,0.001071 419,174,428,193,0,0.001052 269,164,280,179,0,0.001038 394,195,405,212,0,0.001029
/home/dysjin/data/CARLA.v20-carla_v20.coco/valid/006578_png.rf.21f08e8ed63ab67b3ef05528af8ef9e6.jpg 368,220,386,238,0,0.973598 377,228,386,240,0,0.004394 197,209,208,231,0,0.003781 363,207,392,247,0,0.002944 346,175,357,194,0,0.002446 347,187,357,203,0,0.002284 51,225,63,244,0,0.001341 367,230,384,251,0,0.001233
/home/dysjin/data/CARLA.v20-carla_v20.coco/valid/Town02_006720_png.rf.2632fd4f3d65ff215e84d472badfd870.jpg 565,173,580,195,0,0.891720 457,175,466,190,0,0.129651 0,175,9,194,1,0.031730 557,153,588,201,0,0.027448 446,176,456,191,0,0.016921 564,57,604,94,0,0.015971 464,174,476,189,0,0.012948 0,165,16,207,1,0.006946 478,161,489,180,0,0.006829 245,164,256,180,0,0.003311 468,165,478,183,0,0.002373 456,184,466,200,0,0.001703 541,127,585,191,0,0.001615 184,139,195,157,0,0.001416 574,176,583,194,0,0.001284 574,165,586,183,0,0.001132
/home/dysjin/data/CARLA.v20-carla_v20.coco/valid/007070_png.rf.2316a0a54db7e4a749f421570aadd160.jpg 381,216,403,243,2,0.551866
/home/dysjin/data/CARLA.v20-carla_v20.coco/valid/041819_png.rf.374472e0a0868df264a4100cb7734e35.jpg 174,223,190,244,1,0.822840 168,209,193,245,1,0.005394 170,233,186,248,0,0.003852 179,220,195,232,1,0.001783
/home/dysjin/data/CARLA.v20-carla_v20.coco/valid/003766_png.rf.3dbe103da1003d1fb3bd18ad0d0894b4.jpg 471,203,508,241,1,0.756648
/home/dysjin/data/CARLA.v20-carla_v20.coco/valid/026849_png.rf.52e90800c02b90489d2521817c6942f7.jpg 417,201,463,241,0,0.993269 430,206,452,232,0,0.018696
/home/dysjin/data/CARLA.v20-carla_v20.coco/valid/041864_png.rf.51f1d81198f2e5b7a450f586235760ec.jpg 414,209,446,242,1,0.875425 345,225,358,238,0,0.001702 354,225,367,239,0,0.001216
/home/dysjin/data/CARLA.v20-carla_v20.coco/valid/009044_png.rf.59d4a83882b4b6af242cbd9e0e31ba80.jpg 560,219,576,242,0,0.954689 1,213,12,236,1,0.201625 0,204,17,246,0,0.074827 554,208,582,247,0,0.021078 541,196,553,223,0,0.002963 531,188,563,233,0,0.002227 0,219,10,240,0,0.002072 0,171,30,247,0,0.001660 556,180,598,235,0,0.001335
/home/dysjin/data/CARLA.v20-carla_v20.coco/valid/Town01_010680_png.rf.5537782525200ced228c602e6dcc3456.jpg 369,176,384,192,1,0.714871 235,178,246,191,0,0.024064 365,183,381,197,0,0.007364 372,166,381,189,0,0.005643 359,179,392,192,0,0.004047 374,184,389,193,0,0.002585 234,186,246,200,0,0.001588 235,167,246,183,0,0.001428 242,179,253,191,0,0.001160 391,178,403,190,0,0.001046
/home/dysjin/data/CARLA.v20-carla_v20.coco/valid/007085_png.rf.5a7141063cfddac158b01dce18de1e48.jpg 433,207,465,237,2,0.825843 412,201,448,252,2,0.001919
/home/dysjin/data/CARLA.v20-carla_v20.coco/valid/041820_png.rf.69e77a8e269d90d89efc21e5026a7083.jpg 184,223,198,240,1,0.735567 188,216,201,238,1,0.365075 182,234,196,248,0,0.001532 179,212,216,239,1,0.001473
/home/dysjin/data/CARLA.v20-carla_v20.coco/valid/Town05_016500_png.rf.75b431585ae9c755044e81517b796324.jpg 455,178,479,198,0,0.622258 126,112,134,131,0,0.014006 125,125,135,141,0,0.006943 116,101,142,144,0,0.002407 134,167,145,181,0,0.002010 449,149,480,206,0,0.001738 125,138,136,153,0,0.001238 459,165,471,190,0,0.001043
/home/dysjin/data/CARLA.v20-carla_v20.coco/valid/026847_png.rf.7a28094ba474fb2fab06e58f1ebea83c.jpg 408,201,451,240,0,0.994719 420,206,439,233,0,0.037674
/home/dysjin/data/CARLA.v20-carla_v20.coco/valid/003814_png.rf.9123d8ff8e23490d6f5201cb816e4fc2.jpg 549,177,621,247,0,0.890089 422,207,432,229,0,0.028455 410,200,442,239,0,0.001743 429,210,438,231,0,0.001631 370,223,382,242,0,0.001079
/home/dysjin/data/CARLA.v20-carla_v20.coco/valid/Town01_001500_png.rf.9254a251a5c6eb6313adba6a6adf1620.jpg 386,173,403,190,0,0.986615 248,172,258,189,0,0.033172 285,174,295,191,0,0.004491 373,173,386,192,0,0.002231 457,148,468,168,0,0.001827 447,119,476,177,0,0.001255
/home/dysjin/data/CARLA.v20-carla_v20.coco/valid/005160_png.rf.922d9f2da21b5b11121905df87e629d7.jpg 402,213,428,238,2,0.876767 404,186,422,244,2,0.001784
