/home/dysjin/data/CARLA.v20-carla_v20.coco/valid/Town05_011820_png.rf.a721d4435d03a17b63243ff374e790d2.jpg 7,185,100,230,6,0.899813 308,185,321,204,0,0.032698 316,185,331,202,0,0.019409 64,191,113,229,6,0.006960 91,186,112,228,0,0.004266 21,170,92,208,6,0.003704 292,188,313,204,0,0.001498 0,184,15,233,6,0.001395 0,157,126,262,6,0.001303 0,178,67,226,6,0.001291 0,161,35,250,6,0.001162
/home/dysjin/data/CARLA.v20-carla_v20.coco/valid/Town05_005760_png.rf.a5aa9e8688171e7bfb57f36e4a648f69.jpg 313,185,329,204,6,0.652027 313,194,333,210,6,0.001411 404,194,449,225,6,0.001217
/home/dysjin/data/CARLA.v20-carla_v20.coco/valid/075705_png.rf.9f5447b468e0280dc956a534954f8a5e.jpg 309,237,349,273,6,0.959061 161,240,248,307,6,0.900828 0,217,166,432,6,0.772886 235,241,269,276,6,0.716737 191,239,263,288,6,0.093483 253,242,268,272,6,0.051763 225,246,257,289,6,0.017470 0,0,387,480,6,0.009405 280,239,299,251,6,0.006755 311,241,326,268,6,0.004306 215,242,245,294,6,0.001579 353,238,367,254,6,0.001312 345,238,356,259,6,0.001191
/home/dysjin/data/CARLA.v20-carla_v20.coco/valid/Town02_006840_png.rf.a4a970c10202604d1dd8c41fe9097525.jpg 578,180,640,220,6,0.580877 563,178,586,211,0,0.061819 565,181,582,207,6,0.053897 0,190,20,225,6,0.047592 605,186,634,223,6,0.025543 344,186,356,205,0,0.016605 565,178,581,199,3,0.009509 0,205,19,233,6,0.003839 194,187,211,205,6,0.003329 0,166,14,226,6,0.002838 0,158,12,211,3,0.002784 493,211,507,235,0,0.002686 601,135,637,239,6,0.002150 586,186,613,223,6,0.002013 553,184,573,205,0,0.002005 574,184,591,208,6,0.001845 539,185,587,208,6,0.001610 293,187,309,205,0,0.001088
/home/dysjin/data/CARLA.v20-carla_v20.coco/valid/Town02_002640_png.rf.ac6bee6a9e4c4b2a1e149670c97196c1.jpg 298,188,366,244,6,0.806837 259,192,295,216,6,0.492091 392,172,408,190,3,0.432649 277,188,297,210,6,0.005973 301,190,327,247,6,0.004225 285,165,386,278,6,0.003943 331,196,364,239,6,0.003598 263,191,275,211,6,0.001277
/home/dysjin/data/CARLA.v20-carla_v20.coco/valid/007096_png.rf.a26873f70f1467f54f0fd09ea8c1731b.jpg 537,164,626,251,5,0.425639 548,166,634,243,4,0.195645 535,149,625,249,3,0.055759 509,37,640,255,3,0.001752
/home/dysjin/data/CARLA.v20-carla_v20.coco/valid/041683_png.rf.abc13a183255cbb5f9aeca7d55d8b4c0.jpg 305,255,330,311,0,0.847963 294,256,319,304,0,0.006612 301,207,325,321,0,0.002829 282,253,341,295,0,0.001093
/home/dysjin/data/CARLA.v20-carla_v20.coco/valid/041699_png.rf.a4a6f7fb7672ac47b317ec4fe3e21c97.jpg 305,255,329,310,0,0.850894 293,256,319,303,0,0.003959 301,204,324,323,0,0.003388 305,231,335,349,0,0.001129
/home/dysjin/data/CARLA.v20-carla_v20.coco/valid/Town02_006480_png.rf.aec43468267a9993201d034f7031ee5c.jpg 220,186,237,203,6,0.004398 197,186,210,206,1,0.001256
/home/dysjin/data/CARLA.v20-carla_v20.coco/valid/Town02_003060_png.rf.b28380c7e6ad26a4ccdfda39d4db7f85.jpg 558,187,640,223,6,0.170560 609,189,637,225,6,0.078870 602,165,637,253,6,0.007102 564,167,634,207,6,0.002526 559,190,585,225,6,0.001610 623,178,637,257,6,0.001045 548,159,613,239,6,0.001040
/home/dysjin/data/CARLA.v20-carla_v20.coco/valid/Town01_009120_png.rf.b3886317404f3c307752dac4625c4b0e.jpg 311,189,333,212,6,0.701059 326,187,341,204,6,0.001834
/home/dysjin/data/CARLA.v20-carla_v20.coco/valid/051305_png.rf.af3e2dc55ae45fc793f7f25eb6fdf7b4.jpg 425,206,464,245,3,0.624684 428,213,462,239,4,0.020307
/home/dysjin/data/CARLA.v20-carla_v20.coco/valid/007291_png.rf.b33e9d647d42777054dfb5f46d23bbad.jpg 383,218,400,239,3,0.578117
/home/dysjin/data/CARLA.v20-carla_v20.coco/valid/Town05_005820_png.rf.abc3e70595852b4f2320e8b55c805a27.jpg 300,190,341,216,6,0.858387 330,184,340,208,0,0.002981 401,187,419,228,0,0.001465 392,187,410,229,0,0.001334
/home/dysjin/data/CARLA.v20-carla_v20.coco/valid/Town05_006960_png.rf.9d31f2ffd8a1d723122d28555c0e3321.jpg 282,182,296,213,0,0.416695 612,171,633,380,0,0.017488 487,206,610,380,6,0.002228 610,190,631,380,6,0.001931 281,184,297,249,0,0.001704 290,181,303,206,0,0.001375
/home/dysjin/data/CARLA.v20-carla_v20.coco/valid/Town02_009720_png.rf.b20474373a38fe973889a895d5aba03e.jpg 296,191,345,260,6,0.620749 266,186,279,210,0,0.169973
/home/dysjin/data/CARLA.v20-carla_v20.coco/valid/Town01_002220_png.rf.9b6e376c042a4b43cdf2a33f00250d62.jpg 206,173,412,380,6,0.819913 316,186,336,201,6,0.014131 287,189,313,205,6,0.009150 111,0,531,380,6,0.005566 0,19,640,380,6,0.005427 305,186,323,203,6,0.002043 282,188,297,205,0,0.001177
/home/dysjin/data/CARLA.v20-carla_v20.coco/valid/Town01_003900_png.rf.b43a572a2d61a01bb389880cf86179de.jpg 201,175,417,380,6,0.813808 0,28,640,380,6,0.006227 110,0,532,380,6,0.004605 0,195,17,224,6,0.001484 292,191,314,205,6,0.001223
/home/dysjin/data/CARLA.v20-carla_v20.coco/valid/029067_png.rf.b686edaf28a0971571945f7b069613d5.jpg 547,224,576,344,2,0.955922 515,230,602,332,2,0.008655
/home/dysjin/data/CARLA.v20-carla_v20.coco/valid/Town02_004200_png.rf.b4d2f32e1287253b4f35bf521927be39.jpg 268,187,288,209,6,0.907291 289,185,305,199,6,0.024374 345,179,361,193,3,0.007225
/home/dysjin/data/CARLA.v20-carla_v20.coco/valid/Town02_002100_png.rf.b49da10e2c41ab65d4c132e46f15d3e3.jpg 298,187,331,294,1,0.678089 0,183,19,212,6,0.394688 279,183,290,202,6,0.192394 311,185,324,204,0,0.025174 316,184,328,204,6,0.022736 0,166,16,211,6,0.003158 304,186,326,257,0,0.001352 312,177,332,214,6,0.001052 292,179,336,293,0,0.001021
/home/dysjin/data/CARLA.v20-carla_v20.coco/valid/003752_png.rf.bb0716bc5b93fa8b10f41577e20a2f35.jpg 397,217,426,241,3,0.499532 398,213,423,241,4,0.205496 305,238,326,253,6,0.008842
/home/dysjin/data/CARLA.v20-carla_v20.coco/valid/138327_png.rf.b4aecc174d58e25a6e680c2468864172.jpg 16,220,44,300,2,0.591272 0,237,21,301,2,0.009912 14,164,45,309,2,0.009585 5,212,34,321,2,0.002183
/home/dysjin/data/CARLA.v20-carla_v20.coco/valid/Town05_009600_png.rf.b886b3525f44da0ae66796230d91b958.jpg 104,190,209,235,6,0.927417 461,189,503,216,6,0.896722 372,184,410,211,6,0.714046 582,181,639,210,6,0.466331 149,192,227,225,6,0.045973 529,184,545,203,0,0.015763 401,185,417,205,6,0.013100 543,184,603,206,6,0.005317 633,179,640,213,6,0.004545 628,156,639,232,2,0.004194 90,202,170,235,6,0.003832 539,183,554,202,0,0.003146 491,183,501,208,1,0.002940 413,185,428,200,6,0.002821 371,186,389,206,6,0.002803 570,186,599,201,6,0.001066 550,164,620,203,6,0.001025
/home/dysjin/data/CARLA.v20-carla_v20.coco/valid/Town01_002340_png.rf.b8976b6d8f366e29aeb47fb3b3146b33.jpg 206,173,411,380,6,0.819800 281,187,294,208,0,0.034902 317,186,336,201,6,0.006173 111,0,532,380,6,0.005571 0,19,640,380,6,0.005419 289,187,310,205,6,0.004288 270,189,288,206,0,0.001334 303,188,324,203,6,0.001137
/home/dysjin/data/CARLA.v20-carla_v20.coco/valid/Town05_009780_png.rf.c3069a0d7ec82f2e1960c0497cec36fe.jpg 285,190,357,260,6,0.872240 428,208,477,237,6,0.026482 0,249,14,291,6,0.006068 0,231,12,287,0,0.002051 0,253,13,308,6,0.001114
/home/dysjin/data/CARLA.v20-carla_v20.coco/valid/Town05_002700_png.rf.b9dfa75f628efa31633800bb9dfee796.jpg 365,177,388,195,6,0.020816 376,181,392,202,0,0.006673 345,185,357,203,0,0.006265
/home/dysjin/data/CARLA.v20-carla_v20.coco/valid/005173_png.rf.c24ac196d86260d3a384e12093bfa5ef.jpg 468,192,530,246,5,0.203724 472,185,528,242,3,0.107741
/home/dysjin/data/CARLA.v20-carla_v20.coco/valid/Town01_005820_png.rf.c9053a957ff7561268673aaec9e095f0.jpg 296,185,333,314,1,0.847313 295,181,332,293,0,0.012370 192,197,212,214,6,0.004778 178,198,200,217,6,0.004295 170,199,185,219,0,0.002231 207,195,219,214,0,0.002041 345,176,359,189,3,0.001982 400,180,430,215,6,0.001971 307,189,327,204,6,0.001948 410,196,436,216,6,0.001108
/home/dysjin/data/CARLA.v20-carla_v20.coco/valid/Town01_011580_png.rf.c8aa9ea674a7d69974d55bf63b55ddbf.jpg 268,187,289,206,6,0.870437 573,191,640,220,6,0.490418 469,203,523,241,6,0.329764 240,191,295,207,6,0.008496 634,194,640,220,6,0.008089 480,190,509,233,6,0.005041 575,162,638,209,6,0.004616 379,189,399,203,6,0.002286 210,184,223,202,2,0.001692 321,185,334,199,6,0.001624 55,189,77,226,6,0.001583 601,126,637,238,6,0.001469 591,188,626,208,6,0.001344 245,189,263,201,6,0.001323 460,180,508,260,6,0.001056
/home/dysjin/data/CARLA.v20-carla_v20.coco/valid/Town01_007440_png.rf.bed11eeb1dde416bf8789b24a8a5c0f8.jpg 526,171,633,219,6,0.879774 262,192,275,214,0,0.279054 266,185,277,208,6,0.158601 527,181,551,214,6,0.003920 180,211,202,225,6,0.003217 564,190,640,224,6,0.002787 610,174,636,223,6,0.001845 521,129,640,245,6,0.001668 166,212,191,226,6,0.001375 276,186,297,198,6,0.001293 627,151,638,240,2,0.001252 219,200,236,215,6,0.001028
/home/dysjin/data/CARLA.v20-carla_v20.coco/valid/Town05_011760_png.rf.c548e0a947d80bc036151e4db99afcfa.jpg 3,181,202,353,6,0.717440 309,182,321,207,0,0.414045 316,182,328,205,0,0.057594 0,0,476,380,6,0.007400 179,192,201,250,0,0.003004 181,178,215,270,0,0.002807 179,206,203,263,0,0.002090
/home/dysjin/data/CARLA.v20-carla_v20.coco/valid/075708_png.rf.c1818fa586a2b613b2806f928a933d9d.jpg 309,238,348,272,6,0.956253 162,239,248,305,6,0.903696 236,240,269,276,6,0.787116 0,215,165,431,6,0.769587 216,244,265,293,6,0.014957 0,0,411,480,6,0.010681 255,239,267,261,6,0.004964 310,241,327,268,6,0.004447 346,237,356,259,6,0.003937 353,237,366,253,6,0.001912 280,240,299,253,6,0.001725
/home/dysjin/data/CARLA.v20-carla_v20.coco/valid/Town05_009900_png.rf.c90bd5781f975f44de47fd794a1f9ac6.jpg 349,185,426,256,6,0.912241 414,192,434,247,0,0.058406 328,184,346,206,0,0.042744 339,184,356,205,0,0.003078 204,198,224,244,0,0.001479 321,180,357,209,6,0.001450
/home/dysjin/data/CARLA.v20-carla_v20.coco/valid/Town05_009660_png.rf.cc2e0d6a11c64dbe092a6e9321c6a170.jpg 247,176,395,358,6,0.827909 342,184,356,207,0,0.140271 406,189,472,210,6,0.085981 610,186,636,202,6,0.022846 628,182,640,204,6,0.019108 0,0,640,380,6,0.003640 256,175,271,195,0,0.002347 602,187,622,201,6,0.001518 416,190,437,206,6,0.001075
/home/dysjin/data/CARLA.v20-carla_v20.coco/valid/003769_png.rf.c5c0c17fa97551316c57744e9608f796.jpg 490,193,556,245,3,0.195598 490,195,553,243,4,0.023144 307,239,325,255,6,0.009595
/home/dysjin/data/CARLA.v20-carla_v20.coco/valid/121197_png.rf.c99e70822c663f40252f74e6b2ad5094.jpg 252,231,394,406,6,0.819728 0,0,640,480,6,0.003154 309,236,324,256,0,0.001166
/home/dysjin/data/CARLA.v20-carla_v20.coco/valid/004966_png.rf.c9d8d72d0920460b612251c5fddc5770.jpg 427,201,467,244,3,0.792185 430,208,463,238,4,0.006810
/home/dysjin/data/CARLA.v20-carla_v20.coco/valid/Town01_006240_png.rf.cc5628eb556a5a5bd1824a8d19313b41.jpg 310,186,324,212,1,0.416762 308,181,327,214,0,0.117435 602,155,639,250,6,0.071409 0,184,16,235,6,0.007442 591,177,640,228,6,0.004140 625,179,639,255,6,0.003894 627,142,640,220,6,0.001368
/home/dysjin/data/CARLA.v20-carla_v20.coco/valid/001638_png.rf.c98e4c5bc2a68de358073a26469c81b2.jpg 418,207,455,244,3,0.820518 420,211,450,240,4,0.063735
/home/dysjin/data/CARLA.v20-carla_v20.coco/valid/051274_png.rf.d5f64278c64b556983082379a316485f.jpg 554,160,640,253,3,0.328443 564,163,631,246,4,0.255441 542,157,638,248,5,0.199046
/home/dysjin/data/CARLA.v20-carla_v20.coco/valid/Town01_001440_png.rf.e4b4351effd31d5b433710cffb8243e4.jpg 381,173,400,194,3,0.640293
/home/dysjin/data/CARLA.v20-carla_v20.coco/valid/019121_png.rf.deb86464dd224ac85f75272f851fc0a8.jpg 495,238,568,257,6,0.281392 507,240,535,255,6,0.243471 543,238,572,253,6,0.177828 194,231,207,266,2,0.014239 188,232,200,265,2,0.006648 607,177,633,330,2,0.002408 632,193,640,295,2,0.001353
/home/dysjin/data/CARLA.v20-carla_v20.coco/valid/041811_png.rf.e8d4c17844854d24f9b2bec66a8a8889.jpg 48,224,68,244,4,0.074201 0,248,14,295,6,0.042748 0,244,14,276,6,0.008134 46,219,69,246,3,0.007859 0,252,13,311,0,0.007724 0,233,15,263,6,0.006780 8,238,21,256,6,0.003623 0,223,14,250,6,0.001347
/home/dysjin/data/CARLA.v20-carla_v20.coco/valid/041657_png.rf.e06a4a0ae870ee5d8dbe97fc65b5b666.jpg 305,245,328,303,0,0.827263 293,247,318,296,0,0.004209
/home/dysjin/data/CARLA.v20-carla_v20.coco/valid/001519_png.rf.e42bb854e84b40164ed2795569b2eb6f.jpg 571,220,589,245,3,0.690985 569,207,639,249,6,0.035209
/home/dysjin/data/CARLA.v20-carla_v20.coco/valid/Town02_005280_png.rf.ec981f5d8aec80a53ec1f9961c2321af.jpg 38,198,123,221,6,0.802038 151,197,205,263,0,0.227508 92,196,133,223,6,0.136993 148,205,215,258,1,0.075017 0,194,17,219,6,0.024243 165,204,210,258,6,0.018143 634,219,640,244,6,0.006629 188,190,209,252,0,0.005752 61,199,99,215,6,0.002525 148,197,186,283,1,0.001108 632,181,640,258,6,0.001052
/home/dysjin/data/CARLA.v20-carla_v20.coco/valid/001509_png.rf.ed3baed466e7f65c1a01fb57bf942b65.jpg 572,220,589,245,3,0.622668 570,207,637,248,6,0.007760
/home/dysjin/data/CARLA.v20-carla_v20.coco/valid/033890_png.rf.e368755037cdc345b45b625d64db27a1.jpg 598,216,626,332,2,0.931869 260,206,403,376,6,0.794277 384,216,409,391,0,0.010605 574,232,640,317,2,0.006952 0,0,640,480,6,0.002432 383,228,407,405,6,0.001732 586,220,608,299,2,0.001124
/home/dysjin/data/CARLA.v20-carla_v20.coco/valid/075724_png.rf.e0c3e9a2b7f318c71e76ccdcb0dda6a1.jpg 292,239,331,269,6,0.932081 0,231,64,477,6,0.859321 66,209,208,359,6,0.718319 188,237,246,282,6,0.456527 68,253,198,315,6,0.110426 272,238,289,252,6,0.108724 177,227,232,305,6,0.031800 0,245,69,480,6,0.012727 0,238,108,416,6,0.011981 0,281,71,378,6,0.008462 611,236,635,257,6,0.006832 212,248,242,284,6,0.006794 281,240,295,257,6,0.005546 226,237,245,279,6,0.005436 45,260,143,307,6,0.002858 0,0,640,480,6,0.002815 612,195,632,356,2,0.002087 0,317,72,418,6,0.001842 5,278,56,480,6,0.001559
/home/dysjin/data/CARLA.v20-carla_v20.coco/valid/112477_png.rf.ecf5d82849f8b68362ce65c8d2645a1c.jpg 336,232,363,300,2,0.787844
/home/dysjin/data/CARLA.v20-carla_v20.coco/valid/Town02_001980_png.rf.ee7206fcf98c96c61f2900b25e79ce20.jpg 295,190,333,310,1,0.865478 157,179,177,218,0,0.441097 0,191,61,217,6,0.077779 45,183,72,211,6,0.066577 0,182,17,213,6,0.015339 4,188,28,211,6,0.012297 56,184,72,209,0,0.011153 164,183,183,226,0,0.010985 35,194,70,215,6,0.006719 166,184,181,208,0,0.001668 11,191,47,207,6,0.001201 302,183,339,292,0,0.001117 129,185,184,211,6,0.001052
/home/dysjin/data/CARLA.v20-carla_v20.coco/valid/026829_png.rf.e6f26e62f316568466a95ba7fd18d850.jpg 374,216,392,242,3,0.677057
/home/dysjin/data/CARLA.v20-carla_v20.coco/valid/007076_png.rf.d635d979c35f5dd6da756ef9889aef0b.jpg 391,208,424,243,5,0.622572
/home/dysjin/data/CARLA.v20-carla_v20.coco/valid/112475_png.rf.df928fa484eb08e1454caacc1e194352.jpg 330,238,357,297,2,0.902410
/home/dysjin/data/CARLA.v20-carla_v20.coco/valid/Town02_006960_png.rf.eedfb90c1deb0d66a31341acd2e08f4f.jpg 0,174,29,211,6,0.737293 575,179,640,236,6,0.662451 146,163,168,182,3,0.271962 565,146,640,270,6,0.005801 0,137,22,234,6,0.004456
/home/dysjin/data/CARLA.v20-carla_v20.coco/valid/Town05_010860_png.rf.f31c0584fff1474ad2b0f4132e874f7d.jpg 306,192,330,248,0,0.907972 0,178,61,215,6,0.416910 299,171,323,264,0,0.011231 315,185,329,212,0,0.005038 0,154,34,237,6,0.003764 293,188,319,234,0,0.002177 243,186,260,235,0,0.002141 142,186,161,233,0,0.001830 307,171,334,311,0,0.001583 281,188,298,234,0,0.001210 252,185,271,232,0,0.001077
/home/dysjin/data/CARLA.v20-carla_v20.coco/valid/Town05_004800_png.rf.ee7c080c8716cb366969ca625bb6d68b.jpg 242,182,267,204,6,0.763801 346,183,362,204,0,0.085784 225,183,258,201,6,0.031485 630,168,640,199,6,0.023925 628,146,639,215,2,0.009602 617,162,635,204,0,0.002782
/home/dysjin/data/CARLA.v20-carla_v20.coco/valid/Town05_009840_png.rf.f5040ce45ecca2822cb3b1b4ea8a6f61.jpg 290,189,362,255,6,0.903893 351,195,370,243,0,0.007103
/home/dysjin/data/CARLA.v20-carla_v20.coco/valid/041861_png.rf.f5f3812ca6c536c5c25bea3d596be111.jpg 304,245,326,290,0,0.932308 96,244,217,304,6,0.889963 401,212,430,239,3,0.469556 164,242,237,299,6,0.022434 86,216,249,332,6,0.015469 215,232,236,287,0,0.006722 403,219,437,240,6,0.002542 293,215,317,304,0,0.002110 562,194,631,427,6,0.001625 14,216,102,480,6,0.001574 97,271,186,309,6,0.001026
/home/dysjin/data/CARLA.v20-carla_v20.coco/valid/Town02_003120_png.rf.f36fecf8d2ee4965c1f3bddaaaad5f33.jpg 609,183,640,214,6,0.372037 414,190,502,220,6,0.140842 607,165,640,248,6,0.024651 624,192,639,219,6,0.008390 580,192,640,219,6,0.001583 626,185,639,272,6,0.001381 600,187,625,207,6,0.001231
/home/dysjin/data/CARLA.v20-carla_v20.coco/valid/003755_png.rf.f6343810071c5f5401b5697ef363285d.jpg 403,215,437,241,3,0.655497 401,217,435,240,4,0.301006 307,237,325,253,6,0.004001
/home/dysjin/data/CARLA.v20-carla_v20.coco/valid/Town01_003300_png.rf.fae28071a74fa02928094ff14cdbb3aa.jpg 273,202,355,278,6,0.911996 499,181,566,208,6,0.100838 564,181,638,219,6,0.015491 515,168,594,202,6,0.002064 161,188,221,209,6,0.001170
/home/dysjin/data/CARLA.v20-carla_v20.coco/valid/138255_png.rf.fbf65e3e930393318a8312fdaefcae24.jpg 55,228,81,294,2,0.868211 63,213,87,323,2,0.003071 64,218,87,282,2,0.001359
/home/dysjin/data/CARLA.v20-carla_v20.coco/valid/005373_png.rf.f68e0e113c5193c933cbee38c6a6bc2d.jpg 159,232,173,268,2,0.545748 147,235,162,266,2,0.177751 136,228,156,271,2,0.150651 169,233,181,262,2,0.008178 170,240,182,270,2,0.001859
/home/dysjin/data/CARLA.v20-carla_v20.coco/valid/001630_png.rf.ff5ced110f03f998a7a6998ddf647fd2.jpg 404,210,439,242,3,0.655370 407,213,436,239,4,0.195757
/home/dysjin/data/CARLA.v20-carla_v20.coco/valid/006662_png.rf.fa42143249c7b6a780238796639341d3.jpg 466,224,492,317,2,0.453599
/home/dysjin/data/CARLA.v20-carla_v20.coco/valid/Town05_004860_png.rf.f5c138159cbce172c63fa9a736f9c655.jpg 241,183,267,204,6,0.760616 346,183,363,204,0,0.063826 226,183,258,201,6,0.037425 630,168,640,199,6,0.025917 617,162,635,204,0,0.003313 318,185,335,203,0,0.001479 629,129,639,214,2,0.001218
/home/dysjin/data/CARLA.v20-carla_v20.coco/valid/Town01_008460_png.rf.03f3160d63f090b29499596ec3c8c4b5.jpg 25,194,134,245,6,0.904964 535,188,636,231,6,0.793347 534,194,590,224,6,0.009402 631,171,640,197,6,0.008834 0,200,86,243,6,0.008624 583,191,640,225,6,0.006593 628,153,638,238,6,0.005425 535,114,617,380,6,0.002903 632,193,640,221,6,0.002646 0,171,23,275,2,0.002613 0,173,149,290,6,0.001832 80,201,151,242,6,0.001786
/home/dysjin/data/CARLA.v20-carla_v20.coco/valid/005508_png.rf.0ab3da1b4970047c9b42e5bbe5d4e6f1.jpg 34,231,60,282,2,0.901163 89,218,114,319,2,0.641850 75,217,106,308,2,0.044744 101,227,125,314,2,0.031568 37,219,73,300,2,0.004856 22,213,49,320,2,0.002579
/home/dysjin/data/CARLA.v20-carla_v20.coco/valid/Town01_006180_png.rf.089d25ecaf49fe28c7f3bf0c3614732b.jpg 311,186,325,214,1,0.384695 310,188,324,219,0,0.381598 356,172,375,186,3,0.007575 0,220,16,245,6,0.001069
/home/dysjin/data/CARLA.v20-carla_v20.coco/valid/Town02_008340_png.rf.044a76656e2e2fe428cd425926d9acbe.jpg 545,190,622,219,6,0.895573 145,195,241,243,6,0.794424 270,184,288,199,6,0.047722 569,192,596,220,6,0.003603 552,184,577,219,6,0.001609 631,191,640,218,6,0.001159
/home/dysjin/data/CARLA.v20-carla_v20.coco/valid/075710_png.rf.0b62bb94157d1f2113ac6bbefe158022.jpg 308,237,348,271,6,0.951436 162,240,249,305,6,0.903609 235,240,268,276,6,0.783180 0,216,165,432,6,0.770278 254,240,267,272,6,0.019730 215,243,265,293,6,0.019548 0,0,400,480,6,0.010272 280,240,300,252,6,0.006004 310,241,327,267,6,0.004690 345,238,356,258,6,0.001674
/home/dysjin/data/CARLA.v20-carla_v20.coco/valid/041689_png.rf.0d648fbd58416a80b414e4503d51c42e.jpg 305,256,330,307,0,0.907113 297,229,322,314,0,0.204981
/home/dysjin/data/CARLA.v20-carla_v20.coco/valid/003751_png.rf.0ff9ef7c8c8e4f5eab52437609a3b501.jpg 395,217,422,241,3,0.443245 391,216,420,242,4,0.157856 307,238,325,253,6,0.002137
/home/dysjin/data/CARLA.v20-carla_v20.coco/valid/Town02_008820_png.rf.135414697b8215dc125af6b125d3058c.jpg 282,200,361,341,6,0.945826 509,181,561,214,6,0.852438 140,174,162,195,3,0.054184 546,183,622,215,6,0.016254 394,179,408,193,3,0.005508 389,184,407,202,3,0.004771 0,184,17,231,6,0.002278 137,174,169,198,6,0.001943 223,187,234,205,0,0.001686 271,184,283,203,0,0.001454 558,179,586,214,6,0.001424 0,172,16,219,6,0.001225
/home/dysjin/data/CARLA.v20-carla_v20.coco/valid/006664_png.rf.1466f666c872e94bac27eba56bbdfb5b.jpg 485,231,515,321,2,0.821863 474,240,501,319,2,0.021645 462,242,538,310,2,0.004682
/home/dysjin/data/CARLA.v20-carla_v20.coco/valid/014570_png.rf.1235b2ca71c181a49fda1bb53eaa19cd.jpg 56,237,132,261,6,0.934150 435,230,455,283,2,0.910240 302,237,332,262,6,0.790062 11,159,123,480,6,0.002618 464,230,485,288,2,0.001801 0,224,151,356,6,0.001252 421,230,462,281,6,0.001057
/home/dysjin/data/CARLA.v20-carla_v20.coco/valid/112550_png.rf.1ca2fa82e03653536df85cf5faf5753c.jpg 524,227,549,310,2,0.635553 517,205,536,385,2,0.047456 527,233,545,268,2,0.001011
/home/dysjin/data/CARLA.v20-carla_v20.coco/valid/Town02_000780_png.rf.16d5987bcdc7d08470c1b3e757e128e5.jpg 70,186,111,213,6,0.697970 297,186,336,309,1,0.662867 280,183,301,202,6,0.630119 33,184,105,214,6,0.273978 303,177,338,299,0,0.006152 289,177,306,195,6,0.006049 290,182,332,288,6,0.005403 319,177,338,192,6,0.003030 306,175,322,191,6,0.001301 330,177,347,193,0,0.001117 631,170,640,268,2,0.001052 0,173,13,220,6,0.001007
/home/dysjin/data/CARLA.v20-carla_v20.coco/valid/Town02_001500_png.rf.1e8a22666698f8954863a9939bc59942.jpg 185,189,214,219,6,0.465698 183,189,208,217,0,0.365970 603,186,635,309,2,0.004354 624,218,639,292,6,0.001991 201,177,220,217,0,0.001207
/home/dysjin/data/CARLA.v20-carla_v20.coco/valid/Town05_004620_png.rf.0e4a190ca586e0e90df6b90be2c83f5b.jpg 386,178,464,205,6,0.812892 344,180,362,204,0,0.049572 282,183,301,201,0,0.048407 289,172,307,214,0,0.007002 282,181,300,196,6,0.005959 349,172,369,213,0,0.002987 395,150,451,222,6,0.001550 291,178,304,194,0,0.001485
/home/dysjin/data/CARLA.v20-carla_v20.coco/valid/006578_png.rf.21f08e8ed63ab67b3ef05528af8ef9e6.jpg 260,235,292,256,6,0.696248 367,219,385,241,3,0.499316 606,226,634,369,2,0.001082
/home/dysjin/data/CARLA.v20-carla_v20.coco/valid/Town01_004320_png.rf.1f6552094735eb0bd49b614b7e584c58.jpg 267,197,364,286,6,0.899049 259,178,274,194,6,0.002399 270,183,311,283,6,0.001532 267,175,281,190,6,0.001233
/home/dysjin/data/CARLA.v20-carla_v20.coco/valid/Town02_006720_png.rf.2632fd4f3d65ff215e84d472badfd870.jpg 268,187,288,209,6,0.830073 578,180,640,220,6,0.596898 564,182,582,206,6,0.068826 562,178,586,211,0,0.050513 0,190,20,225,6,0.042902 343,185,356,205,0,0.038115 605,186,634,223,6,0.028816 564,178,581,199,3,0.005647 194,188,211,205,6,0.003668 0,205,19,233,6,0.003588 0,166,14,226,6,0.002650 0,157,12,211,3,0.002633 586,186,614,223,6,0.002563 493,211,507,235,0,0.002394 601,135,637,239,6,0.002299 573,184,592,207,6,0.002231 553,183,573,205,0,0.002170 539,185,588,208,6,0.001881 291,187,306,202,6,0.001420 503,187,547,209,6,0.001044
/home/dysjin/data/CARLA.v20-carla_v20.coco/valid/Town05_006900_png.rf.2eaa1f5f6de8c6bffcd968f78f2f53b4.jpg 233,186,258,223,0,0.863455 612,172,633,380,0,0.019839 232,184,263,223,6,0.011017 230,168,264,237,1,0.002596 610,191,631,380,6,0.002316 485,207,610,380,6,0.001505
/home/dysjin/data/CARLA.v20-carla_v20.coco/valid/005482_png.rf.1eef94cb1d26525ab4b64d28fc9be58d.jpg 0,219,25,321,2,0.723731 0,211,17,370,2,0.005526 12,213,38,334,2,0.002060 0,240,50,300,2,0.001444
/home/dysjin/data/CARLA.v20-carla_v20.coco/valid/138251_png.rf.2622df013f55b1f57387212b95c87241.jpg 78,230,102,289,2,0.672000 73,201,93,312,2,0.016429
/home/dysjin/data/CARLA.v20-carla_v20.coco/valid/007070_png.rf.2316a0a54db7e4a749f421570aadd160.jpg 380,218,404,242,5,0.508562
/home/dysjin/data/CARLA.v20-carla_v20.coco/valid/Town05_010920_png.rf.2325292b5e147dc41c10fe128f6256f9.jpg 303,170,342,292,0,0.948595 0,207,12,260,0,0.002555 0,216,12,276,0,0.001609 428,199,446,243,0,0.001593 0,165,11,336,0,0.001520 0,223,11,294,0,0.001064
/home/dysjin/data/CARLA.v20-carla_v20.coco/valid/Town01_006420_png.rf.2b897cd6227874bc930ae1c7e17e3b3b.jpg 311,188,323,211,1,0.437812 0,140,19,257,2,0.054655 315,185,327,209,0,0.030050 0,177,17,240,2,0.010357 0,110,19,249,2,0.007127 0,148,17,293,2,0.001579 602,140,636,258,6,0.001180
/home/dysjin/data/CARLA.v20-carla_v20.coco/valid/Town05_006780_png.rf.253c814d6e368b92a888141244ca1a16.jpg 168,181,208,258,1,0.570199 181,177,213,260,0,0.082803 167,200,213,257,6,0.011716 162,181,200,297,1,0.004902 304,184,323,233,0,0.002734 313,182,333,232,0,0.002305 170,193,195,252,0,0.001683 242,193,260,246,0,0.001122
/home/dysjin/data/CARLA.v20-carla_v20.coco/valid/Town01_008280_png.rf.2f69ce357d9638b109b359e31c238ab4.jpg 279,190,304,205,6,0.072785 320,190,336,205,6,0.061881 290,196,311,209,6,0.037193 299,193,331,205,6,0.023422 274,190,333,209,6,0.008959 64,187,115,208,6,0.007716 187,188,200,208,1,0.003175 265,187,289,201,6,0.001616 460,202,488,216,6,0.001080
/home/dysjin/data/CARLA.v20-carla_v20.coco/valid/Town01_005100_png.rf.262bb9c3104b14f5fb633de3dafd0a52.jpg 580,180,606,217,6,0.262612 576,188,601,221,0,0.063114 568,175,640,216,6,0.051651 596,152,638,245,6,0.007168 584,160,640,204,6,0.002523 326,188,347,209,6,0.001713
/home/dysjin/data/CARLA.v20-carla_v20.coco/valid/Town01_011940_png.rf.2554f5ab3ce2122d2ef300838472450f.jpg 570,196,598,218,6,0.501922 201,185,272,230,6,0.413081 329,183,348,202,6,0.008587 250,189,272,228,6,0.005671 568,191,585,211,0,0.001389 330,180,350,206,0,0.001337
/home/dysjin/data/CARLA.v20-carla_v20.coco/valid/041684_png.rf.2f70db5ab75442cd11fffa13a776ae97.jpg 305,255,331,310,0,0.795475 294,257,318,302,0,0.003031 301,207,325,321,0,0.002347
/home/dysjin/data/CARLA.v20-carla_v20.coco/valid/Town05_010980_png.rf.2071755951cd753466eb2cc53fd2fe0c.jpg 305,179,338,277,0,0.921850 195,209,344,380,6,0.016359
/home/dysjin/data/CARLA.v20-carla_v20.coco/valid/112459_png.rf.33bdc5bd58f0f631808a95c4ceb9a78f.jpg 291,225,313,301,2,0.911553
/home/dysjin/data/CARLA.v20-carla_v20.coco/valid/041653_png.rf.31aa86a50239c7e6cbc52c66846dac06.jpg 306,245,328,303,0,0.909497 293,246,318,296,0,0.003807
/home/dysjin/data/CARLA.v20-carla_v20.coco/valid/041819_png.rf.374472e0a0868df264a4100cb7734e35.jpg 109,247,132,297,0,0.892033 17,238,73,263,6,0.747561 170,225,190,244,4,0.314886 41,242,70,258,6,0.020260 168,220,192,245,3,0.015291 95,249,121,292,0,0.002709 111,243,127,282,0,0.001324
/home/dysjin/data/CARLA.v20-carla_v20.coco/valid/Town05_010800_png.rf.3489607b659edfbc485537135e06f34b.jpg 0,192,118,269,6,0.868143 307,192,331,246,0,0.852149 115,195,136,244,0,0.035888 297,172,323,262,0,0.006681 155,186,174,203,6,0.005380 305,178,330,225,6,0.003703 139,186,169,201,6,0.003662 316,186,330,210,6,0.002520 61,203,149,240,6,0.002443 318,179,331,196,6,0.001792 306,180,321,197,6,0.001719 0,173,32,285,6,0.001629 307,191,335,243,1,0.001544 205,182,222,232,0,0.001382 244,185,256,203,0,0.001360 106,174,143,262,1,0.001167 343,184,358,201,0,0.001160 122,178,185,199,6,0.001084
/home/dysjin/data/CARLA.v20-carla_v20.coco/valid/Town02_001080_png.rf.2d29b90fb99ccf7727caeaa1914436b4.jpg 0,188,87,380,6,0.907513 276,182,296,202,6,0.793473 297,187,336,307,1,0.584824 90,195,218,261,6,0.554135 82,157,237,297,6,0.482390 128,187,228,239,6,0.015153 319,177,336,194,6,0.012917 0,190,114,370,6,0.010330 1,180,72,380,6,0.008008 10,262,80,368,6,0.007744 291,182,331,286,6,0.006538 216,178,235,244,0,0.005623 181,177,229,275,6,0.005352 304,179,337,297,0,0.005024 307,176,323,193,6,0.002021 60,151,207,380,6,0.001845 79,207,162,257,6,0.001843 0,0,640,380,6,0.001619 329,177,346,193,6,0.001590 290,177,306,194,6,0.001579 0,89,58,380,6,0.001267 631,170,640,269,2,0.001030
/home/dysjin/data/CARLA.v20-carla_v20.coco/valid/Town02_005700_png.rf.39e8547ff43ddaa06ed2b24f114c8a27.jpg 253,173,391,362,6,0.807293 281,182,301,200,6,0.183439 0,0,640,380,6,0.004277 303,178,322,194,6,0.003622 316,178,333,194,6,0.003038 267,215,367,287,6,0.001266
/home/dysjin/data/CARLA.v20-carla_v20.coco/valid/Town02_002040_png.rf.3d0fd4b3b3749ac8ebdf480959eb8e66.jpg 295,190,334,310,1,0.629055 267,186,289,210,6,0.594822 0,155,124,380,6,0.497193 46,190,114,333,0,0.141434 264,187,276,210,0,0.045891 127,185,157,214,6,0.035460 55,173,77,221,0,0.031562 305,189,321,207,6,0.025892 43,192,119,228,6,0.018864 268,188,329,211,6,0.016975 39,194,125,274,6,0.008824 286,189,311,205,6,0.005330 40,160,112,380,1,0.003475 141,188,160,210,6,0.002872 52,174,68,197,3,0.002653 50,167,70,204,0,0.002128 116,187,144,223,6,0.001970 286,182,328,284,6,0.001448 397,164,410,181,3,0.001327 84,191,150,225,6,0.001131 0,183,13,207,6,0.001119
/home/dysjin/data/CARLA.v20-carla_v20.coco/valid/075707_png.rf.2ff4a82560cfe658387e361a6cc43ef0.jpg 309,238,348,272,6,0.959444 162,240,249,304,6,0.900492 0,215,165,432,6,0.764994 236,240,268,276,6,0.741818 253,241,267,272,6,0.028223 215,244,264,292,6,0.016029 0,0,404,480,6,0.010668 347,237,357,259,1,0.007183 310,242,328,268,6,0.004825 280,239,299,252,6,0.002928 352,237,366,253,6,0.002162
/home/dysjin/data/CARLA.v20-carla_v20.coco/valid/138320_png.rf.332f3bdf3abffc7dd973858c3061b801.jpg 56,227,81,291,2,0.897422 53,210,75,322,2,0.014118 63,204,86,331,2,0.001199
/home/dysjin/data/CARLA.v20-carla_v20.coco/valid/003766_png.rf.3dbe103da1003d1fb3bd18ad0d0894b4.jpg 460,196,507,245,3,0.764379 308,238,325,254,6,0.002866
/home/dysjin/data/CARLA.v20-carla_v20.coco/valid/121245_png.rf.3c6765f574e34bb200e320d55fc2ffe7.jpg 281,244,360,322,6,0.910962
/home/dysjin/data/CARLA.v20-carla_v20.coco/valid/Town05_011040_png.rf.3f658b3c60547a5478cb61d6b76eb55c.jpg 308,179,329,218,0,0.862592 630,171,639,268,2,0.001633 316,178,331,200,0,0.001583
/home/dysjin/data/CARLA.v20-carla_v20.coco/valid/Town02_004920_png.rf.3cdedb8ebbe317a63567ec577e3789a8.jpg 309,189,327,236,0,0.875960 311,186,331,239,1,0.305904 332,177,348,193,3,0.016125 217,187,234,202,6,0.005454 342,176,357,192,3,0.004351 167,186,188,200,6,0.002346 207,188,223,204,6,0.002007
/home/dysjin/data/CARLA.v20-carla_v20.coco/valid/Town05_002760_png.rf.41faa57cc70298c90c62fe9f6a3f08c9.jpg 255,183,267,204,0,0.034780 108,185,125,205,0,0.013529 248,186,261,204,0,0.013495 113,183,138,202,6,0.012435 119,177,138,197,0,0.004883 253,174,271,214,0,0.004622 0,251,12,313,6,0.001305 108,183,125,233,0,0.001151
/home/dysjin/data/CARLA.v20-carla_v20.coco/valid/Town02_001740_png.rf.4072bb166a4df4f9403df039e28a73f3.jpg 295,191,333,309,1,0.862552 49,177,66,196,3,0.006307 52,174,133,199,6,0.004116 39,186,55,205,6,0.003621 46,182,63,203,0,0.002025 284,185,295,201,0,0.001731
/home/dysjin/data/CARLA.v20-carla_v20.coco/valid/026849_png.rf.52e90800c02b90489d2521817c6942f7.jpg 420,207,455,243,3,0.842138
/home/dysjin/data/CARLA.v20-carla_v20.coco/valid/Town02_001560_png.rf.44c7e46d6d34263ac9f429ccb2cd2655.jpg 71,189,96,219,0,0.574699 9,186,26,206,6,0.082914 0,184,20,209,6,0.024715 61,188,85,208,0,0.017271 20,184,33,204,0,0.010264 49,188,93,219,6,0.006469
/home/dysjin/data/CARLA.v20-carla_v20.coco/valid/Town02_003420_png.rf.4347a7bee8aec9f5c84eb5295856f9a9.jpg 9,191,101,235,6,0.886210 325,199,382,232,6,0.646855 360,190,381,228,6,0.002844 329,200,354,234,0,0.001892 94,192,114,229,0,0.001766 321,199,340,239,0,0.001694 609,145,635,266,6,0.001410 612,195,633,248,0,0.001361 629,172,639,267,2,0.001033
/home/dysjin/data/CARLA.v20-carla_v20.coco/valid/Town01_006060_png.rf.3d76b002da6076434f028293d0c4a498.jpg 306,200,336,264,1,0.625357 303,196,332,254,0,0.188095 206,202,220,217,6,0.014643 179,208,200,224,6,0.014290 190,205,215,219,6,0.010696 230,200,247,214,6,0.006751 166,210,191,225,6,0.006336 418,186,437,204,3,0.003674 217,200,232,214,6,0.002937 292,190,325,289,1,0.002418 419,178,436,194,3,0.001721 160,208,220,226,6,0.001320 0,189,14,249,2,0.001309 278,208,337,257,6,0.001006
/home/dysjin/data/CARLA.v20-carla_v20.coco/valid/Town02_007800_png.rf.4e6520c0e9dd39a93f5048a2caea0283.jpg 327,195,418,231,6,0.717239 608,191,640,233,6,0.515229 382,193,440,232,6,0.103166 517,187,549,203,6,0.032970 313,191,370,227,6,0.016468 605,170,637,270,6,0.013101 0,183,17,235,6,0.009578 0,190,51,230,6,0.005787 622,194,639,263,6,0.004158 501,186,526,201,6,0.003148 577,187,592,204,6,0.002940 0,157,27,248,6,0.002933 0,204,14,235,6,0.001588 407,204,435,230,6,0.001532 624,216,640,247,6,0.001043
/home/dysjin/data/CARLA.v20-carla_v20.coco/valid/Town01_001860_png.rf.53e5db5983ad00d8986ebdc44e1e76ef.jpg 210,167,405,380,6,0.794343 291,182,306,201,6,0.228079 99,184,113,207,1,0.064864 313,186,337,201,6,0.016586 299,184,324,200,6,0.010187 0,65,640,380,6,0.007062 145,0,497,380,6,0.005882 98,179,115,211,0,0.004980 46,166,69,182,3,0.003180 96,177,115,195,0,0.002153 77,175,134,198,6,0.001127
/home/dysjin/data/CARLA.v20-carla_v20.coco/valid/Town01_006120_png.rf.405fede50ad311216cb9943968a5cdf5.jpg 315,189,330,219,1,0.317792 314,188,333,220,0,0.229591 311,191,339,216,6,0.001124
/home/dysjin/data/CARLA.v20-carla_v20.coco/valid/041864_png.rf.51f1d81198f2e5b7a450f586235760ec.jpg 305,246,328,291,0,0.937806 414,212,445,241,3,0.720048 71,247,198,308,6,0.711953 127,240,229,310,6,0.284986 62,185,210,319,6,0.163889 70,269,158,316,6,0.058504 419,212,444,240,4,0.034914 588,193,628,364,6,0.017323 294,239,319,284,0,0.006213 595,155,640,416,6,0.004137 2,211,74,480,6,0.002557 173,235,241,283,6,0.001242 203,235,230,283,6,0.001171
/home/dysjin/data/CARLA.v20-carla_v20.coco/valid/Town01_012060_png.rf.58e57e1a7e8d4f630323ae1827ca68bc.jpg 569,196,598,218,6,0.506351 338,185,357,202,6,0.001795 569,192,585,211,0,0.001114
/home/dysjin/data/CARLA.v20-carla_v20.coco/valid/009044_png.rf.59d4a83882b4b6af242cbd9e0e31ba80.jpg 559,222,578,245,3,0.271006 0,208,13,237,3,0.081068 566,214,640,252,6,0.072981 0,204,14,257,3,0.003184 599,186,639,278,6,0.001225
/home/dysjin/data/CARLA.v20-carla_v20.coco/valid/Town02_002520_png.rf.55f8a7c01a8e4b86c99a794d7b61cd5d.jpg 155,198,231,235,6,0.829496 233,171,397,362,6,0.816022 176,177,220,260,6,0.046691 538,198,619,249,6,0.022399 0,0,640,380,6,0.005175 176,201,205,233,6,0.004333
/home/dysjin/data/CARLA.v20-carla_v20.coco/valid/Town02_008760_png.rf.5bfb07b6a5fbe6700b4b9c150b9c6576.jpg 282,199,361,342,6,0.948459 510,182,558,212,6,0.594361 557,179,585,210,6,0.510230 270,182,287,206,6,0.426474 140,174,162,195,3,0.061739 395,179,409,193,3,0.004498 390,184,407,203,3,0.002836 0,184,17,232,6,0.002111 570,184,591,206,6,0.001808 596,190,623,206,6,0.001700 271,178,285,200,0,0.001640 138,174,169,197,6,0.001444 0,198,18,241,6,0.001278 223,186,234,205,0,0.001247 548,175,613,203,6,0.001036
/home/dysjin/data/CARLA.v20-carla_v20.coco/valid/Town01_008100_png.rf.5942043a53e2ea3c62572bf7029ed896.jpg 277,187,298,203,6,0.539743 388,191,412,207,6,0.056930 422,187,451,204,6,0.026438 291,184,303,200,6,0.009336 401,188,418,203,6,0.002369 276,195,299,210,6,0.001446
/home/dysjin/data/CARLA.v20-carla_v20.coco/valid/Town01_010680_png.rf.5537782525200ced228c602e6dcc3456.jpg 367,177,385,193,3,0.377352 230,187,245,205,6,0.005035 359,180,378,191,4,0.001756 334,185,346,200,1,0.001657 373,183,388,197,3,0.001014
/home/dysjin/data/CARLA.v20-carla_v20.coco/valid/121155_png.rf.5eeb1497380edc240a771f68b9d34669.jpg 252,231,395,406,6,0.820878 568,216,593,305,2,0.521039 581,221,605,295,2,0.020852 0,0,640,480,6,0.003220 555,231,613,284,6,0.002037
/home/dysjin/data/CARLA.v20-carla_v20.coco/valid/007085_png.rf.5a7141063cfddac158b01dce18de1e48.jpg 427,202,464,245,5,0.777315
/home/dysjin/data/CARLA.v20-carla_v20.coco/valid/Town05_006720_png.rf.717ce1e22225ab6a97befb2b8effcc2a.jpg 175,177,208,259,1,0.365584 178,195,209,246,0,0.130887 198,190,222,244,0,0.003735 92,189,116,203,6,0.002436 129,188,150,203,6,0.001554 182,174,213,305,1,0.001390 178,188,221,239,6,0.001027
/home/dysjin/data/CARLA.v20-carla_v20.coco/valid/Town01_006600_png.rf.612f31973b2db2fda3ee5293fd937a64.jpg 209,198,221,216,0,0.001804
/home/dysjin/data/CARLA.v20-carla_v20.coco/valid/112469_png.rf.4fea3a1e3f0858f468ecb362968a08fb.jpg 314,228,339,298,2,0.915287
/home/dysjin/data/CARLA.v20-carla_v20.coco/valid/Town05_009540_png.rf.67accf9da191af14c5f05da1b6fe1e58.jpg 603,189,635,206,6,0.077585 341,194,359,245,0,0.001147
/home/dysjin/data/CARLA.v20-carla_v20.coco/valid/041820_png.rf.69e77a8e269d90d89efc21e5026a7083.jpg 116,245,140,298,0,0.879735 31,239,81,263,6,0.797683 180,224,201,243,4,0.191406 178,219,202,245,3,0.008807 57,241,78,259,6,0.008658 127,237,146,301,0,0.008091 113,225,136,364,0,0.004510 119,241,136,282,0,0.003707 112,252,129,286,0,0.001971 0,233,14,260,6,0.001418
/home/dysjin/data/CARLA.v20-carla_v20.coco/valid/121278_png.rf.6607158f1164a75baf620dcb66d1b07e.jpg 281,245,360,319,6,0.919514 243,239,262,259,1,0.004970
/home/dysjin/data/CARLA.v20-carla_v20.coco/valid/Town02_004620_png.rf.7280640e1c163e7c4b28010b90659788.jpg 245,175,386,360,6,0.805677 278,184,297,202,6,0.344209 314,177,331,198,6,0.184280 145,185,167,206,6,0.029748 154,178,175,196,6,0.006159 0,0,640,380,6,0.003554 291,180,310,195,6,0.002171 455,167,482,380,6,0.001394 266,213,367,286,6,0.001363 303,183,342,204,6,0.001051
/home/dysjin/data/CARLA.v20-carla_v20.coco/valid/Town05_016500_png.rf.75b431585ae9c755044e81517b796324.jpg 114,192,207,246,6,0.911693 0,197,84,298,6,0.876010 349,190,393,231,6,0.853016 456,177,477,195,3,0.365171 378,189,391,210,6,0.026689 167,203,238,235,6,0.018375 346,192,366,233,6,0.010112 203,192,226,232,0,0.008228 204,201,226,235,6,0.004679 89,173,238,279,6,0.004168 351,189,375,212,6,0.004087 372,201,397,232,6,0.003045 68,194,88,253,0,0.002736 0,195,15,220,6,0.002106 0,184,15,211,6,0.001027
/home/dysjin/data/CARLA.v20-carla_v20.coco/valid/Town02_001020_png.rf.79741d4293c684a4f4e895c08f1290d5.jpg 0,180,85,380,6,0.918088 298,186,335,308,1,0.580013 269,180,335,204,6,0.071794 275,184,300,201,6,0.048203 316,184,334,204,6,0.041469 0,190,105,368,6,0.025284 303,178,338,298,0,0.022231 294,181,332,288,6,0.020367 58,206,199,368,6,0.008692 11,262,80,367,6,0.005597 1,191,71,380,6,0.003616 191,179,212,213,0,0.002569 0,83,59,380,6,0.001855 327,184,344,200,6,0.001228 631,170,640,268,2,0.001005 21,173,80,380,6,0.001001
/home/dysjin/data/CARLA.v20-carla_v20.coco/valid/004996_png.rf.758bfe0873e6cba6e1d99146894cae01.jpg 491,257,511,318,2,0.934692 486,229,505,408,2,0.003572 48,203,130,247,6,0.002685
/home/dysjin/data/CARLA.v20-carla_v20.coco/valid/Town02_001620_png.rf.77cda18f042297c4b15936a35acef602.jpg 303,196,331,253,1,0.498745 180,184,193,213,0,0.184786 302,189,331,236,6,0.057083 222,184,233,201,0,0.028603 181,190,195,216,1,0.023028 298,188,315,233,0,0.007920 130,196,149,221,0,0.006091 121,196,138,222,0,0.005925 174,191,189,216,0,0.005878 144,195,161,219,0,0.004784 303,191,326,211,6,0.004157 316,189,334,209,6,0.003685 245,186,260,199,6,0.003390 230,185,246,199,6,0.002386 295,168,325,258,6,0.002263 206,189,226,201,6,0.001404 147,188,162,210,0,0.001062 255,186,269,200,6,0.001022
/home/dysjin/data/CARLA.v20-carla_v20.coco/valid/112362_png.rf.868e587d8bdd37c81e4872223fbdbeb4.jpg 147,231,170,283,2,0.927117 146,204,164,335,2,0.006701
/home/dysjin/data/CARLA.v20-carla_v20.coco/valid/Town05_010080_png.rf.88fb23d739ffa2beacd3c5735d172d03.jpg 311,178,325,215,0,0.810178 270,180,283,203,0,0.404824 14,14,109,53,6,0.003699 327,183,341,202,0,0.001601
/home/dysjin/data/CARLA.v20-carla_v20.coco/valid/026847_png.rf.7a28094ba474fb2fab06e58f1ebea83c.jpg 410,209,445,243,3,0.840223
/home/dysjin/data/CARLA.v20-carla_v20.coco/valid/075709_png.rf.7dd638ab9af378bf60aaa2fb92a0aea4.jpg 308,237,348,271,6,0.957314 161,240,248,305,6,0.903565 235,240,268,276,6,0.769362 0,215,165,432,6,0.768866 253,241,267,272,6,0.023633 216,243,264,293,6,0.021525 0,0,399,480,6,0.010728 346,237,356,259,1,0.007773 310,241,328,267,6,0.005256 281,239,299,252,6,0.002639 353,236,366,253,6,0.001291
/home/dysjin/data/CARLA.v20-carla_v20.coco/valid/Town02_007380_png.rf.8809896fc46f6266a6729640bbc68e4c.jpg 548,190,619,223,6,0.451376 275,186,285,206,1,0.177954 276,185,294,203,6,0.147458 291,185,306,199,6,0.003634 274,194,286,211,0,0.003497 560,191,588,244,6,0.001328
/home/dysjin/data/CARLA.v20-carla_v20.coco/valid/Town01_007500_png.rf.7e4c2487265d812d93246e09a19aeab2.jpg 527,168,633,220,6,0.906820 254,191,281,215,6,0.860871 278,186,291,203,6,0.003535 181,210,202,225,6,0.002880 502,146,640,254,6,0.002506 165,212,190,226,6,0.001796 195,202,210,218,0,0.001473 527,181,550,212,6,0.001357 366,184,413,208,6,0.001017
/home/dysjin/data/CARLA.v20-carla_v20.coco/valid/Town05_007500_png.rf.8a81a882e564e9e99b5c951d3e18dbbc.jpg 346,181,398,201,6,0.588114 254,173,268,196,0,0.092660 348,181,364,201,6,0.012702 157,185,176,231,0,0.008817 247,172,265,218,0,0.007532 377,180,393,198,6,0.006897 166,182,185,231,0,0.004071 158,184,175,208,0,0.003812
/home/dysjin/data/CARLA.v20-carla_v20.coco/valid/Town02_005520_png.rf.8a9d2ba4122736ea3845c9e405936cce.jpg 606,188,640,229,6,0.674983 36,197,125,224,6,0.572164 0,194,16,220,6,0.045074 605,165,637,275,6,0.011738 0,185,13,214,6,0.005642 91,199,134,223,6,0.005224 627,204,640,232,6,0.001383
/home/dysjin/data/CARLA.v20-carla_v20.coco/valid/041735_png.rf.891d950e6341a379e0a80f54f49c126a.jpg 277,242,301,305,0,0.764156 258,248,316,294,0,0.001335
/home/dysjin/data/CARLA.v20-carla_v20.coco/valid/041669_png.rf.8f16c7cc68671f71ba068edf120b2a61.jpg 305,253,330,311,0,0.675342 293,245,317,298,0,0.002011
/home/dysjin/data/CARLA.v20-carla_v20.coco/valid/003814_png.rf.9123d8ff8e23490d6f5201cb816e4fc2.jpg 289,236,319,260,6,0.594818 564,170,619,247,3,0.336155 541,167,625,252,4,0.319107 544,177,625,254,5,0.226306 286,237,300,256,6,0.001960 266,241,290,254,6,0.001076
/home/dysjin/data/CARLA.v20-carla_v20.coco/valid/005413_png.rf.9000d6e877ce40e1d5bd5387ece453c2.jpg 107,232,127,279,2,0.824495 82,230,107,287,2,0.648856 94,232,118,279,2,0.029029 114,218,133,281,2,0.002756 118,238,131,274,2,0.002709 89,230,104,271,2,0.001601
/home/dysjin/data/CARLA.v20-carla_v20.coco/valid/Town01_001500_png.rf.9254a251a5c6eb6313adba6a6adf1620.jpg 385,172,405,192,3,0.517948 244,197,258,216,0,0.003747 223,199,236,216,0,0.001724 607,148,633,305,2,0.001722 231,197,247,215,0,0.001624 0,135,19,183,6,0.001521 294,196,308,215,0,0.001379
/home/dysjin/data/CARLA.v20-carla_v20.coco/valid/Town05_004680_png.rf.93664881511a21c1adf050e2e8993477.jpg 314,174,406,224,6,0.904218 244,181,267,207,6,0.886319 630,168,640,199,6,0.024641 628,146,640,215,2,0.009839 281,181,295,195,6,0.005533 324,175,357,220,6,0.004468 191,185,209,206,0,0.002600 617,162,635,204,0,0.002568 289,151,435,257,6,0.002190 369,184,427,216,6,0.001431 386,190,411,220,6,0.001019
/home/dysjin/data/CARLA.v20-carla_v20.coco/valid/138312_png.rf.93c512dad514948e54a85fd6860eba4e.jpg 94,229,115,281,2,0.709433 606,342,633,480,6,0.001013
/home/dysjin/data/CARLA.v20-carla_v20.coco/valid/005160_png.rf.922d9f2da21b5b11121905df87e629d7.jpg 396,209,428,243,5,0.629392
