/home/dysjin/data/CARLA.v20-carla_v20.coco/valid/Town02_006840_png.rf.a4a970c10202604d1dd8c41fe9097525.jpg 565,176,579,193,0,0.151424 367,162,379,179,0,0.068356 343,178,357,191,0,0.054338 2,171,14,199,0,0.027864 242,164,257,179,0,0.016477 292,163,308,179,0,0.009560 353,175,366,191,0,0.008633 233,163,249,178,0,0.006895 367,154,382,170,0,0.006581 441,187,457,202,0,0.004403 357,164,372,179,0,0.003331 207,175,222,191,0,0.003183 367,172,381,187,0,0.002962 282,175,297,190,0,0.002761 254,163,270,178,0,0.002525 342,165,359,181,0,0.002451 292,174,307,189,0,0.002448 234,173,249,187,0,0.002325 281,163,298,178,0,0.002273 438,177,456,193,0,0.002228 268,163,284,178,0,0.001747 0,161,11,186,0,0.001673 243,172,258,187,0,0.001406 198,175,211,191,0,0.001278 572,175,587,195,0,0.001143 563,165,580,184,0,0.001068 242,151,261,170,0,0.001007
/home/dysjin/data/CARLA.v20-carla_v20.coco/valid/Town02_002640_png.rf.ac6bee6a9e4c4b2a1e149670c97196c1.jpg 392,174,406,187,0,0.500263 132,173,148,194,0,0.007679 340,198,358,220,0,0.001070
/home/dysjin/data/CARLA.v20-carla_v20.coco/valid/007096_png.rf.a26873f70f1467f54f0fd09ea8c1731b.jpg 536,172,623,246,0,0.423309
/home/dysjin/data/CARLA.v20-carla_v20.coco/valid/Town02_006480_png.rf.aec43468267a9993201d034f7031ee5c.jpg 354,175,368,190,0,0.053718 268,177,283,193,0,0.024676 345,174,361,189,0,0.006741 352,165,371,184,0,0.003765 364,162,380,181,0,0.003377 257,176,273,192,0,0.001600 346,165,361,181,0,0.001403 363,174,380,190,0,0.001337 183,176,199,191,0,0.001005
/home/dysjin/data/CARLA.v20-carla_v20.coco/valid/051305_png.rf.af3e2dc55ae45fc793f7f25eb6fdf7b4.jpg 426,204,464,243,0,0.352443 176,88,200,132,1,0.001592
/home/dysjin/data/CARLA.v20-carla_v20.coco/valid/007291_png.rf.b33e9d647d42777054dfb5f46d23bbad.jpg 385,220,399,239,0,0.140524
/home/dysjin/data/CARLA.v20-carla_v20.coco/valid/003752_png.rf.bb0716bc5b93fa8b10f41577e20a2f35.jpg 397,218,422,240,1,0.300987 393,216,425,244,0,0.038345 465,0,481,22,0,0.001134
/home/dysjin/data/CARLA.v20-carla_v20.coco/valid/005173_png.rf.c24ac196d86260d3a384e12093bfa5ef.jpg 469,190,526,247,0,0.251764 267,226,284,243,0,0.001803 507,201,532,242,0,0.001057
/home/dysjin/data/CARLA.v20-carla_v20.coco/valid/003769_png.rf.c5c0c17fa97551316c57744e9608f796.jpg 496,192,547,245,0,0.141399 481,164,578,258,0,0.002114
/home/dysjin/data/CARLA.v20-carla_v20.coco/valid/004966_png.rf.c9d8d72d0920460b612251c5fddc5770.jpg 427,204,466,242,0,0.383428
/home/dysjin/data/CARLA.v20-carla_v20.coco/valid/001638_png.rf.c98e4c5bc2a68de358073a26469c81b2.jpg 421,207,455,240,0,0.428072
/home/dysjin/data/CARLA.v20-carla_v20.coco/valid/051274_png.rf.d5f64278c64b556983082379a316485f.jpg 554,166,640,250,0,0.398502 358,225,373,241,0,0.031404
/home/dysjin/data/CARLA.v20-carla_v20.coco/valid/Town01_001440_png.rf.e4b4351effd31d5b433710cffb8243e4.jpg 386,176,403,191,1,0.328654 230,174,246,191,0,0.093764 361,126,387,171,0,0.054523 341,176,355,190,0,0.039301 375,169,406,194,1,0.029566 279,178,295,191,0,0.016672 380,167,395,186,1,0.009535 291,176,307,190,0,0.008939 330,175,348,189,0,0.006324 390,182,405,199,0,0.006110 269,177,282,192,0,0.005315 208,174,224,188,0,0.003465 222,173,236,190,0,0.003167 352,175,367,189,0,0.003138 303,176,318,189,0,0.002978 381,179,397,201,0,0.002934 389,163,407,188,0,0.002750 440,161,455,179,0,0.002694 257,175,274,190,0,0.002693 278,187,295,203,0,0.002607 438,151,456,169,0,0.002391 329,165,345,180,0,0.002151 316,175,332,189,0,0.001968 268,187,285,202,0,0.001861 59,176,75,193,0,0.001765 292,165,308,180,0,0.001730 107,201,123,217,0,0.001676 575,152,591,168,0,0.001625 369,146,383,171,0,0.001548 98,201,113,216,0,0.001492 341,166,358,182,0,0.001259 169,188,187,202,0,0.001247 280,165,296,178,0,0.001221 269,164,284,180,0,0.001146 229,165,248,183,0,0.001143 257,162,274,181,0,0.001138 371,174,384,187,0,0.001024
/home/dysjin/data/CARLA.v20-carla_v20.coco/valid/041811_png.rf.e8d4c17844854d24f9b2bec66a8a8889.jpg 49,222,64,242,0,0.225765 46,209,67,241,0,0.001301
/home/dysjin/data/CARLA.v20-carla_v20.coco/valid/001519_png.rf.e42bb854e84b40164ed2795569b2eb6f.jpg 573,221,587,242,0,0.281059 568,216,582,236,0,0.011884
/home/dysjin/data/CARLA.v20-carla_v20.coco/valid/001509_png.rf.ed3baed466e7f65c1a01fb57bf942b65.jpg 573,221,587,242,0,0.240140 567,216,581,235,0,0.009838 341,226,360,243,0,0.001746
/home/dysjin/data/CARLA.v20-carla_v20.coco/valid/026829_png.rf.e6f26e62f316568466a95ba7fd18d850.jpg 376,223,391,240,0,0.332229 371,216,385,236,0,0.001852
/home/dysjin/data/CARLA.v20-carla_v20.coco/valid/007076_png.rf.d635d979c35f5dd6da756ef9889aef0b.jpg 395,217,419,240,1,0.401679 393,215,416,238,0,0.005961
/home/dysjin/data/CARLA.v20-carla_v20.coco/valid/Town02_006960_png.rf.eedfb90c1deb0d66a31341acd2e08f4f.jpg 147,160,165,179,0,0.441569 207,175,223,190,0,0.005607 218,175,233,190,0,0.001110
/home/dysjin/data/CARLA.v20-carla_v20.coco/valid/041861_png.rf.f5f3812ca6c536c5c25bea3d596be111.jpg 404,210,427,241,0,0.262741
/home/dysjin/data/CARLA.v20-carla_v20.coco/valid/003755_png.rf.f6343810071c5f5401b5697ef363285d.jpg 407,215,433,241,0,0.221527 405,219,438,239,1,0.015850
/home/dysjin/data/CARLA.v20-carla_v20.coco/valid/001630_png.rf.ff5ced110f03f998a7a6998ddf647fd2.jpg 407,208,438,241,0,0.471001
/home/dysjin/data/CARLA.v20-carla_v20.coco/valid/003751_png.rf.0ff9ef7c8c8e4f5eab52437609a3b501.jpg 395,217,419,241,1,0.308406 393,210,419,246,0,0.020541
/home/dysjin/data/CARLA.v20-carla_v20.coco/valid/Town02_008820_png.rf.135414697b8215dc125af6b125d3058c.jpg 144,169,159,194,0,0.061857 389,187,406,203,0,0.014158 380,187,396,201,0,0.007948 391,176,407,194,0,0.006648 478,176,494,191,0,0.006546 341,178,355,190,0,0.006118 245,163,259,178,0,0.005278 268,163,285,179,0,0.004768 380,178,397,193,0,0.003884 280,163,296,180,0,0.003759 331,177,346,190,0,0.003742 353,176,368,190,0,0.003435 207,151,221,166,0,0.003042 291,163,309,179,0,0.002976 367,177,382,191,0,0.002394 255,162,271,179,0,0.002375 417,175,434,193,0,0.002125 244,174,259,188,0,0.002099 281,175,296,190,0,0.002088 366,188,382,201,0,0.001653 222,174,236,191,0,0.001551 231,175,246,188,0,0.001498 268,176,283,190,0,0.001479 220,163,234,177,0,0.001476 232,152,248,166,0,0.001334 194,162,212,178,0,0.001298 403,163,420,180,0,0.001159 291,176,306,188,0,0.001037
/home/dysjin/data/CARLA.v20-carla_v20.coco/valid/006578_png.rf.21f08e8ed63ab67b3ef05528af8ef9e6.jpg 370,221,385,238,0,0.365154
/home/dysjin/data/CARLA.v20-carla_v20.coco/valid/Town02_006720_png.rf.2632fd4f3d65ff215e84d472badfd870.jpg 564,177,579,193,0,0.130475 367,162,379,179,0,0.075851 344,179,357,191,0,0.065703 2,171,14,199,0,0.027477 353,174,365,191,0,0.009852 367,154,382,170,0,0.007642 207,175,221,192,0,0.006925 280,175,296,191,0,0.006816 442,187,457,201,0,0.005634 292,163,309,178,0,0.005337 242,164,257,179,0,0.004942 357,164,372,180,0,0.003507 367,172,381,187,0,0.003503 233,162,248,177,0,0.002772 342,165,359,182,0,0.002755 438,177,456,193,0,0.002533 269,176,284,189,0,0.002008 279,187,295,201,0,0.001923 198,176,212,191,0,0.001784 281,163,299,179,0,0.001679 0,161,11,186,0,0.001615 193,138,210,158,0,0.001467 254,163,271,178,0,0.001135 572,175,587,194,0,0.001118 514,186,530,205,0,0.001085
/home/dysjin/data/CARLA.v20-carla_v20.coco/valid/007070_png.rf.2316a0a54db7e4a749f421570aadd160.jpg 382,222,407,241,1,0.318853 379,217,409,243,0,0.006938
/home/dysjin/data/CARLA.v20-carla_v20.coco/valid/041819_png.rf.374472e0a0868df264a4100cb7734e35.jpg 173,221,187,240,0,0.304668 181,210,192,236,0,0.001807 180,223,191,244,0,0.001136
/home/dysjin/data/CARLA.v20-carla_v20.coco/valid/003766_png.rf.3dbe103da1003d1fb3bd18ad0d0894b4.jpg 459,200,511,244,0,0.477205
/home/dysjin/data/CARLA.v20-carla_v20.coco/valid/026849_png.rf.52e90800c02b90489d2521817c6942f7.jpg 420,208,457,240,0,0.456535
/home/dysjin/data/CARLA.v20-carla_v20.coco/valid/041864_png.rf.51f1d81198f2e5b7a450f586235760ec.jpg 415,209,443,241,0,0.370649
/home/dysjin/data/CARLA.v20-carla_v20.coco/valid/009044_png.rf.59d4a83882b4b6af242cbd9e0e31ba80.jpg 563,220,578,243,0,0.144655 1,209,14,238,0,0.052351 3,220,14,246,0,0.011790 206,223,221,243,0,0.007239 342,228,358,242,0,0.006782 197,225,212,241,0,0.001815 0,206,25,238,0,0.001542
/home/dysjin/data/CARLA.v20-carla_v20.coco/valid/Town01_010680_png.rf.5537782525200ced228c602e6dcc3456.jpg 368,177,380,192,0,0.481498 229,175,246,189,0,0.053465 207,177,223,191,0,0.030078 316,177,333,190,0,0.029825 305,176,322,189,0,0.022051 219,176,232,194,0,0.018962 253,175,271,188,0,0.018196 361,172,391,193,0,0.011686 266,174,282,188,0,0.011204 327,176,343,191,0,0.008012 242,175,256,189,0,0.006668 340,176,356,189,0,0.004763 181,176,198,189,0,0.004194 269,164,284,180,0,0.004126 402,174,421,193,0,0.004043 208,185,224,202,0,0.003554 270,150,284,171,0,0.003184 230,166,249,181,0,0.002517 440,174,457,193,0,0.002414 306,165,321,181,0,0.001814 278,176,294,190,0,0.001673 377,173,387,195,0,0.001643 365,168,383,184,0,0.001508 193,176,208,191,0,0.001374 231,184,247,199,0,0.001373 291,175,308,188,0,0.001310 427,173,446,192,0,0.001215 451,174,470,192,0,0.001196 600,174,616,194,0,0.001173 208,166,223,181,0,0.001149 317,166,331,182,0,0.001094
/home/dysjin/data/CARLA.v20-carla_v20.coco/valid/007085_png.rf.5a7141063cfddac158b01dce18de1e48.jpg 426,207,466,243,1,0.289810 426,206,466,243,0,0.188246 430,208,471,248,2,0.009656
/home/dysjin/data/CARLA.v20-carla_v20.coco/valid/041820_png.rf.69e77a8e269d90d89efc21e5026a7083.jpg 180,225,193,242,0,0.095665 173,217,189,233,0,0.004768 181,213,196,236,0,0.003734 182,232,196,253,0,0.001415 81,211,102,230,0,0.001009
/home/dysjin/data/CARLA.v20-carla_v20.coco/valid/Town05_016500_png.rf.75b431585ae9c755044e81517b796324.jpg 457,176,477,196,0,0.305996 328,178,344,192,0,0.017936 208,177,222,191,0,0.007284 329,184,346,205,0,0.003242 268,163,286,180,0,0.002807 319,178,333,191,0,0.002503 280,163,296,180,0,0.002066 206,207,225,229,0,0.001816 376,189,394,205,0,0.001753 601,187,618,203,0,0.001750 340,176,356,191,0,0.001399 218,177,233,191,0,0.001322 331,164,347,182,0,0.001167 366,189,383,205,0,0.001144 354,176,369,190,0,0.001023
/home/dysjin/data/CARLA.v20-carla_v20.coco/valid/026847_png.rf.7a28094ba474fb2fab06e58f1ebea83c.jpg 411,206,444,242,0,0.345344
/home/dysjin/data/CARLA.v20-carla_v20.coco/valid/003814_png.rf.9123d8ff8e23490d6f5201cb816e4fc2.jpg 540,174,623,245,0,0.416388 366,225,383,243,0,0.001358
/home/dysjin/data/CARLA.v20-carla_v20.coco/valid/Town01_001500_png.rf.9254a251a5c6eb6313adba6a6adf1620.jpg 388,173,402,191,1,0.370018 384,174,400,189,0,0.167289 245,174,262,191,0,0.008367 170,189,185,204,0,0.007179 577,135,593,157,0,0.005556 219,201,235,214,0,0.004878 267,175,283,190,0,0.004419 280,174,296,190,0,0.003863 169,199,185,217,0,0.003760 291,175,306,189,0,0.003533 354,174,370,189,0,0.003463 219,188,235,203,0,0.003320 315,175,333,190,0,0.003106 328,175,344,190,0,0.003053 563,176,579,192,0,0.002895 390,181,405,199,0,0.002532 255,174,271,191,0,0.002529 195,174,211,190,0,0.001825 341,176,357,191,0,0.001645 304,175,320,190,0,0.001574 183,175,199,193,0,0.001563 181,188,196,203,0,0.001529 280,163,297,180,0,0.001426 385,162,413,191,1,0.001389 291,164,307,180,0,0.001360 454,150,469,169,0,0.001188 243,165,261,181,0,0.001137 228,201,245,215,0,0.001111 219,174,235,191,0,0.001061
/home/dysjin/data/CARLA.v20-carla_v20.coco/valid/005160_png.rf.922d9f2da21b5b11121905df87e629d7.jpg 400,211,430,242,0,0.315013 400,211,431,245,1,0.043071
