/home/dysjin/data/CARLA.v20-carla_v20.coco/valid/Town02_006840_png.rf.a4a970c10202604d1dd8c41fe9097525.jpg 565,178,580,195,0,0.573434 0,159,13,207,0,0.016852 0,171,10,196,1,0.009434 566,159,584,193,0,0.002646
/home/dysjin/data/CARLA.v20-carla_v20.coco/valid/Town02_002640_png.rf.ac6bee6a9e4c4b2a1e149670c97196c1.jpg 393,173,406,189,0,0.487834 397,166,411,185,0,0.005220 386,177,401,192,0,0.001098
/home/dysjin/data/CARLA.v20-carla_v20.coco/valid/007096_png.rf.a26873f70f1467f54f0fd09ea8c1731b.jpg 542,173,624,244,0,0.369544 536,178,628,254,1,0.194965 526,123,583,267,1,0.001740 520,197,605,278,0,0.001311
/home/dysjin/data/CARLA.v20-carla_v20.coco/valid/Town02_006480_png.rf.aec43468267a9993201d034f7031ee5c.jpg 348,175,360,188,0,0.504043 346,168,356,182,0,0.045707 343,167,363,196,0,0.008807 354,170,364,181,0,0.003316 337,165,347,179,0,0.001658 337,177,350,189,0,0.001119
/home/dysjin/data/CARLA.v20-carla_v20.coco/valid/051305_png.rf.af3e2dc55ae45fc793f7f25eb6fdf7b4.jpg 423,208,462,242,0,0.546952
/home/dysjin/data/CARLA.v20-carla_v20.coco/valid/007291_png.rf.b33e9d647d42777054dfb5f46d23bbad.jpg 384,224,401,238,0,0.446289 1,17,29,136,0,0.001165
/home/dysjin/data/CARLA.v20-carla_v20.coco/valid/003752_png.rf.bb0716bc5b93fa8b10f41577e20a2f35.jpg 396,218,424,241,0,0.534383
/home/dysjin/data/CARLA.v20-carla_v20.coco/valid/005173_png.rf.c24ac196d86260d3a384e12093bfa5ef.jpg 470,194,527,244,0,0.289551 472,192,528,245,1,0.021552
/home/dysjin/data/CARLA.v20-carla_v20.coco/valid/003769_png.rf.c5c0c17fa97551316c57744e9608f796.jpg 494,190,549,245,0,0.215221 493,190,550,245,1,0.134854
/home/dysjin/data/CARLA.v20-carla_v20.coco/valid/004966_png.rf.c9d8d72d0920460b612251c5fddc5770.jpg 425,206,467,239,0,0.468663
/home/dysjin/data/CARLA.v20-carla_v20.coco/valid/001638_png.rf.c98e4c5bc2a68de358073a26469c81b2.jpg 422,211,455,238,0,0.481799 154,227,171,242,1,0.001678
/home/dysjin/data/CARLA.v20-carla_v20.coco/valid/051274_png.rf.d5f64278c64b556983082379a316485f.jpg 557,172,638,243,0,0.418712 556,165,624,251,1,0.190132
/home/dysjin/data/CARLA.v20-carla_v20.coco/valid/Town01_001440_png.rf.e4b4351effd31d5b433710cffb8243e4.jpg 383,178,400,192,0,0.520503
/home/dysjin/data/CARLA.v20-carla_v20.coco/valid/041811_png.rf.e8d4c17844854d24f9b2bec66a8a8889.jpg 49,226,63,241,0,0.609871 48,235,59,246,0,0.003529 52,216,64,235,0,0.002711 41,229,55,241,0,0.002344 55,229,68,241,0,0.001189
/home/dysjin/data/CARLA.v20-carla_v20.coco/valid/001519_png.rf.e42bb854e84b40164ed2795569b2eb6f.jpg 574,221,590,240,0,0.620163 570,217,584,233,0,0.006747
/home/dysjin/data/CARLA.v20-carla_v20.coco/valid/001509_png.rf.ed3baed466e7f65c1a01fb57bf942b65.jpg 573,222,590,240,0,0.601089 570,217,584,234,0,0.006157
/home/dysjin/data/CARLA.v20-carla_v20.coco/valid/026829_png.rf.e6f26e62f316568466a95ba7fd18d850.jpg 375,222,391,237,0,0.608705
/home/dysjin/data/CARLA.v20-carla_v20.coco/valid/007076_png.rf.d635d979c35f5dd6da756ef9889aef0b.jpg 394,217,421,240,0,0.541118
/home/dysjin/data/CARLA.v20-carla_v20.coco/valid/Town02_006960_png.rf.eedfb90c1deb0d66a31341acd2e08f4f.jpg 146,162,167,182,0,0.517428
/home/dysjin/data/CARLA.v20-carla_v20.coco/valid/041861_png.rf.f5f3812ca6c536c5c25bea3d596be111.jpg 399,211,431,240,0,0.540058
/home/dysjin/data/CARLA.v20-carla_v20.coco/valid/003755_png.rf.f6343810071c5f5401b5697ef363285d.jpg 405,215,437,243,0,0.525394
/home/dysjin/data/CARLA.v20-carla_v20.coco/valid/001630_png.rf.ff5ced110f03f998a7a6998ddf647fd2.jpg 408,210,436,239,0,0.464668
/home/dysjin/data/CARLA.v20-carla_v20.coco/valid/003751_png.rf.0ff9ef7c8c8e4f5eab52437609a3b501.jpg 395,219,420,241,0,0.536592
/home/dysjin/data/CARLA.v20-carla_v20.coco/valid/Town02_008820_png.rf.135414697b8215dc125af6b125d3058c.jpg 390,190,403,201,0,0.068279 393,179,405,193,0,0.003152 145,177,160,192,1,0.002731 380,181,402,211,0,0.001805
/home/dysjin/data/CARLA.v20-carla_v20.coco/valid/006578_png.rf.21f08e8ed63ab67b3ef05528af8ef9e6.jpg 370,224,386,237,0,0.481460
/home/dysjin/data/CARLA.v20-carla_v20.coco/valid/Town02_006720_png.rf.2632fd4f3d65ff215e84d472badfd870.jpg 564,177,580,194,0,0.559393 0,159,13,207,0,0.018824 0,171,10,196,1,0.010659 565,160,585,192,0,0.008653
/home/dysjin/data/CARLA.v20-carla_v20.coco/valid/007070_png.rf.2316a0a54db7e4a749f421570aadd160.jpg 381,220,403,240,0,0.482242
/home/dysjin/data/CARLA.v20-carla_v20.coco/valid/041819_png.rf.374472e0a0868df264a4100cb7734e35.jpg 173,226,186,239,0,0.583302 170,214,187,247,0,0.026798 175,218,189,234,0,0.009720 173,236,184,246,0,0.001004
/home/dysjin/data/CARLA.v20-carla_v20.coco/valid/003766_png.rf.3dbe103da1003d1fb3bd18ad0d0894b4.jpg 458,200,511,244,0,0.389480
/home/dysjin/data/CARLA.v20-carla_v20.coco/valid/026849_png.rf.52e90800c02b90489d2521817c6942f7.jpg 421,210,457,238,0,0.481857
/home/dysjin/data/CARLA.v20-carla_v20.coco/valid/041864_png.rf.51f1d81198f2e5b7a450f586235760ec.jpg 413,209,445,238,0,0.521047
/home/dysjin/data/CARLA.v20-carla_v20.coco/valid/009044_png.rf.59d4a83882b4b6af242cbd9e0e31ba80.jpg 562,220,577,239,0,0.524661 0,211,13,239,0,0.274365 0,218,11,243,1,0.003335 0,157,27,256,0,0.001285
/home/dysjin/data/CARLA.v20-carla_v20.coco/valid/Town01_010680_png.rf.5537782525200ced228c602e6dcc3456.jpg 371,179,385,191,0,0.515929 368,168,386,199,0,0.011098 371,186,382,196,0,0.001907
/home/dysjin/data/CARLA.v20-carla_v20.coco/valid/007085_png.rf.5a7141063cfddac158b01dce18de1e48.jpg 423,206,462,243,0,0.453092
/home/dysjin/data/CARLA.v20-carla_v20.coco/valid/041820_png.rf.69e77a8e269d90d89efc21e5026a7083.jpg 181,226,195,240,0,0.601577 178,215,197,248,0,0.023381 186,218,199,234,0,0.007226 183,235,195,246,0,0.001884
/home/dysjin/data/CARLA.v20-carla_v20.coco/valid/Town05_016500_png.rf.75b431585ae9c755044e81517b796324.jpg 455,180,478,196,0,0.557863
/home/dysjin/data/CARLA.v20-carla_v20.coco/valid/026847_png.rf.7a28094ba474fb2fab06e58f1ebea83c.jpg 413,211,444,238,0,0.527674
/home/dysjin/data/CARLA.v20-carla_v20.coco/valid/003814_png.rf.9123d8ff8e23490d6f5201cb816e4fc2.jpg 544,175,625,244,0,0.375224 541,178,628,254,1,0.298781
/home/dysjin/data/CARLA.v20-carla_v20.coco/valid/Town01_001500_png.rf.9254a251a5c6eb6313adba6a6adf1620.jpg 386,178,405,193,0,0.600559 390,184,401,197,0,0.001160
/home/dysjin/data/CARLA.v20-carla_v20.coco/valid/005160_png.rf.922d9f2da21b5b11121905df87e629d7.jpg 399,216,431,243,0,0.456908 408,218,429,238,2,0.001164
