/home/dysjin/data/CARLA.v20-carla_v20.coco/valid/Town02_006840_png.rf.a4a970c10202604d1dd8c41fe9097525.jpg 562,175,581,192,0,0.243735 1,167,12,199,0,0.027920 2,156,11,188,0,0.002787 554,167,588,205,0,0.002779 440,188,455,203,0,0.001433 564,165,584,185,0,0.001335 0,140,12,177,0,0.001204
/home/dysjin/data/CARLA.v20-carla_v20.coco/valid/Town02_002640_png.rf.ac6bee6a9e4c4b2a1e149670c97196c1.jpg 390,177,405,191,0,0.471027 417,138,434,158,0,0.001611
/home/dysjin/data/CARLA.v20-carla_v20.coco/valid/007096_png.rf.a26873f70f1467f54f0fd09ea8c1731b.jpg 545,169,619,251,0,0.431809 536,168,623,242,2,0.110316 560,164,610,268,1,0.089606
/home/dysjin/data/CARLA.v20-carla_v20.coco/valid/Town02_006480_png.rf.aec43468267a9993201d034f7031ee5c.jpg 347,174,360,190,0,0.107587 354,166,369,182,0,0.003280
/home/dysjin/data/CARLA.v20-carla_v20.coco/valid/051305_png.rf.af3e2dc55ae45fc793f7f25eb6fdf7b4.jpg 428,209,463,240,0,0.481207 403,218,481,241,2,0.001190
/home/dysjin/data/CARLA.v20-carla_v20.coco/valid/007291_png.rf.b33e9d647d42777054dfb5f46d23bbad.jpg 386,222,404,241,0,0.480841 380,216,412,255,0,0.001005
/home/dysjin/data/CARLA.v20-carla_v20.coco/valid/003752_png.rf.bb0716bc5b93fa8b10f41577e20a2f35.jpg 398,217,425,242,0,0.498810
/home/dysjin/data/CARLA.v20-carla_v20.coco/valid/005173_png.rf.c24ac196d86260d3a384e12093bfa5ef.jpg 472,192,527,247,0,0.327123 476,192,525,246,1,0.109290 475,183,531,255,2,0.017832
/home/dysjin/data/CARLA.v20-carla_v20.coco/valid/003769_png.rf.c5c0c17fa97551316c57744e9608f796.jpg 492,191,551,249,0,0.331806 498,190,546,245,1,0.172815 495,186,552,252,2,0.021054
/home/dysjin/data/CARLA.v20-carla_v20.coco/valid/004966_png.rf.c9d8d72d0920460b612251c5fddc5770.jpg 429,201,465,240,0,0.476041 427,214,479,228,0,0.008413
/home/dysjin/data/CARLA.v20-carla_v20.coco/valid/001638_png.rf.c98e4c5bc2a68de358073a26469c81b2.jpg 423,209,455,238,0,0.523166 154,224,172,243,0,0.003933 143,225,163,240,0,0.002172
/home/dysjin/data/CARLA.v20-carla_v20.coco/valid/051274_png.rf.d5f64278c64b556983082379a316485f.jpg 562,163,637,254,0,0.426628 561,161,635,258,1,0.375877 552,170,640,241,2,0.177990
/home/dysjin/data/CARLA.v20-carla_v20.coco/valid/Town01_001440_png.rf.e4b4351effd31d5b433710cffb8243e4.jpg 383,176,401,192,0,0.637129 362,129,388,167,0,0.001164
/home/dysjin/data/CARLA.v20-carla_v20.coco/valid/041811_png.rf.e8d4c17844854d24f9b2bec66a8a8889.jpg 48,227,65,242,0,0.611498 454,214,469,228,0,0.009333 47,219,65,236,0,0.005345 45,234,65,248,0,0.002253
/home/dysjin/data/CARLA.v20-carla_v20.coco/valid/001519_png.rf.e42bb854e84b40164ed2795569b2eb6f.jpg 573,221,590,240,0,0.559344
/home/dysjin/data/CARLA.v20-carla_v20.coco/valid/001509_png.rf.ed3baed466e7f65c1a01fb57bf942b65.jpg 573,221,590,240,0,0.559650
/home/dysjin/data/CARLA.v20-carla_v20.coco/valid/026829_png.rf.e6f26e62f316568466a95ba7fd18d850.jpg 373,223,393,239,0,0.602250
/home/dysjin/data/CARLA.v20-carla_v20.coco/valid/007076_png.rf.d635d979c35f5dd6da756ef9889aef0b.jpg 395,215,421,243,0,0.453309 393,214,418,240,1,0.004371
/home/dysjin/data/CARLA.v20-carla_v20.coco/valid/Town02_006960_png.rf.eedfb90c1deb0d66a31341acd2e08f4f.jpg 147,161,169,183,0,0.547875 608,93,635,126,0,0.002080
/home/dysjin/data/CARLA.v20-carla_v20.coco/valid/041861_png.rf.f5f3812ca6c536c5c25bea3d596be111.jpg 402,218,430,238,0,0.410947 401,216,431,244,1,0.004722
/home/dysjin/data/CARLA.v20-carla_v20.coco/valid/003755_png.rf.f6343810071c5f5401b5697ef363285d.jpg 408,215,435,243,0,0.477709 400,212,435,247,1,0.003426
/home/dysjin/data/CARLA.v20-carla_v20.coco/valid/001630_png.rf.ff5ced110f03f998a7a6998ddf647fd2.jpg 409,211,435,238,0,0.527222 195,190,210,205,0,0.001300
/home/dysjin/data/CARLA.v20-carla_v20.coco/valid/003751_png.rf.0ff9ef7c8c8e4f5eab52437609a3b501.jpg 395,219,422,242,0,0.474574 390,214,421,248,1,0.002166
/home/dysjin/data/CARLA.v20-carla_v20.coco/valid/Town02_008820_png.rf.135414697b8215dc125af6b125d3058c.jpg 391,186,407,203,0,0.196478 503,177,518,192,0,0.012549 478,176,493,191,0,0.001269
/home/dysjin/data/CARLA.v20-carla_v20.coco/valid/006578_png.rf.21f08e8ed63ab67b3ef05528af8ef9e6.jpg 370,222,388,238,0,0.582206
/home/dysjin/data/CARLA.v20-carla_v20.coco/valid/Town02_006720_png.rf.2632fd4f3d65ff215e84d472badfd870.jpg 561,175,581,193,0,0.264551 1,167,12,199,0,0.028302 554,167,588,205,0,0.003890 2,156,11,188,0,0.002789 563,165,584,185,0,0.001316 0,140,12,177,0,0.001165
/home/dysjin/data/CARLA.v20-carla_v20.coco/valid/007070_png.rf.2316a0a54db7e4a749f421570aadd160.jpg 382,221,408,242,0,0.487040 376,218,408,248,1,0.001710
/home/dysjin/data/CARLA.v20-carla_v20.coco/valid/041819_png.rf.374472e0a0868df264a4100cb7734e35.jpg 172,224,188,239,0,0.665727 170,234,187,247,0,0.001872
/home/dysjin/data/CARLA.v20-carla_v20.coco/valid/003766_png.rf.3dbe103da1003d1fb3bd18ad0d0894b4.jpg 457,196,509,243,0,0.382452 459,195,504,249,1,0.002836 459,212,522,227,0,0.001589
/home/dysjin/data/CARLA.v20-carla_v20.coco/valid/026849_png.rf.52e90800c02b90489d2521817c6942f7.jpg 423,204,455,238,0,0.548483
/home/dysjin/data/CARLA.v20-carla_v20.coco/valid/041864_png.rf.51f1d81198f2e5b7a450f586235760ec.jpg 416,209,442,239,0,0.545446 413,213,444,245,1,0.002766
/home/dysjin/data/CARLA.v20-carla_v20.coco/valid/009044_png.rf.59d4a83882b4b6af242cbd9e0e31ba80.jpg 559,218,581,243,0,0.604904 1,208,11,236,0,0.020497 0,217,10,247,0,0.016924 7,220,20,244,0,0.004598 0,197,8,263,1,0.003907 342,225,358,240,0,0.001517 6,215,23,233,0,0.001251
/home/dysjin/data/CARLA.v20-carla_v20.coco/valid/Town01_010680_png.rf.5537782525200ced228c602e6dcc3456.jpg 370,180,386,193,0,0.558358
/home/dysjin/data/CARLA.v20-carla_v20.coco/valid/007085_png.rf.5a7141063cfddac158b01dce18de1e48.jpg 428,204,465,241,0,0.445239 425,207,461,243,1,0.148761 427,217,478,230,0,0.008852
/home/dysjin/data/CARLA.v20-carla_v20.coco/valid/041820_png.rf.69e77a8e269d90d89efc21e5026a7083.jpg 180,227,196,242,0,0.665072 182,218,197,236,0,0.005234 180,235,195,247,0,0.005156 189,223,206,238,0,0.001189
/home/dysjin/data/CARLA.v20-carla_v20.coco/valid/Town05_016500_png.rf.75b431585ae9c755044e81517b796324.jpg 455,178,479,198,0,0.580045 431,184,449,201,0,0.001074
/home/dysjin/data/CARLA.v20-carla_v20.coco/valid/026847_png.rf.7a28094ba474fb2fab06e58f1ebea83c.jpg 414,209,443,237,0,0.516023
/home/dysjin/data/CARLA.v20-carla_v20.coco/valid/003814_png.rf.9123d8ff8e23490d6f5201cb816e4fc2.jpg 547,171,620,252,0,0.414035 560,170,612,263,1,0.162550 540,167,623,244,2,0.079940
/home/dysjin/data/CARLA.v20-carla_v20.coco/valid/Town01_001500_png.rf.9254a251a5c6eb6313adba6a6adf1620.jpg 384,172,403,194,0,0.585841 376,184,406,198,0,0.001469
/home/dysjin/data/CARLA.v20-carla_v20.coco/valid/005160_png.rf.922d9f2da21b5b11121905df87e629d7.jpg 400,213,430,240,0,0.457764 391,207,447,251,0,0.001349
