/home/dysjin/data/CARLA.v20-carla_v20.coco/valid/Town05_011820_png.rf.a721d4435d03a17b63243ff374e790d2.jpg 19,185,105,224,6,0.806295 0,190,180,226,6,0.213910 0,178,477,238,6,0.054242 15,145,128,245,6,0.017846 2,194,63,222,6,0.005232 27,195,115,253,6,0.003992 89,190,115,226,0,0.003547 0,164,85,225,6,0.002183 376,163,399,181,3,0.002113 82,180,134,220,0,0.001930 364,162,387,183,3,0.001621 52,189,129,226,6,0.001408 78,158,143,198,6,0.001356 0,0,337,270,6,0.001146
/home/dysjin/data/CARLA.v20-carla_v20.coco/valid/Town05_005760_png.rf.a5aa9e8688171e7bfb57f36e4a648f69.jpg 308,187,325,205,6,0.542652 412,185,444,224,6,0.136147 315,181,339,214,6,0.113845 295,183,329,211,6,0.015255 317,175,334,199,6,0.012308 167,0,640,273,6,0.010056 395,180,424,225,0,0.005984 409,201,450,240,6,0.004875 393,167,407,201,3,0.003999 298,166,325,199,6,0.003321 402,189,426,227,6,0.003246 373,0,640,301,6,0.003082 330,163,349,181,6,0.002397 4,159,32,184,6,0.002197 266,176,287,190,6,0.002095 8,160,65,194,6,0.001725 0,157,21,185,6,0.001625 315,163,338,182,6,0.001583 3,166,34,199,6,0.001246 221,177,258,193,6,0.001229 382,163,459,224,6,0.001113 342,161,358,183,3,0.001100 364,173,385,195,6,0.001051
/home/dysjin/data/CARLA.v20-carla_v20.coco/valid/075705_png.rf.9f5447b468e0280dc956a534954f8a5e.jpg 306,243,350,273,6,0.893281 170,250,249,302,6,0.711313 110,243,318,302,6,0.223100 0,216,204,458,6,0.216889 231,242,273,276,6,0.147803 0,213,512,331,6,0.028155 292,220,357,272,6,0.027688 208,243,268,298,6,0.025569 134,249,232,316,6,0.022487 0,209,513,445,6,0.019178 182,222,265,285,6,0.010355 354,230,368,261,2,0.006958 442,248,456,269,2,0.002449 428,252,448,265,6,0.001804 36,224,200,370,6,0.001665 344,229,357,265,2,0.001533 281,239,299,253,6,0.001520 442,232,466,273,2,0.001445 0,0,160,480,6,0.001133
/home/dysjin/data/CARLA.v20-carla_v20.coco/valid/Town02_006840_png.rf.a4a970c10202604d1dd8c41fe9097525.jpg 571,179,639,223,6,0.480461 398,186,456,215,6,0.314643 476,183,546,209,6,0.231649 327,180,518,212,6,0.110736 462,179,640,234,6,0.092003 471,169,540,231,6,0.027033 0,154,15,189,3,0.020102 556,179,587,213,0,0.016718 557,180,585,211,6,0.016371 489,190,510,253,0,0.015565 555,157,640,209,6,0.011039 295,188,309,202,6,0.009691 513,161,546,201,6,0.009254 359,194,490,217,6,0.008466 444,191,578,220,6,0.007475 339,187,362,207,6,0.006193 379,171,441,228,6,0.005795 558,168,586,202,3,0.005084 571,194,640,259,6,0.004097 0,163,14,200,3,0.003291 445,197,458,244,0,0.002837 551,167,612,231,6,0.002645 451,185,515,216,6,0.002008 524,160,545,184,3,0.001969 306,189,319,203,6,0.001947 499,193,546,220,6,0.001728 291,176,312,195,6,0.001443 568,189,602,226,6,0.001428 539,180,576,219,6,0.001217 478,200,528,243,0,0.001137 0,141,19,180,3,0.001060 603,183,640,231,6,0.001039
/home/dysjin/data/CARLA.v20-carla_v20.coco/valid/Town02_002640_png.rf.ac6bee6a9e4c4b2a1e149670c97196c1.jpg 295,195,369,250,6,0.831596 263,196,291,219,6,0.392415 98,158,552,283,6,0.072793 69,190,88,249,0,0.041695 390,172,407,195,3,0.019595 67,203,97,242,1,0.009890 561,171,640,227,6,0.007381 72,184,95,228,1,0.005169 207,207,446,253,6,0.003735 164,198,194,221,6,0.003110 244,146,431,274,6,0.002614 404,187,446,207,6,0.002453 32,188,92,221,6,0.002229 259,199,275,215,6,0.001702 611,154,640,202,6,0.001661 304,171,349,222,6,0.001538 180,199,199,221,6,0.001434 508,161,640,231,6,0.001190 246,169,312,220,6,0.001146 275,187,301,210,6,0.001038
/home/dysjin/data/CARLA.v20-carla_v20.coco/valid/007096_png.rf.a26873f70f1467f54f0fd09ea8c1731b.jpg 546,162,614,251,5,0.845449 481,0,640,441,5,0.057798 558,160,640,256,4,0.006852 479,156,640,246,5,0.001607
/home/dysjin/data/CARLA.v20-carla_v20.coco/valid/041683_png.rf.abc13a183255cbb5f9aeca7d55d8b4c0.jpg 296,244,330,308,0,0.567922 298,197,333,348,0,0.098973
/home/dysjin/data/CARLA.v20-carla_v20.coco/valid/041699_png.rf.a4a6f7fb7672ac47b317ec4fe3e21c97.jpg 297,243,328,309,0,0.573698 302,188,331,372,0,0.090536
/home/dysjin/data/CARLA.v20-carla_v20.coco/valid/Town02_006480_png.rf.aec43468267a9993201d034f7031ee5c.jpg 207,163,260,198,6,0.063604 229,166,282,196,6,0.018348 211,178,256,213,6,0.010745 239,181,275,212,6,0.008644 343,173,360,195,3,0.006637 341,163,359,183,3,0.004238 188,162,236,196,6,0.003851 353,173,372,195,3,0.003631 294,188,310,206,6,0.002299 305,188,322,205,6,0.001361 166,175,189,190,6,0.001246 337,184,365,206,6,0.001054
/home/dysjin/data/CARLA.v20-carla_v20.coco/valid/Town02_003060_png.rf.b28380c7e6ad26a4ccdfda39d4db7f85.jpg 562,184,640,222,6,0.480034 490,189,640,225,6,0.100476 530,166,622,226,6,0.022227 530,186,580,220,6,0.014627 608,202,635,240,6,0.012382 178,181,640,233,6,0.009551 550,191,596,223,6,0.008268 523,196,548,220,6,0.007309 624,213,640,252,0,0.004817 613,214,633,251,0,0.003284 576,200,640,253,6,0.003216 7,196,29,218,6,0.002340 428,168,640,228,6,0.002253 3,181,25,220,6,0.002096 600,168,640,241,6,0.001621 561,146,640,246,6,0.001242 0,194,17,220,6,0.001231
/home/dysjin/data/CARLA.v20-carla_v20.coco/valid/Town01_009120_png.rf.b3886317404f3c307752dac4625c4b0e.jpg 315,190,335,206,6,0.043074 376,188,430,214,6,0.042160 19,205,66,237,6,0.042093 318,198,333,215,6,0.028228 369,198,408,216,6,0.016105 340,183,459,211,6,0.015976 307,198,325,214,6,0.007831 289,191,318,202,6,0.003845 338,190,362,202,6,0.002688 488,186,532,206,6,0.002684 291,189,330,211,6,0.002259 13,189,63,224,6,0.001992 41,203,76,241,6,0.001836 49,182,74,228,2,0.001575 180,188,200,205,2,0.001379 167,188,192,204,6,0.001331 325,189,350,204,6,0.001105
/home/dysjin/data/CARLA.v20-carla_v20.coco/valid/051305_png.rf.af3e2dc55ae45fc793f7f25eb6fdf7b4.jpg 419,201,477,244,3,0.746403 266,226,289,243,6,0.002126 267,237,288,253,6,0.001466 410,202,445,241,3,0.001051
/home/dysjin/data/CARLA.v20-carla_v20.coco/valid/007291_png.rf.b33e9d647d42777054dfb5f46d23bbad.jpg 388,221,407,243,3,0.449412 373,211,401,244,3,0.156659 171,227,189,264,2,0.009292 179,223,198,269,2,0.006743 171,206,198,255,2,0.006013 177,235,202,279,2,0.003115 146,219,187,248,6,0.003113 384,200,418,255,3,0.002081 361,219,393,244,6,0.001886 133,233,190,262,6,0.001841 398,210,424,236,3,0.001722 402,222,417,244,3,0.001323
/home/dysjin/data/CARLA.v20-carla_v20.coco/valid/Town05_005820_png.rf.abc3e70595852b4f2320e8b55c805a27.jpg 307,184,346,220,6,0.418157 288,166,356,222,6,0.033679 354,173,371,193,3,0.002982 339,158,364,184,3,0.002954 336,159,365,184,6,0.002315 312,166,351,199,6,0.001212 336,0,640,237,6,0.001154 307,175,322,198,6,0.001150 341,148,360,173,3,0.001010
/home/dysjin/data/CARLA.v20-carla_v20.coco/valid/Town05_006960_png.rf.9d31f2ffd8a1d723122d28555c0e3321.jpg 282,178,296,215,0,0.117703 382,167,425,195,6,0.043703 371,167,404,201,1,0.033606 371,167,404,201,0,0.032708 363,164,404,198,6,0.012269 0,181,499,380,6,0.010767 0,197,272,379,6,0.007019 288,212,427,380,6,0.002727 610,168,635,200,6,0.002365 387,179,422,212,6,0.002142 365,179,389,211,0,0.001867 350,163,376,181,6,0.001208 269,169,304,228,0,0.001128
/home/dysjin/data/CARLA.v20-carla_v20.coco/valid/Town02_009720_png.rf.b20474373a38fe973889a895d5aba03e.jpg 286,198,344,264,6,0.639030 244,175,387,288,6,0.440896 270,184,283,210,1,0.036081 301,227,353,262,6,0.009335 614,148,640,208,6,0.001470 193,175,210,194,3,0.001306
/home/dysjin/data/CARLA.v20-carla_v20.coco/valid/Town01_002220_png.rf.9b6e376c042a4b43cdf2a33f00250d62.jpg 182,180,458,380,6,0.825532 367,134,389,162,3,0.124444 173,33,449,380,6,0.023335 0,168,640,380,6,0.014912 0,99,640,380,6,0.005502 366,123,398,181,3,0.005129 376,140,396,173,3,0.004933 284,185,317,207,6,0.004910 232,172,273,195,6,0.003068 251,170,276,197,0,0.001952 286,176,318,194,6,0.001580
/home/dysjin/data/CARLA.v20-carla_v20.coco/valid/Town01_003900_png.rf.b43a572a2d61a01bb389880cf86179de.jpg 170,183,474,380,6,0.818596 529,165,607,225,6,0.060223 152,35,511,380,6,0.049083 0,183,35,221,6,0.042507 551,198,597,246,6,0.024933 544,185,579,234,6,0.021768 398,178,419,226,0,0.020840 7,185,61,216,6,0.008367 558,152,591,203,3,0.005668 0,117,640,380,6,0.005371 565,198,640,265,6,0.004247 14,190,45,226,0,0.003399 24,164,99,194,6,0.002970 538,154,578,203,3,0.001530 532,155,583,201,6,0.001422 558,171,640,233,6,0.001169 607,184,640,268,6,0.001151 0,195,29,247,6,0.001142 0,138,640,380,6,0.001093 30,184,92,211,6,0.001030 0,141,640,380,6,0.001000
/home/dysjin/data/CARLA.v20-carla_v20.coco/valid/029067_png.rf.b686edaf28a0971571945f7b069613d5.jpg 536,212,581,347,2,0.512762 542,0,578,480,2,0.200170 550,130,589,436,2,0.090368 51,228,75,277,2,0.080365 198,234,212,259,2,0.036478 46,238,66,279,2,0.016164 70,237,86,278,2,0.013189 196,242,212,270,2,0.012567 205,230,221,264,2,0.007350 63,231,101,273,2,0.002802 525,0,594,480,2,0.002532 206,242,220,270,2,0.002310 69,228,87,265,2,0.001656 395,234,407,258,2,0.001642 191,218,227,283,2,0.001192
/home/dysjin/data/CARLA.v20-carla_v20.coco/valid/Town02_004200_png.rf.b4d2f32e1287253b4f35bf521927be39.jpg 266,184,289,209,6,0.648019 364,186,389,206,6,0.005342 417,200,457,216,6,0.003293 264,169,300,228,6,0.002543 293,175,308,195,6,0.002304 448,201,524,238,6,0.001766 108,189,150,205,6,0.001459 442,184,519,224,6,0.001437
/home/dysjin/data/CARLA.v20-carla_v20.coco/valid/Town02_002100_png.rf.b49da10e2c41ab65d4c132e46f15d3e3.jpg 308,204,344,290,1,0.472499 288,86,343,380,1,0.136704 0,178,25,225,6,0.083947 298,162,330,307,1,0.074472 312,108,337,361,1,0.015031 0,190,30,252,6,0.013313 316,193,335,225,0,0.009617 308,189,324,229,0,0.003622 388,184,409,208,6,0.002959 413,187,437,208,6,0.002646 0,157,26,205,6,0.002394 412,199,439,216,6,0.002378 0,165,55,220,6,0.001701 319,188,332,207,6,0.001656 59,185,124,206,6,0.001074
/home/dysjin/data/CARLA.v20-carla_v20.coco/valid/003752_png.rf.bb0716bc5b93fa8b10f41577e20a2f35.jpg 396,208,422,247,4,0.548768
/home/dysjin/data/CARLA.v20-carla_v20.coco/valid/138327_png.rf.b4aecc174d58e25a6e680c2468864172.jpg 18,214,50,296,2,0.511176 20,234,47,308,2,0.285159 16,173,45,366,2,0.244870 0,184,58,310,2,0.033175 0,212,56,344,2,0.028335 171,229,196,268,2,0.002518 612,377,632,435,2,0.002067 26,126,52,389,2,0.001893 147,230,172,269,2,0.001214 0,119,44,421,2,0.001063
/home/dysjin/data/CARLA.v20-carla_v20.coco/valid/Town05_009600_png.rf.b886b3525f44da0ae66796230d91b958.jpg 120,170,223,230,6,0.484707 464,186,499,217,6,0.472989 378,183,417,209,6,0.460888 156,193,227,224,6,0.244702 115,197,219,251,6,0.238060 585,183,634,207,6,0.170909 236,169,269,198,6,0.132033 102,203,171,241,6,0.116933 0,180,344,238,6,0.115450 76,192,306,225,6,0.099178 526,187,544,201,6,0.096515 525,176,546,196,6,0.037782 267,186,285,203,6,0.032304 575,165,635,199,6,0.018984 609,179,640,218,6,0.016626 85,187,192,229,6,0.016197 264,174,287,197,6,0.015677 362,169,409,226,6,0.010680 291,174,313,195,6,0.009975 304,173,320,197,6,0.009406 305,183,320,208,0,0.007607 179,175,231,236,6,0.006798 339,176,361,193,6,0.005471 360,180,396,210,6,0.005097 374,166,445,216,6,0.004952 90,208,139,238,6,0.004945 295,183,311,205,0,0.004668 0,141,640,276,6,0.004284 521,181,543,214,6,0.003180 329,173,350,193,6,0.002775 211,165,263,194,6,0.002249 294,164,320,197,0,0.002031 276,172,303,195,6,0.001858 230,182,287,209,6,0.001793 0,161,460,278,6,0.001674 387,164,420,204,6,0.001608 271,164,307,181,6,0.001498 539,187,552,205,0,0.001439 441,166,508,218,6,0.001379 620,168,640,199,6,0.001375 414,176,434,195,6,0.001372 478,173,495,202,6,0.001200 518,175,534,194,6,0.001174 537,175,556,196,6,0.001123 267,181,296,214,0,0.001084 601,146,640,216,6,0.001064 569,193,640,217,6,0.001049
/home/dysjin/data/CARLA.v20-carla_v20.coco/valid/Town01_002340_png.rf.b8976b6d8f366e29aeb47fb3b3146b33.jpg 183,180,458,380,6,0.826885 367,134,389,162,3,0.125313 172,35,449,380,6,0.024787 0,170,640,380,6,0.014298 0,100,640,380,6,0.005730 281,186,321,206,6,0.005407 366,123,398,181,3,0.005143 376,141,396,172,3,0.003907 286,176,318,194,6,0.002406 231,171,274,195,6,0.001003
/home/dysjin/data/CARLA.v20-carla_v20.coco/valid/Town05_009780_png.rf.c3069a0d7ec82f2e1960c0497cec36fe.jpg 280,199,360,267,6,0.679716 428,206,471,236,6,0.167006 113,144,517,300,6,0.085064 403,172,422,195,3,0.018356 414,171,431,195,3,0.006863 197,176,232,194,6,0.005504 243,177,262,192,6,0.005437 199,187,230,201,6,0.003476 430,190,479,225,6,0.003183 407,192,418,223,2,0.002150 423,205,501,255,6,0.001336
/home/dysjin/data/CARLA.v20-carla_v20.coco/valid/Town05_002700_png.rf.b9dfa75f628efa31633800bb9dfee796.jpg 368,187,383,202,6,0.119623 378,188,392,204,6,0.030183 365,177,387,197,6,0.004916 371,181,391,213,0,0.003424 376,176,396,196,6,0.001830 417,177,431,192,6,0.001796 0,170,24,232,6,0.001522 357,186,374,203,6,0.001275 364,183,397,211,6,0.001237 0,191,16,224,6,0.001208
/home/dysjin/data/CARLA.v20-carla_v20.coco/valid/005173_png.rf.c24ac196d86260d3a384e12093bfa5ef.jpg 475,196,531,252,5,0.856674 436,135,562,305,5,0.453731
/home/dysjin/data/CARLA.v20-carla_v20.coco/valid/Town01_005820_png.rf.c9053a957ff7561268673aaec9e095f0.jpg 306,194,349,313,1,0.722876 301,102,350,380,1,0.348916 406,186,448,217,6,0.069290 392,181,430,220,6,0.034821 281,213,363,343,1,0.013345 281,0,371,380,1,0.006547 262,0,369,380,1,0.002779 335,171,366,195,6,0.001685
/home/dysjin/data/CARLA.v20-carla_v20.coco/valid/Town01_011580_png.rf.c8aa9ea674a7d69974d55bf63b55ddbf.jpg 265,185,289,208,6,0.717829 474,203,529,246,6,0.348273 436,192,558,252,6,0.079621 574,180,637,224,6,0.074204 54,192,79,227,1,0.048489 514,183,640,231,6,0.033445 552,195,571,222,6,0.019931 563,170,580,199,3,0.016956 557,191,585,224,6,0.009161 50,206,83,231,6,0.008567 558,181,584,212,3,0.004927 48,202,79,239,1,0.004731 269,168,292,200,6,0.003990 9,173,53,195,6,0.003886 168,187,188,206,6,0.003546 553,170,571,198,3,0.002847 558,162,595,195,3,0.002571 43,175,83,235,1,0.002535 483,182,520,231,6,0.002490 542,197,570,250,0,0.002407 546,202,575,237,6,0.002388 577,154,628,203,6,0.002054 573,196,640,259,6,0.001790 559,194,597,251,0,0.001656 419,198,433,218,0,0.001573 263,168,298,229,6,0.001406 566,179,603,215,6,0.001366 563,141,583,179,3,0.001344 412,188,436,208,6,0.001336 44,193,72,224,6,0.001316 51,180,82,217,6,0.001139 250,182,276,214,6,0.001122 536,162,608,221,6,0.001085 556,197,602,247,6,0.001003
/home/dysjin/data/CARLA.v20-carla_v20.coco/valid/Town01_007440_png.rf.bed11eeb1dde416bf8789b24a8a5c0f8.jpg 554,174,640,226,6,0.593517 258,181,274,213,1,0.090047 525,186,549,211,6,0.060522 536,126,640,243,6,0.028719 533,193,556,221,6,0.020235 245,131,640,263,6,0.017435 526,184,577,217,6,0.017044 488,180,640,232,6,0.013366 267,184,287,215,1,0.009342 150,210,181,233,6,0.007367 416,143,640,251,6,0.004721 180,213,200,228,6,0.004233 476,196,495,247,0,0.003203 161,212,196,229,6,0.002999 598,186,640,229,6,0.002480 567,192,640,257,6,0.002155 83,222,125,244,6,0.001876 471,182,492,224,0,0.001516 257,165,275,207,2,0.001514 511,172,556,228,6,0.001502 144,223,166,239,0,0.001252 336,188,365,203,6,0.001183 247,170,280,229,1,0.001138
/home/dysjin/data/CARLA.v20-carla_v20.coco/valid/Town05_011760_png.rf.c548e0a947d80bc036151e4db99afcfa.jpg 34,218,209,342,6,0.055982 0,177,273,369,6,0.037725 0,11,250,380,6,0.008948 0,167,550,378,6,0.007587 309,187,321,204,0,0.004059 0,207,145,380,6,0.002436 441,159,473,192,4,0.001824
/home/dysjin/data/CARLA.v20-carla_v20.coco/valid/075708_png.rf.c1818fa586a2b613b2806f928a933d9d.jpg 306,243,349,272,6,0.880119 171,250,266,309,6,0.675719 0,234,175,438,6,0.231476 230,242,274,276,6,0.176643 0,115,234,480,6,0.158963 103,231,353,311,6,0.051334 210,243,267,296,6,0.043423 0,215,440,329,6,0.036781 168,236,313,284,6,0.033910 0,204,640,447,6,0.031638 133,250,230,317,6,0.031419 292,219,357,271,6,0.022535 354,230,368,262,2,0.008905 31,224,204,370,6,0.002856 442,251,457,266,2,0.002016 344,229,357,265,2,0.001969 306,247,329,267,6,0.001527 508,222,537,244,4,0.001410 427,252,448,265,6,0.001245 228,220,302,274,6,0.001094 175,241,231,279,6,0.001024
/home/dysjin/data/CARLA.v20-carla_v20.coco/valid/Town05_009900_png.rf.c90bd5781f975f44de47fd794a1f9ac6.jpg 345,198,427,255,6,0.693393 274,191,502,253,6,0.263543 269,176,308,194,6,0.024655 6,162,71,197,6,0.019513 0,155,640,290,6,0.018760 414,197,432,223,0,0.011329 330,186,346,205,0,0.009281 112,165,158,195,6,0.005060 356,181,459,283,6,0.004246 131,169,174,201,6,0.004109 189,174,240,194,6,0.004056 242,174,286,193,6,0.003890 116,162,154,197,0,0.003608 318,186,336,206,0,0.003472 8,182,66,212,6,0.003333 140,184,166,206,0,0.003055 129,184,156,205,0,0.002365 0,156,116,188,6,0.001971 141,185,166,205,6,0.001765 604,203,638,238,6,0.001759 306,174,321,193,0,0.001735 38,184,72,207,6,0.001576 2,185,34,206,6,0.001380 0,194,22,256,0,0.001358 413,186,434,209,0,0.001308 56,183,80,207,0,0.001247 376,181,433,234,6,0.001135 319,182,345,218,0,0.001097 154,184,177,208,0,0.001073 276,184,304,204,6,0.001059 136,161,178,199,0,0.001013
/home/dysjin/data/CARLA.v20-carla_v20.coco/valid/Town05_009660_png.rf.cc2e0d6a11c64dbe092a6e9321c6a170.jpg 233,205,409,350,6,0.517954 422,182,480,214,6,0.323948 344,177,358,215,0,0.301325 51,186,608,358,6,0.189989 361,179,515,212,6,0.137697 209,184,224,205,0,0.061927 390,161,469,219,6,0.044397 419,165,488,199,6,0.029816 166,0,461,380,6,0.020843 572,160,637,199,6,0.019563 571,181,639,215,6,0.016467 440,160,523,195,6,0.005711 217,184,234,207,0,0.005475 339,167,369,233,0,0.005302 0,84,640,380,6,0.004115 402,181,454,211,6,0.003223 204,173,228,199,6,0.002943 4,160,67,192,6,0.002603 599,145,640,215,6,0.002552 110,163,157,194,6,0.001510 256,176,272,191,6,0.001407 0,151,28,201,6,0.001051
/home/dysjin/data/CARLA.v20-carla_v20.coco/valid/003769_png.rf.c5c0c17fa97551316c57744e9608f796.jpg 494,184,550,255,4,0.670896 432,153,610,286,4,0.435065 483,174,521,264,4,0.005098 300,238,328,254,6,0.003053
/home/dysjin/data/CARLA.v20-carla_v20.coco/valid/121197_png.rf.c99e70822c663f40252f74e6b2ad5094.jpg 243,263,403,401,6,0.831677 94,265,565,385,6,0.810635 153,97,498,480,6,0.306042 0,187,640,457,6,0.019495 490,237,532,280,6,0.004391 444,221,456,272,2,0.002247 536,226,571,280,2,0.001969 510,228,546,276,2,0.001688 257,217,272,251,4,0.001002
/home/dysjin/data/CARLA.v20-carla_v20.coco/valid/004966_png.rf.c9d8d72d0920460b612251c5fddc5770.jpg 427,206,470,238,4,0.804683 508,195,540,397,2,0.016042 313,220,341,246,6,0.001893 507,0,541,480,2,0.001137
/home/dysjin/data/CARLA.v20-carla_v20.coco/valid/Town01_006240_png.rf.cc5628eb556a5a5bd1824a8d19313b41.jpg 318,200,330,217,1,0.096866 309,188,322,208,1,0.012194 317,188,331,209,1,0.009499 413,185,436,208,6,0.006700 610,170,640,232,6,0.005758 553,201,640,245,6,0.004995 305,187,325,209,6,0.003781 571,155,640,229,6,0.003521 503,156,640,260,6,0.002595 606,198,640,252,6,0.001607 621,161,640,205,6,0.001599 34,203,50,238,2,0.001485 306,196,326,216,0,0.001245 469,125,639,221,6,0.001181
/home/dysjin/data/CARLA.v20-carla_v20.coco/valid/001638_png.rf.c98e4c5bc2a68de358073a26469c81b2.jpg 419,205,456,240,3,0.835279 421,207,494,262,3,0.001026
/home/dysjin/data/CARLA.v20-carla_v20.coco/valid/051274_png.rf.d5f64278c64b556983082379a316485f.jpg 564,164,640,248,4,0.746945 383,26,640,393,4,0.113391 357,224,372,242,4,0.003839
/home/dysjin/data/CARLA.v20-carla_v20.coco/valid/Town01_001440_png.rf.e4b4351effd31d5b433710cffb8243e4.jpg 382,173,398,194,3,0.637434 386,162,416,194,3,0.057577 0,204,33,243,6,0.007377 232,173,247,195,3,0.004035 370,152,403,204,3,0.001569 0,179,26,229,6,0.001184 386,159,410,190,4,0.001179
/home/dysjin/data/CARLA.v20-carla_v20.coco/valid/019121_png.rf.deb86464dd224ac85f75272f851fc0a8.jpg 504,234,569,260,6,0.244335 499,240,524,254,6,0.092492 391,239,411,305,2,0.031796 492,233,525,267,6,0.014511 545,234,608,264,6,0.012648 355,238,374,252,6,0.011160 366,237,383,254,6,0.007110 363,222,385,244,3,0.006368 587,225,618,278,2,0.004050 500,245,547,267,6,0.003958 522,220,583,279,6,0.003080 361,223,386,243,4,0.002910 197,234,209,259,2,0.002457 535,242,582,269,6,0.001911 346,225,382,245,6,0.001847 348,229,370,268,2,0.001136
/home/dysjin/data/CARLA.v20-carla_v20.coco/valid/041811_png.rf.e8d4c17844854d24f9b2bec66a8a8889.jpg 47,223,63,246,4,0.057898 0,248,20,304,0,0.048851 11,223,25,244,4,0.016153 0,249,23,348,0,0.005133 68,184,91,211,4,0.005068 5,208,25,247,4,0.004975 48,212,63,236,4,0.004949 597,249,640,267,6,0.004484 19,223,39,245,4,0.001903 24,210,49,244,4,0.001788 0,247,14,271,4,0.001695 443,203,471,244,4,0.001610 259,223,270,246,4,0.001589 32,222,56,247,4,0.001568 541,246,567,312,0,0.001242 78,182,104,213,4,0.001224 248,209,269,245,4,0.001143
/home/dysjin/data/CARLA.v20-carla_v20.coco/valid/041657_png.rf.e06a4a0ae870ee5d8dbe97fc65b5b666.jpg 297,245,329,308,0,0.591456 306,224,340,339,0,0.020889 0,242,15,273,6,0.001640 0,233,15,260,6,0.001298
/home/dysjin/data/CARLA.v20-carla_v20.coco/valid/001519_png.rf.e42bb854e84b40164ed2795569b2eb6f.jpg 598,229,640,262,6,0.011388 169,248,187,266,2,0.008929 504,237,518,280,2,0.008123 90,248,122,267,6,0.007682 560,233,584,259,6,0.006424 171,239,186,256,2,0.003396 531,236,580,262,6,0.003286 573,221,593,247,3,0.003070 105,246,128,269,6,0.003029 167,247,189,267,6,0.002984 88,238,123,257,6,0.002645 171,234,193,267,2,0.002644 409,259,640,480,6,0.002607 562,220,583,250,3,0.002546 516,227,528,266,2,0.001984 168,237,189,259,6,0.001421 221,239,236,253,2,0.001061
/home/dysjin/data/CARLA.v20-carla_v20.coco/valid/Town02_005280_png.rf.ec981f5d8aec80a53ec1f9961c2321af.jpg 159,200,210,260,1,0.554008 46,190,127,220,6,0.189604 153,155,229,310,1,0.102008 97,192,135,225,6,0.075403 573,196,631,256,6,0.027557 0,194,206,222,6,0.024856 332,187,368,204,6,0.015357 81,170,151,223,6,0.008908 137,215,199,275,1,0.005332 580,170,622,234,6,0.004791 95,204,128,237,6,0.003371 570,205,602,236,6,0.003339 573,177,597,215,6,0.003158 117,194,134,223,0,0.003093 32,198,81,220,6,0.002838 528,184,577,215,6,0.002769 49,206,125,234,6,0.002493 368,194,382,220,0,0.002041 569,163,601,204,3,0.001949 528,203,542,240,0,0.001903 571,157,601,187,6,0.001590 565,178,640,296,6,0.001174 531,163,577,196,6,0.001142
/home/dysjin/data/CARLA.v20-carla_v20.coco/valid/001509_png.rf.ed3baed466e7f65c1a01fb57bf942b65.jpg 169,248,187,266,2,0.011322 598,230,640,261,6,0.010234 560,233,584,259,6,0.008964 90,248,122,267,6,0.007598 504,237,518,280,2,0.005685 167,247,189,267,6,0.004470 531,236,580,262,6,0.004289 170,240,186,256,2,0.004209 572,222,593,247,3,0.003904 170,234,193,268,2,0.003676 562,220,583,250,3,0.003434 105,246,128,269,6,0.003116 171,237,186,258,6,0.002904 411,260,640,480,6,0.002524 587,212,640,256,6,0.002345 88,238,123,257,6,0.002341 516,227,528,266,2,0.001438 221,239,236,253,2,0.001319 179,248,200,267,2,0.001122 366,240,387,251,6,0.001088
/home/dysjin/data/CARLA.v20-carla_v20.coco/valid/033890_png.rf.e368755037cdc345b45b625d64db27a1.jpg 245,239,420,365,6,0.764093 591,241,625,318,2,0.304114 609,235,639,323,2,0.280396 175,142,500,472,6,0.071158 601,196,640,392,2,0.055236 62,254,604,386,6,0.029510 0,202,640,414,6,0.005972 83,247,99,293,2,0.005240 392,273,422,375,2,0.004797 567,227,640,356,2,0.002981 172,234,188,257,2,0.002492 404,248,420,265,6,0.001984 182,229,197,263,2,0.001813 70,250,93,288,2,0.001566 405,233,419,262,2,0.001477 243,282,280,369,2,0.001332 81,235,101,284,2,0.001079
/home/dysjin/data/CARLA.v20-carla_v20.coco/valid/075724_png.rf.e0c3e9a2b7f318c71e76ccdcb0dda6a1.jpg 296,244,334,272,6,0.622169 52,246,206,329,6,0.321060 0,266,77,418,6,0.311761 0,241,328,320,6,0.163098 191,254,241,285,6,0.099452 45,199,262,368,6,0.055886 182,240,242,273,6,0.048286 0,91,108,480,6,0.017911 0,190,251,480,6,0.009301 214,239,246,276,6,0.009064 606,230,636,262,6,0.007843 0,178,209,401,6,0.006605 0,270,147,480,6,0.006409 343,227,356,263,2,0.006210 133,247,236,306,6,0.005692 281,221,350,268,6,0.005361 209,242,250,302,6,0.004332 466,243,483,273,2,0.003110 268,240,288,253,6,0.002218 0,214,422,353,6,0.002182 43,257,297,480,6,0.002052 107,262,256,331,6,0.001806 289,253,329,287,6,0.001327 613,197,638,263,2,0.001318 516,236,530,280,2,0.001314 273,236,333,260,6,0.001252 281,238,298,255,6,0.001206 550,226,568,266,2,0.001099 442,231,469,274,2,0.001099 0,281,74,480,6,0.001087
/home/dysjin/data/CARLA.v20-carla_v20.coco/valid/112477_png.rf.ecf5d82849f8b68362ce65c8d2645a1c.jpg 340,241,365,304,2,0.595428 339,190,361,350,2,0.341082 327,241,350,306,2,0.012787 331,233,390,327,2,0.001716 343,217,358,277,2,0.001702
/home/dysjin/data/CARLA.v20-carla_v20.coco/valid/Town02_001980_png.rf.ee7206fcf98c96c61f2900b25e79ce20.jpg 307,197,346,309,1,0.550505 288,143,340,371,1,0.460413 6,187,68,221,6,0.219932 0,188,38,228,6,0.051633 30,187,84,215,6,0.023185 0,197,54,242,6,0.014501 267,0,363,380,1,0.012871 273,24,359,380,1,0.005952 111,186,172,205,6,0.003102 157,184,174,208,3,0.002428 412,186,438,208,6,0.002192 138,184,183,213,6,0.002105 153,182,179,210,0,0.001776 106,162,162,197,6,0.001028
/home/dysjin/data/CARLA.v20-carla_v20.coco/valid/026829_png.rf.e6f26e62f316568466a95ba7fd18d850.jpg 377,222,395,245,3,0.710817 0,214,25,293,2,0.010706 367,200,399,257,3,0.005406 0,233,23,313,2,0.004079 5,232,68,272,6,0.003266 0,191,19,326,2,0.002078 389,222,405,245,3,0.001130 386,212,418,242,3,0.001043
/home/dysjin/data/CARLA.v20-carla_v20.coco/valid/007076_png.rf.d635d979c35f5dd6da756ef9889aef0b.jpg 394,207,420,246,5,0.594488 393,222,413,240,5,0.006824
/home/dysjin/data/CARLA.v20-carla_v20.coco/valid/112475_png.rf.df928fa484eb08e1454caacc1e194352.jpg 325,240,349,304,2,0.405374 338,242,364,301,2,0.381912
/home/dysjin/data/CARLA.v20-carla_v20.coco/valid/Town02_006960_png.rf.eedfb90c1deb0d66a31341acd2e08f4f.jpg 579,198,634,248,6,0.352363 554,183,640,232,6,0.305179 140,160,168,185,3,0.270529 453,165,640,250,6,0.095926 0,156,28,205,6,0.072748 0,174,29,220,6,0.068297 541,202,640,261,6,0.036849 187,176,217,191,6,0.025324 146,157,182,188,6,0.015190 181,165,233,191,6,0.011819 159,164,208,189,6,0.011119 107,162,169,189,6,0.009299 163,173,193,192,6,0.007538 139,145,181,207,3,0.003001 204,173,227,192,0,0.002396 605,187,640,253,6,0.002385 267,185,344,216,6,0.002343 208,170,247,197,6,0.002125 595,172,640,221,6,0.001642 581,212,619,252,1,0.001564 0,161,56,214,6,0.001216 0,155,20,190,6,0.001193 8,162,61,194,6,0.001031
/home/dysjin/data/CARLA.v20-carla_v20.coco/valid/Town05_010860_png.rf.f31c0584fff1474ad2b0f4132e874f7d.jpg 305,182,328,257,0,0.512540 2,182,61,212,6,0.360010 313,154,333,287,0,0.174885 314,188,332,231,1,0.076428 315,186,337,229,0,0.029179 1,196,38,217,6,0.010023 304,187,326,211,6,0.007351 306,185,324,213,0,0.005995 344,176,359,193,6,0.003970 19,195,64,218,6,0.003831 289,188,354,265,0,0.002485 354,175,372,194,6,0.001506 345,186,359,202,6,0.001504 0,195,20,221,6,0.001404 429,160,445,185,3,0.001302 431,173,444,196,3,0.001059
/home/dysjin/data/CARLA.v20-carla_v20.coco/valid/Town05_004800_png.rf.ee7c080c8716cb366969ca625bb6d68b.jpg 237,185,268,207,6,0.588179 345,179,362,208,0,0.229669 350,166,373,205,0,0.059836 214,185,241,204,6,0.053171 178,186,202,203,6,0.026859 508,162,603,196,6,0.017981 127,173,158,197,6,0.014494 132,183,155,204,0,0.013202 0,167,42,198,6,0.007664 204,185,227,206,0,0.007486 239,168,271,200,6,0.006126 176,174,206,197,6,0.005735 11,163,58,196,6,0.005490 221,174,260,201,6,0.005121 141,182,164,207,0,0.004694 139,174,164,195,3,0.004095 171,181,203,213,0,0.004076 189,183,216,207,0,0.003222 166,183,208,211,6,0.003089 392,172,407,196,0,0.002628 14,159,46,186,0,0.002580 0,211,14,255,0,0.002560 80,183,104,209,0,0.002498 11,181,61,214,6,0.002326 0,192,22,258,0,0.002253 522,184,588,211,6,0.002247 167,176,192,194,6,0.002241 0,174,28,224,6,0.002168 113,174,147,195,6,0.002149 455,159,640,206,6,0.002080 15,178,56,217,0,0.001988 185,184,235,212,6,0.001800 207,170,264,223,6,0.001609 135,168,180,195,6,0.001350 228,168,296,214,6,0.001337 0,212,23,287,0,0.001246
/home/dysjin/data/CARLA.v20-carla_v20.coco/valid/Town05_009840_png.rf.f5040ce45ecca2822cb3b1b4ea8a6f61.jpg 292,198,372,256,6,0.867605 220,206,435,256,6,0.097143 443,179,473,219,6,0.078379 198,172,232,195,6,0.035289 0,159,640,285,6,0.028975 271,184,282,208,0,0.014152 146,175,186,195,6,0.008622 194,164,235,183,6,0.003700 464,191,479,224,1,0.003547 111,173,147,195,6,0.003056 267,169,284,202,0,0.003029 207,183,225,204,0,0.002773 144,184,163,208,0,0.001768 154,184,179,205,6,0.001706 343,186,356,207,0,0.001642 257,174,274,195,0,0.001599 436,164,474,202,6,0.001519 258,185,274,205,0,0.001439 0,214,13,252,0,0.001372 462,180,479,215,0,0.001341 131,183,153,207,0,0.001297 71,184,103,216,1,0.001190 131,172,150,196,0,0.001187 166,184,188,206,6,0.001044
/home/dysjin/data/CARLA.v20-carla_v20.coco/valid/041861_png.rf.f5f3812ca6c536c5c25bea3d596be111.jpg 302,243,325,298,0,0.699018 105,253,228,315,6,0.322343 392,208,423,244,4,0.092392 355,223,367,243,4,0.062564 345,224,359,243,4,0.038224 0,259,335,306,6,0.026747 545,241,640,317,6,0.025131 402,208,444,235,4,0.010908 302,225,324,270,0,0.009856 439,238,640,327,6,0.006603 285,218,326,321,0,0.005927 169,245,246,301,6,0.005789 184,233,238,274,6,0.005294 405,249,419,268,4,0.004592 342,212,372,242,4,0.004522 379,220,399,248,4,0.003422 394,186,423,229,4,0.002859 388,233,411,260,4,0.001941 95,284,227,480,6,0.001856 96,273,180,322,6,0.001817 0,243,275,480,6,0.001786 146,217,234,327,6,0.001610 0,237,640,328,6,0.001594 326,220,353,247,4,0.001115 84,213,200,330,6,0.001056
/home/dysjin/data/CARLA.v20-carla_v20.coco/valid/Town02_003120_png.rf.f36fecf8d2ee4965c1f3bddaaaad5f33.jpg 415,186,490,220,6,0.531815 563,183,640,219,6,0.145666 355,189,545,224,6,0.130548 610,180,640,225,6,0.074793 386,168,471,225,6,0.069673 398,193,428,224,6,0.061961 139,168,640,228,6,0.017698 615,194,640,253,0,0.015632 428,174,640,220,6,0.008405 618,198,640,241,6,0.006394 7,196,30,218,6,0.002584 613,214,633,252,6,0.002485 3,181,26,220,6,0.002262 550,185,595,209,6,0.001827 532,164,617,221,6,0.001825 582,201,640,255,6,0.001554 0,194,17,220,6,0.001185 364,188,407,214,6,0.001161 523,197,547,219,6,0.001039
/home/dysjin/data/CARLA.v20-carla_v20.coco/valid/003755_png.rf.f6343810071c5f5401b5697ef363285d.jpg 411,206,440,247,4,0.432288 403,218,428,243,4,0.015357 393,199,432,254,4,0.014676 300,238,329,254,6,0.001016
/home/dysjin/data/CARLA.v20-carla_v20.coco/valid/Town01_003300_png.rf.fae28071a74fa02928094ff14cdbb3aa.jpg 271,198,367,277,6,0.808892 175,196,451,270,6,0.357531 165,189,193,208,6,0.015387 0,121,640,345,6,0.011952 165,200,193,213,6,0.009076 388,187,412,207,6,0.008155 185,187,219,208,6,0.007550 503,186,556,212,6,0.006457 418,197,456,220,6,0.005505 192,198,213,215,6,0.004858 59,202,76,237,0,0.002766 177,198,204,214,6,0.002466 540,207,615,241,6,0.001879 53,195,81,223,0,0.001176
/home/dysjin/data/CARLA.v20-carla_v20.coco/valid/138255_png.rf.fbf65e3e930393318a8312fdaefcae24.jpg 54,227,83,291,2,0.327976 564,275,640,319,6,0.146038 57,211,78,327,2,0.128958 68,226,94,282,2,0.047703 196,223,220,271,2,0.038357 197,207,221,257,2,0.014525 411,260,640,330,6,0.008981 526,252,629,325,6,0.008570 69,244,94,299,2,0.007676 184,227,200,267,2,0.006015 68,196,86,343,2,0.002588 219,221,234,270,2,0.001452 603,253,640,302,6,0.001381 42,208,107,289,2,0.001373
/home/dysjin/data/CARLA.v20-carla_v20.coco/valid/005373_png.rf.f68e0e113c5193c933cbee38c6a6bc2d.jpg 148,228,171,275,2,0.590452 145,240,161,272,2,0.102952 158,230,173,265,2,0.097191 169,222,183,292,2,0.092498 129,228,151,271,2,0.030911 137,243,150,271,2,0.027167 169,226,182,267,2,0.022022 310,237,321,256,2,0.020586 1,218,22,290,2,0.012727 381,249,397,264,6,0.010943 379,237,430,262,6,0.008497 0,236,22,311,2,0.006710 411,234,439,257,6,0.004249 162,229,196,277,2,0.004185 382,238,397,257,2,0.003779 303,230,320,268,2,0.003756 374,231,397,269,2,0.003372 384,247,413,266,6,0.002783 0,206,15,312,2,0.002544 24,227,49,277,2,0.002478 47,225,61,266,2,0.002240 317,234,330,259,2,0.001273 48,238,61,278,2,0.001178 367,235,403,265,6,0.001111
/home/dysjin/data/CARLA.v20-carla_v20.coco/valid/001630_png.rf.ff5ced110f03f998a7a6998ddf647fd2.jpg 407,206,441,239,3,0.729395 166,219,188,248,3,0.018852 392,202,453,256,3,0.012690 38,216,97,252,6,0.001043
/home/dysjin/data/CARLA.v20-carla_v20.coco/valid/006662_png.rf.fa42143249c7b6a780238796639341d3.jpg 465,242,496,310,2,0.539926 458,179,492,364,2,0.046308 482,246,517,305,2,0.002796 421,227,445,275,2,0.001797 439,230,472,280,2,0.001688 0,240,315,456,6,0.001511 259,210,274,259,2,0.001283
/home/dysjin/data/CARLA.v20-carla_v20.coco/valid/Town05_004860_png.rf.f5c138159cbce172c63fa9a736f9c655.jpg 237,185,268,207,6,0.587141 345,180,362,208,0,0.233406 350,166,373,205,0,0.062215 214,185,242,204,6,0.055234 178,186,202,203,6,0.030837 127,173,158,197,6,0.015670 508,162,603,196,6,0.015474 131,183,155,204,0,0.010073 0,168,42,198,6,0.008992 204,185,227,206,0,0.007422 239,167,272,200,6,0.007235 176,175,205,197,6,0.007069 220,174,261,201,6,0.006230 139,174,164,195,3,0.005347 141,182,164,207,0,0.005055 171,181,203,213,0,0.005035 14,160,53,199,6,0.004176 166,183,208,211,6,0.003535 0,159,38,186,6,0.003276 189,184,216,207,0,0.003153 168,177,192,194,6,0.002901 392,172,407,196,0,0.002548 11,181,61,213,6,0.002398 80,183,104,210,0,0.002328 522,184,587,211,6,0.002256 13,159,47,186,0,0.002205 0,211,14,254,0,0.002119 0,174,28,224,6,0.001975 0,192,22,258,0,0.001889 207,170,265,223,6,0.001877 15,178,56,217,0,0.001840 462,160,640,205,6,0.001828 184,184,235,212,6,0.001827 228,168,296,215,6,0.001514 135,168,180,195,6,0.001391 0,212,23,287,0,0.001069 119,184,143,205,0,0.001029
/home/dysjin/data/CARLA.v20-carla_v20.coco/valid/Town01_008460_png.rf.03f3160d63f090b29499596ec3c8c4b5.jpg 27,197,147,252,6,0.557387 0,190,320,254,6,0.063107 518,198,627,272,6,0.052148 561,188,640,221,6,0.049786 504,189,640,227,6,0.020962 504,180,640,312,6,0.010691 371,185,384,207,1,0.007855 532,168,616,228,6,0.005146 268,189,286,202,6,0.004348 0,202,76,251,6,0.004005 405,197,640,294,6,0.003380 429,190,482,213,6,0.002477 233,185,248,207,0,0.002202 0,157,640,287,6,0.002059 419,175,640,241,6,0.002014 0,197,31,255,6,0.001925 538,185,570,223,6,0.001898 371,196,383,218,1,0.001884 376,186,397,207,1,0.001714 216,186,240,205,6,0.001709 175,187,207,204,6,0.001660 343,190,359,201,6,0.001643 89,182,134,232,6,0.001617 405,202,420,216,6,0.001425 455,197,492,219,6,0.001393 21,142,138,265,6,0.001209 0,116,189,340,6,0.001106
/home/dysjin/data/CARLA.v20-carla_v20.coco/valid/005508_png.rf.0ab3da1b4970047c9b42e5bbe5d4e6f1.jpg 27,225,54,285,2,0.723985 94,234,124,313,2,0.489727 44,229,67,280,2,0.143514 89,100,121,442,2,0.086991 98,183,130,359,2,0.036533 98,223,120,292,2,0.016636 94,182,116,339,2,0.010324 449,271,470,330,2,0.009465 41,226,63,312,2,0.007231 21,242,60,297,2,0.005983 0,218,13,273,2,0.005527 23,238,45,277,2,0.005362 2,202,63,294,2,0.005019 27,190,60,346,2,0.004665 478,238,528,270,6,0.003388 0,219,26,282,2,0.003223 75,236,108,311,2,0.002838 0,204,14,264,2,0.001120
/home/dysjin/data/CARLA.v20-carla_v20.coco/valid/Town01_006180_png.rf.089d25ecaf49fe28c7f3bf0c3614732b.jpg 311,197,322,217,0,0.079377 371,173,403,193,6,0.051045 318,200,329,217,1,0.033865 384,173,415,193,3,0.008524 20,207,65,235,6,0.008010 309,189,321,209,6,0.004417 304,185,320,220,0,0.003664 380,167,427,192,6,0.003342 52,209,84,232,2,0.003304 38,209,85,237,6,0.003121 375,184,401,204,6,0.002380 386,182,415,207,6,0.002265 357,163,393,185,6,0.002234 526,184,583,219,6,0.001997 67,207,91,233,6,0.001976 318,189,331,209,6,0.001754 317,188,337,218,0,0.001614 514,202,593,247,6,0.001460 559,177,585,215,3,0.001128 111,207,125,231,2,0.001007
/home/dysjin/data/CARLA.v20-carla_v20.coco/valid/Town02_008340_png.rf.044a76656e2e2fe428cd425926d9acbe.jpg 164,194,242,248,6,0.651848 549,193,622,223,6,0.265790 0,172,578,271,6,0.133371 266,173,287,197,6,0.129364 394,190,640,227,6,0.066754 242,186,260,207,6,0.013989 440,198,456,245,0,0.009981 61,207,322,253,6,0.009830 558,170,640,235,6,0.006653 176,167,256,235,6,0.006587 161,177,264,282,6,0.006557 265,181,294,212,6,0.006435 243,181,270,214,0,0.004094 246,165,275,200,6,0.003862 232,186,252,207,0,0.003428 551,194,640,268,6,0.002588 597,179,640,217,6,0.002586 532,183,582,218,6,0.001979 233,194,250,220,0,0.001719 485,179,640,216,6,0.001425 412,185,433,208,6,0.001327 237,183,276,212,6,0.001160
/home/dysjin/data/CARLA.v20-carla_v20.coco/valid/075710_png.rf.0b62bb94157d1f2113ac6bbefe158022.jpg 305,243,349,272,6,0.876827 172,251,266,309,6,0.668389 0,233,176,439,6,0.220013 230,242,274,276,6,0.150869 0,116,232,480,6,0.143665 100,231,356,311,6,0.051396 210,243,267,296,6,0.043198 0,215,441,329,6,0.032047 133,249,231,317,6,0.031530 172,238,309,283,6,0.030803 0,206,640,445,6,0.029869 292,219,357,270,6,0.020521 354,229,368,262,2,0.013624 344,228,357,265,2,0.002604 31,221,205,373,6,0.002567 306,247,329,267,6,0.001542 442,251,457,267,2,0.001339 509,223,536,244,4,0.001273 176,241,231,279,6,0.001004
/home/dysjin/data/CARLA.v20-carla_v20.coco/valid/041689_png.rf.0d648fbd58416a80b414e4503d51c42e.jpg 296,244,329,309,0,0.508634 302,197,331,364,0,0.115692
/home/dysjin/data/CARLA.v20-carla_v20.coco/valid/003751_png.rf.0ff9ef7c8c8e4f5eab52437609a3b501.jpg 395,209,420,246,4,0.524804
/home/dysjin/data/CARLA.v20-carla_v20.coco/valid/Town02_008820_png.rf.135414697b8215dc125af6b125d3058c.jpg 265,213,375,356,6,0.834320 265,49,364,380,6,0.259054 184,119,443,380,6,0.220341 511,181,558,211,6,0.042445 537,182,626,220,6,0.037454 141,172,162,195,3,0.017624 456,180,592,213,6,0.016939 397,188,427,206,6,0.005993 484,175,640,219,6,0.004945 0,171,21,235,6,0.004520 332,169,640,224,6,0.004159 438,189,485,204,6,0.003660 0,192,23,253,6,0.002570 367,187,385,204,6,0.001799 377,186,398,206,6,0.001400 131,169,156,197,3,0.001162
/home/dysjin/data/CARLA.v20-carla_v20.coco/valid/006664_png.rf.1466f666c872e94bac27eba56bbdfb5b.jpg 486,234,523,320,2,0.581443 468,238,502,312,2,0.023570 486,108,534,456,2,0.012358 442,225,470,279,2,0.012307 259,208,274,261,2,0.009766 506,240,546,313,2,0.008608 474,171,502,371,2,0.003472 266,208,282,260,2,0.002933 457,231,562,346,2,0.002095 0,244,315,452,6,0.001811 457,228,491,289,2,0.001687 420,225,447,276,2,0.001438
/home/dysjin/data/CARLA.v20-carla_v20.coco/valid/014570_png.rf.1235b2ca71c181a49fda1bb53eaa19cd.jpg 437,232,458,284,2,0.594333 423,227,447,283,2,0.591750 53,233,133,262,6,0.577978 291,237,332,265,6,0.368545 26,227,50,278,2,0.024782 309,247,337,264,6,0.023227 233,232,245,259,2,0.021478 78,218,153,266,6,0.019811 13,243,196,267,6,0.016610 436,174,455,361,2,0.012097 1,220,24,287,2,0.008772 86,243,145,269,6,0.004040 405,251,421,265,6,0.002909 117,234,138,262,2,0.002773 43,227,84,272,2,0.002624 22,239,41,277,2,0.002221 0,243,32,296,2,0.002147 222,234,237,257,2,0.002104 45,236,62,280,2,0.002089 231,223,248,248,2,0.002077 172,235,185,257,2,0.001947 52,219,120,250,6,0.001717 119,247,137,267,2,0.001636 148,220,185,246,6,0.001314 22,225,41,266,2,0.001234 419,243,435,272,2,0.001203 284,219,356,266,6,0.001133 54,231,86,260,6,0.001067
/home/dysjin/data/CARLA.v20-carla_v20.coco/valid/112550_png.rf.1ca2fa82e03653536df85cf5faf5753c.jpg 518,227,547,323,2,0.638170 515,75,553,465,2,0.128301 497,221,556,344,2,0.031083 533,230,562,320,2,0.008312 152,231,169,273,2,0.004439 530,163,558,378,2,0.003523 160,242,171,272,2,0.002830 521,228,588,340,2,0.001684
/home/dysjin/data/CARLA.v20-carla_v20.coco/valid/Town02_000780_png.rf.16d5987bcdc7d08470c1b3e757e128e5.jpg 308,194,350,312,1,0.778098 305,102,347,380,1,0.260956 28,187,96,215,6,0.063366 278,187,300,204,6,0.053665 56,186,115,213,6,0.036291 441,184,484,209,6,0.027766 355,160,374,183,3,0.015211 282,0,372,380,1,0.013525 600,179,640,219,6,0.010275 573,162,640,204,6,0.008922 0,203,23,236,6,0.008504 376,174,397,194,3,0.008463 364,170,387,195,6,0.007135 448,0,608,240,6,0.004470 0,178,26,231,6,0.004307 355,147,371,176,4,0.004201 388,0,640,378,6,0.003559 9,184,69,220,6,0.003231 431,163,481,199,6,0.002688 528,158,640,209,6,0.002205 341,161,379,190,6,0.002037 321,0,352,380,1,0.001971 364,160,383,187,3,0.001583 288,215,363,343,1,0.001327 280,66,326,380,1,0.001199 572,196,640,217,6,0.001160 88,185,117,209,6,0.001027
/home/dysjin/data/CARLA.v20-carla_v20.coco/valid/Town02_001500_png.rf.1e8a22666698f8954863a9939bc59942.jpg 183,186,226,217,6,0.116438 186,182,223,220,1,0.089737 159,170,219,230,6,0.005146 23,204,39,236,0,0.003908 606,221,640,285,6,0.003722 435,183,464,211,6,0.003113 512,224,640,275,6,0.002326 176,167,251,218,6,0.001888 397,186,464,214,6,0.001674 158,183,204,210,6,0.001664 399,197,426,218,6,0.001002
/home/dysjin/data/CARLA.v20-carla_v20.coco/valid/Town05_004620_png.rf.0e4a190ca586e0e90df6b90be2c83f5b.jpg 399,179,461,214,6,0.660298 331,181,519,208,6,0.268210 343,185,360,203,0,0.146806 341,178,361,195,6,0.038207 568,181,640,222,6,0.031938 213,176,241,195,6,0.030635 385,184,419,208,6,0.029716 216,186,238,202,6,0.024733 600,183,640,208,6,0.020981 573,206,633,244,6,0.016311 568,161,640,199,6,0.011704 338,181,371,219,0,0.009301 315,205,338,242,0,0.006165 280,186,298,203,6,0.005953 340,200,368,245,0,0.004448 411,162,492,199,6,0.004296 315,222,338,243,6,0.003698 352,185,369,206,0,0.003653 99,175,134,192,6,0.003595 532,164,615,223,6,0.003178 279,177,300,195,6,0.002681 525,201,618,259,6,0.002130 291,205,313,240,0,0.002084 381,169,442,224,6,0.001930 599,166,640,235,6,0.001870 478,171,518,196,6,0.001633 329,221,348,244,0,0.001370 217,182,245,214,0,0.001273 351,177,372,195,6,0.001230 523,187,587,217,6,0.001208 552,205,595,235,6,0.001135 574,228,632,264,6,0.001044
/home/dysjin/data/CARLA.v20-carla_v20.coco/valid/006578_png.rf.21f08e8ed63ab67b3ef05528af8ef9e6.jpg 262,234,291,256,6,0.680727 367,223,385,244,3,0.649569 257,238,279,252,6,0.008248 262,219,300,277,6,0.003620 375,212,396,235,3,0.002798 268,218,295,251,6,0.002407 364,202,396,255,3,0.001448
/home/dysjin/data/CARLA.v20-carla_v20.coco/valid/Town01_004320_png.rf.1f6552094735eb0bd49b614b7e584c58.jpg 260,189,381,292,6,0.841516 235,111,391,380,6,0.178320 37,150,587,343,6,0.052148 0,193,17,226,6,0.016899 0,201,22,238,6,0.003732 211,171,243,193,6,0.003402 231,174,273,194,6,0.002839 364,148,382,170,3,0.001711 351,144,377,174,3,0.001615 0,179,17,216,6,0.001426 213,164,240,181,6,0.001257 308,182,353,229,6,0.001069
/home/dysjin/data/CARLA.v20-carla_v20.coco/valid/Town02_006720_png.rf.2632fd4f3d65ff215e84d472badfd870.jpg 571,179,639,224,6,0.494395 398,186,456,215,6,0.321011 476,183,546,209,6,0.234074 265,187,289,208,6,0.172044 324,180,522,213,6,0.106039 466,179,640,234,6,0.094218 0,154,15,188,3,0.020195 490,190,510,253,0,0.018275 557,181,586,211,6,0.017990 470,166,541,199,6,0.015257 269,198,286,213,6,0.015184 555,157,640,209,6,0.011154 513,161,546,201,6,0.009384 358,194,491,217,6,0.008488 445,191,578,220,6,0.007360 339,187,363,207,6,0.006392 379,171,441,228,6,0.006230 279,188,295,207,6,0.004816 571,194,640,259,6,0.004019 0,163,14,200,3,0.003329 445,197,458,243,0,0.003045 497,169,554,230,6,0.002610 551,168,613,231,6,0.002566 500,193,545,220,6,0.002101 452,185,515,216,6,0.001902 524,160,545,184,3,0.001884 568,189,603,226,6,0.001494 479,200,527,243,0,0.001309 539,180,576,219,6,0.001255 307,189,320,203,6,0.001251 558,191,585,221,0,0.001107 0,141,19,179,3,0.001048
/home/dysjin/data/CARLA.v20-carla_v20.coco/valid/Town05_006900_png.rf.2eaa1f5f6de8c6bffcd968f78f2f53b4.jpg 239,181,265,227,1,0.392418 234,182,252,233,0,0.084473 382,167,426,195,6,0.060208 371,168,405,200,1,0.025949 362,164,405,197,6,0.012829 0,175,482,380,6,0.006218 368,178,398,215,0,0.005308 360,167,393,201,0,0.003090 0,193,276,380,6,0.002937 387,180,422,212,6,0.002641 610,167,635,201,6,0.001660 359,151,408,212,0,0.001413 288,207,472,380,6,0.001127 238,190,268,250,0,0.001100
/home/dysjin/data/CARLA.v20-carla_v20.coco/valid/005482_png.rf.1eef94cb1d26525ab4b64d28fc9be58d.jpg 0,228,29,318,2,0.446017 0,206,28,305,2,0.249117 0,103,35,438,2,0.086967 47,228,73,274,2,0.086325 72,230,87,262,2,0.052284 46,222,62,292,2,0.034343 449,271,470,330,2,0.010949 1,195,22,269,2,0.008000 0,218,50,341,2,0.005741 55,230,80,262,2,0.003997 5,95,27,397,2,0.003691 479,238,528,270,6,0.003599 65,231,103,266,2,0.002809 0,195,54,302,2,0.002303 70,213,89,258,2,0.002069 15,226,53,279,2,0.001627 1,238,28,351,2,0.001324 13,238,49,305,2,0.001047
/home/dysjin/data/CARLA.v20-carla_v20.coco/valid/138251_png.rf.2622df013f55b1f57387212b95c87241.jpg 77,224,100,285,2,0.476775 531,257,625,303,6,0.124650 196,225,219,272,2,0.036611 433,259,640,307,6,0.035226 80,227,102,311,2,0.017273 615,361,639,434,2,0.011608 588,353,616,403,2,0.007317 203,246,640,320,6,0.003897 198,207,221,257,2,0.003119 2,234,24,317,2,0.003021 92,228,118,277,2,0.002885 575,359,596,402,2,0.002727 546,272,640,323,6,0.002407 583,368,625,425,2,0.002404 73,225,92,269,2,0.002104 219,225,235,266,2,0.002020 623,321,640,467,2,0.001860 193,239,210,274,2,0.001807 70,242,94,297,2,0.001572 574,325,640,452,2,0.001354 516,269,639,375,6,0.001271 2,208,23,300,2,0.001062
/home/dysjin/data/CARLA.v20-carla_v20.coco/valid/007070_png.rf.2316a0a54db7e4a749f421570aadd160.jpg 379,222,403,241,5,0.164170 386,211,414,245,5,0.088928 367,193,407,260,5,0.001571
/home/dysjin/data/CARLA.v20-carla_v20.coco/valid/Town05_010920_png.rf.2325292b5e147dc41c10fe128f6256f9.jpg 303,167,352,294,0,0.570348 287,0,365,380,0,0.046932 287,135,345,356,0,0.038645 566,161,640,192,6,0.010660 316,176,335,194,6,0.001571 491,155,640,188,6,0.001562 353,172,376,194,1,0.001496 315,94,358,372,0,0.001474 312,177,337,215,0,0.001439 299,176,330,237,0,0.001108
/home/dysjin/data/CARLA.v20-carla_v20.coco/valid/Town01_006420_png.rf.2b897cd6227874bc930ae1c7e17e3b3b.jpg 605,172,640,232,6,0.004439 84,191,100,225,2,0.002611 208,176,221,192,3,0.001329
/home/dysjin/data/CARLA.v20-carla_v20.coco/valid/Town05_006780_png.rf.253c814d6e368b92a888141244ca1a16.jpg 165,192,208,260,1,0.774493 160,129,222,313,1,0.255776 345,177,358,194,0,0.022950 344,175,358,195,6,0.015551 343,185,360,204,0,0.006196 185,166,215,277,1,0.005014 179,170,202,252,1,0.003750 341,185,362,204,6,0.002749 351,175,372,194,6,0.002364 318,189,335,204,6,0.001619
/home/dysjin/data/CARLA.v20-carla_v20.coco/valid/Town01_008280_png.rf.2f69ce357d9638b109b359e31c238ab4.jpg 276,187,305,209,6,0.279381 435,204,489,236,6,0.247589 515,203,630,272,6,0.206501 284,188,326,213,6,0.082994 421,198,503,222,6,0.063035 3,195,34,220,6,0.024021 406,196,443,222,6,0.022540 346,206,640,286,6,0.010982 269,186,289,206,6,0.009579 72,186,111,206,6,0.007241 238,175,266,195,6,0.005496 514,199,558,218,6,0.004973 416,211,433,227,6,0.004937 245,187,261,202,6,0.004269 338,158,365,184,3,0.003828 472,206,497,236,0,0.003574 315,190,333,206,6,0.003274 408,186,442,208,6,0.002906 7,190,62,216,6,0.002548 318,199,332,214,6,0.002475 6,183,31,212,6,0.002401 521,190,584,217,6,0.002338 411,203,452,238,6,0.002142 495,201,528,216,6,0.002039 451,193,503,251,6,0.001878 141,185,191,205,6,0.001787 487,212,640,300,6,0.001645 259,187,271,203,6,0.001638 438,184,485,211,6,0.001625 0,181,21,212,6,0.001609 184,182,199,210,0,0.001609 254,174,275,197,6,0.001357 458,218,490,244,6,0.001258 13,184,111,214,6,0.001221 355,172,369,196,3,0.001154
/home/dysjin/data/CARLA.v20-carla_v20.coco/valid/Town01_005100_png.rf.262bb9c3104b14f5fb633de3dafd0a52.jpg 605,198,640,254,6,0.090470 573,185,599,208,6,0.074119 326,185,351,210,0,0.061712 584,187,607,226,0,0.039789 131,188,154,206,6,0.016655 235,186,284,215,6,0.009911 30,185,83,206,6,0.006516 601,179,640,228,6,0.005744 326,195,351,216,6,0.004756 143,187,162,206,6,0.004719 581,196,629,250,0,0.004496 4,188,32,204,6,0.004355 605,171,639,198,6,0.003294 478,185,496,206,0,0.002148 0,185,21,206,6,0.001849 50,188,109,205,6,0.001779 260,198,292,217,6,0.001443 306,201,323,216,6,0.001421 537,187,559,204,6,0.001344 561,170,604,232,6,0.001300 484,184,510,206,6,0.001163 338,186,367,217,0,0.001060 550,186,567,205,6,0.001013
/home/dysjin/data/CARLA.v20-carla_v20.coco/valid/Town01_011940_png.rf.2554f5ab3ce2122d2ef300838472450f.jpg 203,181,269,228,6,0.763804 565,197,603,221,6,0.371288 115,168,362,247,6,0.160627 568,185,636,218,6,0.049491 595,227,640,274,6,0.038459 188,200,267,247,6,0.031274 611,172,631,198,3,0.024365 332,186,348,205,0,0.018326 392,196,410,220,0,0.013408 550,202,611,239,6,0.008728 225,169,297,225,6,0.008371 601,179,640,210,6,0.007761 528,233,640,280,6,0.005645 128,187,156,230,0,0.005223 537,168,610,224,6,0.003810 203,205,231,234,6,0.003669 246,184,277,230,1,0.003200 571,198,635,253,6,0.003009 181,148,280,249,6,0.002275 0,160,31,197,6,0.002095 563,187,640,291,6,0.001932 338,186,359,206,0,0.001797 575,159,634,202,6,0.001762 186,189,223,227,6,0.001719 611,162,639,201,6,0.001581 562,186,584,213,6,0.001431 0,171,30,228,6,0.001205 268,175,284,196,6,0.001082 16,203,46,237,2,0.001054 387,188,424,215,6,0.001025
/home/dysjin/data/CARLA.v20-carla_v20.coco/valid/041684_png.rf.2f70db5ab75442cd11fffa13a776ae97.jpg 296,244,330,308,0,0.475512 299,196,333,348,0,0.084563
/home/dysjin/data/CARLA.v20-carla_v20.coco/valid/Town05_010980_png.rf.2071755951cd753466eb2cc53fd2fe0c.jpg 310,171,343,288,0,0.289587 305,111,350,380,0,0.112539 290,156,336,345,0,0.060224 272,182,370,373,0,0.013750 603,161,640,195,6,0.012044 103,195,341,377,6,0.008045 0,148,468,380,6,0.006253 362,171,387,198,1,0.003806 365,164,395,199,6,0.003370 298,180,327,232,0,0.002516 143,42,373,380,6,0.001582 306,186,324,206,6,0.001457 366,180,393,214,1,0.001410 315,182,339,232,0,0.001375 316,184,334,209,6,0.001249 310,0,342,380,0,0.001176 0,170,256,380,6,0.001046
/home/dysjin/data/CARLA.v20-carla_v20.coco/valid/112459_png.rf.33bdc5bd58f0f631808a95c4ceb9a78f.jpg 292,239,318,304,2,0.599898 294,159,312,358,2,0.361481 296,213,311,283,2,0.008721 281,231,341,328,2,0.001598
/home/dysjin/data/CARLA.v20-carla_v20.coco/valid/041653_png.rf.31aa86a50239c7e6cbc52c66846dac06.jpg 298,245,329,308,0,0.484138 302,191,331,354,0,0.117881 448,226,469,277,2,0.012244 462,228,489,275,2,0.001464 6,236,30,255,6,0.001178
/home/dysjin/data/CARLA.v20-carla_v20.coco/valid/041819_png.rf.374472e0a0868df264a4100cb7734e35.jpg 104,236,133,307,0,0.623246 108,212,144,329,0,0.212655 13,237,66,264,6,0.108831 35,247,72,266,6,0.006065 31,239,76,258,6,0.005375 117,227,142,288,0,0.002682 120,223,137,245,4,0.002501 168,221,187,247,4,0.001560 116,249,136,311,0,0.001434
/home/dysjin/data/CARLA.v20-carla_v20.coco/valid/Town05_010800_png.rf.3489607b659edfbc485537135e06f34b.jpg 305,182,329,257,0,0.443505 0,183,164,272,6,0.343275 303,113,331,326,0,0.252355 313,182,337,234,0,0.064537 136,188,172,204,6,0.037255 305,184,324,214,0,0.022348 116,194,136,245,0,0.013334 136,176,172,195,6,0.007422 288,188,354,267,0,0.006358 78,198,132,244,6,0.005998 106,195,128,226,0,0.005103 0,161,432,304,6,0.004739 119,186,149,221,0,0.003818 94,187,140,253,1,0.003541 315,163,334,298,0,0.002790 10,110,132,293,6,0.002445 249,0,640,270,6,0.002306 381,188,395,205,6,0.002129 155,186,175,206,6,0.001796 0,198,84,271,6,0.001776 114,188,154,219,6,0.001251 108,183,127,213,0,0.001031
/home/dysjin/data/CARLA.v20-carla_v20.coco/valid/Town02_001080_png.rf.2d29b90fb99ccf7727caeaa1914436b4.jpg 308,195,350,311,1,0.793379 97,192,244,277,6,0.773274 0,201,84,380,6,0.650203 277,186,300,205,6,0.464477 301,132,352,380,1,0.364962 0,99,99,380,6,0.102186 0,157,223,380,6,0.067635 440,183,484,209,6,0.024564 66,137,276,329,6,0.023012 0,166,442,299,6,0.020488 0,243,89,380,6,0.012299 363,170,388,195,6,0.012186 284,0,371,380,1,0.012025 600,179,640,219,6,0.010502 376,172,397,196,3,0.008377 572,162,640,204,6,0.008131 354,160,375,183,3,0.006848 2,186,70,220,6,0.004960 95,221,132,280,1,0.004581 0,191,74,308,6,0.004080 449,0,608,239,6,0.003735 3,195,35,222,6,0.003239 355,147,370,175,4,0.003168 431,162,481,199,6,0.003075 0,0,154,380,6,0.003022 390,0,640,374,6,0.002900 339,161,381,191,6,0.002577 274,166,295,200,6,0.002496 544,173,640,218,6,0.001985 321,0,352,380,1,0.001723 0,51,499,380,6,0.001230 572,196,640,217,6,0.001172 167,162,237,281,6,0.001082
/home/dysjin/data/CARLA.v20-carla_v20.coco/valid/Town02_005700_png.rf.39e8547ff43ddaa06ed2b24f114c8a27.jpg 237,197,405,364,6,0.772361 89,190,534,358,6,0.316851 455,185,470,231,0,0.146060 279,186,300,204,6,0.035370 316,175,333,193,6,0.033111 303,174,326,195,6,0.026618 484,182,575,213,6,0.026151 473,159,585,202,6,0.022619 199,3,427,380,6,0.011862 120,0,507,380,6,0.010418 528,183,592,209,6,0.007984 473,173,522,195,6,0.007058 150,186,180,207,6,0.006944 396,156,640,211,6,0.006636 618,200,640,253,6,0.005448 444,170,475,234,0,0.004390 292,175,311,195,6,0.003845 0,118,640,380,6,0.003704 385,188,414,205,6,0.002177 0,53,640,380,6,0.002119 148,171,182,197,6,0.002075 275,181,295,216,0,0.001890 544,160,613,198,6,0.001487 507,169,599,228,6,0.001440 563,184,604,208,6,0.001422 263,143,640,225,6,0.001341 149,180,176,217,0,0.001237 274,164,297,198,6,0.001138 303,164,323,184,6,0.001107
/home/dysjin/data/CARLA.v20-carla_v20.coco/valid/Town02_002040_png.rf.3d0fd4b3b3749ac8ebdf480959eb8e66.jpg 308,199,345,307,1,0.519839 290,137,339,377,1,0.467695 3,203,122,368,6,0.274231 0,133,100,380,6,0.098291 265,185,292,212,6,0.082682 111,183,163,218,6,0.050424 69,182,152,218,6,0.027899 297,0,354,380,1,0.018013 270,0,361,380,1,0.012969 275,197,301,215,6,0.007983 0,0,197,380,6,0.005262 0,171,86,322,6,0.003152 0,60,173,380,6,0.002915 0,0,320,380,6,0.002545 412,187,438,208,6,0.002261 132,185,179,215,6,0.001839 286,0,324,380,1,0.001442 0,207,68,380,6,0.001424 305,199,324,215,6,0.001330 0,190,24,260,6,0.001312 124,168,156,201,6,0.001218 265,171,303,230,6,0.001115 0,143,384,372,6,0.001105 62,192,123,223,6,0.001082 139,195,164,219,6,0.001070 31,195,133,313,6,0.001034
/home/dysjin/data/CARLA.v20-carla_v20.coco/valid/075707_png.rf.2ff4a82560cfe658387e361a6cc43ef0.jpg 305,243,350,272,6,0.876747 171,251,266,309,6,0.674337 0,234,175,438,6,0.238544 230,242,274,276,6,0.177718 0,117,233,480,6,0.163344 99,230,358,312,6,0.047619 0,205,640,445,6,0.034170 166,236,315,284,6,0.032606 133,250,230,317,6,0.028773 293,219,357,271,6,0.025166 354,230,368,262,2,0.009180 203,240,255,282,6,0.004172 31,224,204,370,6,0.002843 344,228,357,266,2,0.002382 442,251,457,266,2,0.002085 509,223,537,244,4,0.001773 306,247,329,267,6,0.001465 427,252,449,265,6,0.001215 228,220,302,274,6,0.001092
/home/dysjin/data/CARLA.v20-carla_v20.coco/valid/138320_png.rf.332f3bdf3abffc7dd973858c3061b801.jpg 52,224,78,286,2,0.616920 0,236,23,313,2,0.057842 520,326,541,375,2,0.057319 58,240,76,296,2,0.027237 66,225,93,282,2,0.018526 0,209,26,302,2,0.013077 0,223,16,342,2,0.009894 65,170,87,344,2,0.007668 0,223,23,374,2,0.007556 40,205,103,292,2,0.005718 170,230,195,269,2,0.002005 5,201,27,341,2,0.001674 536,327,564,375,2,0.001518 150,230,173,271,2,0.001488 68,238,86,300,2,0.001150
/home/dysjin/data/CARLA.v20-carla_v20.coco/valid/003766_png.rf.3dbe103da1003d1fb3bd18ad0d0894b4.jpg 459,203,512,240,4,0.797828 423,170,531,270,4,0.018916 297,237,330,254,6,0.001917
/home/dysjin/data/CARLA.v20-carla_v20.coco/valid/121245_png.rf.3c6765f574e34bb200e320d55fc2ffe7.jpg 273,253,363,322,6,0.783934 178,254,448,312,6,0.366688 494,229,517,274,2,0.031249 0,211,640,355,6,0.018946 513,227,543,279,2,0.015753 533,259,580,287,6,0.009060 468,236,482,279,2,0.005541 529,237,581,274,6,0.003731 256,238,274,253,1,0.001632 473,240,497,275,2,0.001394
/home/dysjin/data/CARLA.v20-carla_v20.coco/valid/Town05_011040_png.rf.3f658b3c60547a5478cb61d6b76eb55c.jpg 313,180,339,218,0,0.123390 301,180,325,221,0,0.099194 366,176,382,215,0,0.022868 377,171,422,195,6,0.012422 360,165,402,198,6,0.011693 363,163,397,200,0,0.010501 0,200,275,375,6,0.006277 0,191,474,380,6,0.005709 607,160,640,197,6,0.004868 372,160,426,185,6,0.002465 349,170,379,199,6,0.002262 349,163,377,182,6,0.001543 381,183,418,205,6,0.001253
/home/dysjin/data/CARLA.v20-carla_v20.coco/valid/Town02_004920_png.rf.3cdedb8ebbe317a63567ec577e3789a8.jpg 314,198,339,246,1,0.277215 307,183,326,256,1,0.238289 383,186,417,207,6,0.012776 365,186,386,205,6,0.002589 354,188,373,202,6,0.001788 347,172,378,196,6,0.001589 216,187,240,205,6,0.001409 418,186,433,206,2,0.001248 250,172,278,196,6,0.001201 312,186,342,229,6,0.001139 251,189,278,202,6,0.001097 162,171,195,196,6,0.001025 342,187,361,203,6,0.001004
/home/dysjin/data/CARLA.v20-carla_v20.coco/valid/Town05_002760_png.rf.41faa57cc70298c90c62fe9f6a3f08c9.jpg 368,147,385,171,3,0.028904 356,189,393,202,6,0.003884 306,177,323,192,6,0.002253 375,145,394,173,4,0.001453 321,190,331,202,0,0.001058 365,172,386,195,6,0.001029 0,202,259,380,6,0.001021
/home/dysjin/data/CARLA.v20-carla_v20.coco/valid/Town02_001740_png.rf.4072bb166a4df4f9403df039e28a73f3.jpg 307,197,346,309,1,0.547055 289,142,340,373,1,0.457325 267,0,363,380,1,0.012522 273,22,359,380,1,0.005813 412,186,438,208,6,0.002260 115,186,168,205,6,0.001925 0,199,36,248,6,0.001739 99,167,158,201,3,0.001272 0,176,35,228,6,0.001224 108,163,160,196,6,0.001167
/home/dysjin/data/CARLA.v20-carla_v20.coco/valid/026849_png.rf.52e90800c02b90489d2521817c6942f7.jpg 419,205,457,240,3,0.844427 421,207,492,262,3,0.001346
/home/dysjin/data/CARLA.v20-carla_v20.coco/valid/Town02_001560_png.rf.44c7e46d6d34263ac9f429ccb2cd2655.jpg 72,186,97,222,1,0.385778 60,188,80,205,6,0.005166 23,187,35,204,0,0.003733 117,189,140,203,6,0.002998 5,184,34,205,6,0.002771 109,190,127,201,6,0.002125 147,160,159,183,3,0.002019 0,184,24,207,6,0.001949 433,139,597,246,6,0.001580 46,190,69,202,6,0.001398 0,213,26,287,6,0.001096
/home/dysjin/data/CARLA.v20-carla_v20.coco/valid/Town02_003420_png.rf.4347a7bee8aec9f5c84eb5295856f9a9.jpg 332,186,379,228,6,0.538025 298,181,407,238,6,0.248923 17,200,106,246,6,0.108732 31,170,114,226,6,0.026271 0,199,169,241,6,0.022534 564,184,638,216,6,0.022176 327,202,397,251,6,0.018454 0,187,266,252,6,0.003201 0,186,135,307,6,0.002371 551,185,594,209,6,0.001815 513,203,531,240,0,0.001696 512,178,640,216,6,0.001299 0,198,91,269,6,0.001234
/home/dysjin/data/CARLA.v20-carla_v20.coco/valid/Town01_006060_png.rf.3d76b002da6076434f028293d0c4a498.jpg 311,194,343,266,1,0.578249 298,144,333,323,1,0.194188 415,187,448,225,6,0.189523 416,208,456,229,6,0.055871 303,184,328,259,1,0.042166 296,216,336,272,1,0.024090 388,171,460,222,6,0.001858 179,213,201,229,6,0.001296
/home/dysjin/data/CARLA.v20-carla_v20.coco/valid/Town02_007800_png.rf.4e6520c0e9dd39a93f5048a2caea0283.jpg 336,189,424,224,6,0.438814 612,196,640,260,6,0.214457 322,192,379,222,6,0.123395 378,205,434,237,6,0.065584 169,189,557,227,6,0.057292 324,199,439,241,6,0.045387 467,197,480,245,0,0.018157 615,210,633,278,1,0.012830 606,183,640,229,6,0.011669 77,166,144,192,6,0.010836 312,186,338,209,6,0.010363 304,187,326,203,6,0.009881 305,173,324,196,6,0.008746 572,183,634,218,6,0.006607 318,195,339,221,6,0.006528 372,170,451,227,6,0.006078 409,195,437,226,6,0.005723 514,184,555,208,6,0.005387 234,171,246,195,3,0.003641 505,166,553,196,6,0.003276 318,204,361,232,6,0.002938 0,176,43,216,6,0.002899 325,185,353,213,6,0.002809 570,183,602,209,6,0.001986 312,171,336,198,3,0.001782 569,185,640,263,6,0.001613 115,169,140,197,3,0.001360 305,161,323,185,3,0.001072 117,159,139,186,3,0.001045
/home/dysjin/data/CARLA.v20-carla_v20.coco/valid/Town01_001860_png.rf.53e5db5983ad00d8986ebdc44e1e76ef.jpg 174,180,466,380,6,0.862568 136,171,148,220,0,0.048530 188,24,472,380,6,0.044780 133,167,149,204,0,0.026714 36,163,77,202,3,0.024121 0,131,640,380,6,0.020381 275,175,304,195,6,0.016831 313,188,336,205,6,0.014239 1,181,73,214,6,0.013562 277,185,301,205,6,0.010467 0,155,640,380,6,0.009289 42,179,79,218,0,0.008075 38,182,83,214,6,0.007755 4,160,32,184,3,0.006797 302,176,325,196,6,0.006115 212,177,242,192,6,0.005370 2,161,71,197,6,0.004994 98,172,135,194,6,0.004992 237,175,268,194,6,0.004644 202,175,227,193,6,0.003623 279,185,338,212,6,0.003365 20,155,93,191,3,0.003212 316,174,334,196,6,0.002953 290,176,313,194,6,0.002792 291,185,313,205,6,0.002710 41,197,71,217,6,0.002605 97,186,114,205,0,0.001839 5,169,32,195,3,0.001731 0,158,21,184,6,0.001662 331,189,342,205,0,0.001411 123,179,154,216,0,0.001358 196,66,331,380,6,0.001322 0,183,17,210,6,0.001188 270,181,299,216,0,0.001172 3,181,33,212,6,0.001170 190,173,216,192,6,0.001153 135,193,150,220,0,0.001086 180,232,345,380,6,0.001072
/home/dysjin/data/CARLA.v20-carla_v20.coco/valid/Town01_006120_png.rf.405fede50ad311216cb9943968a5cdf5.jpg 319,198,331,219,6,0.192549 318,187,337,220,1,0.026067 419,172,456,194,6,0.013862 313,187,342,219,6,0.009973 5,222,31,244,6,0.006310 388,175,411,190,6,0.004632 0,218,20,247,6,0.003662 470,172,528,195,6,0.002853 370,162,405,182,6,0.002728 488,183,571,219,6,0.002228 478,179,519,211,6,0.001588 379,165,429,190,6,0.001467 0,207,20,236,6,0.001360 368,172,406,193,6,0.001330
/home/dysjin/data/CARLA.v20-carla_v20.coco/valid/041864_png.rf.51f1d81198f2e5b7a450f586235760ec.jpg 302,241,326,299,0,0.683350 355,222,369,243,4,0.075458 93,249,240,317,6,0.071612 83,273,189,322,6,0.022615 398,186,422,225,4,0.021101 164,230,242,312,6,0.017249 180,232,241,276,6,0.016886 412,207,445,245,4,0.015803 395,204,422,242,4,0.011177 577,236,640,334,6,0.011084 303,225,325,271,0,0.009688 0,248,319,480,6,0.007311 390,252,408,264,6,0.006721 393,221,407,246,4,0.006440 329,224,346,245,4,0.005246 215,241,234,302,0,0.004688 71,195,236,348,6,0.004057 343,223,360,243,4,0.003626 0,161,194,480,6,0.003544 0,237,312,330,6,0.003176 216,232,236,260,6,0.002947 343,212,373,242,4,0.002916 217,239,234,277,0,0.002899 413,185,440,228,4,0.002174 44,280,227,480,6,0.002050 311,244,341,301,0,0.001987 535,184,640,381,6,0.001937 0,259,140,480,6,0.001851 317,223,336,244,4,0.001606 364,223,383,246,4,0.001568 212,233,247,272,6,0.001039 282,238,351,320,0,0.001028
/home/dysjin/data/CARLA.v20-carla_v20.coco/valid/Town01_012060_png.rf.58e57e1a7e8d4f630323ae1827ca68bc.jpg 567,198,602,221,6,0.430332 595,228,640,274,6,0.045520 568,186,635,218,6,0.045277 612,172,630,198,3,0.029949 332,187,347,204,0,0.021153 391,196,410,220,0,0.012016 550,203,611,238,6,0.010906 601,180,640,209,6,0.008269 527,233,640,279,6,0.007068 0,160,32,197,6,0.006855 155,186,215,219,6,0.005340 255,188,276,203,6,0.004327 339,187,358,206,0,0.003131 0,174,35,225,6,0.003086 572,196,632,256,6,0.002725 156,170,176,199,3,0.002598 536,169,611,224,6,0.002457 18,203,44,237,2,0.002202 523,158,547,185,3,0.001710 511,159,535,185,3,0.001703 324,183,346,216,0,0.001622 185,194,220,224,6,0.001556 563,188,640,291,6,0.001545 47,195,60,247,2,0.001527 585,162,636,206,6,0.001466 265,187,286,204,6,0.001390 386,188,425,215,6,0.001282 562,187,584,212,6,0.001253 154,183,180,207,6,0.001180
/home/dysjin/data/CARLA.v20-carla_v20.coco/valid/009044_png.rf.59d4a83882b4b6af242cbd9e0e31ba80.jpg 564,222,579,245,3,0.119459 0,196,21,259,3,0.047974 0,204,14,239,3,0.030241 490,235,509,331,2,0.017826 1,198,21,302,2,0.002746 574,234,634,265,6,0.002413 556,216,593,245,3,0.002159 400,240,426,252,6,0.001817 492,238,505,279,2,0.001693 433,239,464,253,6,0.001107
/home/dysjin/data/CARLA.v20-carla_v20.coco/valid/Town02_002520_png.rf.55f8a7c01a8e4b86c99a794d7b61cd5d.jpg 229,165,411,331,6,0.634853 61,180,560,326,6,0.448734 177,199,231,243,6,0.291028 513,201,630,263,6,0.151003 121,185,265,235,6,0.133410 160,187,217,227,6,0.117326 145,199,221,256,6,0.098157 175,168,252,228,6,0.058310 209,83,412,380,6,0.033253 225,224,296,371,6,0.033157 0,139,640,380,6,0.020295 130,0,497,380,6,0.020162 506,145,640,296,6,0.010940 137,170,169,198,3,0.006643 165,179,258,285,6,0.005862 158,202,206,236,6,0.004042 233,81,297,380,6,0.003201 383,164,640,278,6,0.002873 508,207,555,246,6,0.002817 552,220,640,274,6,0.002651 135,165,181,196,6,0.002529 0,0,640,380,6,0.002216 216,184,350,380,6,0.002125 148,180,186,210,6,0.001866 0,159,15,184,3,0.001174
/home/dysjin/data/CARLA.v20-carla_v20.coco/valid/Town02_008760_png.rf.5bfb07b6a5fbe6700b4b9c150b9c6576.jpg 269,218,371,349,6,0.826179 265,40,364,380,6,0.267001 270,186,286,204,6,0.236671 183,114,445,380,6,0.226817 272,181,290,216,0,0.029469 142,172,162,195,3,0.028960 504,182,564,211,6,0.026866 281,186,293,207,0,0.020353 566,183,640,219,6,0.005865 397,188,426,206,6,0.005441 443,186,480,206,6,0.004825 0,171,21,235,6,0.003517 267,182,296,214,6,0.003259 0,193,23,253,6,0.002175 132,169,155,197,3,0.001638 521,164,619,221,6,0.001114 279,173,297,199,6,0.001101 467,185,542,214,6,0.001098 367,187,385,204,6,0.001044
/home/dysjin/data/CARLA.v20-carla_v20.coco/valid/Town01_008100_png.rf.5942043a53e2ea3c62572bf7029ed896.jpg 278,189,298,205,6,0.273362 83,187,144,213,6,0.105210 156,184,180,204,6,0.061590 149,173,184,198,6,0.058219 389,200,408,213,6,0.033788 609,172,634,197,6,0.030015 386,187,412,209,6,0.026454 331,190,346,203,6,0.009701 341,190,358,203,6,0.009452 168,186,185,204,6,0.008919 142,180,184,213,6,0.006611 392,190,432,204,6,0.006536 200,173,230,195,6,0.006013 356,188,372,204,6,0.004736 605,185,638,204,6,0.004734 105,197,151,214,6,0.003508 165,172,188,199,3,0.003428 375,197,402,215,6,0.001916 571,163,639,192,6,0.001815 367,188,385,206,6,0.001297
/home/dysjin/data/CARLA.v20-carla_v20.coco/valid/Town01_010680_png.rf.5537782525200ced228c602e6dcc3456.jpg 367,173,385,194,3,0.692546 215,186,240,206,6,0.020684 363,165,396,193,4,0.012369 0,169,15,199,3,0.006786 229,175,248,195,3,0.005263 218,176,237,196,6,0.004565 170,173,211,195,6,0.003394 207,175,223,197,3,0.002259 175,185,206,204,6,0.001915 332,190,345,203,6,0.001473 109,173,125,195,3,0.001131 189,173,216,196,3,0.001027
/home/dysjin/data/CARLA.v20-carla_v20.coco/valid/121155_png.rf.5eeb1497380edc240a771f68b9d34669.jpg 244,262,402,401,6,0.822563 98,265,561,385,6,0.809538 565,220,594,293,2,0.493633 154,102,498,480,6,0.296696 568,172,599,369,2,0.108042 0,191,640,454,6,0.018866 537,202,605,300,2,0.012805 584,231,602,309,2,0.003546 544,226,580,292,2,0.002822 489,239,533,277,6,0.001758 543,248,582,292,6,0.001360
/home/dysjin/data/CARLA.v20-carla_v20.coco/valid/007085_png.rf.5a7141063cfddac158b01dce18de1e48.jpg 431,203,472,250,5,0.823703
/home/dysjin/data/CARLA.v20-carla_v20.coco/valid/Town05_006720_png.rf.717ce1e22225ab6a97befb2b8effcc2a.jpg 185,190,223,258,1,0.387289 176,186,212,257,0,0.047570 169,150,218,293,1,0.021180 342,175,360,196,6,0.015471 191,184,213,238,0,0.012340 178,197,243,267,0,0.011039 343,185,358,203,0,0.005276 333,187,347,203,0,0.005103 103,189,130,206,6,0.005035 110,187,148,206,6,0.004405 200,194,223,249,0,0.004246 353,174,371,195,6,0.003078 354,176,369,193,3,0.002482 346,0,640,337,6,0.002052 193,178,216,241,1,0.001632 343,181,366,217,0,0.001280 365,174,386,194,6,0.001070 319,188,335,203,6,0.001041
/home/dysjin/data/CARLA.v20-carla_v20.coco/valid/Town01_006600_png.rf.612f31973b2db2fda3ee5293fd937a64.jpg 365,188,388,207,6,0.005791 364,199,388,213,6,0.002776 370,173,382,196,3,0.002144 158,162,174,181,3,0.001533 220,162,234,183,3,0.001498
/home/dysjin/data/CARLA.v20-carla_v20.coco/valid/112469_png.rf.4fea3a1e3f0858f468ecb362968a08fb.jpg 317,240,342,303,2,0.590234 315,157,338,360,2,0.374933 319,218,337,277,2,0.020849 297,233,354,325,2,0.002880 301,242,328,305,2,0.001454 418,211,431,233,3,0.001086
/home/dysjin/data/CARLA.v20-carla_v20.coco/valid/Town05_009540_png.rf.67accf9da191af14c5f05da1b6fe1e58.jpg 280,171,327,196,6,0.431530 600,187,640,206,6,0.402953 584,181,630,215,6,0.025677 170,172,190,195,0,0.011601 523,185,548,203,6,0.010771 387,175,413,193,6,0.009145 495,176,528,195,6,0.007714 327,163,350,182,6,0.006870 511,173,538,197,6,0.006245 526,175,543,196,3,0.005310 180,173,198,196,0,0.005055 279,160,352,209,6,0.004072 525,174,544,197,0,0.004007 602,161,640,203,6,0.003249 308,163,353,192,6,0.003044 260,171,294,195,6,0.002486 539,187,552,205,0,0.001914 548,172,572,194,6,0.001748 232,173,248,194,6,0.001675 492,186,530,203,6,0.001621 539,165,581,179,6,0.001598 290,181,336,205,6,0.001352 177,180,202,210,0,0.001153
/home/dysjin/data/CARLA.v20-carla_v20.coco/valid/041820_png.rf.69e77a8e269d90d89efc21e5026a7083.jpg 115,236,143,306,0,0.722096 111,190,146,352,0,0.485989 34,237,84,265,6,0.247163 0,239,119,259,6,0.107163 27,247,62,265,6,0.010132 15,233,68,267,6,0.008151 96,242,161,315,0,0.003913 0,236,15,256,6,0.002882 182,222,198,248,4,0.001668
/home/dysjin/data/CARLA.v20-carla_v20.coco/valid/121278_png.rf.6607158f1164a75baf620dcb66d1b07e.jpg 272,251,367,319,6,0.812214 162,251,464,313,6,0.308015 470,225,492,274,2,0.104934 241,231,272,265,1,0.098025 0,205,640,358,6,0.010714 0,210,27,293,2,0.009470 241,209,265,260,2,0.002040 464,214,485,254,2,0.001457 606,234,636,260,6,0.001117 249,214,277,253,2,0.001116
/home/dysjin/data/CARLA.v20-carla_v20.coco/valid/Town02_004620_png.rf.7280640e1c163e7c4b28010b90659788.jpg 234,204,409,359,6,0.708139 278,186,298,206,6,0.166286 304,185,327,205,6,0.027710 181,39,471,380,6,0.015849 365,154,388,190,3,0.012935 340,157,361,187,3,0.010048 358,154,406,199,6,0.005636 334,159,379,196,6,0.004945 284,184,334,210,6,0.004150 152,180,506,331,6,0.004144 342,181,358,211,0,0.003831 389,155,422,200,6,0.003310 104,184,169,211,6,0.003240 18,161,67,205,3,0.003166 314,172,337,201,6,0.002968 267,164,298,199,6,0.002726 313,181,347,214,6,0.002489 392,177,423,219,6,0.002304 373,161,401,204,3,0.002170 356,178,408,216,6,0.001987 114,168,169,201,6,0.001981 0,131,640,380,6,0.001966 293,164,325,198,6,0.001960 374,138,402,181,3,0.001827 382,142,415,177,6,0.001505 291,183,311,206,6,0.001038
/home/dysjin/data/CARLA.v20-carla_v20.coco/valid/Town05_016500_png.rf.75b431585ae9c755044e81517b796324.jpg 120,200,218,258,6,0.701345 352,201,405,242,6,0.576198 0,195,80,286,6,0.453763 453,172,475,197,3,0.326676 310,189,417,251,6,0.238031 345,188,383,233,6,0.110320 0,153,110,338,6,0.092608 0,185,392,257,6,0.046325 0,172,218,320,6,0.038840 459,165,490,197,3,0.034870 124,200,165,243,6,0.030141 117,202,162,246,1,0.022636 0,219,79,322,6,0.013248 128,167,216,237,6,0.011509 120,192,140,226,0,0.008499 429,197,444,217,0,0.005029 0,166,77,244,6,0.004452 33,211,274,248,6,0.004115 431,187,442,207,0,0.003353 119,187,154,230,1,0.001669 360,177,391,220,6,0.001601 89,186,139,219,6,0.001511 444,182,481,204,6,0.001147 0,34,443,380,6,0.001086 388,201,404,242,0,0.001072 173,204,239,240,6,0.001060 95,167,166,227,6,0.001000
/home/dysjin/data/CARLA.v20-carla_v20.coco/valid/Town02_001020_png.rf.79741d4293c684a4f4e895c08f1290d5.jpg 307,193,351,313,1,0.749927 0,198,81,380,6,0.634998 300,121,352,380,1,0.346005 277,187,302,205,6,0.165081 0,96,97,380,6,0.137330 29,187,84,218,6,0.104682 0,151,221,380,6,0.097048 290,187,337,207,6,0.035892 441,183,484,209,6,0.028312 0,183,116,212,6,0.017284 0,0,121,380,6,0.013292 599,179,640,219,6,0.010980 283,0,372,380,1,0.010443 355,160,374,183,3,0.009965 603,161,640,201,6,0.009841 364,170,387,195,6,0.009637 0,184,73,313,6,0.008612 377,172,396,196,3,0.008425 4,172,76,234,6,0.007673 0,245,90,380,6,0.005509 555,161,640,205,6,0.005240 175,184,230,210,6,0.005165 448,0,609,241,6,0.004195 282,44,324,380,0,0.004112 355,147,371,176,4,0.003484 388,0,640,378,6,0.003337 430,163,481,199,6,0.002630 321,0,352,380,1,0.002024 0,199,80,380,6,0.001994 340,161,380,190,6,0.001698 315,183,333,211,0,0.001666 286,169,330,231,6,0.001295 571,196,640,217,6,0.001136 0,43,527,380,6,0.001082
/home/dysjin/data/CARLA.v20-carla_v20.coco/valid/004996_png.rf.758bfe0873e6cba6e1d99146894cae01.jpg 491,250,515,312,2,0.513690 98,228,122,273,2,0.034674 431,247,441,269,2,0.012885 422,233,441,273,2,0.005302 94,238,113,277,2,0.005091 0,228,35,271,6,0.004330 2,216,32,253,6,0.003368 24,213,98,244,6,0.003347 419,250,433,266,2,0.002789 420,237,431,256,2,0.002408 6,211,66,250,6,0.001723 10,232,49,259,6,0.001598 479,244,540,334,2,0.001521 465,253,481,288,2,0.001375 106,242,126,272,2,0.001371 196,235,212,257,2,0.001214 207,232,222,260,2,0.001005
/home/dysjin/data/CARLA.v20-carla_v20.coco/valid/Town02_001620_png.rf.77cda18f042297c4b15936a35acef602.jpg 297,187,329,259,1,0.447034 297,122,333,320,1,0.179113 314,154,334,289,1,0.064372 390,186,436,209,6,0.034211 295,174,334,244,6,0.028039 523,174,631,229,6,0.025736 309,189,340,228,6,0.011917 404,176,640,239,6,0.005854 394,197,431,215,6,0.003406 173,184,187,208,0,0.003106 494,190,640,256,6,0.002019 180,185,199,209,0,0.001440 7,172,30,195,6,0.001320 19,202,53,245,0,0.001125 0,207,42,237,6,0.001084
/home/dysjin/data/CARLA.v20-carla_v20.coco/valid/112362_png.rf.868e587d8bdd37c81e4872223fbdbeb4.jpg 149,229,170,280,2,0.702270 573,235,637,263,6,0.004998 148,243,171,296,2,0.003099 417,211,432,234,3,0.002195 601,220,640,250,6,0.002034 380,236,418,255,6,0.001259
/home/dysjin/data/CARLA.v20-carla_v20.coco/valid/Town05_010080_png.rf.88fb23d739ffa2beacd3c5735d172d03.jpg 316,178,337,222,0,0.414658 309,169,324,225,0,0.286335 268,186,285,203,6,0.132326 265,174,288,198,6,0.022779 269,180,295,214,0,0.012468 344,147,359,173,3,0.002726 263,181,301,212,6,0.002442 256,176,277,194,6,0.001947 355,173,370,194,3,0.001562
/home/dysjin/data/CARLA.v20-carla_v20.coco/valid/026847_png.rf.7a28094ba474fb2fab06e58f1ebea83c.jpg 410,207,450,243,3,0.770144
/home/dysjin/data/CARLA.v20-carla_v20.coco/valid/075709_png.rf.7dd638ab9af378bf60aaa2fb92a0aea4.jpg 305,243,349,272,6,0.880740 171,250,266,309,6,0.676162 0,234,175,438,6,0.228702 230,242,274,276,6,0.174013 0,119,231,480,6,0.157663 91,230,365,313,6,0.048045 0,206,640,445,6,0.035674 134,250,230,317,6,0.032837 168,237,313,283,6,0.031180 292,219,357,270,6,0.022733 354,229,368,263,2,0.012356 203,241,254,281,6,0.004218 31,223,204,372,6,0.002730 344,228,357,266,2,0.002546 508,222,537,244,4,0.002074 442,251,457,267,2,0.001810 306,247,329,267,6,0.001312 228,220,302,274,6,0.001192 427,252,449,265,6,0.001089
/home/dysjin/data/CARLA.v20-carla_v20.coco/valid/Town02_007380_png.rf.8809896fc46f6266a6729640bbc68e4c.jpg 566,184,639,222,6,0.377876 504,189,640,225,6,0.098350 435,187,479,214,6,0.050440 258,172,297,196,6,0.017056 218,183,640,232,6,0.011978 548,189,598,227,6,0.009008 490,168,506,200,3,0.008526 499,186,547,208,6,0.005743 533,166,618,225,6,0.005661 269,185,287,204,1,0.005248 563,199,640,254,6,0.004884 432,159,640,235,6,0.004149 280,186,296,203,6,0.003103 267,184,290,204,6,0.002221 537,202,609,259,6,0.001978 568,157,639,206,6,0.001804 557,204,586,261,1,0.001731 348,173,403,193,6,0.001494 450,182,506,218,6,0.001110
/home/dysjin/data/CARLA.v20-carla_v20.coco/valid/Town01_007500_png.rf.7e4c2487265d812d93246e09a19aeab2.jpg 555,175,640,224,6,0.627802 250,196,282,216,6,0.330855 537,127,640,242,6,0.036307 524,186,549,209,6,0.026693 248,141,640,253,6,0.019207 151,211,180,233,6,0.016820 472,182,640,229,6,0.014763 262,185,287,213,6,0.004908 524,184,582,216,6,0.004228 163,212,193,229,6,0.003161 243,174,283,232,6,0.002861 475,197,495,246,0,0.002651 180,213,200,228,6,0.002259 337,189,388,204,6,0.002231 471,181,492,225,0,0.001648 143,223,166,239,6,0.001481 597,187,640,229,6,0.001351 566,190,640,259,6,0.001340 530,194,561,219,6,0.001318 389,179,412,214,0,0.001064 154,222,177,239,6,0.001033
/home/dysjin/data/CARLA.v20-carla_v20.coco/valid/Town05_007500_png.rf.8a81a882e564e9e99b5c951d3e18dbbc.jpg 352,181,398,206,6,0.428149 341,165,380,201,6,0.114729 319,172,430,202,6,0.098041 415,172,482,197,6,0.027863 423,185,474,204,6,0.024790 341,182,366,205,6,0.021975 305,174,321,190,6,0.018243 245,175,260,193,0,0.015163 124,171,182,197,6,0.012422 300,163,326,184,6,0.009114 294,175,313,190,6,0.004666 129,184,178,204,6,0.003733 114,165,163,192,6,0.002442 443,169,477,198,0,0.002404 240,161,264,184,6,0.002351 0,183,21,208,6,0.002040 186,164,236,190,6,0.001951 448,182,473,208,0,0.001698 449,161,473,184,0,0.001682 142,162,226,192,6,0.001431 351,157,398,193,6,0.001365 430,159,470,187,6,0.001308 243,161,269,193,0,0.001221 429,151,479,213,6,0.001173 0,0,80,179,6,0.001022 486,160,574,192,6,0.001002
/home/dysjin/data/CARLA.v20-carla_v20.coco/valid/Town02_005520_png.rf.8a9d2ba4122736ea3845c9e405936cce.jpg 46,189,128,221,6,0.290225 601,200,640,250,6,0.131370 604,182,640,227,6,0.073350 95,194,137,224,6,0.067404 574,190,637,261,6,0.044612 332,187,369,204,6,0.044282 260,187,294,204,6,0.043239 0,189,293,227,6,0.031639 117,195,135,222,0,0.012668 79,172,153,221,6,0.012472 585,176,628,232,6,0.011183 0,198,16,219,6,0.005159 34,195,78,224,6,0.004247 91,204,131,237,6,0.003296 49,206,125,234,6,0.003265 265,172,289,200,6,0.002798 595,223,640,269,6,0.002125 0,181,22,224,6,0.002019 368,197,382,217,0,0.001564 20,174,110,236,6,0.001522 109,189,152,219,6,0.001424 32,202,94,241,6,0.001327 276,185,298,206,0,0.001213 236,186,283,212,6,0.001134 562,168,583,200,3,0.001039
/home/dysjin/data/CARLA.v20-carla_v20.coco/valid/041735_png.rf.891d950e6341a379e0a80f54f49c126a.jpg 271,223,307,320,0,0.775092 257,163,321,379,0,0.411335 77,215,137,243,6,0.010524
/home/dysjin/data/CARLA.v20-carla_v20.coco/valid/041669_png.rf.8f16c7cc68671f71ba068edf120b2a61.jpg 296,244,329,309,0,0.588419 297,190,335,372,0,0.181644
/home/dysjin/data/CARLA.v20-carla_v20.coco/valid/003814_png.rf.9123d8ff8e23490d6f5201cb816e4fc2.jpg 507,162,640,256,3,0.881758 548,171,614,241,3,0.825764 285,235,320,258,6,0.496119 384,0,640,437,3,0.175043 134,224,150,267,2,0.008641 588,167,625,250,3,0.008532 266,231,305,264,6,0.002685 503,83,640,332,3,0.001789 558,130,627,287,3,0.001696 291,216,319,251,6,0.001461 267,227,289,242,6,0.001063
/home/dysjin/data/CARLA.v20-carla_v20.coco/valid/005413_png.rf.9000d6e877ce40e1d5bd5387ece453c2.jpg 99,229,123,280,2,0.675058 83,213,102,305,2,0.332313 569,259,640,292,6,0.037647 416,238,433,258,6,0.031154 120,231,139,273,2,0.016905 85,223,102,273,2,0.014235 494,230,516,270,2,0.011042 71,241,108,300,2,0.006701 76,179,106,360,2,0.005122 410,236,447,264,6,0.004893 87,205,150,295,2,0.003208 368,222,381,247,3,0.002934 96,241,124,296,2,0.002886 74,235,92,282,2,0.002427 554,253,603,295,6,0.002373 589,229,620,281,2,0.001382 541,248,571,300,2,0.001022
/home/dysjin/data/CARLA.v20-carla_v20.coco/valid/Town01_001500_png.rf.9254a251a5c6eb6313adba6a6adf1620.jpg 388,172,407,195,3,0.676973 375,163,401,195,3,0.007628 385,152,417,206,3,0.002212
/home/dysjin/data/CARLA.v20-carla_v20.coco/valid/Town05_004680_png.rf.93664881511a21c1adf050e2e8993477.jpg 316,175,402,225,6,0.747010 239,184,267,208,6,0.566610 254,171,470,224,6,0.304233 243,177,263,198,6,0.045222 180,182,202,205,6,0.042092 194,183,207,209,0,0.036674 53,150,640,245,6,0.031070 173,179,202,213,0,0.026566 127,172,158,197,6,0.020847 280,175,298,196,6,0.017521 170,166,200,200,6,0.014175 132,182,155,205,0,0.011181 281,186,297,204,0,0.010453 402,172,420,218,0,0.009635 0,159,37,198,6,0.007821 10,168,50,197,6,0.006072 141,180,164,209,0,0.005643 508,161,603,196,6,0.005438 238,167,278,225,6,0.005283 378,172,421,201,6,0.004204 136,167,183,196,6,0.003606 255,176,271,199,0,0.003008 254,176,271,198,6,0.002959 14,158,46,187,0,0.002522 113,173,147,195,6,0.002472 0,211,14,254,0,0.002270 11,181,61,214,6,0.002137 0,174,28,224,6,0.001996 351,160,423,211,6,0.001865 0,192,22,258,0,0.001856 79,182,104,210,0,0.001736 15,177,56,217,0,0.001720 190,169,212,202,0,0.001642 271,181,296,213,0,0.001521 0,212,23,287,0,0.001044
/home/dysjin/data/CARLA.v20-carla_v20.coco/valid/138312_png.rf.93c512dad514948e54a85fd6860eba4e.jpg 94,231,113,283,2,0.589445 1,238,28,313,2,0.158399 539,325,558,387,2,0.029205 0,214,26,299,2,0.024270 174,229,195,269,2,0.017051 18,246,48,301,2,0.006164 0,246,28,347,2,0.006138 75,227,104,278,2,0.005866 182,233,199,259,2,0.004328 0,208,23,334,2,0.002943 105,231,121,283,2,0.002577 97,243,120,297,2,0.002459 171,234,189,257,2,0.002293 0,226,51,339,2,0.002010 93,218,113,319,2,0.001659 1,166,33,354,2,0.001594 513,325,544,376,2,0.001582 550,329,566,384,2,0.001456 17,225,52,286,2,0.001110
/home/dysjin/data/CARLA.v20-carla_v20.coco/valid/005160_png.rf.922d9f2da21b5b11121905df87e629d7.jpg 395,206,425,249,5,0.650514 403,219,422,243,5,0.061119 405,194,441,263,5,0.002166 408,209,431,240,5,0.001146
