/home/dysjin/data/CARLA.v20-carla_v20.coco/valid/Town02_006840_png.rf.a4a970c10202604d1dd8c41fe9097525.jpg 1,167,19,199,1,0.062624 1,163,16,205,0,0.038082 368,160,381,178,0,0.036025 234,164,246,179,0,0.035062 564,174,581,194,0,0.016167 441,188,455,205,0,0.014778 172,162,185,179,0,0.004228 185,161,197,178,0,0.004193 566,58,603,105,0,0.004124 344,172,357,193,0,0.003853 358,161,373,179,0,0.003104 233,151,245,170,0,0.002957 443,177,455,194,0,0.002765 417,162,430,180,0,0.002379 259,163,272,181,0,0.002000 245,162,257,179,0,0.001645 365,147,386,176,0,0.001637 196,161,207,179,0,0.001590 230,160,253,187,0,0.001512 356,172,372,189,0,0.001365 0,146,15,200,0,0.001197 331,163,342,180,0,0.001128 342,187,356,203,0,0.001102 232,173,245,190,0,0.001083 270,163,283,180,0,0.001072 184,150,197,167,0,0.001038 219,174,235,191,0,0.001028
/home/dysjin/data/CARLA.v20-carla_v20.coco/valid/Town02_002640_png.rf.ac6bee6a9e4c4b2a1e149670c97196c1.jpg 393,175,406,190,0,0.464091 394,164,404,184,0,0.020248 416,140,434,160,0,0.010188 466,162,480,182,0,0.006305 394,149,406,169,0,0.002057 382,175,398,194,0,0.001928 401,172,417,188,0,0.001876 407,145,422,168,0,0.001274 465,151,477,169,0,0.001207 428,147,442,168,0,0.001190
/home/dysjin/data/CARLA.v20-carla_v20.coco/valid/007096_png.rf.a26873f70f1467f54f0fd09ea8c1731b.jpg 539,168,617,247,2,0.237720 528,146,620,257,0,0.034785 443,140,640,243,0,0.003248
/home/dysjin/data/CARLA.v20-carla_v20.coco/valid/Town02_006480_png.rf.aec43468267a9993201d034f7031ee5c.jpg 345,176,357,192,0,0.002786 343,162,354,181,0,0.001836 355,173,370,191,0,0.001604 369,160,384,180,0,0.001028
/home/dysjin/data/CARLA.v20-carla_v20.coco/valid/051305_png.rf.af3e2dc55ae45fc793f7f25eb6fdf7b4.jpg 428,209,463,241,0,0.311090 428,210,466,246,2,0.009387 432,210,466,241,1,0.002685
/home/dysjin/data/CARLA.v20-carla_v20.coco/valid/007291_png.rf.b33e9d647d42777054dfb5f46d23bbad.jpg 387,223,402,240,0,0.196371 383,214,396,233,0,0.003658 378,219,415,246,0,0.001346
/home/dysjin/data/CARLA.v20-carla_v20.coco/valid/003752_png.rf.bb0716bc5b93fa8b10f41577e20a2f35.jpg 398,215,423,244,2,0.289105 395,216,426,242,1,0.127215 388,208,433,244,0,0.004521
/home/dysjin/data/CARLA.v20-carla_v20.coco/valid/005173_png.rf.c24ac196d86260d3a384e12093bfa5ef.jpg 474,187,531,247,2,0.147397 474,194,540,244,0,0.025300 476,179,528,244,1,0.007082 391,140,640,247,0,0.001006
/home/dysjin/data/CARLA.v20-carla_v20.coco/valid/003769_png.rf.c5c0c17fa97551316c57744e9608f796.jpg 494,194,551,243,2,0.201527 488,194,545,242,0,0.008857 498,182,552,243,1,0.006112 494,154,552,283,2,0.001018
/home/dysjin/data/CARLA.v20-carla_v20.coco/valid/004966_png.rf.c9d8d72d0920460b612251c5fddc5770.jpg 428,204,467,240,1,0.320880 433,206,465,238,2,0.156315 420,201,463,241,0,0.031494 133,223,149,243,0,0.001536
/home/dysjin/data/CARLA.v20-carla_v20.coco/valid/001638_png.rf.c98e4c5bc2a68de358073a26469c81b2.jpg 422,209,456,241,0,0.383013 154,221,169,241,0,0.165304
/home/dysjin/data/CARLA.v20-carla_v20.coco/valid/051274_png.rf.d5f64278c64b556983082379a316485f.jpg 557,169,640,246,0,0.335619 356,226,374,243,0,0.007703
/home/dysjin/data/CARLA.v20-carla_v20.coco/valid/Town01_001440_png.rf.e4b4351effd31d5b433710cffb8243e4.jpg 383,177,400,196,0,0.380403 258,165,269,181,0,0.008465 358,148,374,169,0,0.005870 365,174,419,199,0,0.003665 284,163,295,179,0,0.003380 232,176,246,193,0,0.003162 272,162,283,182,0,0.002961 380,166,392,184,0,0.002873 256,176,268,192,0,0.002761 232,151,246,169,0,0.002545 232,163,245,182,0,0.002236 346,160,360,181,0,0.002168 59,176,74,193,0,0.001918 256,153,269,169,0,0.001783 344,173,356,191,0,0.001782 357,138,372,159,0,0.001464 246,150,258,168,0,0.001367 296,162,307,180,0,0.001322 282,176,295,192,0,0.001274 283,151,296,168,0,0.001174 186,94,237,163,0,0.001152 269,175,282,192,0,0.001040
/home/dysjin/data/CARLA.v20-carla_v20.coco/valid/041811_png.rf.e8d4c17844854d24f9b2bec66a8a8889.jpg 49,225,63,242,0,0.218567 453,210,469,232,0,0.002879
/home/dysjin/data/CARLA.v20-carla_v20.coco/valid/001519_png.rf.e42bb854e84b40164ed2795569b2eb6f.jpg 573,220,588,243,0,0.256574
/home/dysjin/data/CARLA.v20-carla_v20.coco/valid/001509_png.rf.ed3baed466e7f65c1a01fb57bf942b65.jpg 573,221,589,243,0,0.217728
/home/dysjin/data/CARLA.v20-carla_v20.coco/valid/026829_png.rf.e6f26e62f316568466a95ba7fd18d850.jpg 374,221,391,238,0,0.457287 169,213,183,230,0,0.003649 371,213,385,231,0,0.001302
/home/dysjin/data/CARLA.v20-carla_v20.coco/valid/007076_png.rf.d635d979c35f5dd6da756ef9889aef0b.jpg 393,214,423,243,2,0.269223 392,210,425,247,1,0.084139 379,201,425,256,2,0.006194
/home/dysjin/data/CARLA.v20-carla_v20.coco/valid/Town02_006960_png.rf.eedfb90c1deb0d66a31341acd2e08f4f.jpg 148,161,167,182,0,0.613546 146,152,158,169,0,0.002974 128,159,189,188,0,0.002871 320,162,335,179,0,0.001927 329,151,344,169,0,0.001761 305,175,319,193,0,0.001269
/home/dysjin/data/CARLA.v20-carla_v20.coco/valid/041861_png.rf.f5f3812ca6c536c5c25bea3d596be111.jpg 403,208,430,244,0,0.372284 625,270,640,324,0,0.001201
/home/dysjin/data/CARLA.v20-carla_v20.coco/valid/003755_png.rf.f6343810071c5f5401b5697ef363285d.jpg 408,212,434,245,2,0.309102 407,214,436,240,1,0.153721 403,210,442,243,0,0.071266
/home/dysjin/data/CARLA.v20-carla_v20.coco/valid/001630_png.rf.ff5ced110f03f998a7a6998ddf647fd2.jpg 409,212,437,241,0,0.342532 168,222,181,240,0,0.089979 406,212,438,240,1,0.012089 194,187,208,206,0,0.005056 167,213,181,234,0,0.002807
/home/dysjin/data/CARLA.v20-carla_v20.coco/valid/003751_png.rf.0ff9ef7c8c8e4f5eab52437609a3b501.jpg 392,216,423,242,1,0.195961 393,216,423,243,0,0.045856
/home/dysjin/data/CARLA.v20-carla_v20.coco/valid/Town02_008820_png.rf.135414697b8215dc125af6b125d3058c.jpg 141,171,157,190,0,0.368629 477,176,489,191,0,0.017784 148,149,162,170,0,0.011214 233,151,247,168,0,0.008292 404,150,416,167,0,0.007311 221,175,234,191,0,0.005048 395,159,408,179,0,0.003993 161,149,175,167,0,0.003701 396,149,409,168,0,0.003482 394,173,408,191,0,0.002629 209,151,220,167,0,0.002244 222,150,236,168,0,0.002165 478,186,489,203,0,0.001802 356,161,368,179,0,0.001663 345,162,359,179,0,0.001603 382,174,395,192,0,0.001522 344,173,358,191,0,0.001413 355,174,368,189,0,0.001404 170,162,183,181,0,0.001356 442,174,454,191,0,0.001338 197,162,210,178,0,0.001316 295,163,309,182,0,0.001131 392,186,406,204,0,0.001094 469,175,483,191,0,0.001089
/home/dysjin/data/CARLA.v20-carla_v20.coco/valid/006578_png.rf.21f08e8ed63ab67b3ef05528af8ef9e6.jpg 369,222,384,239,0,0.525943 157,224,173,242,0,0.001606 373,220,393,246,0,0.001513
/home/dysjin/data/CARLA.v20-carla_v20.coco/valid/Town02_006720_png.rf.2632fd4f3d65ff215e84d472badfd870.jpg 1,167,19,199,1,0.061265 1,163,16,205,0,0.037207 368,160,381,178,0,0.031597 234,163,246,178,0,0.020685 441,188,455,205,0,0.016315 564,174,581,194,0,0.015035 344,173,357,193,0,0.006360 232,151,245,170,0,0.004832 172,162,185,179,0,0.003814 185,161,197,177,0,0.003366 566,58,604,106,0,0.003145 358,161,373,179,0,0.003124 417,163,430,180,0,0.002861 443,177,455,194,0,0.002222 365,147,386,176,0,0.001678 282,175,293,192,0,0.001376 342,187,356,203,0,0.001361 356,172,372,190,0,0.001230 230,159,253,187,0,0.001155 0,146,15,200,0,0.001133 331,163,342,180,0,0.001113 245,162,258,179,0,0.001025
/home/dysjin/data/CARLA.v20-carla_v20.coco/valid/007070_png.rf.2316a0a54db7e4a749f421570aadd160.jpg 376,222,404,239,2,0.158894 369,214,409,246,1,0.029554
/home/dysjin/data/CARLA.v20-carla_v20.coco/valid/041819_png.rf.374472e0a0868df264a4100cb7734e35.jpg 172,223,187,243,0,0.476234 172,214,185,234,0,0.025682 171,231,187,253,0,0.001924 153,221,211,249,0,0.001109 162,222,175,244,0,0.001017
/home/dysjin/data/CARLA.v20-carla_v20.coco/valid/003766_png.rf.3dbe103da1003d1fb3bd18ad0d0894b4.jpg 462,197,508,244,1,0.284605 468,199,505,240,2,0.085096 460,201,498,238,0,0.021668 353,226,369,243,0,0.002492
/home/dysjin/data/CARLA.v20-carla_v20.coco/valid/026849_png.rf.52e90800c02b90489d2521817c6942f7.jpg 420,208,457,239,0,0.406995 233,211,246,232,0,0.009099
/home/dysjin/data/CARLA.v20-carla_v20.coco/valid/041864_png.rf.51f1d81198f2e5b7a450f586235760ec.jpg 415,210,443,240,0,0.331315 420,210,444,238,1,0.012630
/home/dysjin/data/CARLA.v20-carla_v20.coco/valid/009044_png.rf.59d4a83882b4b6af242cbd9e0e31ba80.jpg 561,222,578,242,0,0.394361 1,208,20,235,1,0.107872 1,203,18,243,0,0.076144 342,227,354,244,0,0.005428 319,211,331,231,0,0.001024
/home/dysjin/data/CARLA.v20-carla_v20.coco/valid/Town01_010680_png.rf.5537782525200ced228c602e6dcc3456.jpg 367,177,384,195,0,0.382668 231,178,246,192,0,0.076298 332,178,345,193,0,0.042651 221,178,236,193,0,0.002951 308,162,319,180,0,0.002849 346,160,357,181,0,0.002376 358,176,373,193,0,0.002353 352,174,403,198,0,0.001803 345,174,357,192,0,0.001683 330,172,349,203,0,0.001514 320,174,332,191,0,0.001408 269,174,281,190,0,0.001328 208,177,220,192,0,0.001204 320,161,330,181,0,0.001189 233,164,245,180,0,0.001062 308,174,319,190,0,0.001027
/home/dysjin/data/CARLA.v20-carla_v20.coco/valid/007085_png.rf.5a7141063cfddac158b01dce18de1e48.jpg 428,207,464,244,2,0.338088 408,197,474,259,0,0.002136 438,206,473,241,0,0.001637 423,195,482,247,1,0.001312
/home/dysjin/data/CARLA.v20-carla_v20.coco/valid/041820_png.rf.69e77a8e269d90d89efc21e5026a7083.jpg 181,223,196,243,0,0.296930 174,224,189,244,0,0.011914 184,212,197,234,0,0.007708
/home/dysjin/data/CARLA.v20-carla_v20.coco/valid/Town05_016500_png.rf.75b431585ae9c755044e81517b796324.jpg 458,178,475,197,0,0.275425 330,188,345,204,0,0.011949 330,177,343,194,0,0.009113 449,174,490,201,0,0.004475 231,151,244,169,0,0.001771 331,196,345,216,0,0.001630 282,174,295,191,0,0.001204
/home/dysjin/data/CARLA.v20-carla_v20.coco/valid/026847_png.rf.7a28094ba474fb2fab06e58f1ebea83c.jpg 413,212,444,238,0,0.402539
/home/dysjin/data/CARLA.v20-carla_v20.coco/valid/003814_png.rf.9123d8ff8e23490d6f5201cb816e4fc2.jpg 542,175,621,244,0,0.345815 544,182,639,244,1,0.003858 529,154,629,280,2,0.001495
/home/dysjin/data/CARLA.v20-carla_v20.coco/valid/Town01_001500_png.rf.9254a251a5c6eb6313adba6a6adf1620.jpg 387,175,405,192,0,0.380193 374,172,422,198,0,0.003358 454,148,468,171,0,0.001565 451,138,468,160,0,0.001539 382,179,396,202,0,0.001394
/home/dysjin/data/CARLA.v20-carla_v20.coco/valid/005160_png.rf.922d9f2da21b5b11121905df87e629d7.jpg 401,214,427,242,2,0.267971 391,209,434,244,1,0.183636 406,208,432,244,0,0.006430
