/home/dysjin/data/CARLA.v20-carla_v20.coco/valid/Town02_006840_png.rf.a4a970c10202604d1dd8c41fe9097525.jpg 567,175,581,191,0,0.559184 560,63,608,103,0,0.104757 0,149,14,194,0,0.029523 563,157,584,193,0,0.023768 365,153,381,171,0,0.021826 564,184,581,199,0,0.017705 0,171,14,194,1,0.007974 571,171,589,195,0,0.006835 0,133,17,188,0,0.005192 341,174,355,193,0,0.002934 0,150,14,174,0,0.002767 0,158,28,207,0,0.001482 556,173,572,195,0,0.001215
/home/dysjin/data/CARLA.v20-carla_v20.coco/valid/Town02_002640_png.rf.ac6bee6a9e4c4b2a1e149670c97196c1.jpg 390,171,405,190,0,0.955057 467,151,481,169,0,0.005023 218,150,234,170,0,0.004268 399,168,418,197,0,0.003082 367,172,382,192,0,0.002024 527,135,541,157,0,0.001346 516,134,531,158,0,0.001345 356,174,372,193,0,0.001287 231,160,247,181,0,0.001278 464,138,480,159,0,0.001169 330,161,344,182,0,0.001107
/home/dysjin/data/CARLA.v20-carla_v20.coco/valid/007096_png.rf.a26873f70f1467f54f0fd09ea8c1731b.jpg 549,168,617,243,2,0.641092 510,139,640,260,2,0.094700 546,186,581,229,2,0.004097 0,0,640,480,2,0.002671 538,97,613,280,1,0.001210 369,225,384,242,2,0.001032
/home/dysjin/data/CARLA.v20-carla_v20.coco/valid/Town02_006480_png.rf.aec43468267a9993201d034f7031ee5c.jpg 347,175,360,189,0,0.373591 346,167,359,181,0,0.095132 355,163,367,183,0,0.008630 355,183,367,199,0,0.006869 378,162,392,181,0,0.004985 346,184,359,199,0,0.003222 342,152,358,172,0,0.002917 369,160,381,180,0,0.002905 335,173,347,191,0,0.001629 380,174,393,190,0,0.001558 368,172,378,190,0,0.001219 350,169,370,193,0,0.001162 231,174,245,193,0,0.001084 334,161,349,182,0,0.001048
/home/dysjin/data/CARLA.v20-carla_v20.coco/valid/051305_png.rf.af3e2dc55ae45fc793f7f25eb6fdf7b4.jpg 426,211,465,241,0,0.859470 439,217,456,239,0,0.002304
/home/dysjin/data/CARLA.v20-carla_v20.coco/valid/007291_png.rf.b33e9d647d42777054dfb5f46d23bbad.jpg 385,222,401,240,0,0.811243
/home/dysjin/data/CARLA.v20-carla_v20.coco/valid/003752_png.rf.bb0716bc5b93fa8b10f41577e20a2f35.jpg 397,216,422,242,1,0.467414 395,218,417,244,2,0.001480 344,224,363,245,1,0.001051
/home/dysjin/data/CARLA.v20-carla_v20.coco/valid/005173_png.rf.c24ac196d86260d3a384e12093bfa5ef.jpg 472,194,528,243,2,0.747651 470,187,543,240,1,0.002896 505,187,532,248,2,0.001326 502,205,520,230,2,0.001233 453,144,547,292,2,0.001156
/home/dysjin/data/CARLA.v20-carla_v20.coco/valid/003769_png.rf.c5c0c17fa97551316c57744e9608f796.jpg 492,192,555,245,2,0.462868 501,188,550,247,1,0.108650 354,225,374,244,1,0.005761
/home/dysjin/data/CARLA.v20-carla_v20.coco/valid/004966_png.rf.c9d8d72d0920460b612251c5fddc5770.jpg 426,202,466,241,1,0.725492 434,206,466,249,2,0.002658
/home/dysjin/data/CARLA.v20-carla_v20.coco/valid/001638_png.rf.c98e4c5bc2a68de358073a26469c81b2.jpg 423,211,458,240,0,0.846187 435,214,446,237,0,0.005431
/home/dysjin/data/CARLA.v20-carla_v20.coco/valid/051274_png.rf.d5f64278c64b556983082379a316485f.jpg 559,162,639,250,1,0.463674 538,150,640,254,2,0.076063 355,225,375,243,1,0.025652
/home/dysjin/data/CARLA.v20-carla_v20.coco/valid/Town01_001440_png.rf.e4b4351effd31d5b433710cffb8243e4.jpg 383,175,401,191,1,0.584610 384,171,405,193,0,0.189466 342,175,356,192,0,0.005903 367,134,386,163,0,0.005449 372,173,388,194,0,0.001670 11,112,29,133,1,0.001274
/home/dysjin/data/CARLA.v20-carla_v20.coco/valid/041811_png.rf.e8d4c17844854d24f9b2bec66a8a8889.jpg 48,225,63,239,1,0.778912 43,217,69,242,1,0.012205 453,213,471,232,1,0.003793 49,233,68,249,1,0.001258
/home/dysjin/data/CARLA.v20-carla_v20.coco/valid/001519_png.rf.e42bb854e84b40164ed2795569b2eb6f.jpg 574,220,589,238,0,0.693065 475,212,493,236,0,0.023943 122,251,135,265,1,0.003462 404,225,418,244,0,0.001577 462,207,505,240,0,0.001471 586,218,601,245,0,0.001365
/home/dysjin/data/CARLA.v20-carla_v20.coco/valid/001509_png.rf.ed3baed466e7f65c1a01fb57bf942b65.jpg 574,221,589,238,0,0.502928 475,212,493,237,0,0.022050 341,226,359,244,1,0.002153 404,224,418,243,0,0.001859 123,251,136,265,1,0.001679 462,207,506,241,0,0.001495 587,219,600,244,0,0.001133 416,227,429,244,0,0.001101
/home/dysjin/data/CARLA.v20-carla_v20.coco/valid/026829_png.rf.e6f26e62f316568466a95ba7fd18d850.jpg 375,220,391,240,0,0.896340 380,231,395,250,0,0.001760
/home/dysjin/data/CARLA.v20-carla_v20.coco/valid/007076_png.rf.d635d979c35f5dd6da756ef9889aef0b.jpg 398,213,419,243,2,0.817173 396,221,416,232,2,0.076240 392,186,411,208,2,0.001757 390,211,449,231,2,0.001709 412,203,430,255,2,0.001300 385,185,440,212,2,0.001061
/home/dysjin/data/CARLA.v20-carla_v20.coco/valid/Town02_006960_png.rf.eedfb90c1deb0d66a31341acd2e08f4f.jpg 147,160,166,179,0,0.945085 610,100,628,124,0,0.030138 330,138,345,159,0,0.004569 601,137,618,159,0,0.004168 466,159,480,181,0,0.002609 601,108,620,134,0,0.002200 601,160,617,181,0,0.002181 133,164,181,185,0,0.002008 366,158,382,180,0,0.001990 168,160,183,180,0,0.001825 430,161,444,182,0,0.001644 576,173,591,195,0,0.001471 330,160,346,180,0,0.001431 305,173,320,195,0,0.001309 146,170,166,186,0,0.001240 440,159,455,182,0,0.001069
/home/dysjin/data/CARLA.v20-carla_v20.coco/valid/041861_png.rf.f5f3812ca6c536c5c25bea3d596be111.jpg 404,209,429,240,0,0.533330 395,183,430,242,0,0.009671 0,0,640,480,0,0.001471
/home/dysjin/data/CARLA.v20-carla_v20.coco/valid/003755_png.rf.f6343810071c5f5401b5697ef363285d.jpg 405,209,438,244,1,0.553529 405,215,436,242,2,0.438091 408,219,427,234,2,0.001541 344,223,363,244,1,0.001393
/home/dysjin/data/CARLA.v20-carla_v20.coco/valid/001630_png.rf.ff5ced110f03f998a7a6998ddf647fd2.jpg 408,211,436,242,0,0.776906
/home/dysjin/data/CARLA.v20-carla_v20.coco/valid/003751_png.rf.0ff9ef7c8c8e4f5eab52437609a3b501.jpg 395,215,420,242,1,0.339786 390,217,426,243,0,0.011811 343,224,363,244,1,0.001326
/home/dysjin/data/CARLA.v20-carla_v20.coco/valid/Town02_008820_png.rf.135414697b8215dc125af6b125d3058c.jpg 391,185,408,200,0,0.134875 502,172,518,189,0,0.027353 478,175,491,192,0,0.019618 403,149,419,171,0,0.008350 394,177,407,192,0,0.008282 391,163,407,183,0,0.006271 381,163,396,183,0,0.006009 401,185,417,203,0,0.006003 144,172,161,192,0,0.004955 429,174,444,190,0,0.003966 403,138,418,160,0,0.002997 480,184,493,202,0,0.002660 0,136,15,158,1,0.002617 382,183,397,203,0,0.002427 369,160,385,182,0,0.002017 468,175,483,191,0,0.002001 492,174,504,191,0,0.001636 0,148,14,168,0,0.001586 440,160,456,185,0,0.001522 402,160,418,183,0,0.001437 385,175,397,192,0,0.001435 417,173,431,192,0,0.001418 0,127,16,165,0,0.001306 416,184,432,203,0,0.001247 0,95,16,148,0,0.001228 392,149,409,173,0,0.001173 478,162,491,184,0,0.001078
/home/dysjin/data/CARLA.v20-carla_v20.coco/valid/006578_png.rf.21f08e8ed63ab67b3ef05528af8ef9e6.jpg 371,222,388,240,0,0.973405 369,232,389,248,0,0.001909 365,202,381,224,0,0.001561
/home/dysjin/data/CARLA.v20-carla_v20.coco/valid/Town02_006720_png.rf.2632fd4f3d65ff215e84d472badfd870.jpg 566,175,581,191,0,0.547728 560,63,607,103,0,0.122131 365,153,381,171,0,0.026043 0,149,14,194,0,0.025528 562,157,584,193,0,0.022743 564,184,581,200,0,0.013674 0,171,14,194,1,0.007561 341,175,355,193,0,0.007293 571,172,589,195,0,0.005416 0,132,17,188,0,0.004459 0,150,14,174,0,0.002299 0,158,29,207,0,0.001447 556,173,572,195,0,0.001387 335,175,347,193,0,0.001114 577,70,593,101,0,0.001021
/home/dysjin/data/CARLA.v20-carla_v20.coco/valid/007070_png.rf.2316a0a54db7e4a749f421570aadd160.jpg 385,223,401,239,2,0.732933 391,210,408,243,2,0.019090 369,218,392,246,2,0.001390 380,202,400,220,2,0.001376 380,183,403,242,2,0.001155 392,186,410,209,2,0.001096 380,184,398,209,2,0.001039 370,184,431,214,2,0.001026
/home/dysjin/data/CARLA.v20-carla_v20.coco/valid/041819_png.rf.374472e0a0868df264a4100cb7734e35.jpg 175,226,187,240,1,0.852714 168,214,194,246,1,0.008378 367,226,382,245,0,0.005075 174,234,191,248,1,0.004207 157,186,173,207,1,0.003543 164,221,179,244,1,0.003344 121,225,136,241,1,0.003106 148,219,159,243,1,0.001853 368,236,382,253,0,0.001552 180,215,196,237,1,0.001208 161,199,177,219,1,0.001012
/home/dysjin/data/CARLA.v20-carla_v20.coco/valid/003766_png.rf.3dbe103da1003d1fb3bd18ad0d0894b4.jpg 460,198,510,245,1,0.650218 353,224,372,244,1,0.005038 479,188,508,252,2,0.002782
/home/dysjin/data/CARLA.v20-carla_v20.coco/valid/026849_png.rf.52e90800c02b90489d2521817c6942f7.jpg 421,207,463,240,0,0.908322 437,212,446,235,0,0.001553
/home/dysjin/data/CARLA.v20-carla_v20.coco/valid/041864_png.rf.51f1d81198f2e5b7a450f586235760ec.jpg 416,210,445,240,1,0.501777 419,206,444,239,0,0.277373 353,225,369,243,0,0.003605 397,182,431,219,0,0.002125 330,223,344,242,0,0.001563 343,223,357,242,0,0.001416 0,0,640,480,0,0.001259
/home/dysjin/data/CARLA.v20-carla_v20.coco/valid/009044_png.rf.59d4a83882b4b6af242cbd9e0e31ba80.jpg 562,220,577,241,0,0.945609 0,204,14,239,0,0.079677 343,227,357,244,0,0.061573 0,200,28,247,0,0.014380 540,201,556,222,0,0.002030 0,221,16,241,0,0.001670 565,232,584,249,0,0.001460 0,184,17,237,0,0.001196
/home/dysjin/data/CARLA.v20-carla_v20.coco/valid/Town01_010680_png.rf.5537782525200ced228c602e6dcc3456.jpg 368,178,386,193,0,0.824940 232,177,245,192,0,0.063151 222,176,235,192,0,0.012576 147,176,160,190,0,0.010069 243,175,256,192,0,0.003091 134,173,150,191,0,0.002565 157,176,170,192,0,0.002315 111,160,126,179,0,0.002176 368,168,383,184,0,0.002122 359,172,376,194,0,0.001952 227,172,252,196,0,0.001399 110,151,124,167,0,0.001304 147,165,162,181,0,0.001220
/home/dysjin/data/CARLA.v20-carla_v20.coco/valid/007085_png.rf.5a7141063cfddac158b01dce18de1e48.jpg 431,206,462,241,2,0.833505 410,20,453,90,1,0.001805 443,165,459,265,2,0.001021
/home/dysjin/data/CARLA.v20-carla_v20.coco/valid/041820_png.rf.69e77a8e269d90d89efc21e5026a7083.jpg 180,228,195,241,1,0.811649 182,218,197,236,1,0.034182 183,234,200,247,1,0.015622 176,214,199,247,1,0.008497 162,220,174,243,1,0.002519 379,226,394,245,0,0.001094 172,200,186,221,1,0.001029
/home/dysjin/data/CARLA.v20-carla_v20.coco/valid/Town05_016500_png.rf.75b431585ae9c755044e81517b796324.jpg 458,177,476,197,0,0.775817 257,165,271,182,0,0.006495
/home/dysjin/data/CARLA.v20-carla_v20.coco/valid/026847_png.rf.7a28094ba474fb2fab06e58f1ebea83c.jpg 415,208,444,241,0,0.823359 424,214,436,235,0,0.007280
/home/dysjin/data/CARLA.v20-carla_v20.coco/valid/003814_png.rf.9123d8ff8e23490d6f5201cb816e4fc2.jpg 547,181,620,237,0,0.854513 136,172,151,192,1,0.009984 142,175,159,192,1,0.002835 0,0,640,480,0,0.002118
/home/dysjin/data/CARLA.v20-carla_v20.coco/valid/Town01_001500_png.rf.9254a251a5c6eb6313adba6a6adf1620.jpg 385,174,405,190,0,0.891178 184,170,198,190,0,0.009117 193,169,208,189,0,0.006553 627,160,640,180,0,0.004046 145,175,159,192,0,0.003413 207,159,221,182,0,0.002888 405,137,421,159,0,0.001704 399,170,417,197,0,0.001631 158,175,172,192,0,0.001480 625,150,640,168,0,0.001072
/home/dysjin/data/CARLA.v20-carla_v20.coco/valid/005160_png.rf.922d9f2da21b5b11121905df87e629d7.jpg 401,214,431,242,2,0.861985 411,222,428,235,2,0.027523 404,174,426,254,2,0.001128
