/home/dysjin/data/CARLA.v20-carla_v20.coco/valid/Town02_006840_png.rf.a4a970c10202604d1dd8c41fe9097525.jpg 568,173,581,192,0,0.243617 561,159,586,187,0,0.014889 563,64,607,103,1,0.013035 559,174,572,196,0,0.004990 561,181,586,201,0,0.004513 0,160,16,201,0,0.002880 19,67,84,68,0,0.002190 540,176,557,195,0,0.001428 555,185,572,205,0,0.001243 470,67,616,67,0,0.001121
/home/dysjin/data/CARLA.v20-carla_v20.coco/valid/Town02_002640_png.rf.ac6bee6a9e4c4b2a1e149670c97196c1.jpg 393,170,407,191,0,0.798402 382,18,622,18,0,0.009637 499,18,605,18,0,0.008319 339,208,360,229,1,0.005240 383,174,402,190,0,0.004009 420,67,569,67,0,0.001158 382,164,410,196,0,0.001063
/home/dysjin/data/CARLA.v20-carla_v20.coco/valid/007096_png.rf.a26873f70f1467f54f0fd09ea8c1731b.jpg 551,171,606,252,2,0.910312 515,155,636,248,2,0.036175 508,166,598,167,0,0.009605 501,215,594,216,0,0.001676 193,100,212,125,1,0.001461 0,214,307,218,0,0.001397 539,99,640,301,2,0.001110 442,37,459,57,1,0.001035
/home/dysjin/data/CARLA.v20-carla_v20.coco/valid/Town02_006480_png.rf.aec43468267a9993201d034f7031ee5c.jpg 347,175,360,193,0,0.052969 353,176,368,192,0,0.020300 368,161,382,181,0,0.020062 345,185,361,203,0,0.018749 357,164,371,185,0,0.017041 354,186,370,202,0,0.014176 378,160,397,181,0,0.012595 144,46,168,75,1,0.002218 393,2,409,21,0,0.001498 390,0,408,9,1,0.001434 365,188,383,204,0,0.001138
/home/dysjin/data/CARLA.v20-carla_v20.coco/valid/051305_png.rf.af3e2dc55ae45fc793f7f25eb6fdf7b4.jpg 427,202,463,243,0,0.976861 59,42,80,58,1,0.007386 0,179,93,358,0,0.004022 71,40,91,57,1,0.002303
/home/dysjin/data/CARLA.v20-carla_v20.coco/valid/007291_png.rf.b33e9d647d42777054dfb5f46d23bbad.jpg 388,220,402,241,0,0.832470 390,231,405,251,0,0.001055
/home/dysjin/data/CARLA.v20-carla_v20.coco/valid/003752_png.rf.bb0716bc5b93fa8b10f41577e20a2f35.jpg 399,215,427,242,1,0.772432 419,3,433,19,1,0.015516 417,0,431,9,1,0.006490
/home/dysjin/data/CARLA.v20-carla_v20.coco/valid/005173_png.rf.c24ac196d86260d3a384e12093bfa5ef.jpg 464,194,528,245,2,0.459810 474,184,506,235,2,0.029049 476,198,502,216,2,0.005871 59,17,78,33,1,0.003714 418,214,575,217,0,0.003467 474,208,502,228,2,0.002178
/home/dysjin/data/CARLA.v20-carla_v20.coco/valid/003769_png.rf.c5c0c17fa97551316c57744e9608f796.jpg 494,195,550,248,1,0.339631
/home/dysjin/data/CARLA.v20-carla_v20.coco/valid/004966_png.rf.c9d8d72d0920460b612251c5fddc5770.jpg 427,202,469,239,1,0.842204 514,0,531,8,1,0.001030
/home/dysjin/data/CARLA.v20-carla_v20.coco/valid/001638_png.rf.c98e4c5bc2a68de358073a26469c81b2.jpg 423,206,456,242,0,0.991383 413,236,441,252,0,0.001553
/home/dysjin/data/CARLA.v20-carla_v20.coco/valid/051274_png.rf.d5f64278c64b556983082379a316485f.jpg 563,164,640,251,1,0.579995 545,159,640,252,0,0.170366
/home/dysjin/data/CARLA.v20-carla_v20.coco/valid/Town01_001440_png.rf.e4b4351effd31d5b433710cffb8243e4.jpg 387,173,399,191,0,0.878944 387,183,406,199,0,0.004519 229,175,250,197,0,0.001496 372,177,390,194,0,0.001078
/home/dysjin/data/CARLA.v20-carla_v20.coco/valid/041811_png.rf.e8d4c17844854d24f9b2bec66a8a8889.jpg 47,223,64,241,1,0.311348 46,214,65,233,1,0.032469 38,213,56,232,1,0.002428 54,195,81,224,1,0.001501 35,217,73,248,1,0.001326 48,202,66,223,1,0.001109
/home/dysjin/data/CARLA.v20-carla_v20.coco/valid/001519_png.rf.e42bb854e84b40164ed2795569b2eb6f.jpg 574,219,587,242,0,0.700390 397,207,429,240,0,0.006366 414,237,433,253,0,0.003341 344,225,360,245,0,0.003116 404,237,422,252,0,0.001620 576,198,593,229,0,0.001160 367,239,384,254,0,0.001118 391,237,409,253,0,0.001019
/home/dysjin/data/CARLA.v20-carla_v20.coco/valid/001509_png.rf.ed3baed466e7f65c1a01fb57bf942b65.jpg 574,219,587,242,0,0.679302 397,207,430,240,0,0.004269 345,225,360,245,0,0.004124 379,237,396,254,0,0.003197 414,237,433,253,0,0.002176 564,211,590,235,0,0.002082 367,239,384,254,0,0.001803 577,231,590,251,0,0.001637 390,237,408,253,0,0.001112 403,238,422,252,0,0.001104 412,213,438,236,0,0.001103 576,199,593,229,0,0.001018 422,209,450,239,0,0.001013
/home/dysjin/data/CARLA.v20-carla_v20.coco/valid/026829_png.rf.e6f26e62f316568466a95ba7fd18d850.jpg 376,220,390,240,0,0.974698 380,199,394,229,0,0.004258 361,225,376,245,0,0.002562 346,226,360,246,0,0.001700 68,117,133,117,0,0.001574 359,237,376,255,0,0.001160
/home/dysjin/data/CARLA.v20-carla_v20.coco/valid/007076_png.rf.d635d979c35f5dd6da756ef9889aef0b.jpg 392,208,426,245,2,0.715145 385,188,419,204,2,0.002417 404,245,422,264,2,0.002133 410,250,434,263,2,0.002092 379,205,408,236,2,0.001399 422,252,446,264,2,0.001175 400,231,420,249,2,0.001089 391,163,437,256,2,0.001014
/home/dysjin/data/CARLA.v20-carla_v20.coco/valid/Town02_006960_png.rf.eedfb90c1deb0d66a31341acd2e08f4f.jpg 150,158,167,180,0,0.840224 608,100,629,123,0,0.006769 602,107,623,131,0,0.004199 578,176,596,194,0,0.003315 602,137,621,162,0,0.001416 142,67,260,67,0,0.001007
/home/dysjin/data/CARLA.v20-carla_v20.coco/valid/041861_png.rf.f5f3812ca6c536c5c25bea3d596be111.jpg 402,207,432,243,1,0.662190 402,209,432,247,0,0.502716
/home/dysjin/data/CARLA.v20-carla_v20.coco/valid/003755_png.rf.f6343810071c5f5401b5697ef363285d.jpg 407,213,434,244,1,0.802495 364,166,531,166,0,0.001102
/home/dysjin/data/CARLA.v20-carla_v20.coco/valid/001630_png.rf.ff5ced110f03f998a7a6998ddf647fd2.jpg 408,210,437,241,0,0.981272
/home/dysjin/data/CARLA.v20-carla_v20.coco/valid/003751_png.rf.0ff9ef7c8c8e4f5eab52437609a3b501.jpg 397,216,419,242,1,0.736335 412,201,433,222,1,0.003776 417,3,431,20,1,0.001302
/home/dysjin/data/CARLA.v20-carla_v20.coco/valid/Town02_008820_png.rf.135414697b8215dc125af6b125d3058c.jpg 392,183,409,204,0,0.316670 0,63,15,128,1,0.015822 394,159,408,188,0,0.010613 383,185,401,204,0,0.003931 144,172,161,194,0,0.003546 384,175,401,194,0,0.002969 415,188,434,204,0,0.002913 404,160,419,185,0,0.001984 0,81,17,134,1,0.001801 370,177,385,194,0,0.001759 425,176,444,194,0,0.001707 0,131,16,160,1,0.001696 415,177,432,194,0,0.001625 0,122,17,149,1,0.001573 476,175,496,196,0,0.001547 426,188,444,207,0,0.001476 33,67,70,67,0,0.001425 414,165,434,186,0,0.001406 47,17,64,20,0,0.001270
/home/dysjin/data/CARLA.v20-carla_v20.coco/valid/006578_png.rf.21f08e8ed63ab67b3ef05528af8ef9e6.jpg 373,221,386,240,0,0.962380 359,224,378,246,0,0.002614 379,202,396,225,0,0.001136 371,201,385,226,0,0.001056
/home/dysjin/data/CARLA.v20-carla_v20.coco/valid/Town02_006720_png.rf.2632fd4f3d65ff215e84d472badfd870.jpg 568,172,581,192,0,0.332304 561,160,586,188,0,0.017233 563,63,607,103,1,0.017220 559,174,573,196,0,0.004327 561,181,586,201,0,0.003140 0,160,16,201,0,0.002933 18,67,85,68,0,0.002117 540,176,557,195,0,0.001337 466,67,621,67,0,0.001085
/home/dysjin/data/CARLA.v20-carla_v20.coco/valid/007070_png.rf.2316a0a54db7e4a749f421570aadd160.jpg 380,218,407,241,2,0.562101 382,175,432,239,2,0.001565 387,196,410,257,2,0.001489 388,247,408,263,2,0.001143 387,232,406,250,2,0.001088 386,189,413,204,2,0.001019
/home/dysjin/data/CARLA.v20-carla_v20.coco/valid/041819_png.rf.374472e0a0868df264a4100cb7734e35.jpg 172,221,189,240,1,0.659505 165,210,191,239,1,0.026541 162,215,193,249,0,0.002274 160,224,183,243,1,0.001857
/home/dysjin/data/CARLA.v20-carla_v20.coco/valid/003766_png.rf.3dbe103da1003d1fb3bd18ad0d0894b4.jpg 462,199,508,244,1,0.760864 131,206,196,288,1,0.004728 148,205,213,288,0,0.002607 110,153,201,344,0,0.001861 486,205,530,234,1,0.001753
/home/dysjin/data/CARLA.v20-carla_v20.coco/valid/026849_png.rf.52e90800c02b90489d2521817c6942f7.jpg 422,202,459,239,0,0.964631 37,116,67,119,0,0.002832 75,117,127,117,0,0.002052 134,117,165,117,0,0.001292
/home/dysjin/data/CARLA.v20-carla_v20.coco/valid/041864_png.rf.51f1d81198f2e5b7a450f586235760ec.jpg 417,207,443,241,1,0.867727
/home/dysjin/data/CARLA.v20-carla_v20.coco/valid/009044_png.rf.59d4a83882b4b6af242cbd9e0e31ba80.jpg 562,217,577,243,0,0.901799 345,224,358,243,0,0.120106 0,207,15,238,0,0.019189 531,237,544,256,0,0.005138 552,209,583,251,0,0.002913 70,117,129,117,0,0.002581 25,117,77,117,0,0.001351 528,213,543,236,0,0.001158 530,225,544,246,0,0.001090
/home/dysjin/data/CARLA.v20-carla_v20.coco/valid/Town01_010680_png.rf.5537782525200ced228c602e6dcc3456.jpg 372,177,385,191,0,0.510088 373,177,392,189,1,0.002089 358,178,377,194,0,0.001771
/home/dysjin/data/CARLA.v20-carla_v20.coco/valid/007085_png.rf.5a7141063cfddac158b01dce18de1e48.jpg 429,201,470,243,2,0.941767 414,201,447,241,2,0.010979 441,203,495,235,2,0.002697 441,248,461,263,2,0.001588 460,183,480,205,2,0.001165 450,180,469,207,2,0.001012
/home/dysjin/data/CARLA.v20-carla_v20.coco/valid/041820_png.rf.69e77a8e269d90d89efc21e5026a7083.jpg 182,223,197,241,1,0.297624 182,214,201,237,1,0.059194 161,225,178,242,1,0.008432 370,238,383,255,0,0.002949 183,201,201,225,1,0.001362 172,214,194,233,1,0.001354 183,234,200,249,1,0.001080
/home/dysjin/data/CARLA.v20-carla_v20.coco/valid/Town05_016500_png.rf.75b431585ae9c755044e81517b796324.jpg 459,176,478,197,1,0.669544 451,177,482,205,0,0.054352 1,154,34,186,1,0.017448 378,199,396,217,1,0.010300 121,112,140,130,1,0.002070 121,100,140,121,1,0.001457 123,176,139,193,1,0.001347 9,173,30,192,1,0.001111
/home/dysjin/data/CARLA.v20-carla_v20.coco/valid/026847_png.rf.7a28094ba474fb2fab06e58f1ebea83c.jpg 414,207,446,241,0,0.987633 40,115,63,119,0,0.001328
/home/dysjin/data/CARLA.v20-carla_v20.coco/valid/003814_png.rf.9123d8ff8e23490d6f5201cb816e4fc2.jpg 547,175,620,246,0,0.910012
/home/dysjin/data/CARLA.v20-carla_v20.coco/valid/Town01_001500_png.rf.9254a251a5c6eb6313adba6a6adf1620.jpg 388,174,402,193,0,0.971387 171,176,188,195,1,0.004010 182,174,199,194,1,0.002432 160,175,178,192,1,0.002396 392,166,411,188,0,0.002377 172,187,189,204,1,0.002115 402,129,426,166,0,0.002033 447,130,476,164,0,0.001751
/home/dysjin/data/CARLA.v20-carla_v20.coco/valid/005160_png.rf.922d9f2da21b5b11121905df87e629d7.jpg 399,210,432,242,2,0.875057 129,35,179,112,1,0.002411 406,174,452,239,2,0.001555 116,55,167,95,1,0.001165 414,248,434,265,2,0.001151
