/home/dysjin/data/CARLA.v20-carla_v20.coco/valid/Town02_006840_png.rf.a4a970c10202604d1dd8c41fe9097525.jpg 563,177,578,194,0,0.662796 559,152,579,194,0,0.049117 1,160,15,203,1,0.029642 2,148,16,196,1,0.015915 194,153,207,171,0,0.003691 184,152,198,169,0,0.002407 197,174,210,192,0,0.002331 185,161,200,179,0,0.002102 571,173,587,194,0,0.001892 547,129,598,190,0,0.001802 195,163,209,181,0,0.001515 0,159,27,205,0,0.001178 442,183,458,204,0,0.001042
/home/dysjin/data/CARLA.v20-carla_v20.coco/valid/Town02_002640_png.rf.ac6bee6a9e4c4b2a1e149670c97196c1.jpg 390,173,406,190,0,0.852254 340,203,354,219,1,0.008011 332,202,350,219,0,0.002657 302,181,371,274,1,0.002439 72,214,86,230,0,0.001408 399,170,414,193,0,0.001121 393,180,406,200,0,0.001009
/home/dysjin/data/CARLA.v20-carla_v20.coco/valid/007096_png.rf.a26873f70f1467f54f0fd09ea8c1731b.jpg 533,172,628,242,2,0.576312 561,171,622,246,1,0.044891 533,160,597,247,1,0.002222
/home/dysjin/data/CARLA.v20-carla_v20.coco/valid/Town02_006480_png.rf.aec43468267a9993201d034f7031ee5c.jpg 344,174,358,190,0,0.093418 345,185,357,199,0,0.009865 352,175,365,190,0,0.008351 172,115,186,132,0,0.005265 353,185,366,200,0,0.003187 269,187,283,203,0,0.002219 334,164,350,182,0,0.002144 352,165,368,184,0,0.001815 270,179,282,194,1,0.001328 183,124,198,142,0,0.001270 196,175,209,191,0,0.001216 160,100,176,121,0,0.001078 173,77,187,98,0,0.001027
/home/dysjin/data/CARLA.v20-carla_v20.coco/valid/051305_png.rf.af3e2dc55ae45fc793f7f25eb6fdf7b4.jpg 429,210,459,242,0,0.881025 426,186,474,240,0,0.001297
/home/dysjin/data/CARLA.v20-carla_v20.coco/valid/007291_png.rf.b33e9d647d42777054dfb5f46d23bbad.jpg 382,218,403,239,0,0.914001 206,211,219,230,0,0.007255 389,232,403,249,0,0.001827
/home/dysjin/data/CARLA.v20-carla_v20.coco/valid/003752_png.rf.bb0716bc5b93fa8b10f41577e20a2f35.jpg 397,217,423,244,1,0.479438 399,219,422,242,2,0.175327 385,200,433,253,1,0.001897
/home/dysjin/data/CARLA.v20-carla_v20.coco/valid/005173_png.rf.c24ac196d86260d3a384e12093bfa5ef.jpg 472,194,525,248,2,0.323259 475,196,539,245,1,0.051253 452,148,560,295,1,0.006808 463,201,488,240,1,0.002245
/home/dysjin/data/CARLA.v20-carla_v20.coco/valid/003769_png.rf.c5c0c17fa97551316c57744e9608f796.jpg 482,191,560,248,2,0.393542 497,195,549,248,1,0.241930 480,159,573,285,1,0.009257 499,196,543,245,0,0.001591
/home/dysjin/data/CARLA.v20-carla_v20.coco/valid/004966_png.rf.c9d8d72d0920460b612251c5fddc5770.jpg 429,205,462,238,1,0.506282 429,202,463,241,2,0.394687 408,192,494,252,2,0.009739 409,206,487,231,2,0.007707 415,195,466,253,1,0.002843
/home/dysjin/data/CARLA.v20-carla_v20.coco/valid/001638_png.rf.c98e4c5bc2a68de358073a26469c81b2.jpg 420,207,453,240,0,0.832337 9,173,25,190,1,0.002521
/home/dysjin/data/CARLA.v20-carla_v20.coco/valid/051274_png.rf.d5f64278c64b556983082379a316485f.jpg 553,171,640,246,2,0.557329 563,161,634,255,1,0.335477
/home/dysjin/data/CARLA.v20-carla_v20.coco/valid/Town01_001440_png.rf.e4b4351effd31d5b433710cffb8243e4.jpg 383,174,401,190,0,0.848655 48,176,61,190,0,0.011138 386,182,404,199,0,0.006529 344,175,357,190,0,0.004526
/home/dysjin/data/CARLA.v20-carla_v20.coco/valid/041811_png.rf.e8d4c17844854d24f9b2bec66a8a8889.jpg 48,223,66,239,1,0.716102 39,223,57,241,1,0.005390 49,232,62,249,1,0.002510 270,222,282,244,1,0.002113 269,214,283,233,1,0.001687 39,215,56,232,1,0.001494 258,212,271,230,1,0.001413 47,217,64,252,0,0.001354
/home/dysjin/data/CARLA.v20-carla_v20.coco/valid/001519_png.rf.e42bb854e84b40164ed2795569b2eb6f.jpg 572,220,587,243,0,0.568731 476,223,494,243,0,0.008504 568,231,580,251,0,0.005587 557,225,573,241,0,0.004372 575,231,589,250,0,0.003697 405,224,422,240,0,0.003184 513,210,529,233,0,0.002599 584,223,599,243,0,0.002203 513,223,529,242,0,0.001832 344,227,357,242,0,0.001674 562,202,580,225,0,0.001282 537,212,557,232,0,0.001253 502,224,520,243,0,0.001178 566,172,631,235,0,0.001160 477,234,494,254,0,0.001117
/home/dysjin/data/CARLA.v20-carla_v20.coco/valid/001509_png.rf.ed3baed466e7f65c1a01fb57bf942b65.jpg 572,220,587,242,0,0.576181 476,223,493,243,0,0.016912 567,231,580,250,0,0.006993 405,224,422,240,0,0.005492 557,225,573,241,0,0.005187 574,231,588,250,0,0.003726 514,210,530,233,0,0.002847 584,223,599,243,0,0.002262 477,234,494,253,0,0.001646 343,227,357,242,1,0.001594 514,223,530,242,0,0.001444 414,234,431,251,0,0.001264 566,172,631,235,0,0.001229 537,212,557,232,0,0.001175 568,205,583,238,0,0.001084 464,205,487,238,0,0.001081
/home/dysjin/data/CARLA.v20-carla_v20.coco/valid/026829_png.rf.e6f26e62f316568466a95ba7fd18d850.jpg 375,219,390,240,0,0.936915 387,220,401,240,0,0.001407 378,210,393,253,0,0.001317 359,222,378,240,0,0.001247
/home/dysjin/data/CARLA.v20-carla_v20.coco/valid/007076_png.rf.d635d979c35f5dd6da756ef9889aef0b.jpg 396,213,422,245,2,0.582000 395,208,422,245,1,0.084791 385,194,432,257,2,0.003421 368,189,414,233,1,0.003045 357,197,457,259,1,0.002781 177,197,231,255,1,0.001931
/home/dysjin/data/CARLA.v20-carla_v20.coco/valid/Town02_006960_png.rf.eedfb90c1deb0d66a31341acd2e08f4f.jpg 147,162,168,181,0,0.867667 606,101,628,122,0,0.020662 592,90,631,131,0,0.001969 600,138,617,159,0,0.001337
/home/dysjin/data/CARLA.v20-carla_v20.coco/valid/041861_png.rf.f5f3812ca6c536c5c25bea3d596be111.jpg 401,210,426,242,1,0.554806 404,214,426,246,0,0.010975
/home/dysjin/data/CARLA.v20-carla_v20.coco/valid/003755_png.rf.f6343810071c5f5401b5697ef363285d.jpg 404,214,436,244,2,0.452150 404,211,436,242,1,0.403266 400,193,450,251,1,0.002381
/home/dysjin/data/CARLA.v20-carla_v20.coco/valid/001630_png.rf.ff5ced110f03f998a7a6998ddf647fd2.jpg 408,213,435,239,0,0.807641 402,188,449,240,0,0.001016
/home/dysjin/data/CARLA.v20-carla_v20.coco/valid/003751_png.rf.0ff9ef7c8c8e4f5eab52437609a3b501.jpg 394,217,422,244,1,0.359453 397,218,420,241,2,0.221032 384,200,430,252,1,0.001574
/home/dysjin/data/CARLA.v20-carla_v20.coco/valid/Town02_008820_png.rf.135414697b8215dc125af6b125d3058c.jpg 479,178,492,193,0,0.028165 502,173,517,191,0,0.012388 390,187,405,204,0,0.011587 381,178,395,193,0,0.010043 389,178,404,195,0,0.007375 370,176,384,190,0,0.003695 382,186,397,202,0,0.003420 145,173,160,191,0,0.002374 381,164,395,185,0,0.001841 489,174,506,192,0,0.001689 498,154,519,188,0,0.001492 390,164,403,184,0,0.001439 491,185,505,201,0,0.001243 468,175,485,192,0,0.001116
/home/dysjin/data/CARLA.v20-carla_v20.coco/valid/006578_png.rf.21f08e8ed63ab67b3ef05528af8ef9e6.jpg 370,221,388,239,0,0.939736 367,186,386,238,0,0.001660
/home/dysjin/data/CARLA.v20-carla_v20.coco/valid/Town02_006720_png.rf.2632fd4f3d65ff215e84d472badfd870.jpg 564,178,579,194,0,0.717699 560,152,579,194,0,0.060789 1,160,15,203,0,0.028781 0,166,16,195,1,0.018041 2,148,16,196,1,0.016245 194,153,207,170,0,0.006017 184,152,199,169,0,0.003758 547,129,598,190,0,0.002564 571,173,587,195,0,0.002240 185,161,199,179,0,0.002239 197,174,210,192,0,0.001721 345,177,359,192,0,0.001294 0,158,28,205,0,0.001149
/home/dysjin/data/CARLA.v20-carla_v20.coco/valid/007070_png.rf.2316a0a54db7e4a749f421570aadd160.jpg 381,220,403,238,2,0.426374 382,217,402,244,1,0.151336 379,221,402,241,0,0.034342 375,193,425,257,2,0.003323 357,189,402,232,1,0.001462 348,198,431,262,1,0.001209 381,201,414,252,1,0.001072
/home/dysjin/data/CARLA.v20-carla_v20.coco/valid/041819_png.rf.374472e0a0868df264a4100cb7734e35.jpg 172,225,188,240,1,0.744466 170,214,188,237,1,0.012687 172,232,185,249,1,0.006151 163,223,180,241,1,0.004067 368,238,382,254,0,0.001322 149,224,161,242,1,0.001161 170,219,186,253,0,0.001154 369,225,382,242,1,0.001099
/home/dysjin/data/CARLA.v20-carla_v20.coco/valid/003766_png.rf.3dbe103da1003d1fb3bd18ad0d0894b4.jpg 464,202,505,240,2,0.514093 455,203,503,245,1,0.053549 437,194,528,253,2,0.045837 448,209,526,226,2,0.001582 443,150,523,296,1,0.001485
/home/dysjin/data/CARLA.v20-carla_v20.coco/valid/026849_png.rf.52e90800c02b90489d2521817c6942f7.jpg 423,209,453,237,0,0.854860 625,74,640,150,0,0.008174 609,100,639,146,0,0.003723 406,187,454,240,0,0.001910 355,222,369,241,0,0.001655
/home/dysjin/data/CARLA.v20-carla_v20.coco/valid/041864_png.rf.51f1d81198f2e5b7a450f586235760ec.jpg 415,210,443,239,1,0.592207 408,191,453,253,1,0.002820 358,212,369,230,1,0.002535 356,222,368,242,1,0.002129
/home/dysjin/data/CARLA.v20-carla_v20.coco/valid/009044_png.rf.59d4a83882b4b6af242cbd9e0e31ba80.jpg 560,218,578,242,0,0.851500 2,208,16,236,0,0.153579 0,201,29,243,0,0.004285 1,187,17,235,0,0.001789
/home/dysjin/data/CARLA.v20-carla_v20.coco/valid/Town01_010680_png.rf.5537782525200ced228c602e6dcc3456.jpg 368,176,384,193,0,0.431480 233,178,247,194,0,0.096936 374,181,394,201,0,0.002408 365,164,385,207,0,0.002191 222,178,237,194,0,0.002034 332,175,346,192,0,0.002019 158,176,172,192,0,0.001829 343,176,359,192,0,0.001738 209,177,225,194,0,0.001287 241,176,255,193,0,0.001102
/home/dysjin/data/CARLA.v20-carla_v20.coco/valid/007085_png.rf.5a7141063cfddac158b01dce18de1e48.jpg 426,205,465,240,2,0.647983 426,206,457,237,1,0.066601 415,210,477,225,2,0.008907 431,204,449,231,2,0.008175 428,190,483,259,2,0.003690 432,200,479,243,1,0.003402 400,174,452,222,1,0.002786 398,198,507,255,1,0.002601
/home/dysjin/data/CARLA.v20-carla_v20.coco/valid/041820_png.rf.69e77a8e269d90d89efc21e5026a7083.jpg 181,225,196,242,1,0.651070 183,212,198,240,1,0.037299 175,223,190,239,1,0.029292 184,232,196,249,1,0.005762 162,224,175,241,1,0.005404 380,224,394,243,1,0.002394 381,237,395,255,0,0.001570 180,216,198,257,0,0.001454
/home/dysjin/data/CARLA.v20-carla_v20.coco/valid/Town05_016500_png.rf.75b431585ae9c755044e81517b796324.jpg 459,175,478,198,0,0.601694 23,219,99,293,0,0.005578 10,187,26,206,0,0.001098
/home/dysjin/data/CARLA.v20-carla_v20.coco/valid/026847_png.rf.7a28094ba474fb2fab06e58f1ebea83c.jpg 411,210,446,240,0,0.762398
/home/dysjin/data/CARLA.v20-carla_v20.coco/valid/003814_png.rf.9123d8ff8e23490d6f5201cb816e4fc2.jpg 538,178,627,241,0,0.940927 558,58,616,267,0,0.001168
/home/dysjin/data/CARLA.v20-carla_v20.coco/valid/Town01_001500_png.rf.9254a251a5c6eb6313adba6a6adf1620.jpg 386,175,403,193,0,0.916768 624,142,639,197,0,0.003284 377,123,422,188,0,0.001551 370,175,391,193,0,0.001159 389,162,406,207,0,0.001156 613,172,633,191,0,0.001038
/home/dysjin/data/CARLA.v20-carla_v20.coco/valid/005160_png.rf.922d9f2da21b5b11121905df87e629d7.jpg 399,209,424,241,2,0.486288 400,218,424,241,1,0.209251 401,190,448,258,2,0.002485 357,198,467,259,1,0.001525
