/home/dysjin/data/CARLA.v20-carla_v20.coco/valid/Town05_011820_png.rf.a721d4435d03a17b63243ff374e790d2.jpg 8,179,99,229,6,0.655691 1,193,70,223,6,0.099835 310,189,323,206,0,0.042977 315,190,330,205,6,0.034672 294,190,314,202,6,0.002384 61,190,117,223,6,0.001566
/home/dysjin/data/CARLA.v20-carla_v20.coco/valid/Town05_005760_png.rf.a5aa9e8688171e7bfb57f36e4a648f69.jpg 311,185,331,201,6,0.606508 309,195,326,210,6,0.002842 294,178,335,200,6,0.001157 384,185,440,215,6,0.001100
/home/dysjin/data/CARLA.v20-carla_v20.coco/valid/075705_png.rf.9f5447b468e0280dc956a534954f8a5e.jpg 309,244,348,271,6,0.843471 7,250,166,418,6,0.648641 163,243,250,300,6,0.608398 217,240,267,282,6,0.227153 248,241,269,274,0,0.019394 243,246,263,271,6,0.004001 0,0,405,480,6,0.003990 3,234,80,460,6,0.001538 45,246,181,326,6,0.001323 501,233,551,261,6,0.001163
/home/dysjin/data/CARLA.v20-carla_v20.coco/valid/Town02_006840_png.rf.a4a970c10202604d1dd8c41fe9097525.jpg 577,178,639,221,6,0.561940 563,175,581,199,3,0.027565 561,177,585,209,6,0.019620 105,194,177,218,6,0.015424 0,156,14,232,6,0.010515 0,145,11,222,6,0.004354 341,191,357,207,6,0.002783 0,176,14,235,6,0.002462
/home/dysjin/data/CARLA.v20-carla_v20.coco/valid/Town02_002640_png.rf.ac6bee6a9e4c4b2a1e149670c97196c1.jpg 300,189,368,247,6,0.563762 259,195,297,215,6,0.533281 392,173,406,192,3,0.274147 389,168,409,194,4,0.002695 270,190,332,223,6,0.001287 21,194,87,221,6,0.001094
/home/dysjin/data/CARLA.v20-carla_v20.coco/valid/007096_png.rf.a26873f70f1467f54f0fd09ea8c1731b.jpg 545,168,619,249,3,0.407515 559,175,623,243,4,0.127428
/home/dysjin/data/CARLA.v20-carla_v20.coco/valid/041683_png.rf.abc13a183255cbb5f9aeca7d55d8b4c0.jpg 302,243,334,314,0,0.356205
/home/dysjin/data/CARLA.v20-carla_v20.coco/valid/041699_png.rf.a4a6f7fb7672ac47b317ec4fe3e21c97.jpg 306,241,329,315,0,0.404824 0,188,70,251,6,0.001639
/home/dysjin/data/CARLA.v20-carla_v20.coco/valid/Town02_006480_png.rf.aec43468267a9993201d034f7031ee5c.jpg 347,180,360,194,3,0.002000 354,177,369,192,3,0.001248 354,186,370,198,3,0.001180 218,188,236,204,6,0.001116
/home/dysjin/data/CARLA.v20-carla_v20.coco/valid/Town02_003060_png.rf.b28380c7e6ad26a4ccdfda39d4db7f85.jpg 547,189,620,220,6,0.451803 0,0,267,140,6,0.005823 525,196,574,218,6,0.002281 0,0,416,148,6,0.001189 591,192,640,223,6,0.001078
/home/dysjin/data/CARLA.v20-carla_v20.coco/valid/Town01_009120_png.rf.b3886317404f3c307752dac4625c4b0e.jpg 307,195,329,213,6,0.402584 521,186,577,213,6,0.005578 548,195,572,216,6,0.001590 367,183,430,212,6,0.001060
/home/dysjin/data/CARLA.v20-carla_v20.coco/valid/051305_png.rf.af3e2dc55ae45fc793f7f25eb6fdf7b4.jpg 427,209,464,242,3,0.356676 424,208,461,242,4,0.266813
/home/dysjin/data/CARLA.v20-carla_v20.coco/valid/007291_png.rf.b33e9d647d42777054dfb5f46d23bbad.jpg 382,220,401,240,3,0.600793
/home/dysjin/data/CARLA.v20-carla_v20.coco/valid/Town05_005820_png.rf.abc3e70595852b4f2320e8b55c805a27.jpg 303,191,334,218,6,0.914217
/home/dysjin/data/CARLA.v20-carla_v20.coco/valid/Town05_006960_png.rf.9d31f2ffd8a1d723122d28555c0e3321.jpg 284,185,295,213,0,0.509818 599,244,640,356,3,0.004289 561,198,640,363,6,0.001127
/home/dysjin/data/CARLA.v20-carla_v20.coco/valid/Town02_009720_png.rf.b20474373a38fe973889a895d5aba03e.jpg 291,204,343,256,6,0.348978 269,191,282,208,6,0.007304 537,167,588,196,6,0.006239 269,194,280,215,0,0.004235 625,169,640,193,6,0.001185 287,198,339,228,6,0.001081
/home/dysjin/data/CARLA.v20-carla_v20.coco/valid/Town01_002220_png.rf.9b6e376c042a4b43cdf2a33f00250d62.jpg 194,218,430,360,6,0.729783 285,192,315,207,6,0.006497 314,189,338,203,6,0.002982 551,195,640,252,6,0.002874 62,0,601,380,6,0.002703
/home/dysjin/data/CARLA.v20-carla_v20.coco/valid/Town01_003900_png.rf.b43a572a2d61a01bb389880cf86179de.jpg 199,214,431,363,6,0.717828 78,0,585,380,6,0.002435 326,192,351,206,6,0.001481
/home/dysjin/data/CARLA.v20-carla_v20.coco/valid/029067_png.rf.b686edaf28a0971571945f7b069613d5.jpg 540,216,579,336,2,0.479054 529,203,585,350,1,0.009363
/home/dysjin/data/CARLA.v20-carla_v20.coco/valid/Town02_004200_png.rf.b4d2f32e1287253b4f35bf521927be39.jpg 266,189,291,208,6,0.655618 447,193,525,223,6,0.001066
/home/dysjin/data/CARLA.v20-carla_v20.coco/valid/Town02_002100_png.rf.b49da10e2c41ab65d4c132e46f15d3e3.jpg 297,194,332,286,1,0.496860 271,187,288,204,6,0.428181 0,175,15,219,6,0.123950 4,189,23,207,6,0.011427 302,191,330,271,6,0.006864 121,186,163,210,6,0.004844 55,181,124,207,6,0.003380 307,194,337,268,0,0.002763 307,191,323,207,6,0.002238 277,179,295,199,6,0.002069 0,155,11,219,6,0.001945
/home/dysjin/data/CARLA.v20-carla_v20.coco/valid/003752_png.rf.bb0716bc5b93fa8b10f41577e20a2f35.jpg 396,212,423,242,4,0.333203 397,216,427,243,3,0.216084 304,242,325,255,6,0.008280
/home/dysjin/data/CARLA.v20-carla_v20.coco/valid/138327_png.rf.b4aecc174d58e25a6e680c2468864172.jpg 18,230,42,304,2,0.134958 9,234,32,305,2,0.001190
/home/dysjin/data/CARLA.v20-carla_v20.coco/valid/Town05_009600_png.rf.b886b3525f44da0ae66796230d91b958.jpg 457,189,499,213,6,0.803739 371,188,411,208,6,0.802778 582,180,637,208,6,0.746055 115,189,215,235,6,0.547359 95,202,160,232,6,0.041399 551,183,617,203,6,0.016268 436,189,464,202,6,0.014320 527,185,544,200,6,0.010402 424,187,449,201,6,0.005036 399,187,418,203,6,0.002884 413,186,431,201,6,0.002872 537,185,554,200,6,0.001668 156,184,219,216,6,0.001517 512,186,532,201,6,0.001026 497,188,518,202,6,0.001001
/home/dysjin/data/CARLA.v20-carla_v20.coco/valid/Town01_002340_png.rf.b8976b6d8f366e29aeb47fb3b3146b33.jpg 194,218,430,360,6,0.730455 280,191,300,208,6,0.019992 280,195,298,213,0,0.012592 550,195,640,252,6,0.004290 269,191,290,206,6,0.003372 60,0,602,380,6,0.002709 281,187,341,205,6,0.002485 580,211,640,235,6,0.001492 314,187,337,203,6,0.001380
/home/dysjin/data/CARLA.v20-carla_v20.coco/valid/Town05_009780_png.rf.c3069a0d7ec82f2e1960c0497cec36fe.jpg 283,195,349,258,6,0.607484 428,208,473,231,6,0.043436 312,191,337,205,6,0.007609 301,193,326,206,6,0.005992 290,190,353,224,6,0.001222 407,199,469,225,6,0.001072
/home/dysjin/data/CARLA.v20-carla_v20.coco/valid/Town05_002700_png.rf.b9dfa75f628efa31633800bb9dfee796.jpg 365,185,389,197,6,0.178273 355,184,373,198,6,0.011098 346,184,360,200,6,0.009899 357,179,411,196,6,0.004945 386,186,407,199,6,0.001399
/home/dysjin/data/CARLA.v20-carla_v20.coco/valid/005173_png.rf.c24ac196d86260d3a384e12093bfa5ef.jpg 475,192,528,244,5,0.178910 474,189,529,246,4,0.147608 473,185,532,250,3,0.026805 471,188,528,240,6,0.024911
/home/dysjin/data/CARLA.v20-carla_v20.coco/valid/Town01_005820_png.rf.c9053a957ff7561268673aaec9e095f0.jpg 296,187,339,306,1,0.705736 297,183,340,293,6,0.234725 175,209,203,224,6,0.020547 408,197,438,214,6,0.002682 403,194,466,218,6,0.001895 187,204,213,219,6,0.001250 393,186,438,210,6,0.001216
/home/dysjin/data/CARLA.v20-carla_v20.coco/valid/Town01_011580_png.rf.c8aa9ea674a7d69974d55bf63b55ddbf.jpg 573,190,640,220,6,0.676207 265,189,288,207,6,0.592995 464,203,528,239,6,0.041795 575,168,640,206,6,0.034363 470,201,577,258,6,0.016048 547,174,623,228,6,0.009965 558,188,584,223,6,0.004440 552,179,573,215,6,0.004408 627,195,639,218,6,0.004261
/home/dysjin/data/CARLA.v20-carla_v20.coco/valid/Town01_007440_png.rf.bed11eeb1dde416bf8789b24a8a5c0f8.jpg 542,169,629,221,6,0.678870 529,179,551,214,6,0.329131 261,196,273,214,0,0.150950 262,191,274,210,6,0.117093 177,213,204,225,6,0.019032 592,181,640,217,6,0.003880 218,203,237,216,6,0.001257 622,174,638,222,6,0.001239
/home/dysjin/data/CARLA.v20-carla_v20.coco/valid/Town05_011760_png.rf.c548e0a947d80bc036151e4db99afcfa.jpg 11,208,200,335,6,0.715325 311,188,323,206,0,0.167481 315,187,328,204,6,0.062012 0,209,117,371,6,0.003851 0,0,409,380,6,0.003651 297,188,314,201,6,0.003417 309,179,322,199,6,0.001419
/home/dysjin/data/CARLA.v20-carla_v20.coco/valid/075708_png.rf.c1818fa586a2b613b2806f928a933d9d.jpg 308,242,346,270,6,0.848524 6,250,167,413,6,0.660189 164,242,250,300,6,0.610258 216,240,268,281,6,0.230480 249,240,269,274,0,0.006814 2,237,79,457,6,0.004816 242,245,263,270,6,0.003954 0,0,422,480,6,0.003762 43,246,183,327,6,0.001097 159,208,260,337,6,0.001054
/home/dysjin/data/CARLA.v20-carla_v20.coco/valid/Town05_009900_png.rf.c90bd5781f975f44de47fd794a1f9ac6.jpg 352,191,427,255,6,0.697928 330,186,346,202,6,0.036111 412,185,432,231,0,0.032700 320,186,337,202,6,0.018533 415,188,430,210,6,0.007159 370,185,426,209,6,0.005468 376,190,401,204,6,0.004167 337,186,358,201,6,0.001438
/home/dysjin/data/CARLA.v20-carla_v20.coco/valid/Town05_009660_png.rf.cc2e0d6a11c64dbe092a6e9321c6a170.jpg 409,188,472,209,6,0.803381 231,211,406,328,6,0.772198 344,185,356,208,0,0.135345 209,186,225,202,6,0.003253 414,189,442,205,6,0.002798 351,184,368,202,6,0.002676 393,170,469,217,6,0.002264 0,0,640,380,6,0.001738
/home/dysjin/data/CARLA.v20-carla_v20.coco/valid/003769_png.rf.c5c0c17fa97551316c57744e9608f796.jpg 496,192,549,244,3,0.201733 492,188,551,240,6,0.010845 501,197,540,240,4,0.003370 305,240,324,255,6,0.002977
/home/dysjin/data/CARLA.v20-carla_v20.coco/valid/121197_png.rf.c99e70822c663f40252f74e6b2ad5094.jpg 244,265,403,377,6,0.766326 487,247,532,273,6,0.002849
/home/dysjin/data/CARLA.v20-carla_v20.coco/valid/004966_png.rf.c9d8d72d0920460b612251c5fddc5770.jpg 427,205,464,241,4,0.289639 429,205,466,240,5,0.249301 428,214,461,242,6,0.004336 430,208,463,247,3,0.001201
/home/dysjin/data/CARLA.v20-carla_v20.coco/valid/Town01_006240_png.rf.cc5628eb556a5a5bd1824a8d19313b41.jpg 315,195,328,215,0,0.205837 310,191,324,208,6,0.192422 603,166,640,244,6,0.022631 558,189,640,249,6,0.012183 299,190,312,204,6,0.009654 0,184,11,255,6,0.003880 579,182,640,214,6,0.002480 623,191,638,249,6,0.001358
/home/dysjin/data/CARLA.v20-carla_v20.coco/valid/001638_png.rf.c98e4c5bc2a68de358073a26469c81b2.jpg 420,210,458,240,3,0.669788 601,233,623,255,6,0.022593 428,216,448,234,3,0.014538 39,236,93,256,6,0.013841 606,215,632,258,6,0.002905 608,200,640,294,6,0.002049 624,218,639,272,6,0.001415
/home/dysjin/data/CARLA.v20-carla_v20.coco/valid/051274_png.rf.d5f64278c64b556983082379a316485f.jpg 561,166,635,249,3,0.420423
/home/dysjin/data/CARLA.v20-carla_v20.coco/valid/Town01_001440_png.rf.e4b4351effd31d5b433710cffb8243e4.jpg 383,176,399,196,3,0.514553 5,204,28,242,6,0.001796 291,192,311,204,6,0.001419 277,192,300,204,6,0.001316 269,191,286,203,6,0.001176 9,220,27,239,6,0.001108
/home/dysjin/data/CARLA.v20-carla_v20.coco/valid/019121_png.rf.deb86464dd224ac85f75272f851fc0a8.jpg 504,239,562,257,6,0.756755 544,238,572,255,6,0.144653 502,242,527,256,6,0.017559 391,245,408,294,2,0.003232
/home/dysjin/data/CARLA.v20-carla_v20.coco/valid/041811_png.rf.e8d4c17844854d24f9b2bec66a8a8889.jpg 46,221,62,244,3,0.370400 0,235,12,300,0,0.078895 3,228,27,262,6,0.063462 0,229,15,288,6,0.021563 0,208,16,264,6,0.010708 0,244,61,268,6,0.009729 0,244,10,312,0,0.006889 0,211,32,293,6,0.005303 2,238,27,273,6,0.005001 598,245,640,268,6,0.003543 54,227,70,240,6,0.002773 267,221,345,273,6,0.001874
/home/dysjin/data/CARLA.v20-carla_v20.coco/valid/041657_png.rf.e06a4a0ae870ee5d8dbe97fc65b5b666.jpg 306,241,330,308,0,0.314494
/home/dysjin/data/CARLA.v20-carla_v20.coco/valid/001519_png.rf.e42bb854e84b40164ed2795569b2eb6f.jpg 571,222,588,243,3,0.305753 606,226,632,261,6,0.012706 569,218,591,245,6,0.011985 599,236,621,253,6,0.008507 218,242,242,256,6,0.001497 566,232,583,249,6,0.001379 584,227,604,244,6,0.001085
/home/dysjin/data/CARLA.v20-carla_v20.coco/valid/Town02_005280_png.rf.ec981f5d8aec80a53ec1f9961c2321af.jpg 44,195,118,220,6,0.759639 155,195,209,264,0,0.275151 154,193,212,265,1,0.053559 90,196,134,218,6,0.021235 164,206,212,253,6,0.017687 0,194,15,218,6,0.012181 0,197,62,217,6,0.004455 29,198,88,217,6,0.004217 62,188,139,215,6,0.002350 0,172,16,222,6,0.001274
/home/dysjin/data/CARLA.v20-carla_v20.coco/valid/001509_png.rf.ed3baed466e7f65c1a01fb57bf942b65.jpg 571,222,588,243,3,0.249699 606,226,632,262,6,0.011645 569,219,591,246,6,0.010308 565,232,583,250,6,0.003654 600,236,621,253,6,0.003640 165,247,191,263,6,0.001082
/home/dysjin/data/CARLA.v20-carla_v20.coco/valid/033890_png.rf.e368755037cdc345b45b625d64db27a1.jpg 249,247,418,358,6,0.772092 591,219,629,322,2,0.611762 624,221,636,317,2,0.003721 609,257,633,326,2,0.001379
/home/dysjin/data/CARLA.v20-carla_v20.coco/valid/075724_png.rf.e0c3e9a2b7f318c71e76ccdcb0dda6a1.jpg 294,242,328,270,6,0.831850 0,258,75,435,6,0.718594 192,243,244,282,6,0.502047 54,240,216,339,6,0.447691 608,240,633,259,6,0.051576 1,261,75,480,6,0.021792 223,243,246,279,0,0.009671 129,244,226,310,6,0.007419 0,260,78,355,6,0.004665 215,253,238,279,6,0.002671 284,241,299,256,6,0.002070 10,191,260,384,6,0.001427
/home/dysjin/data/CARLA.v20-carla_v20.coco/valid/112477_png.rf.ecf5d82849f8b68362ce65c8d2645a1c.jpg 337,232,359,293,2,0.394924 330,243,369,292,0,0.002849
/home/dysjin/data/CARLA.v20-carla_v20.coco/valid/Town02_001980_png.rf.ee7206fcf98c96c61f2900b25e79ce20.jpg 296,187,338,306,1,0.774822 0,191,62,224,6,0.608720 41,195,69,213,6,0.202981 161,192,175,217,0,0.179317 57,180,125,206,6,0.029635 289,192,346,307,6,0.020636 121,184,166,212,6,0.017664 2,182,33,219,6,0.006691 30,184,59,217,6,0.006456 144,188,166,209,6,0.005013 0,170,17,221,6,0.002525 166,189,184,212,6,0.002170 163,184,216,210,6,0.001685 143,187,188,213,6,0.001106
/home/dysjin/data/CARLA.v20-carla_v20.coco/valid/026829_png.rf.e6f26e62f316568466a95ba7fd18d850.jpg 373,219,392,240,3,0.600039
/home/dysjin/data/CARLA.v20-carla_v20.coco/valid/007076_png.rf.d635d979c35f5dd6da756ef9889aef0b.jpg 396,215,421,243,4,0.350830 395,212,420,242,5,0.326417
/home/dysjin/data/CARLA.v20-carla_v20.coco/valid/112475_png.rf.df928fa484eb08e1454caacc1e194352.jpg 334,235,353,296,2,0.417809 326,246,367,290,0,0.002105
/home/dysjin/data/CARLA.v20-carla_v20.coco/valid/Town02_006960_png.rf.eedfb90c1deb0d66a31341acd2e08f4f.jpg 145,162,164,184,3,0.521053 1,177,27,208,6,0.370637 577,186,640,235,6,0.332821 0,156,20,214,6,0.010990 578,212,639,244,6,0.008541 0,140,14,206,6,0.001229 2,194,29,211,6,0.001105
/home/dysjin/data/CARLA.v20-carla_v20.coco/valid/Town05_010860_png.rf.f31c0584fff1474ad2b0f4132e874f7d.jpg 0,184,58,214,6,0.469522 310,184,331,249,0,0.405879 0,197,36,212,6,0.004427 1,192,14,217,6,0.002831 311,175,331,229,6,0.002542
/home/dysjin/data/CARLA.v20-carla_v20.coco/valid/Town05_004800_png.rf.ee7c080c8716cb366969ca625bb6d68b.jpg 240,185,269,203,6,0.362948 213,174,270,203,6,0.048879 218,187,239,204,6,0.044269 352,183,367,202,6,0.037095 524,218,628,379,6,0.024851 204,185,252,208,6,0.003243 392,220,640,365,6,0.002965 208,189,225,208,6,0.002111 343,170,363,204,6,0.001800 241,194,265,212,6,0.001496 362,184,382,201,6,0.001037
/home/dysjin/data/CARLA.v20-carla_v20.coco/valid/Town05_009840_png.rf.f5040ce45ecca2822cb3b1b4ea8a6f61.jpg 294,193,366,255,6,0.662626 292,188,310,203,6,0.004993 269,186,283,202,6,0.002224 305,189,322,204,6,0.001688 281,187,297,202,6,0.001498 315,191,336,205,6,0.001234 307,184,366,210,6,0.001073
/home/dysjin/data/CARLA.v20-carla_v20.coco/valid/041861_png.rf.f5f3812ca6c536c5c25bea3d596be111.jpg 119,238,231,303,6,0.626676 394,209,438,242,3,0.570401 301,239,321,292,0,0.521353 402,219,428,238,3,0.064199 95,265,162,300,6,0.002319 308,246,318,280,0,0.002063 89,254,198,312,6,0.001530 189,236,241,282,6,0.001217
/home/dysjin/data/CARLA.v20-carla_v20.coco/valid/Town02_003120_png.rf.f36fecf8d2ee4965c1f3bddaaaad5f33.jpg 402,191,492,221,6,0.684175 610,183,638,212,6,0.339117 575,187,640,209,6,0.022921 0,0,269,141,6,0.006548 608,163,640,241,6,0.006291 621,193,638,245,6,0.004117 405,198,427,217,6,0.001770 0,0,419,148,6,0.001412 367,198,431,217,6,0.001100
/home/dysjin/data/CARLA.v20-carla_v20.coco/valid/003755_png.rf.f6343810071c5f5401b5697ef363285d.jpg 406,212,433,242,4,0.341430 405,215,436,243,3,0.267688 401,212,434,241,5,0.005451 306,241,325,255,6,0.002523
/home/dysjin/data/CARLA.v20-carla_v20.coco/valid/Town01_003300_png.rf.fae28071a74fa02928094ff14cdbb3aa.jpg 272,200,358,271,6,0.721488 159,191,216,209,6,0.013463 538,204,601,238,6,0.009667 192,197,213,212,6,0.003986 276,196,299,214,6,0.002436 162,198,193,210,6,0.002297 504,181,562,209,6,0.002148 512,177,598,231,6,0.001345 201,197,223,212,6,0.001130
/home/dysjin/data/CARLA.v20-carla_v20.coco/valid/138255_png.rf.fbf65e3e930393318a8312fdaefcae24.jpg 55,234,79,290,2,0.433986 64,231,86,285,2,0.016277 46,241,88,283,0,0.002991
/home/dysjin/data/CARLA.v20-carla_v20.coco/valid/005373_png.rf.f68e0e113c5193c933cbee38c6a6bc2d.jpg 148,238,162,270,2,0.546373 156,237,169,264,2,0.484074 139,240,153,271,2,0.007397 137,239,173,263,2,0.001362
/home/dysjin/data/CARLA.v20-carla_v20.coco/valid/001630_png.rf.ff5ced110f03f998a7a6998ddf647fd2.jpg 408,216,436,240,3,0.455899 407,211,437,240,4,0.323477 50,236,104,254,6,0.002987
/home/dysjin/data/CARLA.v20-carla_v20.coco/valid/006662_png.rf.fa42143249c7b6a780238796639341d3.jpg 458,227,496,314,2,0.592966 520,195,598,268,6,0.001467
/home/dysjin/data/CARLA.v20-carla_v20.coco/valid/Town05_004860_png.rf.f5c138159cbce172c63fa9a736f9c655.jpg 213,182,270,206,6,0.281778 251,184,270,202,6,0.083061 352,183,367,202,6,0.035113 218,187,239,203,6,0.030663 524,217,628,379,6,0.021727 241,194,265,212,6,0.002580 346,177,361,201,6,0.002575 392,219,640,365,6,0.002000 208,189,226,207,6,0.001251 362,184,382,201,6,0.001046
/home/dysjin/data/CARLA.v20-carla_v20.coco/valid/Town01_008460_png.rf.03f3160d63f090b29499596ec3c8c4b5.jpg 30,193,137,246,6,0.656271 543,192,626,218,6,0.533059 588,191,640,219,6,0.011069 0,194,93,261,6,0.006270 625,183,639,209,6,0.005473 524,197,578,220,6,0.005061 575,193,618,208,6,0.004441 418,193,479,217,6,0.002932 0,173,181,267,6,0.002448
/home/dysjin/data/CARLA.v20-carla_v20.coco/valid/005508_png.rf.0ab3da1b4970047c9b42e5bbe5d4e6f1.jpg 31,231,54,286,2,0.481438 88,236,126,308,6,0.187835 92,232,118,307,1,0.007102 467,247,531,274,6,0.006792 23,238,62,282,0,0.005346 24,244,44,289,2,0.003102 41,239,59,293,2,0.002263 100,236,126,304,0,0.001163
/home/dysjin/data/CARLA.v20-carla_v20.coco/valid/Town01_006180_png.rf.089d25ecaf49fe28c7f3bf0c3614732b.jpg 311,195,323,218,0,0.359882 310,190,323,212,6,0.120377 355,171,420,194,6,0.012309 387,176,415,194,6,0.003255 374,180,424,204,6,0.001462
/home/dysjin/data/CARLA.v20-carla_v20.coco/valid/Town02_008340_png.rf.044a76656e2e2fe428cd425926d9acbe.jpg 550,192,617,219,6,0.765281 159,198,237,244,6,0.502102 270,188,290,201,6,0.108180 523,192,575,220,6,0.003130 551,195,575,214,6,0.002615 289,189,309,201,6,0.001888 535,187,621,248,6,0.001713 330,198,349,212,6,0.001568 407,191,423,219,0,0.001289 607,188,635,227,6,0.001141
/home/dysjin/data/CARLA.v20-carla_v20.coco/valid/075710_png.rf.0b62bb94157d1f2113ac6bbefe158022.jpg 308,241,346,270,6,0.855737 6,249,167,414,6,0.656936 163,243,250,300,6,0.618922 216,241,268,281,6,0.223865 249,240,269,274,0,0.004361 2,237,79,456,6,0.003892 0,0,416,480,6,0.003846 242,245,263,271,6,0.003423 43,246,183,326,6,0.001056 159,209,260,336,6,0.001023
/home/dysjin/data/CARLA.v20-carla_v20.coco/valid/041689_png.rf.0d648fbd58416a80b414e4503d51c42e.jpg 307,242,329,313,0,0.402775
/home/dysjin/data/CARLA.v20-carla_v20.coco/valid/003751_png.rf.0ff9ef7c8c8e4f5eab52437609a3b501.jpg 395,216,420,242,4,0.280281 396,216,418,242,3,0.227785 306,241,325,253,6,0.012201 388,211,421,241,5,0.001559
/home/dysjin/data/CARLA.v20-carla_v20.coco/valid/Town02_008820_png.rf.135414697b8215dc125af6b125d3058c.jpg 277,208,365,335,6,0.748665 515,180,556,212,6,0.643011 550,177,620,215,6,0.177941 389,183,438,207,6,0.068620 522,172,594,221,6,0.041886 139,174,163,191,6,0.011014 484,184,546,208,6,0.003221 340,189,359,203,6,0.002143 390,188,410,206,6,0.001310
/home/dysjin/data/CARLA.v20-carla_v20.coco/valid/006664_png.rf.1466f666c872e94bac27eba56bbdfb5b.jpg 475,225,519,318,2,0.599422
/home/dysjin/data/CARLA.v20-carla_v20.coco/valid/014570_png.rf.1235b2ca71c181a49fda1bb53eaa19cd.jpg 59,238,122,261,6,0.819771 302,237,330,262,6,0.573120 434,232,454,285,2,0.374390 425,241,466,281,0,0.005757 0,214,10,301,2,0.001392 0,229,10,306,2,0.001145 39,236,104,256,6,0.001016
/home/dysjin/data/CARLA.v20-carla_v20.coco/valid/112550_png.rf.1ca2fa82e03653536df85cf5faf5753c.jpg 523,224,545,290,2,0.238581 507,225,548,359,2,0.006145 524,222,561,323,2,0.002423
/home/dysjin/data/CARLA.v20-carla_v20.coco/valid/Town02_000780_png.rf.16d5987bcdc7d08470c1b3e757e128e5.jpg 299,185,340,305,1,0.659418 276,187,302,203,6,0.645780 69,187,113,213,6,0.572000 38,186,98,213,6,0.488146 299,187,343,291,6,0.226972 278,196,301,209,6,0.003300 580,187,640,209,6,0.002442 339,187,358,203,6,0.001354 36,190,55,207,6,0.001329 329,188,347,203,6,0.001150
/home/dysjin/data/CARLA.v20-carla_v20.coco/valid/Town02_001500_png.rf.1e8a22666698f8954863a9939bc59942.jpg 184,186,212,217,6,0.680241 483,191,581,254,6,0.057408 520,225,595,260,6,0.003351 600,189,640,304,6,0.001283 430,194,488,222,6,0.001184
/home/dysjin/data/CARLA.v20-carla_v20.coco/valid/Town05_004620_png.rf.0e4a190ca586e0e90df6b90be2c83f5b.jpg 394,179,454,207,6,0.822466 347,183,360,200,6,0.094124 580,171,640,202,6,0.069947 568,190,630,226,6,0.034635 283,186,298,202,6,0.010163 394,185,415,202,6,0.003667 292,186,307,202,6,0.003209 570,214,628,244,6,0.002572 594,181,640,257,6,0.002293 342,179,384,197,6,0.001760 627,181,639,207,6,0.001055 361,186,383,200,6,0.001036 219,185,236,201,6,0.001028
/home/dysjin/data/CARLA.v20-carla_v20.coco/valid/006578_png.rf.21f08e8ed63ab67b3ef05528af8ef9e6.jpg 261,233,291,256,6,0.728944 369,222,385,241,4,0.266961 374,224,390,239,3,0.051287
/home/dysjin/data/CARLA.v20-carla_v20.coco/valid/Town01_004320_png.rf.1f6552094735eb0bd49b614b7e584c58.jpg 266,201,376,283,6,0.551910 293,191,312,206,6,0.007399 577,127,640,168,3,0.001998 578,134,640,176,6,0.001667 535,112,622,193,6,0.001393 301,189,323,205,6,0.001093 329,188,346,203,6,0.001013
/home/dysjin/data/CARLA.v20-carla_v20.coco/valid/Town02_006720_png.rf.2632fd4f3d65ff215e84d472badfd870.jpg 267,192,288,209,6,0.631645 577,177,639,221,6,0.570982 562,176,581,199,3,0.023402 561,177,585,209,6,0.022620 105,194,177,218,6,0.011481 0,156,14,232,6,0.011045 0,145,11,222,6,0.004631 261,197,278,210,6,0.003145 0,177,15,235,6,0.002597 342,190,357,206,6,0.001284
/home/dysjin/data/CARLA.v20-carla_v20.coco/valid/Town05_006900_png.rf.2eaa1f5f6de8c6bffcd968f78f2f53b4.jpg 237,182,258,227,0,0.555608 569,227,640,367,3,0.005783 560,200,640,361,6,0.001673
/home/dysjin/data/CARLA.v20-carla_v20.coco/valid/005482_png.rf.1eef94cb1d26525ab4b64d28fc9be58d.jpg 0,224,26,317,2,0.298549 467,247,531,275,6,0.022465 1,201,13,315,2,0.001512
/home/dysjin/data/CARLA.v20-carla_v20.coco/valid/138251_png.rf.2622df013f55b1f57387212b95c87241.jpg 77,234,99,287,2,0.279088 74,252,91,287,2,0.002851 67,243,111,281,0,0.002044
/home/dysjin/data/CARLA.v20-carla_v20.coco/valid/007070_png.rf.2316a0a54db7e4a749f421570aadd160.jpg 382,222,403,242,5,0.265166 385,220,404,242,6,0.197737
/home/dysjin/data/CARLA.v20-carla_v20.coco/valid/Town05_010920_png.rf.2325292b5e147dc41c10fe128f6256f9.jpg 295,175,340,291,0,0.672489 294,178,313,195,6,0.015434 301,172,324,200,6,0.001555 314,177,334,195,6,0.001482 572,167,640,198,6,0.001408
/home/dysjin/data/CARLA.v20-carla_v20.coco/valid/Town01_006420_png.rf.2b897cd6227874bc930ae1c7e17e3b3b.jpg 310,191,324,210,6,0.112782 315,194,328,215,0,0.046097 581,177,638,214,6,0.013782 600,162,640,235,6,0.002709 296,191,313,204,6,0.002249
/home/dysjin/data/CARLA.v20-carla_v20.coco/valid/Town05_006780_png.rf.253c814d6e368b92a888141244ca1a16.jpg 168,183,211,257,0,0.376518 173,189,208,253,6,0.019668 161,181,218,260,1,0.005800
/home/dysjin/data/CARLA.v20-carla_v20.coco/valid/Town01_008280_png.rf.2f69ce357d9638b109b359e31c238ab4.jpg 56,185,109,208,6,0.258197 430,205,495,234,6,0.083805 287,197,311,210,6,0.024362 192,194,205,214,0,0.006023 273,190,327,209,6,0.005196 187,187,201,210,0,0.004989 316,197,334,212,6,0.001272 73,195,108,211,6,0.001067 299,197,325,211,6,0.001065
/home/dysjin/data/CARLA.v20-carla_v20.coco/valid/Town01_005100_png.rf.262bb9c3104b14f5fb633de3dafd0a52.jpg 573,190,597,221,6,0.197205 326,188,350,210,6,0.010641 577,194,637,227,6,0.008314 288,197,339,216,6,0.006301 573,182,640,212,6,0.003982 604,201,632,243,6,0.003074 311,193,359,215,6,0.001666 598,163,640,242,6,0.001139 533,195,592,221,6,0.001027
/home/dysjin/data/CARLA.v20-carla_v20.coco/valid/Town01_011940_png.rf.2554f5ab3ce2122d2ef300838472450f.jpg 206,187,270,231,6,0.613464 569,199,597,217,6,0.592115 3,174,31,216,6,0.118835 574,194,640,219,6,0.011344 0,168,45,228,6,0.004753 563,208,590,222,6,0.003274 0,188,38,225,6,0.002960 331,187,348,204,6,0.002650 7,196,32,243,6,0.001621 0,156,19,214,6,0.001472 566,192,586,211,6,0.001325 567,203,616,229,6,0.001239
/home/dysjin/data/CARLA.v20-carla_v20.coco/valid/041684_png.rf.2f70db5ab75442cd11fffa13a776ae97.jpg 309,244,332,312,0,0.303816 295,241,337,337,0,0.001115
/home/dysjin/data/CARLA.v20-carla_v20.coco/valid/Town05_010980_png.rf.2071755951cd753466eb2cc53fd2fe0c.jpg 297,181,336,283,0,0.635334 283,176,349,289,1,0.006601 297,168,335,261,6,0.002037 306,186,326,206,6,0.001922 271,174,330,199,6,0.001230
/home/dysjin/data/CARLA.v20-carla_v20.coco/valid/112459_png.rf.33bdc5bd58f0f631808a95c4ceb9a78f.jpg 290,228,312,290,2,0.420743 283,236,321,286,0,0.002169
/home/dysjin/data/CARLA.v20-carla_v20.coco/valid/041653_png.rf.31aa86a50239c7e6cbc52c66846dac06.jpg 308,240,329,308,0,0.348355
/home/dysjin/data/CARLA.v20-carla_v20.coco/valid/041819_png.rf.374472e0a0868df264a4100cb7734e35.jpg 17,245,66,263,6,0.820760 111,242,132,298,0,0.489674 171,223,185,244,3,0.429743 118,255,130,290,0,0.002648 171,232,184,248,3,0.001189 12,252,69,278,6,0.001071
/home/dysjin/data/CARLA.v20-carla_v20.coco/valid/Town05_010800_png.rf.3489607b659edfbc485537135e06f34b.jpg 0,193,135,269,6,0.557861 310,189,331,249,0,0.396515 306,182,330,245,6,0.195291 125,183,176,203,6,0.027368 0,128,177,262,6,0.001747
/home/dysjin/data/CARLA.v20-carla_v20.coco/valid/Town02_001080_png.rf.2d29b90fb99ccf7727caeaa1914436b4.jpg 275,187,300,202,6,0.706049 0,198,85,360,6,0.693467 83,188,243,290,6,0.640591 301,198,345,297,1,0.516571 300,187,343,291,6,0.276384 27,186,80,212,6,0.010263 318,188,334,204,6,0.006594 46,140,290,329,6,0.005029 278,196,299,209,6,0.004709 580,187,640,209,6,0.002393 0,216,80,380,6,0.002325 328,187,346,202,6,0.002177 269,176,328,199,6,0.001705
/home/dysjin/data/CARLA.v20-carla_v20.coco/valid/Town02_005700_png.rf.39e8547ff43ddaa06ed2b24f114c8a27.jpg 243,211,399,327,6,0.762089 281,188,301,203,6,0.587559 556,191,593,205,6,0.184249 315,184,333,200,6,0.021610 302,184,325,199,6,0.020230 273,191,290,203,6,0.007627 482,188,512,202,6,0.004382 505,187,562,204,6,0.001512 280,195,297,211,6,0.001106
/home/dysjin/data/CARLA.v20-carla_v20.coco/valid/Town02_002040_png.rf.3d0fd4b3b3749ac8ebdf480959eb8e66.jpg 294,191,339,302,1,0.587338 267,188,292,208,6,0.421958 293,184,339,292,6,0.418690 3,184,110,326,6,0.289836 129,181,158,216,6,0.106083 54,180,132,214,6,0.040253 50,174,64,196,3,0.020228 263,189,276,208,6,0.011750 102,190,159,221,6,0.006830 50,183,64,204,3,0.003720 140,186,161,209,6,0.003486 81,169,140,228,6,0.002590 55,188,80,223,6,0.001741 281,197,342,239,6,0.001359 48,165,64,186,3,0.001200 284,191,311,206,6,0.001084 0,118,148,371,6,0.001038
/home/dysjin/data/CARLA.v20-carla_v20.coco/valid/075707_png.rf.2ff4a82560cfe658387e361a6cc43ef0.jpg 309,243,348,270,6,0.842819 6,250,167,414,6,0.657378 164,243,250,300,6,0.605965 216,241,268,281,6,0.202501 248,240,269,274,0,0.007981 242,245,263,270,6,0.005228 0,0,418,480,6,0.003824 2,240,80,455,6,0.003056 44,246,183,327,6,0.001249
/home/dysjin/data/CARLA.v20-carla_v20.coco/valid/138320_png.rf.332f3bdf3abffc7dd973858c3061b801.jpg 57,228,80,288,2,0.448885 174,236,227,257,6,0.008449 48,237,88,283,0,0.003758
/home/dysjin/data/CARLA.v20-carla_v20.coco/valid/003766_png.rf.3dbe103da1003d1fb3bd18ad0d0894b4.jpg 462,200,508,242,5,0.246492 457,203,503,240,4,0.142057 464,188,506,240,3,0.010770 305,239,324,255,6,0.002328
/home/dysjin/data/CARLA.v20-carla_v20.coco/valid/121245_png.rf.3c6765f574e34bb200e320d55fc2ffe7.jpg 272,250,357,316,6,0.715065 15,242,43,257,6,0.001952
/home/dysjin/data/CARLA.v20-carla_v20.coco/valid/Town05_011040_png.rf.3f658b3c60547a5478cb61d6b76eb55c.jpg 312,184,324,214,0,0.256513 358,170,420,198,6,0.001338 310,178,323,200,6,0.001013 303,190,345,209,6,0.001007
/home/dysjin/data/CARLA.v20-carla_v20.coco/valid/Town02_004920_png.rf.3cdedb8ebbe317a63567ec577e3789a8.jpg 310,195,328,240,0,0.348780 165,189,190,201,6,0.036769 366,188,383,201,6,0.004205 308,191,321,211,6,0.001550 207,191,226,204,6,0.001470 303,179,325,222,6,0.001080
/home/dysjin/data/CARLA.v20-carla_v20.coco/valid/Town05_002760_png.rf.41faa57cc70298c90c62fe9f6a3f08c9.jpg 116,187,138,202,6,0.029070 249,184,261,201,6,0.022371 108,191,130,204,6,0.014002 45,187,61,209,6,0.007041 351,189,375,201,6,0.002260 329,189,348,201,6,0.001408 42,159,61,210,6,0.001306 363,188,387,201,6,0.001291 42,180,62,210,0,0.001069
/home/dysjin/data/CARLA.v20-carla_v20.coco/valid/Town02_001740_png.rf.4072bb166a4df4f9403df039e28a73f3.jpg 295,187,339,305,1,0.765384 56,179,125,206,6,0.146421 34,186,52,210,0,0.040130 289,192,347,307,6,0.024790 32,182,52,212,6,0.017477 4,187,58,209,6,0.003513 117,183,164,209,6,0.001749 121,194,135,218,0,0.001469 141,187,163,205,6,0.001243
/home/dysjin/data/CARLA.v20-carla_v20.coco/valid/026849_png.rf.52e90800c02b90489d2521817c6942f7.jpg 421,208,460,240,3,0.871474 430,216,447,235,3,0.002297
/home/dysjin/data/CARLA.v20-carla_v20.coco/valid/Town02_001560_png.rf.44c7e46d6d34263ac9f429ccb2cd2655.jpg 80,192,95,222,0,0.501617 59,191,80,210,6,0.110454 72,190,94,221,6,0.071595 19,187,37,204,6,0.070272 47,192,67,208,6,0.010552 420,160,477,244,2,0.004231 45,193,93,217,6,0.003915 9,165,30,208,6,0.003331 1,183,13,205,6,0.003002 71,198,110,219,0,0.001451 31,190,51,204,6,0.001395 416,161,489,244,6,0.001202 80,205,95,224,0,0.001148
/home/dysjin/data/CARLA.v20-carla_v20.coco/valid/Town02_003420_png.rf.4347a7bee8aec9f5c84eb5295856f9a9.jpg 327,201,383,230,6,0.796468 11,186,99,235,6,0.288767 0,193,70,225,6,0.087043 39,202,114,233,6,0.005632 9,0,335,139,6,0.002818 356,185,417,211,6,0.001144 330,194,411,219,6,0.001036
/home/dysjin/data/CARLA.v20-carla_v20.coco/valid/Town01_006060_png.rf.3d76b002da6076434f028293d0c4a498.jpg 305,194,331,265,6,0.205868 307,198,335,262,1,0.124147 308,187,334,260,0,0.041455 185,210,219,223,6,0.029498 421,192,448,228,6,0.008163 177,211,205,225,6,0.005556 229,204,249,216,6,0.003422 162,201,224,223,6,0.002369 200,206,225,220,6,0.001149 435,179,522,231,6,0.001093 215,204,239,217,6,0.001023
/home/dysjin/data/CARLA.v20-carla_v20.coco/valid/Town02_007800_png.rf.4e6520c0e9dd39a93f5048a2caea0283.jpg 327,195,402,218,6,0.703905 610,192,639,228,6,0.200074 306,190,324,205,6,0.146075 0,189,61,227,6,0.076779 362,193,432,223,6,0.034639 325,193,356,220,6,0.026823 512,187,557,208,6,0.024389 606,183,640,261,6,0.012562 613,208,637,250,6,0.012212 297,192,313,204,6,0.006568 397,198,444,224,6,0.004619 318,198,338,215,6,0.003990 549,189,569,208,6,0.002932 530,179,621,226,6,0.002097 281,190,300,202,6,0.001559 571,188,620,211,6,0.001390 544,186,599,208,6,0.001274 43,186,64,224,0,0.001225 575,197,640,221,6,0.001102 299,191,349,207,6,0.001032
/home/dysjin/data/CARLA.v20-carla_v20.coco/valid/Town01_001860_png.rf.53e5db5983ad00d8986ebdc44e1e76ef.jpg 207,215,419,357,6,0.743369 281,188,303,204,6,0.165764 298,187,328,202,6,0.087659 99,191,114,208,6,0.009306 286,176,341,200,6,0.005307 137,190,152,209,6,0.003610 142,190,164,210,6,0.003456 46,0,616,380,6,0.002975 5,183,79,209,6,0.002625 100,195,112,213,0,0.002499 103,190,125,207,6,0.001067
/home/dysjin/data/CARLA.v20-carla_v20.coco/valid/Town01_006120_png.rf.405fede50ad311216cb9943968a5cdf5.jpg 315,194,329,217,6,0.322336 313,195,326,217,0,0.022455
/home/dysjin/data/CARLA.v20-carla_v20.coco/valid/041864_png.rf.51f1d81198f2e5b7a450f586235760ec.jpg 414,206,443,244,3,0.620123 303,240,322,292,0,0.503097 89,241,224,314,6,0.478805 66,281,117,312,6,0.009053 420,214,435,236,3,0.007391 190,228,240,264,6,0.005430 298,241,317,295,6,0.003812 29,199,280,308,6,0.002954 186,225,233,295,6,0.002369
/home/dysjin/data/CARLA.v20-carla_v20.coco/valid/Town01_012060_png.rf.58e57e1a7e8d4f630323ae1827ca68bc.jpg 564,199,603,219,6,0.593407 3,174,31,216,6,0.092591 571,194,640,219,6,0.007874 0,167,45,229,6,0.003304 0,189,38,225,6,0.002496 0,166,19,220,6,0.002245 571,192,596,212,6,0.002244 329,187,348,203,6,0.002152 7,196,32,243,6,0.001514
/home/dysjin/data/CARLA.v20-carla_v20.coco/valid/009044_png.rf.59d4a83882b4b6af242cbd9e0e31ba80.jpg 562,218,579,243,3,0.485560 578,231,635,259,6,0.005975 562,217,638,273,6,0.002432
/home/dysjin/data/CARLA.v20-carla_v20.coco/valid/Town02_002520_png.rf.55f8a7c01a8e4b86c99a794d7b61cd5d.jpg 163,200,229,233,6,0.826086 226,208,408,329,6,0.774970 530,187,634,255,6,0.303569 28,200,81,220,6,0.005133 0,0,640,380,6,0.002105 364,184,380,203,6,0.001125
/home/dysjin/data/CARLA.v20-carla_v20.coco/valid/Town02_008760_png.rf.5bfb07b6a5fbe6700b4b9c150b9c6576.jpg 278,208,365,335,6,0.753591 271,189,289,204,6,0.547625 516,182,555,210,6,0.504815 526,181,596,210,6,0.356925 564,184,627,206,6,0.120958 388,183,438,208,6,0.081563 557,186,588,206,6,0.011079 481,188,547,209,6,0.007031 140,174,163,192,6,0.004636 260,192,277,204,6,0.004012 341,189,359,203,6,0.003364 552,172,640,222,6,0.001525 597,195,622,212,6,0.001460 228,192,251,205,6,0.001399 332,189,348,202,6,0.001239
/home/dysjin/data/CARLA.v20-carla_v20.coco/valid/Town01_008100_png.rf.5942043a53e2ea3c62572bf7029ed896.jpg 277,190,296,205,6,0.376573 386,199,409,212,6,0.180261 87,189,148,210,6,0.105628 172,187,187,204,6,0.003569 62,184,124,208,6,0.002746 113,197,142,211,6,0.002586 340,188,360,201,6,0.001927 273,196,289,211,6,0.001388 289,189,306,203,6,0.001263
/home/dysjin/data/CARLA.v20-carla_v20.coco/valid/Town01_010680_png.rf.5537782525200ced228c602e6dcc3456.jpg 330,191,346,204,6,0.007434 221,196,240,213,6,0.004848 229,191,246,208,6,0.003548 368,178,382,195,3,0.001055
/home/dysjin/data/CARLA.v20-carla_v20.coco/valid/121155_png.rf.5eeb1497380edc240a771f68b9d34669.jpg 244,265,402,378,6,0.766322 563,219,596,302,2,0.412479 487,246,532,272,6,0.005876 582,216,603,301,2,0.001953 569,221,599,296,0,0.001205
/home/dysjin/data/CARLA.v20-carla_v20.coco/valid/007085_png.rf.5a7141063cfddac158b01dce18de1e48.jpg 428,210,466,241,5,0.388335 427,210,463,242,4,0.255560 429,208,466,248,3,0.112664 434,219,459,232,4,0.003032
/home/dysjin/data/CARLA.v20-carla_v20.coco/valid/Town05_006720_png.rf.717ce1e22225ab6a97befb2b8effcc2a.jpg 171,183,215,256,0,0.263947 182,189,217,249,6,0.025332 95,184,157,204,6,0.021289 341,185,359,199,6,0.004738 164,179,220,259,1,0.004438 331,185,347,199,6,0.004436 95,197,116,210,6,0.002238 353,185,371,200,6,0.001242
/home/dysjin/data/CARLA.v20-carla_v20.coco/valid/Town01_006600_png.rf.612f31973b2db2fda3ee5293fd937a64.jpg 374,189,394,210,6,0.498478
/home/dysjin/data/CARLA.v20-carla_v20.coco/valid/112469_png.rf.4fea3a1e3f0858f468ecb362968a08fb.jpg 313,231,337,294,2,0.392914 307,243,345,291,0,0.002771
/home/dysjin/data/CARLA.v20-carla_v20.coco/valid/Town05_009540_png.rf.67accf9da191af14c5f05da1b6fe1e58.jpg 598,186,637,207,6,0.174335 599,196,625,209,6,0.001785
/home/dysjin/data/CARLA.v20-carla_v20.coco/valid/041820_png.rf.69e77a8e269d90d89efc21e5026a7083.jpg 29,244,77,263,6,0.813656 118,239,140,301,0,0.495028 182,224,195,243,3,0.288774 181,232,195,249,3,0.005628 24,252,81,278,6,0.001181
/home/dysjin/data/CARLA.v20-carla_v20.coco/valid/121278_png.rf.6607158f1164a75baf620dcb66d1b07e.jpg 272,250,357,313,6,0.718675 241,243,265,258,6,0.056153 228,247,256,261,6,0.003008 249,246,274,261,6,0.001515
/home/dysjin/data/CARLA.v20-carla_v20.coco/valid/Town02_004620_png.rf.7280640e1c163e7c4b28010b90659788.jpg 237,209,398,331,6,0.766198 279,186,299,201,6,0.474622 312,183,332,200,6,0.288061 141,186,167,203,6,0.016088 113,186,171,206,6,0.013757 288,184,311,199,6,0.004132 449,227,495,260,6,0.003396 273,178,332,198,6,0.002428 125,176,180,200,6,0.001847 341,186,359,203,6,0.001496 326,185,344,200,6,0.001310 0,0,640,380,6,0.001262
/home/dysjin/data/CARLA.v20-carla_v20.coco/valid/Town05_016500_png.rf.75b431585ae9c755044e81517b796324.jpg 347,197,396,235,6,0.736660 124,197,210,248,6,0.615211 0,188,91,281,6,0.453762 458,175,479,197,3,0.058273 112,204,180,238,6,0.007481 340,182,387,221,6,0.006117 2,110,83,314,6,0.004583 347,208,365,229,6,0.003510 0,179,117,310,6,0.003319 334,190,349,204,6,0.002722 167,198,233,236,6,0.002711 342,191,362,207,6,0.002529 361,202,388,223,6,0.001056 454,182,473,200,6,0.001038
/home/dysjin/data/CARLA.v20-carla_v20.coco/valid/Town02_001020_png.rf.79741d4293c684a4f4e895c08f1290d5.jpg 0,204,85,354,6,0.676416 299,184,339,305,1,0.630805 273,185,325,205,6,0.270121 299,185,343,292,6,0.231288 26,185,80,214,6,0.055899 189,184,261,206,6,0.048762 193,195,213,211,6,0.015483 272,190,290,203,6,0.009261 0,215,80,380,6,0.001680 580,187,640,209,6,0.001662 315,186,333,204,6,0.001645 26,197,60,215,6,0.001581 195,189,228,207,6,0.001205
/home/dysjin/data/CARLA.v20-carla_v20.coco/valid/004996_png.rf.758bfe0873e6cba6e1d99146894cae01.jpg 491,260,508,311,2,0.510047 484,243,518,324,2,0.005594 481,268,516,306,0,0.002214
/home/dysjin/data/CARLA.v20-carla_v20.coco/valid/Town02_001620_png.rf.77cda18f042297c4b15936a35acef602.jpg 306,181,329,253,6,0.273110 309,184,333,253,0,0.185509 394,185,450,208,6,0.002859 173,189,187,209,0,0.002252 315,189,333,212,6,0.001374 240,190,262,203,6,0.001341
/home/dysjin/data/CARLA.v20-carla_v20.coco/valid/112362_png.rf.868e587d8bdd37c81e4872223fbdbeb4.jpg 150,232,166,279,2,0.493947 147,243,165,287,2,0.001790 140,240,173,278,0,0.001698
/home/dysjin/data/CARLA.v20-carla_v20.coco/valid/Town05_010080_png.rf.88fb23d739ffa2beacd3c5735d172d03.jpg 270,185,284,202,6,0.388524 312,186,324,211,0,0.388149 310,182,331,211,6,0.046144 262,186,277,201,6,0.003766 308,180,323,198,6,0.001476
/home/dysjin/data/CARLA.v20-carla_v20.coco/valid/026847_png.rf.7a28094ba474fb2fab06e58f1ebea83c.jpg 412,211,451,239,3,0.811571 423,217,440,236,3,0.010425
/home/dysjin/data/CARLA.v20-carla_v20.coco/valid/075709_png.rf.7dd638ab9af378bf60aaa2fb92a0aea4.jpg 308,241,346,271,6,0.844675 6,249,167,415,6,0.655967 163,243,249,300,6,0.610196 216,240,268,281,6,0.255982 249,240,269,274,0,0.005143 2,238,79,456,6,0.004343 0,0,415,480,6,0.003814 242,245,263,270,6,0.003728 42,246,183,326,6,0.001188
/home/dysjin/data/CARLA.v20-carla_v20.coco/valid/Town02_007380_png.rf.8809896fc46f6266a6729640bbc68e4c.jpg 558,193,635,219,6,0.639590 501,186,549,213,6,0.039753 511,193,594,247,6,0.013972 269,189,287,204,6,0.004484 549,187,601,212,6,0.003716 559,198,589,236,6,0.003386 278,185,298,202,6,0.003312 0,177,9,212,6,0.003269 0,143,10,224,6,0.001419 0,172,10,239,6,0.001354 291,186,310,202,6,0.001034
/home/dysjin/data/CARLA.v20-carla_v20.coco/valid/Town01_007500_png.rf.7e4c2487265d812d93246e09a19aeab2.jpg 252,195,283,211,6,0.749614 542,165,631,221,6,0.719068 527,177,552,212,6,0.339929 248,199,267,212,6,0.005981 179,212,204,225,6,0.004572 190,212,213,224,6,0.002801 217,204,238,216,6,0.002118 523,174,596,212,6,0.001991
/home/dysjin/data/CARLA.v20-carla_v20.coco/valid/Town05_007500_png.rf.8a81a882e564e9e99b5c951d3e18dbbc.jpg 351,182,394,201,6,0.742253 253,179,269,196,6,0.119123 303,178,323,191,6,0.024324 348,184,364,200,6,0.018825 123,186,139,203,0,0.005202 124,185,180,203,6,0.004445 188,104,240,136,3,0.002620 129,188,153,202,6,0.001869 155,187,176,202,6,0.001815 305,185,322,198,6,0.001797
/home/dysjin/data/CARLA.v20-carla_v20.coco/valid/Town02_005520_png.rf.8a9d2ba4122736ea3845c9e405936cce.jpg 46,195,117,221,6,0.701732 602,192,640,226,6,0.181345 89,197,136,219,6,0.019285 0,195,14,219,6,0.016013 535,174,623,228,6,0.010576 558,189,640,251,6,0.004207 0,197,62,218,6,0.004033 0,186,61,209,6,0.001288 69,204,134,227,6,0.001277 42,209,68,223,6,0.001222 29,199,86,219,6,0.001118
/home/dysjin/data/CARLA.v20-carla_v20.coco/valid/041735_png.rf.891d950e6341a379e0a80f54f49c126a.jpg 276,245,300,310,0,0.322200
/home/dysjin/data/CARLA.v20-carla_v20.coco/valid/041669_png.rf.8f16c7cc68671f71ba068edf120b2a61.jpg 306,237,329,318,0,0.327258 94,221,143,252,6,0.001481
/home/dysjin/data/CARLA.v20-carla_v20.coco/valid/003814_png.rf.9123d8ff8e23490d6f5201cb816e4fc2.jpg 287,242,321,257,6,0.708723 551,173,618,244,3,0.405984 559,178,623,242,4,0.190029
/home/dysjin/data/CARLA.v20-carla_v20.coco/valid/005413_png.rf.9000d6e877ce40e1d5bd5387ece453c2.jpg 106,235,123,281,2,0.499405 84,233,105,287,2,0.498674 95,231,118,282,2,0.243973 97,243,134,279,0,0.006159 74,241,117,280,0,0.004783
/home/dysjin/data/CARLA.v20-carla_v20.coco/valid/Town01_001500_png.rf.9254a251a5c6eb6313adba6a6adf1620.jpg 386,174,404,193,3,0.530620 227,200,250,213,6,0.009871
/home/dysjin/data/CARLA.v20-carla_v20.coco/valid/Town05_004680_png.rf.93664881511a21c1adf050e2e8993477.jpg 244,186,267,204,6,0.635246 324,171,403,220,6,0.454518 385,176,416,216,6,0.137488 281,183,298,200,6,0.028622 525,218,628,379,6,0.025648 394,218,640,367,6,0.006228 320,175,358,217,6,0.003475 185,186,201,205,6,0.003270 353,188,417,220,6,0.003210 193,185,209,205,6,0.001942 212,186,275,204,6,0.001718 250,195,269,210,6,0.001668 395,178,419,211,0,0.001243
/home/dysjin/data/CARLA.v20-carla_v20.coco/valid/138312_png.rf.93c512dad514948e54a85fd6860eba4e.jpg 94,232,113,279,2,0.370414 176,235,229,256,6,0.003139 86,240,123,277,0,0.002678
/home/dysjin/data/CARLA.v20-carla_v20.coco/valid/005160_png.rf.922d9f2da21b5b11121905df87e629d7.jpg 399,210,428,243,4,0.369951 396,210,433,242,5,0.274133 405,217,424,234,4,0.020453
