/home/dysjin/data/CARLA.v20-carla_v20.coco/valid/Town05_011820_png.rf.a721d4435d03a17b63243ff374e790d2.jpg 14,181,104,235,6,0.900418 318,191,334,202,6,0.037953 0,191,66,227,6,0.026869 70,188,114,230,6,0.004218 320,199,334,214,0,0.003844 310,188,324,201,0,0.002665 306,183,322,193,6,0.002395 328,193,343,202,6,0.002342 294,181,314,190,6,0.001818 79,191,110,230,1,0.001736 82,162,122,237,1,0.001632 317,183,330,194,6,0.001322
/home/dysjin/data/CARLA.v20-carla_v20.coco/valid/Town05_005760_png.rf.a5aa9e8688171e7bfb57f36e4a648f69.jpg 313,185,329,201,6,0.896397 304,172,330,206,6,0.037550 269,178,286,187,6,0.007415 280,178,298,186,6,0.005430 267,171,340,204,6,0.005164 416,188,439,230,6,0.003241 257,177,272,189,6,0.003074 333,170,345,181,3,0.002340 379,179,396,190,3,0.001999 357,179,369,189,3,0.001616 369,178,382,190,3,0.001373 326,189,339,201,6,0.001271 344,179,357,189,3,0.001249 328,179,340,191,6,0.001248 343,169,355,180,3,0.001017
/home/dysjin/data/CARLA.v20-carla_v20.coco/valid/075705_png.rf.9f5447b468e0280dc956a534954f8a5e.jpg 310,243,351,274,6,0.994229 174,243,254,302,6,0.915982 236,238,268,277,6,0.610400 5,237,175,434,6,0.446863 251,246,267,271,6,0.007585 68,242,148,320,6,0.005667 0,0,461,480,6,0.001155
/home/dysjin/data/CARLA.v20-carla_v20.coco/valid/Town02_006840_png.rf.a4a970c10202604d1dd8c41fe9097525.jpg 577,178,640,222,6,0.920177 565,180,582,195,3,0.036395 105,194,174,221,6,0.014802 0,186,16,254,6,0.009921 0,193,15,223,6,0.001787 0,158,14,234,6,0.001497 4,189,25,234,6,0.001380 623,194,639,220,6,0.001378 601,199,640,218,6,0.001241 628,171,640,200,6,0.001076
/home/dysjin/data/CARLA.v20-carla_v20.coco/valid/Town02_002640_png.rf.ac6bee6a9e4c4b2a1e149670c97196c1.jpg 393,177,407,190,3,0.910816 299,187,363,247,6,0.769489 262,196,294,213,6,0.654701 302,188,325,207,6,0.006007 390,169,410,198,3,0.003043 253,187,317,213,6,0.002569 273,192,296,206,6,0.002228 290,189,313,205,6,0.001892 392,171,403,184,3,0.001785 290,161,378,280,6,0.001346 401,177,412,192,3,0.001201 303,180,328,238,6,0.001142
/home/dysjin/data/CARLA.v20-carla_v20.coco/valid/007096_png.rf.a26873f70f1467f54f0fd09ea8c1731b.jpg 536,177,630,246,5,0.963044
/home/dysjin/data/CARLA.v20-carla_v20.coco/valid/041683_png.rf.abc13a183255cbb5f9aeca7d55d8b4c0.jpg 308,236,335,324,0,0.486128 314,255,329,305,0,0.001156
/home/dysjin/data/CARLA.v20-carla_v20.coco/valid/041699_png.rf.a4a6f7fb7672ac47b317ec4fe3e21c97.jpg 307,240,336,312,0,0.374394
/home/dysjin/data/CARLA.v20-carla_v20.coco/valid/Town02_006480_png.rf.aec43468267a9993201d034f7031ee5c.jpg 354,176,367,188,3,0.123742 191,181,242,210,6,0.004704 197,186,212,206,6,0.003389 218,190,239,206,6,0.002504 367,178,379,188,3,0.001277
/home/dysjin/data/CARLA.v20-carla_v20.coco/valid/Town02_003060_png.rf.b28380c7e6ad26a4ccdfda39d4db7f85.jpg 573,191,640,223,6,0.783501 612,195,638,238,6,0.180175 547,190,601,219,6,0.179443 548,199,575,217,6,0.002629 622,175,638,222,6,0.002361 624,212,639,248,6,0.001930 0,196,13,218,6,0.001497
/home/dysjin/data/CARLA.v20-carla_v20.coco/valid/Town01_009120_png.rf.b3886317404f3c307752dac4625c4b0e.jpg 311,193,332,213,6,0.808845 323,188,376,210,6,0.083395 340,195,406,219,6,0.011680 373,200,399,214,6,0.005298
/home/dysjin/data/CARLA.v20-carla_v20.coco/valid/051305_png.rf.af3e2dc55ae45fc793f7f25eb6fdf7b4.jpg 425,207,465,245,3,0.991828 433,216,456,233,3,0.005355 306,242,322,252,6,0.001539
/home/dysjin/data/CARLA.v20-carla_v20.coco/valid/007291_png.rf.b33e9d647d42777054dfb5f46d23bbad.jpg 384,223,402,237,3,0.959733
/home/dysjin/data/CARLA.v20-carla_v20.coco/valid/Town05_005820_png.rf.abc3e70595852b4f2320e8b55c805a27.jpg 300,190,338,220,6,0.966011 324,190,342,205,6,0.007542 343,169,355,180,3,0.004975 328,181,344,195,6,0.002928 341,178,353,189,3,0.001356
/home/dysjin/data/CARLA.v20-carla_v20.coco/valid/Town05_006960_png.rf.9d31f2ffd8a1d723122d28555c0e3321.jpg 285,188,295,208,0,0.148909 609,218,638,378,6,0.010529 612,198,638,354,0,0.008893 290,190,302,204,0,0.001714 568,198,640,380,6,0.001115
/home/dysjin/data/CARLA.v20-carla_v20.coco/valid/Town02_009720_png.rf.b20474373a38fe973889a895d5aba03e.jpg 290,200,346,261,6,0.526156 269,189,281,210,0,0.163004 623,148,640,197,6,0.005252 613,171,635,191,6,0.004852 60,1,79,18,6,0.003294 353,203,369,218,6,0.001505 52,0,103,27,6,0.001417 306,181,325,192,6,0.001199
/home/dysjin/data/CARLA.v20-carla_v20.coco/valid/Town01_002220_png.rf.9b6e376c042a4b43cdf2a33f00250d62.jpg 181,196,441,377,6,0.943054 291,190,312,201,6,0.004588 316,189,333,202,6,0.001613 304,190,324,201,6,0.001451 598,203,640,239,6,0.001431 0,0,640,380,6,0.001335
/home/dysjin/data/CARLA.v20-carla_v20.coco/valid/Town01_003900_png.rf.b43a572a2d61a01bb389880cf86179de.jpg 163,196,465,380,6,0.941327 611,170,640,335,2,0.043686 330,192,350,203,6,0.002097 0,0,640,380,6,0.001603 628,154,640,239,6,0.001250 613,144,640,272,6,0.001024
/home/dysjin/data/CARLA.v20-carla_v20.coco/valid/029067_png.rf.b686edaf28a0971571945f7b069613d5.jpg 538,206,588,357,2,0.997580 612,213,639,341,2,0.001475
/home/dysjin/data/CARLA.v20-carla_v20.coco/valid/Town02_004200_png.rf.b4d2f32e1287253b4f35bf521927be39.jpg 268,188,291,207,6,0.987694 377,191,397,205,6,0.036094 368,190,387,203,6,0.016276 358,190,375,202,6,0.002588 389,190,405,205,6,0.001801 630,191,640,275,2,0.001576 363,187,410,209,6,0.001564 355,182,370,193,3,0.001518 288,189,305,202,6,0.001067 368,181,381,194,3,0.001010
/home/dysjin/data/CARLA.v20-carla_v20.coco/valid/Town02_002100_png.rf.b49da10e2c41ab65d4c132e46f15d3e3.jpg 297,194,337,287,1,0.916317 272,187,292,201,6,0.447352 0,185,16,212,6,0.188227 311,186,325,203,6,0.126188 392,190,407,206,6,0.001478 380,189,397,204,6,0.001374 612,158,638,288,2,0.001134 307,176,327,214,6,0.001131 0,156,14,221,6,0.001108
/home/dysjin/data/CARLA.v20-carla_v20.coco/valid/003752_png.rf.bb0716bc5b93fa8b10f41577e20a2f35.jpg 396,215,424,244,4,0.897753
/home/dysjin/data/CARLA.v20-carla_v20.coco/valid/138327_png.rf.b4aecc174d58e25a6e680c2468864172.jpg 11,221,46,317,2,0.525154 0,212,13,325,2,0.004711 6,496,54,480,6,0.003185
/home/dysjin/data/CARLA.v20-carla_v20.coco/valid/Town05_009600_png.rf.b886b3525f44da0ae66796230d91b958.jpg 464,191,502,216,6,0.977293 108,185,212,239,6,0.951098 583,180,636,207,6,0.915809 371,183,413,209,6,0.915007 531,185,545,198,6,0.148118 94,203,158,235,6,0.088779 169,187,218,228,6,0.066108 396,190,418,204,6,0.030172 626,183,637,210,6,0.020242 585,189,613,200,6,0.016270 607,187,640,205,6,0.015429 538,188,551,200,0,0.007075 552,188,568,200,6,0.004501 561,187,582,200,6,0.004311 189,202,218,222,6,0.003197 413,178,431,193,6,0.002832 575,189,597,202,6,0.002729 556,183,614,207,6,0.001718 498,190,517,201,6,0.001385 538,182,551,194,6,0.001028
/home/dysjin/data/CARLA.v20-carla_v20.coco/valid/Town01_002340_png.rf.b8976b6d8f366e29aeb47fb3b3146b33.jpg 181,196,441,377,6,0.941684 281,191,299,203,6,0.048753 316,189,333,202,6,0.002331 598,203,640,239,6,0.001704 0,0,640,380,6,0.001346
/home/dysjin/data/CARLA.v20-carla_v20.coco/valid/Town05_009780_png.rf.c3069a0d7ec82f2e1960c0497cec36fe.jpg 291,201,352,262,6,0.351754 294,191,352,230,6,0.029473 314,193,337,205,6,0.017427 429,205,472,236,6,0.005131 379,190,394,204,6,0.001128 276,202,331,243,6,0.001078
/home/dysjin/data/CARLA.v20-carla_v20.coco/valid/Town05_002700_png.rf.b9dfa75f628efa31633800bb9dfee796.jpg 362,178,391,192,6,0.854976 345,181,358,191,6,0.040712 346,186,357,198,0,0.022163 388,182,407,192,6,0.018058 257,187,272,197,0,0.012467 354,182,372,193,6,0.009542 268,188,283,197,6,0.008146 247,186,260,198,0,0.006475 356,186,372,195,0,0.004298 377,185,392,196,0,0.003964 247,181,260,195,6,0.003429 334,179,349,189,6,0.003354 255,181,271,195,6,0.003333 219,186,234,200,0,0.002879 1,182,15,212,6,0.002255 233,186,250,197,6,0.001959 403,180,419,190,6,0.001832 417,180,432,192,6,0.001501 391,186,402,198,0,0.001346
/home/dysjin/data/CARLA.v20-carla_v20.coco/valid/005173_png.rf.c24ac196d86260d3a384e12093bfa5ef.jpg 472,189,531,252,5,0.667150
/home/dysjin/data/CARLA.v20-carla_v20.coco/valid/Town01_005820_png.rf.c9053a957ff7561268673aaec9e095f0.jpg 299,189,344,317,1,0.976986 407,197,439,216,6,0.085386 180,205,206,219,6,0.012768 171,199,215,223,6,0.003728
/home/dysjin/data/CARLA.v20-carla_v20.coco/valid/Town01_011580_png.rf.c8aa9ea674a7d69974d55bf63b55ddbf.jpg 266,190,292,206,6,0.916144 579,179,640,217,6,0.895058 469,202,523,238,6,0.063873 629,196,640,221,6,0.008564 602,130,636,242,6,0.007242 555,178,568,193,3,0.004300 590,189,633,205,6,0.002486 485,205,508,221,6,0.001790 554,190,613,224,6,0.001730 268,180,288,199,6,0.001610 561,178,576,195,3,0.001579 0,174,11,268,2,0.001343 242,185,295,207,6,0.001270 560,185,578,207,6,0.001219 605,11,638,143,6,0.001006
/home/dysjin/data/CARLA.v20-carla_v20.coco/valid/Town01_007440_png.rf.bed11eeb1dde416bf8789b24a8a5c0f8.jpg 566,165,633,225,6,0.526071 525,180,552,212,6,0.447035 261,194,276,208,6,0.154181 294,189,314,201,6,0.025229 525,179,589,219,6,0.014619 623,171,638,221,6,0.010922 265,191,279,208,0,0.010804 151,208,205,232,6,0.003010 167,216,193,229,6,0.002526 261,184,321,208,6,0.001587 563,51,637,272,6,0.001465 607,185,640,225,6,0.001237
/home/dysjin/data/CARLA.v20-carla_v20.coco/valid/Town05_011760_png.rf.c548e0a947d80bc036151e4db99afcfa.jpg 24,199,183,339,6,0.942893 317,189,329,201,0,0.182851 0,163,248,380,6,0.010608 308,183,320,195,6,0.004476 296,182,313,191,6,0.002005 327,191,341,201,6,0.001431 268,180,287,189,6,0.001368 319,194,331,214,0,0.001302
/home/dysjin/data/CARLA.v20-carla_v20.coco/valid/075708_png.rf.c1818fa586a2b613b2806f928a933d9d.jpg 311,244,350,272,6,0.995053 172,242,252,302,6,0.939452 238,237,268,275,6,0.637357 6,235,174,431,6,0.424219 67,240,150,324,6,0.004683 215,238,267,292,6,0.004637 252,246,267,271,6,0.004272 11,214,74,480,6,0.003704 145,242,184,348,6,0.002752 144,236,187,321,1,0.001450
/home/dysjin/data/CARLA.v20-carla_v20.coco/valid/Town05_009900_png.rf.c90bd5781f975f44de47fd794a1f9ac6.jpg 353,192,429,250,6,0.943649 330,190,345,202,6,0.008371 370,180,427,216,6,0.001167
/home/dysjin/data/CARLA.v20-carla_v20.coco/valid/Town05_009660_png.rf.cc2e0d6a11c64dbe092a6e9321c6a170.jpg 237,196,401,335,6,0.982396 412,184,469,211,6,0.942378 613,185,637,202,6,0.175496 624,165,639,208,6,0.025970 602,173,640,203,6,0.006963 166,158,470,378,6,0.005967 414,191,442,203,6,0.005275 210,189,225,200,6,0.004799 603,187,625,200,6,0.003912 256,181,271,193,6,0.002651 294,190,312,203,6,0.001760 218,190,231,202,0,0.001638
/home/dysjin/data/CARLA.v20-carla_v20.coco/valid/003769_png.rf.c5c0c17fa97551316c57744e9608f796.jpg 495,189,552,244,4,0.401451 315,241,333,255,6,0.002726
/home/dysjin/data/CARLA.v20-carla_v20.coco/valid/121197_png.rf.c99e70822c663f40252f74e6b2ad5094.jpg 242,254,384,385,6,0.974519 500,239,526,277,6,0.010513 307,241,326,254,6,0.005712 215,185,420,420,6,0.004066 0,307,14,330,6,0.001460
/home/dysjin/data/CARLA.v20-carla_v20.coco/valid/004966_png.rf.c9d8d72d0920460b612251c5fddc5770.jpg 429,202,467,243,4,0.950005 432,214,461,231,4,0.004512
/home/dysjin/data/CARLA.v20-carla_v20.coco/valid/Town01_006240_png.rf.cc5628eb556a5a5bd1824a8d19313b41.jpg 317,194,327,215,1,0.403027 308,191,325,208,6,0.131688 611,151,638,259,2,0.110084 628,140,640,222,6,0.016246 629,159,640,188,6,0.014830 597,196,640,246,6,0.012609 299,189,312,200,6,0.010480 0,181,12,261,6,0.009325 627,201,640,260,6,0.005978 628,150,640,238,2,0.005548 314,184,331,225,0,0.004967 0,214,11,245,6,0.004827 365,181,383,192,3,0.002002 357,183,375,193,6,0.001642 292,185,336,210,6,0.001573 306,182,322,196,6,0.001391 0,167,12,255,6,0.001236 594,170,640,222,6,0.001211
/home/dysjin/data/CARLA.v20-carla_v20.coco/valid/001638_png.rf.c98e4c5bc2a68de358073a26469c81b2.jpg 419,207,458,244,3,0.997317 425,214,450,233,3,0.044041 155,225,171,240,3,0.002551
/home/dysjin/data/CARLA.v20-carla_v20.coco/valid/051274_png.rf.d5f64278c64b556983082379a316485f.jpg 566,169,632,248,4,0.753288
/home/dysjin/data/CARLA.v20-carla_v20.coco/valid/Town01_001440_png.rf.e4b4351effd31d5b433710cffb8243e4.jpg 384,180,401,191,3,0.987947 379,174,405,197,3,0.013183 345,182,358,192,3,0.004588 374,180,388,190,3,0.001552 400,182,415,192,3,0.001373 8,223,32,243,6,0.001210
/home/dysjin/data/CARLA.v20-carla_v20.coco/valid/019121_png.rf.deb86464dd224ac85f75272f851fc0a8.jpg 506,238,563,260,6,0.943293 538,236,582,260,6,0.554317 500,244,529,256,6,0.007366 528,242,569,254,6,0.002393 579,244,640,275,6,0.001261 391,244,410,297,2,0.001051
/home/dysjin/data/CARLA.v20-carla_v20.coco/valid/041811_png.rf.e8d4c17844854d24f9b2bec66a8a8889.jpg 51,225,64,240,4,0.673296 0,233,16,308,0,0.367320 0,218,28,300,0,0.019031 599,242,640,270,6,0.008751 48,216,67,249,4,0.005377 4,223,28,270,6,0.003158 0,258,13,298,0,0.002991 0,216,17,281,6,0.002956 48,217,60,237,4,0.002455 465,466,484,478,6,0.002175 630,233,640,264,6,0.001704 10,224,25,245,4,0.001531 256,202,320,269,6,0.001235 452,455,500,480,6,0.001031
/home/dysjin/data/CARLA.v20-carla_v20.coco/valid/041657_png.rf.e06a4a0ae870ee5d8dbe97fc65b5b666.jpg 307,236,336,316,0,0.477823
/home/dysjin/data/CARLA.v20-carla_v20.coco/valid/001519_png.rf.e42bb854e84b40164ed2795569b2eb6f.jpg 574,222,588,241,3,0.902379 585,222,597,241,3,0.008848 610,237,636,253,6,0.006837 491,234,527,327,2,0.003219 612,95,637,250,3,0.002247 570,234,583,247,3,0.001776 609,217,634,347,6,0.001696 625,236,639,258,6,0.001580
/home/dysjin/data/CARLA.v20-carla_v20.coco/valid/Town02_005280_png.rf.ec981f5d8aec80a53ec1f9961c2321af.jpg 51,192,132,221,6,0.888065 158,196,212,264,1,0.525404 92,194,138,222,6,0.463242 0,195,14,220,6,0.148237 607,22,636,177,3,0.014802 624,103,640,162,3,0.006418 632,214,640,249,6,0.006220 573,0,640,226,6,0.003660 0,187,12,214,6,0.003243 59,199,104,215,6,0.003216 608,8,638,162,6,0.002445 150,202,214,260,6,0.002377 0,203,13,228,6,0.002031 43,203,66,218,6,0.001944 631,195,640,226,6,0.001897 0,195,44,224,6,0.001680 596,110,640,159,3,0.001417 137,177,231,281,1,0.001112
/home/dysjin/data/CARLA.v20-carla_v20.coco/valid/001509_png.rf.ed3baed466e7f65c1a01fb57bf942b65.jpg 574,222,588,241,3,0.892238 585,222,597,241,3,0.008159 610,236,636,253,6,0.005015 609,216,633,347,6,0.002698 570,234,584,247,3,0.002457 612,95,637,250,3,0.001945 490,234,526,327,2,0.001634 625,235,639,258,6,0.001408
/home/dysjin/data/CARLA.v20-carla_v20.coco/valid/033890_png.rf.e368755037cdc345b45b625d64db27a1.jpg 592,216,632,336,2,0.987422 260,254,408,365,6,0.960645 207,178,457,406,6,0.005336 0,235,12,309,6,0.003699 0,238,12,324,2,0.002361 385,264,415,377,1,0.001338 0,261,10,301,6,0.001092
/home/dysjin/data/CARLA.v20-carla_v20.coco/valid/075724_png.rf.e0c3e9a2b7f318c71e76ccdcb0dda6a1.jpg 296,245,333,270,6,0.992546 0,235,70,422,6,0.909879 3,212,69,480,6,0.632607 189,238,248,283,6,0.479324 66,254,205,352,6,0.397380 138,239,229,311,6,0.056619 215,244,242,290,6,0.017838 0,236,40,385,6,0.002017 23,211,78,480,6,0.001117
/home/dysjin/data/CARLA.v20-carla_v20.coco/valid/112477_png.rf.ecf5d82849f8b68362ce65c8d2645a1c.jpg 337,229,360,303,2,0.781682
/home/dysjin/data/CARLA.v20-carla_v20.coco/valid/Town02_001980_png.rf.ee7206fcf98c96c61f2900b25e79ce20.jpg 294,196,341,315,1,0.972454 0,190,66,220,6,0.760847 155,175,178,219,0,0.217518 42,178,73,215,6,0.053317 161,192,176,214,0,0.044859 302,180,342,298,6,0.014902 0,184,14,208,6,0.012943 164,181,215,210,6,0.008135 44,167,70,208,3,0.004214 413,190,435,207,6,0.003289 163,187,183,209,0,0.003265 3,190,31,209,6,0.002480 393,188,409,204,6,0.002476 403,189,420,205,6,0.001910 135,176,177,213,6,0.001458 308,186,324,200,6,0.001343 12,198,51,216,6,0.001058
/home/dysjin/data/CARLA.v20-carla_v20.coco/valid/026829_png.rf.e6f26e62f316568466a95ba7fd18d850.jpg 376,223,389,237,3,0.996740 0,226,12,314,2,0.011250 368,218,394,244,3,0.007662 632,240,640,324,2,0.007283 0,212,12,306,2,0.007033 0,247,11,291,6,0.001128
/home/dysjin/data/CARLA.v20-carla_v20.coco/valid/007076_png.rf.d635d979c35f5dd6da756ef9889aef0b.jpg 399,213,420,246,5,0.935631 399,219,413,235,5,0.002578
/home/dysjin/data/CARLA.v20-carla_v20.coco/valid/112475_png.rf.df928fa484eb08e1454caacc1e194352.jpg 333,225,354,306,2,0.825519 339,242,352,289,2,0.002129
/home/dysjin/data/CARLA.v20-carla_v20.coco/valid/Town02_006960_png.rf.eedfb90c1deb0d66a31341acd2e08f4f.jpg 150,166,167,179,3,0.952835 2,175,30,211,6,0.936086 587,190,638,244,6,0.245672 578,178,640,219,6,0.034283 0,139,29,225,6,0.014057 168,175,185,191,6,0.003279 580,220,640,261,6,0.001189
/home/dysjin/data/CARLA.v20-carla_v20.coco/valid/Town05_010860_png.rf.f31c0584fff1474ad2b0f4132e874f7d.jpg 0,177,60,216,6,0.795215 309,181,333,254,0,0.726929 0,195,13,218,6,0.005804 314,194,327,240,0,0.004176
/home/dysjin/data/CARLA.v20-carla_v20.coco/valid/Town05_004800_png.rf.ee7c080c8716cb366969ca625bb6d68b.jpg 240,187,270,205,6,0.787215 215,181,271,209,6,0.742852 346,187,361,202,0,0.069395 215,189,240,203,6,0.056221 184,188,201,201,6,0.039647 530,184,635,380,6,0.038884 628,171,638,200,6,0.022606 345,180,360,198,6,0.002152 615,182,638,374,6,0.001507 252,182,267,197,6,0.001458 340,180,366,209,0,0.001209 334,189,350,203,0,0.001042
/home/dysjin/data/CARLA.v20-carla_v20.coco/valid/Town05_009840_png.rf.f5040ce45ecca2822cb3b1b4ea8a6f61.jpg 294,195,364,254,6,0.914332
/home/dysjin/data/CARLA.v20-carla_v20.coco/valid/041861_png.rf.f5f3812ca6c536c5c25bea3d596be111.jpg 109,243,220,312,6,0.962173 300,232,325,293,0,0.944724 399,205,429,242,3,0.917023 213,223,239,294,0,0.012769 164,231,237,301,6,0.011652 410,218,427,238,3,0.003598 92,276,161,312,6,0.001650 190,222,240,273,6,0.001425
/home/dysjin/data/CARLA.v20-carla_v20.coco/valid/Town02_003120_png.rf.f36fecf8d2ee4965c1f3bddaaaad5f33.jpg 411,189,492,221,6,0.953382 596,179,640,216,6,0.629408 622,179,638,231,6,0.062796 563,186,630,213,6,0.032129 625,199,639,261,6,0.006699 625,173,640,204,6,0.004299 610,171,637,264,6,0.004225 406,198,437,218,6,0.003018 571,191,599,206,6,0.002994 0,196,13,218,6,0.002519 400,183,452,217,6,0.002019 593,189,630,204,6,0.001200
/home/dysjin/data/CARLA.v20-carla_v20.coco/valid/003755_png.rf.f6343810071c5f5401b5697ef363285d.jpg 406,214,435,244,4,0.906475 307,240,324,253,6,0.001460
/home/dysjin/data/CARLA.v20-carla_v20.coco/valid/Town01_003300_png.rf.fae28071a74fa02928094ff14cdbb3aa.jpg 269,200,360,273,6,0.972675 160,185,218,212,6,0.095105 280,193,300,208,6,0.011909 196,198,217,212,6,0.009013 56,183,102,207,6,0.003391 271,192,328,223,6,0.003344 509,178,563,215,6,0.002769 286,199,310,214,6,0.001125 167,193,195,206,6,0.001083
/home/dysjin/data/CARLA.v20-carla_v20.coco/valid/138255_png.rf.fbf65e3e930393318a8312fdaefcae24.jpg 54,231,75,301,2,0.553367 0,225,11,316,2,0.010779 64,232,85,289,2,0.003499 31,240,77,293,2,0.001001
/home/dysjin/data/CARLA.v20-carla_v20.coco/valid/005373_png.rf.f68e0e113c5193c933cbee38c6a6bc2d.jpg 146,240,160,266,2,0.431738 157,241,169,265,2,0.169500 141,241,152,266,2,0.045706 382,233,441,262,6,0.017663 0,214,11,302,2,0.010823 137,226,154,271,2,0.005924 0,233,12,303,2,0.004647 0,251,11,286,6,0.004398 128,231,171,265,2,0.002831 168,245,179,266,2,0.001817
/home/dysjin/data/CARLA.v20-carla_v20.coco/valid/001630_png.rf.ff5ced110f03f998a7a6998ddf647fd2.jpg 406,210,439,242,3,0.994530 169,224,183,241,3,0.003257
/home/dysjin/data/CARLA.v20-carla_v20.coco/valid/006662_png.rf.fa42143249c7b6a780238796639341d3.jpg 463,222,500,322,2,0.941319
/home/dysjin/data/CARLA.v20-carla_v20.coco/valid/Town05_004860_png.rf.f5c138159cbce172c63fa9a736f9c655.jpg 214,181,272,210,6,0.738436 239,187,271,205,6,0.733145 346,187,361,202,0,0.056522 215,189,240,203,6,0.049158 184,187,201,200,6,0.043987 531,183,634,380,6,0.041428 627,171,637,199,6,0.032848 208,191,229,205,6,0.003701 345,180,360,197,6,0.002816 352,181,368,196,6,0.001317 334,189,349,203,0,0.001317 615,183,638,373,6,0.001247 252,182,268,197,6,0.001183
/home/dysjin/data/CARLA.v20-carla_v20.coco/valid/Town01_008460_png.rf.03f3160d63f090b29499596ec3c8c4b5.jpg 35,188,142,250,6,0.977996 574,188,640,226,6,0.490819 539,183,629,215,6,0.090491 629,182,640,211,6,0.026963 592,191,625,205,6,0.013122 436,202,465,212,6,0.011834 538,191,588,223,6,0.007572 423,197,475,215,6,0.005270 526,141,634,380,6,0.003189 543,198,625,235,6,0.002417 609,188,638,204,6,0.001496 597,182,620,196,6,0.001414
/home/dysjin/data/CARLA.v20-carla_v20.coco/valid/005508_png.rf.0ab3da1b4970047c9b42e5bbe5d4e6f1.jpg 34,226,57,287,2,0.891066 95,220,124,322,2,0.794593 20,232,50,286,2,0.004291 74,224,118,314,2,0.001802 4,244,54,288,6,0.001229
/home/dysjin/data/CARLA.v20-carla_v20.coco/valid/Town01_006180_png.rf.089d25ecaf49fe28c7f3bf0c3614732b.jpg 313,193,325,214,1,0.447596 315,190,326,211,0,0.087283 392,179,412,190,3,0.007494 0,196,17,248,6,0.005314 309,185,328,222,0,0.004923 306,182,329,216,6,0.004502 0,217,15,243,6,0.003556 6,212,24,235,6,0.001533
/home/dysjin/data/CARLA.v20-carla_v20.coco/valid/Town02_008340_png.rf.044a76656e2e2fe428cd425926d9acbe.jpg 550,189,615,222,6,0.938353 165,192,233,244,6,0.709302 269,179,290,195,6,0.045163 569,178,640,216,6,0.021243 291,188,308,199,6,0.013420 280,188,294,202,6,0.012978 630,183,640,210,6,0.009567 145,211,220,248,6,0.009006 554,191,592,208,6,0.002239 549,196,575,217,6,0.001753
/home/dysjin/data/CARLA.v20-carla_v20.coco/valid/075710_png.rf.0b62bb94157d1f2113ac6bbefe158022.jpg 311,244,350,272,6,0.993605 173,243,251,302,6,0.928722 237,238,267,276,6,0.704331 7,235,173,429,6,0.413411 67,240,152,324,6,0.007855 10,217,74,480,6,0.005340 217,238,267,292,6,0.004112 251,246,267,271,6,0.002364 144,242,183,348,1,0.001097
/home/dysjin/data/CARLA.v20-carla_v20.coco/valid/041689_png.rf.0d648fbd58416a80b414e4503d51c42e.jpg 307,242,336,310,0,0.521586 312,254,330,295,0,0.001263
/home/dysjin/data/CARLA.v20-carla_v20.coco/valid/003751_png.rf.0ff9ef7c8c8e4f5eab52437609a3b501.jpg 395,214,420,245,4,0.771027 307,239,324,253,6,0.002409
/home/dysjin/data/CARLA.v20-carla_v20.coco/valid/Town02_008820_png.rf.135414697b8215dc125af6b125d3058c.jpg 275,193,362,360,6,0.966570 510,181,560,211,6,0.932462 554,177,619,219,6,0.259953 388,182,437,205,6,0.170459 391,188,412,201,3,0.083004 414,183,435,194,3,0.011038 629,182,640,257,6,0.010528 7,114,27,133,6,0.009800 0,186,14,254,6,0.005265 523,180,583,224,6,0.004936 401,183,422,195,3,0.004917 0,109,15,133,6,0.002938 143,175,160,191,3,0.002700 532,179,558,198,6,0.002322 598,188,640,227,6,0.002208 612,176,640,271,6,0.001883 0,169,13,251,6,0.001862 384,190,399,203,3,0.001201
/home/dysjin/data/CARLA.v20-carla_v20.coco/valid/006664_png.rf.1466f666c872e94bac27eba56bbdfb5b.jpg 476,221,523,324,2,0.976927
/home/dysjin/data/CARLA.v20-carla_v20.coco/valid/014570_png.rf.1235b2ca71c181a49fda1bb53eaa19cd.jpg 60,237,126,261,6,0.991775 436,224,453,290,2,0.976807 300,241,336,266,6,0.905266 0,229,11,310,2,0.003124 0,250,10,289,6,0.001051
/home/dysjin/data/CARLA.v20-carla_v20.coco/valid/112550_png.rf.1ca2fa82e03653536df85cf5faf5753c.jpg 516,222,547,327,2,0.521668 500,197,559,404,2,0.001812
/home/dysjin/data/CARLA.v20-carla_v20.coco/valid/Town02_000780_png.rf.16d5987bcdc7d08470c1b3e757e128e5.jpg 300,195,346,314,1,0.979467 44,182,119,215,6,0.874415 281,186,305,201,6,0.789035 76,185,111,212,6,0.053499 28,188,91,222,6,0.005102 631,185,640,210,6,0.004713 0,158,12,232,6,0.001051 321,181,337,193,6,0.001025
/home/dysjin/data/CARLA.v20-carla_v20.coco/valid/Town02_001500_png.rf.1e8a22666698f8954863a9939bc59942.jpg 185,191,215,218,6,0.882688 574,172,633,287,2,0.092706 605,184,638,307,2,0.039475 627,209,640,300,2,0.009142 527,159,634,343,2,0.005632 524,361,542,380,6,0.002504 177,184,243,216,6,0.001856 552,197,613,301,2,0.001325 570,161,640,258,6,0.001205 0,202,10,236,6,0.001098 512,349,555,380,6,0.001094
/home/dysjin/data/CARLA.v20-carla_v20.coco/valid/Town05_004620_png.rf.0e4a190ca586e0e90df6b90be2c83f5b.jpg 394,180,455,210,6,0.996075 591,178,640,211,6,0.094500 345,186,359,199,6,0.062292 284,189,298,200,6,0.058013 352,188,366,200,6,0.015465 581,169,629,237,6,0.014293 290,190,304,202,0,0.010035 378,175,429,203,6,0.005009 352,182,367,194,6,0.004353 380,180,395,192,3,0.003614 409,191,460,204,6,0.003512 626,185,640,209,6,0.002538 594,188,626,203,6,0.002010 389,180,413,196,6,0.001828 218,187,235,200,6,0.001289 581,201,614,242,6,0.001023
/home/dysjin/data/CARLA.v20-carla_v20.coco/valid/006578_png.rf.21f08e8ed63ab67b3ef05528af8ef9e6.jpg 371,226,385,238,3,0.947631 259,234,297,257,6,0.941499 629,288,640,351,6,0.005546 367,219,388,245,3,0.003767 629,269,640,350,2,0.001163
/home/dysjin/data/CARLA.v20-carla_v20.coco/valid/Town01_004320_png.rf.1f6552094735eb0bd49b614b7e584c58.jpg 262,190,371,292,6,0.743053 0,194,13,217,6,0.013666 609,80,640,214,2,0.007580 0,188,12,209,6,0.005711 357,154,375,166,3,0.002393 572,88,640,164,6,0.001175
/home/dysjin/data/CARLA.v20-carla_v20.coco/valid/Town02_006720_png.rf.2632fd4f3d65ff215e84d472badfd870.jpg 270,190,290,207,6,0.933291 577,178,640,222,6,0.924675 565,180,582,195,3,0.052192 105,194,174,220,6,0.013326 0,186,16,254,6,0.009419 260,190,280,204,6,0.003220 256,185,297,205,6,0.001934 0,193,15,223,6,0.001771 630,161,640,188,6,0.001553 0,157,14,234,6,0.001460 623,194,640,220,6,0.001326 4,189,25,234,6,0.001301 601,198,640,218,6,0.001300
/home/dysjin/data/CARLA.v20-carla_v20.coco/valid/Town05_006900_png.rf.2eaa1f5f6de8c6bffcd968f78f2f53b4.jpg 236,179,260,232,0,0.740714 234,167,256,234,1,0.042724 609,218,638,378,6,0.011286 612,198,638,355,0,0.008967 568,199,640,380,6,0.001022 221,159,302,380,6,0.001002
/home/dysjin/data/CARLA.v20-carla_v20.coco/valid/005482_png.rf.1eef94cb1d26525ab4b64d28fc9be58d.jpg 0,214,26,326,2,0.895818
/home/dysjin/data/CARLA.v20-carla_v20.coco/valid/138251_png.rf.2622df013f55b1f57387212b95c87241.jpg 78,231,97,289,2,0.141204 75,250,92,286,2,0.001634 230,239,250,254,6,0.001312
/home/dysjin/data/CARLA.v20-carla_v20.coco/valid/007070_png.rf.2316a0a54db7e4a749f421570aadd160.jpg 384,223,403,243,5,0.869000 31,511,47,480,6,0.001595
/home/dysjin/data/CARLA.v20-carla_v20.coco/valid/Town05_010920_png.rf.2325292b5e147dc41c10fe128f6256f9.jpg 302,176,344,292,0,0.959280 314,178,335,193,6,0.001215
/home/dysjin/data/CARLA.v20-carla_v20.coco/valid/Town01_006420_png.rf.2b897cd6227874bc930ae1c7e17e3b3b.jpg 310,189,323,209,0,0.401804 591,185,640,233,6,0.028070 299,188,313,201,6,0.015613 346,179,359,191,3,0.005738 0,218,13,242,6,0.005733 312,178,329,218,0,0.003923 0,186,13,255,6,0.002263 296,182,310,194,6,0.001846 314,180,331,194,6,0.001805 354,179,368,190,3,0.001389
/home/dysjin/data/CARLA.v20-carla_v20.coco/valid/Town05_006780_png.rf.253c814d6e368b92a888141244ca1a16.jpg 171,188,211,261,1,0.738466 171,175,211,254,6,0.012142
/home/dysjin/data/CARLA.v20-carla_v20.coco/valid/Town01_008280_png.rf.2f69ce357d9638b109b359e31c238ab4.jpg 66,185,114,208,6,0.806153 292,190,336,210,6,0.582805 279,192,304,205,6,0.490776 315,194,333,207,6,0.344608 269,186,313,208,6,0.011009 290,196,311,209,6,0.010513 90,191,114,205,6,0.009378 539,212,615,285,6,0.007983 442,198,505,223,6,0.007889 31,182,108,213,6,0.005796 630,219,640,246,6,0.004627 325,192,341,205,6,0.002354 569,204,640,240,6,0.001568 272,191,289,203,6,0.001237 381,200,393,219,2,0.001179
/home/dysjin/data/CARLA.v20-carla_v20.coco/valid/Town01_005100_png.rf.262bb9c3104b14f5fb633de3dafd0a52.jpg 573,176,637,213,6,0.066276 583,196,601,218,0,0.049258 578,195,599,217,6,0.042366 326,176,348,219,1,0.009289 580,188,605,207,6,0.006327 573,191,616,224,6,0.005007 626,144,640,200,6,0.004020 600,144,640,224,6,0.002877 608,154,638,194,6,0.001314
/home/dysjin/data/CARLA.v20-carla_v20.coco/valid/Town01_011940_png.rf.2554f5ab3ce2122d2ef300838472450f.jpg 562,196,605,219,6,0.881005 202,182,272,232,6,0.778345 5,176,33,215,6,0.030686 597,176,640,217,6,0.020338 575,193,638,224,6,0.010299 554,201,576,216,6,0.006423 572,208,602,222,6,0.003184 572,192,592,212,6,0.002811 338,190,359,202,6,0.002799 0,161,31,250,6,0.002295 591,200,619,217,6,0.001657 631,194,640,220,6,0.001624 0,0,41,32,6,0.001354 583,206,602,224,0,0.001293 332,191,348,204,0,0.001219 0,0,13,24,6,0.001120 0,168,18,225,6,0.001120 610,185,638,208,6,0.001084
/home/dysjin/data/CARLA.v20-carla_v20.coco/valid/041684_png.rf.2f70db5ab75442cd11fffa13a776ae97.jpg 307,239,336,313,0,0.623229 314,254,329,304,0,0.001281
/home/dysjin/data/CARLA.v20-carla_v20.coco/valid/Town05_010980_png.rf.2071755951cd753466eb2cc53fd2fe0c.jpg 297,181,339,278,0,0.722965 226,169,339,380,6,0.035667 602,161,640,203,6,0.003045 310,187,337,276,1,0.001519
/home/dysjin/data/CARLA.v20-carla_v20.coco/valid/112459_png.rf.33bdc5bd58f0f631808a95c4ceb9a78f.jpg 293,226,315,299,2,0.883523 283,229,306,305,2,0.008546
/home/dysjin/data/CARLA.v20-carla_v20.coco/valid/041653_png.rf.31aa86a50239c7e6cbc52c66846dac06.jpg 307,239,335,312,0,0.639866 313,253,329,295,0,0.001344
/home/dysjin/data/CARLA.v20-carla_v20.coco/valid/041819_png.rf.374472e0a0868df264a4100cb7734e35.jpg 175,224,188,238,4,0.908550 16,235,74,264,6,0.864175 111,241,139,301,0,0.622852 581,180,640,214,6,0.017739 171,216,191,247,4,0.013092 171,218,183,236,4,0.012792 35,243,74,258,6,0.004515 114,246,135,279,0,0.003650 165,228,178,242,4,0.001233 626,183,640,213,6,0.001058
/home/dysjin/data/CARLA.v20-carla_v20.coco/valid/Town05_010800_png.rf.3489607b659edfbc485537135e06f34b.jpg 7,183,128,274,6,0.866883 306,168,330,263,0,0.483028 305,168,329,258,1,0.420972 118,180,174,207,6,0.014076 138,188,169,201,6,0.009697 345,186,358,201,6,0.004176 302,181,320,197,6,0.003962 295,183,311,195,6,0.003672 353,181,367,192,3,0.001835 305,173,341,246,6,0.001550 332,180,349,193,6,0.001046
/home/dysjin/data/CARLA.v20-carla_v20.coco/valid/Town02_001080_png.rf.2d29b90fb99ccf7727caeaa1914436b4.jpg 302,195,345,312,1,0.978996 279,185,302,200,6,0.923204 0,189,81,380,6,0.867982 104,178,224,274,6,0.784266 0,174,73,380,6,0.047629 322,186,335,203,1,0.008051 631,185,640,210,6,0.004312 321,182,335,195,6,0.001764 25,182,84,214,6,0.001246 596,180,640,214,6,0.001207 0,194,12,221,6,0.001161 1,180,61,216,6,0.001141
/home/dysjin/data/CARLA.v20-carla_v20.coco/valid/Town02_005700_png.rf.39e8547ff43ddaa06ed2b24f114c8a27.jpg 244,196,371,337,6,0.923954 283,186,301,199,6,0.590398 559,191,584,204,6,0.073622 316,180,333,195,6,0.019632 586,187,605,203,6,0.013906 538,191,564,205,6,0.007816 305,185,326,197,6,0.004722 546,186,595,207,6,0.003598 234,179,251,190,3,0.003286 628,166,640,228,6,0.002420 292,173,337,198,6,0.002151 271,183,327,204,6,0.001556 485,181,506,194,6,0.001520 220,132,411,373,6,0.001512 597,178,640,215,6,0.001233 241,178,258,189,6,0.001047
/home/dysjin/data/CARLA.v20-carla_v20.coco/valid/Town02_002040_png.rf.3d0fd4b3b3749ac8ebdf480959eb8e66.jpg 300,197,342,310,1,0.958201 267,189,292,207,6,0.737254 13,175,109,376,6,0.737250 270,185,327,212,6,0.267714 103,181,160,215,6,0.218363 51,176,65,190,3,0.099260 294,181,342,297,6,0.085075 58,178,122,215,6,0.058541 140,190,164,210,6,0.023100 34,166,117,349,1,0.018783 282,189,315,205,6,0.010123 33,192,101,316,6,0.007955 129,190,160,220,6,0.007833 393,189,410,204,6,0.006260 55,175,72,194,3,0.005493 302,189,324,204,6,0.003575 41,169,96,202,6,0.002981 401,189,419,205,6,0.002819 413,190,436,207,6,0.002365 74,168,133,205,6,0.001959 261,189,278,204,6,0.001944 268,180,285,199,6,0.001544 114,187,146,206,6,0.001498 381,190,398,203,6,0.001452 394,179,407,196,3,0.001249 63,188,95,206,6,0.001064 287,197,311,213,6,0.001012 46,169,94,241,1,0.001003
/home/dysjin/data/CARLA.v20-carla_v20.coco/valid/075707_png.rf.2ff4a82560cfe658387e361a6cc43ef0.jpg 310,244,350,273,6,0.995581 172,243,252,302,6,0.927579 238,238,268,275,6,0.633966 5,235,174,432,6,0.399615 252,246,266,271,6,0.005594 67,240,150,325,6,0.004575 216,238,266,292,6,0.004174 144,242,183,348,6,0.002655 10,217,75,480,6,0.001657 143,236,186,321,1,0.001207
/home/dysjin/data/CARLA.v20-carla_v20.coco/valid/138320_png.rf.332f3bdf3abffc7dd973858c3061b801.jpg 55,231,78,293,2,0.666727 0,230,11,312,2,0.004069
/home/dysjin/data/CARLA.v20-carla_v20.coco/valid/003766_png.rf.3dbe103da1003d1fb3bd18ad0d0894b4.jpg 461,197,507,243,4,0.892916
/home/dysjin/data/CARLA.v20-carla_v20.coco/valid/121245_png.rf.3c6765f574e34bb200e320d55fc2ffe7.jpg 269,251,358,319,6,0.982234 629,267,640,293,6,0.008041 535,208,571,292,2,0.001810 537,253,584,286,6,0.001084
/home/dysjin/data/CARLA.v20-carla_v20.coco/valid/Town05_011040_png.rf.3f658b3c60547a5478cb61d6b76eb55c.jpg 315,182,330,209,0,0.613298
/home/dysjin/data/CARLA.v20-carla_v20.coco/valid/Town02_004920_png.rf.3cdedb8ebbe317a63567ec577e3789a8.jpg 308,177,329,243,1,0.319041 168,188,194,199,6,0.081445 611,157,636,297,2,0.011270 311,188,332,209,6,0.006420 628,172,640,199,6,0.005109 206,189,225,204,6,0.002073 611,147,636,277,6,0.001591 154,185,221,205,6,0.001193 367,189,383,203,6,0.001109 353,186,375,202,6,0.001007
/home/dysjin/data/CARLA.v20-carla_v20.coco/valid/Town05_002760_png.rf.41faa57cc70298c90c62fe9f6a3f08c9.jpg 120,187,139,200,6,0.347757 250,186,262,199,0,0.066952 108,188,129,201,6,0.038265 246,181,263,194,6,0.023030 0,161,14,185,6,0.007940 131,188,143,202,0,0.005446 0,169,12,192,6,0.003495 101,188,115,202,0,0.003468 97,182,143,205,6,0.002501 6,165,26,183,6,0.001596 344,181,359,192,6,0.001406 132,180,144,195,6,0.001391 305,181,324,190,6,0.001324
/home/dysjin/data/CARLA.v20-carla_v20.coco/valid/Town02_001740_png.rf.4072bb166a4df4f9403df039e28a73f3.jpg 294,195,341,315,1,0.970563 302,180,342,298,6,0.014277 44,177,61,195,3,0.011859 413,190,435,207,6,0.004030 36,188,54,208,1,0.003840 393,189,410,205,6,0.003512 403,189,420,205,6,0.002068 307,186,323,200,6,0.001651 283,181,298,194,6,0.001526 50,171,113,203,6,0.001378 293,186,309,199,6,0.001031
/home/dysjin/data/CARLA.v20-carla_v20.coco/valid/026849_png.rf.52e90800c02b90489d2521817c6942f7.jpg 420,205,459,245,3,0.994399 427,211,450,233,3,0.030541
/home/dysjin/data/CARLA.v20-carla_v20.coco/valid/Town02_001560_png.rf.44c7e46d6d34263ac9f429ccb2cd2655.jpg 80,196,94,219,1,0.426258 60,190,81,206,6,0.153756 66,182,95,219,6,0.124977 10,186,30,204,6,0.041673 50,189,68,203,6,0.016583 0,183,16,205,6,0.004294 2,127,31,232,6,0.003184 16,181,72,210,6,0.002131 33,188,54,202,6,0.001816 8,167,31,207,6,0.001548 0,173,14,197,6,0.001124
/home/dysjin/data/CARLA.v20-carla_v20.coco/valid/Town02_003420_png.rf.4347a7bee8aec9f5c84eb5295856f9a9.jpg 329,198,382,233,6,0.906557 16,187,103,237,6,0.182554 562,187,630,213,6,0.073162 345,195,378,231,1,0.024626 0,192,64,225,6,0.004217 569,191,600,206,6,0.003694 64,199,118,236,6,0.002936 628,183,640,211,6,0.002192 610,176,639,265,6,0.001467 628,185,640,257,6,0.001282 591,189,640,223,6,0.001151
/home/dysjin/data/CARLA.v20-carla_v20.coco/valid/Town01_006060_png.rf.3d76b002da6076434f028293d0c4a498.jpg 300,191,334,267,1,0.633247 413,192,458,226,6,0.087026 191,211,217,224,6,0.007093 179,199,229,225,6,0.004942 233,201,249,213,6,0.003838 629,242,640,274,6,0.002987 204,205,224,217,6,0.002011 421,206,449,227,6,0.001944 181,214,202,227,6,0.001739 150,207,208,233,6,0.001739 628,44,640,73,6,0.001145
/home/dysjin/data/CARLA.v20-carla_v20.coco/valid/Town02_007800_png.rf.4e6520c0e9dd39a93f5048a2caea0283.jpg 340,196,409,223,6,0.936620 609,188,640,231,6,0.852986 307,186,328,198,6,0.480769 518,186,549,201,6,0.422879 624,198,638,261,6,0.040379 575,191,594,205,6,0.035405 312,201,386,231,6,0.031278 562,190,584,203,6,0.027465 569,191,640,226,6,0.021708 550,190,571,204,6,0.019766 503,175,545,202,6,0.018554 510,186,578,208,6,0.013150 409,212,437,230,6,0.009074 386,203,439,233,6,0.005304 320,192,355,226,6,0.004622 0,190,45,230,6,0.003930 547,185,597,209,6,0.003364 0,206,12,234,6,0.003165 571,185,621,211,6,0.002732 502,179,522,193,6,0.002415 347,194,379,207,6,0.001672 296,189,313,199,6,0.001346 532,190,560,202,6,0.001343 0,194,12,224,6,0.001249 608,10,640,148,6,0.001132 0,217,11,242,6,0.001057
/home/dysjin/data/CARLA.v20-carla_v20.coco/valid/Town01_001860_png.rf.53e5db5983ad00d8986ebdc44e1e76ef.jpg 197,197,430,373,6,0.976704 299,186,329,200,6,0.566672 293,188,313,200,6,0.081536 291,174,335,203,6,0.026363 314,181,333,197,6,0.007563 281,181,302,196,6,0.002968 0,183,13,210,6,0.001225 327,188,341,203,1,0.001150
/home/dysjin/data/CARLA.v20-carla_v20.coco/valid/Town01_006120_png.rf.405fede50ad311216cb9943968a5cdf5.jpg 318,193,330,218,1,0.320380 316,183,332,226,0,0.065057 316,179,332,222,6,0.014156 359,179,370,191,3,0.001522 367,180,379,192,3,0.001500 367,189,381,200,3,0.001419
/home/dysjin/data/CARLA.v20-carla_v20.coco/valid/041864_png.rf.51f1d81198f2e5b7a450f586235760ec.jpg 304,230,329,293,0,0.882729 417,208,445,242,3,0.740253 415,206,444,244,4,0.713764 97,233,219,321,6,0.662140 313,245,328,279,0,0.018083 191,223,238,266,6,0.006855 185,234,239,300,1,0.005275 212,223,238,291,0,0.004579 175,230,240,303,6,0.002271 357,218,368,232,4,0.001428 66,288,140,321,6,0.001425 356,225,368,241,4,0.001033
/home/dysjin/data/CARLA.v20-carla_v20.coco/valid/Town01_012060_png.rf.58e57e1a7e8d4f630323ae1827ca68bc.jpg 563,196,606,219,6,0.852164 6,176,33,215,6,0.025773 597,176,640,217,6,0.022700 576,193,638,223,6,0.012225 572,208,602,222,6,0.004061 338,188,360,201,6,0.003615 0,162,32,250,6,0.002601 591,201,619,217,6,0.002360 554,201,575,216,6,0.002002 572,192,592,212,6,0.001972 631,193,640,219,6,0.001804 332,190,350,203,0,0.001451 583,207,603,224,0,0.001430 0,0,41,32,6,0.001367 611,185,638,208,6,0.001209 0,0,13,24,6,0.001142
/home/dysjin/data/CARLA.v20-carla_v20.coco/valid/009044_png.rf.59d4a83882b4b6af242cbd9e0e31ba80.jpg 561,222,577,241,3,0.980375 0,206,10,238,3,0.002495 0,201,12,288,6,0.001268 0,212,12,302,6,0.001168 0,192,21,314,2,0.001060
/home/dysjin/data/CARLA.v20-carla_v20.coco/valid/Town02_002520_png.rf.55f8a7c01a8e4b86c99a794d7b61cd5d.jpg 160,196,226,235,6,0.990126 225,193,395,338,6,0.978755 155,162,464,373,6,0.008125 146,178,160,192,3,0.005757 535,192,616,269,6,0.002842 610,169,638,292,2,0.001589 0,196,14,221,6,0.001362
/home/dysjin/data/CARLA.v20-carla_v20.coco/valid/Town02_008760_png.rf.5bfb07b6a5fbe6700b4b9c150b9c6576.jpg 275,192,362,360,6,0.970178 526,178,593,215,6,0.764592 512,181,559,210,6,0.754880 272,187,290,201,6,0.647624 389,182,436,205,6,0.130848 560,181,631,213,6,0.081819 390,187,412,201,3,0.044081 597,189,624,208,6,0.035993 555,187,593,208,6,0.015725 628,179,640,260,6,0.015061 414,183,435,194,3,0.013748 6,113,28,132,6,0.012542 628,183,640,212,6,0.010316 0,189,15,253,6,0.007441 402,183,423,195,3,0.007191 615,173,640,276,0,0.005508 605,181,635,214,6,0.004585 0,110,15,132,6,0.003730 143,175,160,191,3,0.003046 611,158,640,255,6,0.001784 0,169,13,251,6,0.001583 487,189,510,204,6,0.001558 0,108,38,138,6,0.001395 560,179,585,199,6,0.001201 532,179,557,199,6,0.001172
/home/dysjin/data/CARLA.v20-carla_v20.coco/valid/Town01_008100_png.rf.5942043a53e2ea3c62572bf7029ed896.jpg 277,190,296,203,6,0.933250 388,196,410,212,6,0.284038 342,187,362,201,6,0.071231 306,189,323,198,6,0.050991 330,187,347,200,6,0.029342 415,192,440,203,6,0.017323 355,190,372,203,6,0.007079 320,188,335,198,6,0.005915 331,184,373,205,6,0.005414 258,184,302,206,6,0.005386 289,191,303,203,6,0.004103 367,191,384,203,3,0.004088 87,184,150,213,6,0.003030 380,194,398,206,6,0.002372 364,192,415,219,6,0.002036 282,196,294,208,0,0.001878 399,187,451,208,6,0.001438 158,187,181,201,6,0.001326 353,187,401,208,6,0.001003
/home/dysjin/data/CARLA.v20-carla_v20.coco/valid/Town01_010680_png.rf.5537782525200ced228c602e6dcc3456.jpg 370,181,385,191,3,0.896004 331,190,344,200,6,0.005992 361,183,376,194,3,0.003788 222,190,239,204,3,0.002565 321,191,335,200,6,0.002061 230,179,244,195,3,0.001931 364,175,389,197,3,0.001320
/home/dysjin/data/CARLA.v20-carla_v20.coco/valid/121155_png.rf.5eeb1497380edc240a771f68b9d34669.jpg 242,254,385,384,6,0.975782 563,206,598,313,2,0.971869 215,185,421,420,6,0.004286 582,213,605,300,2,0.002670 306,241,325,254,6,0.001864 491,240,531,274,6,0.001360
/home/dysjin/data/CARLA.v20-carla_v20.coco/valid/007085_png.rf.5a7141063cfddac158b01dce18de1e48.jpg 430,204,460,248,5,0.994756 431,217,458,234,5,0.012835
/home/dysjin/data/CARLA.v20-carla_v20.coco/valid/Town05_006720_png.rf.717ce1e22225ab6a97befb2b8effcc2a.jpg 179,182,218,256,1,0.473296 87,184,148,208,6,0.374802 353,180,367,190,3,0.024485 93,191,122,205,6,0.021970 345,182,359,192,3,0.021003 175,175,214,252,6,0.009752 109,190,150,203,6,0.005802 367,180,383,190,3,0.004377 343,186,357,199,0,0.002674 334,181,348,191,6,0.001407 333,188,347,199,0,0.001069
/home/dysjin/data/CARLA.v20-carla_v20.coco/valid/Town01_006600_png.rf.612f31973b2db2fda3ee5293fd937a64.jpg 374,192,392,209,6,0.109769 294,192,310,204,6,0.001216
/home/dysjin/data/CARLA.v20-carla_v20.coco/valid/112469_png.rf.4fea3a1e3f0858f468ecb362968a08fb.jpg 314,227,340,304,2,0.771746
/home/dysjin/data/CARLA.v20-carla_v20.coco/valid/Town05_009540_png.rf.67accf9da191af14c5f05da1b6fe1e58.jpg 598,184,640,205,6,0.834960
/home/dysjin/data/CARLA.v20-carla_v20.coco/valid/041820_png.rf.69e77a8e269d90d89efc21e5026a7083.jpg 31,235,82,264,6,0.951745 184,224,196,239,4,0.639849 118,237,146,301,0,0.613951 176,226,191,240,4,0.034167 179,215,200,248,4,0.007657 49,245,81,257,6,0.006310 127,248,145,276,0,0.002832 0,232,11,260,6,0.001130
/home/dysjin/data/CARLA.v20-carla_v20.coco/valid/121278_png.rf.6607158f1164a75baf620dcb66d1b07e.jpg 273,253,358,316,6,0.976749 241,245,262,263,1,0.047342 6,237,34,256,6,0.005871 232,233,271,261,6,0.002329 250,239,268,258,1,0.001786 234,247,252,264,1,0.001346
/home/dysjin/data/CARLA.v20-carla_v20.coco/valid/Town02_004620_png.rf.7280640e1c163e7c4b28010b90659788.jpg 237,192,375,341,6,0.934550 280,185,298,199,6,0.571118 308,185,328,200,6,0.543440 328,187,344,200,6,0.017240 271,181,333,205,6,0.013350 291,186,313,198,6,0.007281 128,180,179,206,6,0.007216 342,188,355,202,6,0.005920 141,187,171,202,6,0.005468 179,151,432,380,6,0.003390 458,199,491,307,2,0.003233 269,182,288,196,6,0.001371
/home/dysjin/data/CARLA.v20-carla_v20.coco/valid/Town05_016500_png.rf.75b431585ae9c755044e81517b796324.jpg 344,190,392,232,6,0.937216 0,193,82,295,6,0.859732 134,194,218,243,6,0.714220 459,182,477,194,3,0.632251 342,190,364,204,6,0.058500 113,210,193,249,6,0.015739 453,174,480,201,3,0.014644 0,166,71,367,6,0.008422 348,191,378,210,6,0.008203 0,101,80,326,6,0.006866 173,197,230,240,6,0.003219 349,207,383,227,6,0.003011 358,199,392,219,6,0.002731 431,199,442,213,1,0.001798 374,194,399,239,1,0.001768 333,190,346,201,6,0.001391 345,196,365,217,6,0.001371
/home/dysjin/data/CARLA.v20-carla_v20.coco/valid/Town02_001020_png.rf.79741d4293c684a4f4e895c08f1290d5.jpg 300,189,346,312,1,0.978777 0,184,82,380,6,0.913105 285,182,337,207,6,0.642497 279,188,306,199,6,0.165765 26,182,82,217,6,0.041298 0,165,75,380,6,0.040621 191,189,212,212,1,0.022314 190,182,214,216,0,0.008951 631,185,640,210,6,0.004835 286,170,352,307,6,0.003825 311,188,333,203,6,0.001711 182,181,247,210,6,0.001439 293,175,338,252,6,0.001410
/home/dysjin/data/CARLA.v20-carla_v20.coco/valid/004996_png.rf.758bfe0873e6cba6e1d99146894cae01.jpg 493,255,511,317,2,0.955889
/home/dysjin/data/CARLA.v20-carla_v20.coco/valid/Town02_001620_png.rf.77cda18f042297c4b15936a35acef602.jpg 304,180,330,260,1,0.497488 297,187,337,251,6,0.159345 311,178,338,221,6,0.009737 401,188,424,203,6,0.007627 392,191,411,204,6,0.003168 307,184,326,211,6,0.001983 388,185,438,208,6,0.001318 317,178,334,196,6,0.001305 326,185,342,206,6,0.001074
/home/dysjin/data/CARLA.v20-carla_v20.coco/valid/112362_png.rf.868e587d8bdd37c81e4872223fbdbeb4.jpg 150,226,167,285,2,0.903295 138,234,183,281,2,0.001193
/home/dysjin/data/CARLA.v20-carla_v20.coco/valid/Town05_010080_png.rf.88fb23d739ffa2beacd3c5735d172d03.jpg 315,183,327,211,0,0.721480 272,184,287,198,6,0.570905 0,25,12,48,6,0.014995 277,188,290,199,0,0.005914 0,33,12,59,6,0.002858 327,186,339,202,0,0.002743 257,180,275,192,6,0.002187 327,178,340,193,6,0.002029 245,177,260,189,6,0.001554 262,188,276,198,0,0.001229 314,179,332,199,6,0.001212
/home/dysjin/data/CARLA.v20-carla_v20.coco/valid/026847_png.rf.7a28094ba474fb2fab06e58f1ebea83c.jpg 411,209,449,244,3,0.995357 420,216,442,235,3,0.028451
/home/dysjin/data/CARLA.v20-carla_v20.coco/valid/075709_png.rf.7dd638ab9af378bf60aaa2fb92a0aea4.jpg 311,244,350,272,6,0.994361 173,242,251,302,6,0.926095 237,238,268,275,6,0.669242 6,236,173,431,6,0.480931 67,239,151,323,6,0.008207 251,246,267,271,6,0.005628 216,238,267,292,6,0.004906 10,217,74,480,6,0.003086 144,241,183,350,6,0.002553 143,236,186,321,1,0.001149
/home/dysjin/data/CARLA.v20-carla_v20.coco/valid/Town02_007380_png.rf.8809896fc46f6266a6729640bbc68e4c.jpg 556,188,634,221,6,0.827418 272,191,290,203,6,0.058952 610,179,639,220,6,0.024303 627,193,639,220,6,0.018858 560,206,586,262,6,0.011696 564,198,604,214,6,0.008113 560,168,614,210,6,0.003283 0,181,13,260,2,0.003240 0,175,13,244,6,0.001107
/home/dysjin/data/CARLA.v20-carla_v20.coco/valid/Town01_007500_png.rf.7e4c2487265d812d93246e09a19aeab2.jpg 560,163,634,224,6,0.894848 254,194,283,212,6,0.861599 526,179,552,211,6,0.130164 522,177,592,219,6,0.007137 624,166,639,224,6,0.005851 537,44,628,281,6,0.001681 623,171,639,237,0,0.001673 0,221,14,243,6,0.001227 166,216,190,229,6,0.001208 393,180,453,213,6,0.001019
/home/dysjin/data/CARLA.v20-carla_v20.coco/valid/Town05_007500_png.rf.8a81a882e564e9e99b5c951d3e18dbbc.jpg 352,180,394,203,6,0.964618 307,176,322,188,6,0.092876 255,179,268,192,0,0.063645 374,182,393,196,6,0.036082 248,178,265,192,6,0.023498 346,187,365,198,6,0.007360 299,178,312,188,6,0.005609 304,182,408,369,6,0.001394 316,177,328,188,6,0.001288
/home/dysjin/data/CARLA.v20-carla_v20.coco/valid/Town02_005520_png.rf.8a9d2ba4122736ea3845c9e405936cce.jpg 610,190,640,226,6,0.917483 49,195,113,221,6,0.677305 0,197,15,221,6,0.231831 95,195,138,221,6,0.030440 622,187,638,214,6,0.010106 582,198,640,238,6,0.006120 589,199,608,218,6,0.002737 0,187,12,215,6,0.001899 629,212,640,245,6,0.001355 45,211,63,226,1,0.001016
/home/dysjin/data/CARLA.v20-carla_v20.coco/valid/041735_png.rf.891d950e6341a379e0a80f54f49c126a.jpg 271,235,310,301,0,0.508968 631,242,640,269,6,0.006225 0,241,12,271,6,0.002592 0,205,12,289,2,0.001699 628,433,640,480,6,0.001032
/home/dysjin/data/CARLA.v20-carla_v20.coco/valid/041669_png.rf.8f16c7cc68671f71ba068edf120b2a61.jpg 307,236,335,324,0,0.397825
/home/dysjin/data/CARLA.v20-carla_v20.coco/valid/003814_png.rf.9123d8ff8e23490d6f5201cb816e4fc2.jpg 557,182,616,244,3,0.961847 287,239,322,256,6,0.872519 312,243,330,255,6,0.004558 534,160,627,273,3,0.001465
/home/dysjin/data/CARLA.v20-carla_v20.coco/valid/005413_png.rf.9000d6e877ce40e1d5bd5387ece453c2.jpg 106,230,123,279,2,0.935241 85,226,105,292,2,0.864784 632,214,640,302,2,0.005734 30,512,47,480,6,0.003923 2,494,52,480,6,0.002269 98,240,117,268,2,0.002257 78,231,123,278,2,0.001652 19,512,37,480,6,0.001473 12,512,28,480,6,0.001058
/home/dysjin/data/CARLA.v20-carla_v20.coco/valid/Town01_001500_png.rf.9254a251a5c6eb6313adba6a6adf1620.jpg 389,178,402,191,3,0.994911 581,177,637,212,6,0.006422 379,172,408,198,3,0.002889 612,167,636,333,2,0.002011 0,119,14,197,6,0.001610
/home/dysjin/data/CARLA.v20-carla_v20.coco/valid/Town05_004680_png.rf.93664881511a21c1adf050e2e8993477.jpg 243,186,268,205,6,0.968765 330,172,414,229,6,0.923044 314,177,366,216,6,0.062501 185,187,202,201,6,0.058833 281,186,297,198,6,0.044971 530,184,635,380,6,0.033729 628,171,638,200,6,0.023685 264,187,284,199,6,0.006340 374,177,421,218,6,0.005456 251,182,267,197,6,0.001803 615,182,638,374,6,0.001475 192,189,205,203,0,0.001121 317,188,339,207,6,0.001020
/home/dysjin/data/CARLA.v20-carla_v20.coco/valid/138312_png.rf.93c512dad514948e54a85fd6860eba4e.jpg 94,234,113,280,2,0.718037 0,239,12,327,2,0.004148 179,232,228,261,6,0.002750 604,382,617,403,2,0.001694
/home/dysjin/data/CARLA.v20-carla_v20.coco/valid/005160_png.rf.922d9f2da21b5b11121905df87e629d7.jpg 402,212,429,245,5,0.994778
