/home/dysjin/data/CARLA.v20-carla_v20.coco/valid/Town02_006840_png.rf.a4a970c10202604d1dd8c41fe9097525.jpg 564,174,578,192,0,0.409238 442,185,455,199,0,0.195558 564,63,600,101,0,0.151415 455,178,465,191,0,0.022814 558,177,570,192,0,0.021607 0,157,13,210,0,0.016637 0,170,12,197,1,0.016114 558,170,585,196,1,0.006062 434,189,447,202,0,0.003552 452,186,464,199,0,0.003382 344,176,359,192,1,0.003100 0,163,12,185,1,0.003071 0,148,15,200,0,0.003010 466,174,478,189,0,0.002746 573,172,585,191,0,0.002643
/home/dysjin/data/CARLA.v20-carla_v20.coco/valid/Town02_002640_png.rf.ac6bee6a9e4c4b2a1e149670c97196c1.jpg 392,174,408,189,0,0.461085 394,168,408,186,1,0.006244 383,169,415,195,0,0.004473 430,160,444,178,0,0.002579 431,150,443,165,0,0.002419
/home/dysjin/data/CARLA.v20-carla_v20.coco/valid/007096_png.rf.a26873f70f1467f54f0fd09ea8c1731b.jpg 546,167,621,252,0,0.393825 549,183,617,248,1,0.265712 539,162,628,269,2,0.005759
/home/dysjin/data/CARLA.v20-carla_v20.coco/valid/Town02_006480_png.rf.aec43468267a9993201d034f7031ee5c.jpg 346,169,358,184,0,0.237452 347,185,358,198,0,0.044212 355,168,365,182,0,0.018793 369,164,379,179,0,0.011351 353,186,365,197,0,0.005856 352,175,363,187,0,0.004424 379,161,393,178,0,0.001962
/home/dysjin/data/CARLA.v20-carla_v20.coco/valid/051305_png.rf.af3e2dc55ae45fc793f7f25eb6fdf7b4.jpg 424,209,464,242,0,0.551203
/home/dysjin/data/CARLA.v20-carla_v20.coco/valid/007291_png.rf.b33e9d647d42777054dfb5f46d23bbad.jpg 385,222,400,237,0,0.440628 384,219,400,235,1,0.007920
/home/dysjin/data/CARLA.v20-carla_v20.coco/valid/003752_png.rf.bb0716bc5b93fa8b10f41577e20a2f35.jpg 398,218,424,240,0,0.564702
/home/dysjin/data/CARLA.v20-carla_v20.coco/valid/005173_png.rf.c24ac196d86260d3a384e12093bfa5ef.jpg 469,191,529,246,0,0.330435 476,188,528,248,1,0.100464 474,188,531,249,2,0.076301
/home/dysjin/data/CARLA.v20-carla_v20.coco/valid/003769_png.rf.c5c0c17fa97551316c57744e9608f796.jpg 492,191,552,245,0,0.281953 497,186,550,247,1,0.130928 497,187,552,248,2,0.081020
/home/dysjin/data/CARLA.v20-carla_v20.coco/valid/004966_png.rf.c9d8d72d0920460b612251c5fddc5770.jpg 429,201,464,240,0,0.507371
/home/dysjin/data/CARLA.v20-carla_v20.coco/valid/001638_png.rf.c98e4c5bc2a68de358073a26469c81b2.jpg 421,207,452,242,0,0.572805
/home/dysjin/data/CARLA.v20-carla_v20.coco/valid/051274_png.rf.d5f64278c64b556983082379a316485f.jpg 558,166,638,249,0,0.416616 565,177,628,254,1,0.092848 564,154,638,277,2,0.003635
/home/dysjin/data/CARLA.v20-carla_v20.coco/valid/Town01_001440_png.rf.e4b4351effd31d5b433710cffb8243e4.jpg 385,177,399,191,0,0.503457 343,176,355,189,0,0.030036 381,170,409,195,0,0.001913 376,174,404,196,1,0.001543 395,150,409,170,1,0.001421
/home/dysjin/data/CARLA.v20-carla_v20.coco/valid/041811_png.rf.e8d4c17844854d24f9b2bec66a8a8889.jpg 46,223,60,240,0,0.484066 49,221,59,233,1,0.018598 38,220,68,246,0,0.009197 41,227,53,240,0,0.007305 40,218,54,234,1,0.004804 46,233,59,249,0,0.004031
/home/dysjin/data/CARLA.v20-carla_v20.coco/valid/001519_png.rf.e42bb854e84b40164ed2795569b2eb6f.jpg 573,220,590,240,0,0.492561 575,219,587,234,1,0.033949
/home/dysjin/data/CARLA.v20-carla_v20.coco/valid/001509_png.rf.ed3baed466e7f65c1a01fb57bf942b65.jpg 573,220,590,240,0,0.496992 571,219,584,235,1,0.006903
/home/dysjin/data/CARLA.v20-carla_v20.coco/valid/026829_png.rf.e6f26e62f316568466a95ba7fd18d850.jpg 374,222,392,238,0,0.501717 372,220,390,235,1,0.004632
/home/dysjin/data/CARLA.v20-carla_v20.coco/valid/007076_png.rf.d635d979c35f5dd6da756ef9889aef0b.jpg 396,214,422,244,0,0.499902 393,212,417,243,1,0.004638
/home/dysjin/data/CARLA.v20-carla_v20.coco/valid/Town02_006960_png.rf.eedfb90c1deb0d66a31341acd2e08f4f.jpg 147,160,167,179,0,0.510120 575,175,589,192,0,0.006596 566,176,579,193,0,0.004294 149,157,167,173,1,0.001944
/home/dysjin/data/CARLA.v20-carla_v20.coco/valid/041861_png.rf.f5f3812ca6c536c5c25bea3d596be111.jpg 403,209,427,242,0,0.566013
/home/dysjin/data/CARLA.v20-carla_v20.coco/valid/003755_png.rf.f6343810071c5f5401b5697ef363285d.jpg 408,214,434,243,0,0.584834
/home/dysjin/data/CARLA.v20-carla_v20.coco/valid/001630_png.rf.ff5ced110f03f998a7a6998ddf647fd2.jpg 409,209,436,238,0,0.558222
/home/dysjin/data/CARLA.v20-carla_v20.coco/valid/003751_png.rf.0ff9ef7c8c8e4f5eab52437609a3b501.jpg 396,217,420,241,0,0.585098 394,216,417,239,1,0.004812
/home/dysjin/data/CARLA.v20-carla_v20.coco/valid/Town02_008820_png.rf.135414697b8215dc125af6b125d3058c.jpg 394,185,408,200,0,0.218920 403,186,417,199,0,0.010814 395,180,408,194,1,0.007204 384,187,398,201,0,0.002526 417,176,428,188,0,0.002357 416,188,428,200,0,0.001881 404,177,416,191,0,0.001430 418,163,430,179,0,0.001368
/home/dysjin/data/CARLA.v20-carla_v20.coco/valid/006578_png.rf.21f08e8ed63ab67b3ef05528af8ef9e6.jpg 370,222,386,239,0,0.494717 372,220,386,234,1,0.027128 362,221,392,243,1,0.006865
/home/dysjin/data/CARLA.v20-carla_v20.coco/valid/Town02_006720_png.rf.2632fd4f3d65ff215e84d472badfd870.jpg 565,173,579,191,0,0.416681 564,62,600,101,0,0.160724 442,186,454,199,0,0.086208 456,178,466,191,0,0.017368 0,157,13,210,0,0.016728 0,170,12,197,1,0.016166 558,176,570,192,0,0.015507 558,169,585,196,1,0.007162 573,171,585,191,0,0.003792 466,173,478,189,0,0.003610 0,163,12,185,1,0.003106 434,189,447,202,0,0.003083 0,148,15,200,0,0.003046 344,177,359,192,1,0.002703 453,186,465,200,0,0.001820
/home/dysjin/data/CARLA.v20-carla_v20.coco/valid/007070_png.rf.2316a0a54db7e4a749f421570aadd160.jpg 384,220,406,242,0,0.491714 382,217,403,237,1,0.006709
/home/dysjin/data/CARLA.v20-carla_v20.coco/valid/041819_png.rf.374472e0a0868df264a4100cb7734e35.jpg 173,223,187,238,0,0.508235 174,221,186,234,1,0.034148 171,234,184,248,0,0.004207 165,220,193,244,0,0.003691
/home/dysjin/data/CARLA.v20-carla_v20.coco/valid/003766_png.rf.3dbe103da1003d1fb3bd18ad0d0894b4.jpg 458,196,511,243,0,0.480697
/home/dysjin/data/CARLA.v20-carla_v20.coco/valid/026849_png.rf.52e90800c02b90489d2521817c6942f7.jpg 422,206,455,242,0,0.554189
/home/dysjin/data/CARLA.v20-carla_v20.coco/valid/041864_png.rf.51f1d81198f2e5b7a450f586235760ec.jpg 418,207,441,241,0,0.602817
/home/dysjin/data/CARLA.v20-carla_v20.coco/valid/009044_png.rf.59d4a83882b4b6af242cbd9e0e31ba80.jpg 561,220,577,240,0,0.490808 564,219,577,235,1,0.045088 0,212,10,235,1,0.002397 0,200,13,247,0,0.002395
/home/dysjin/data/CARLA.v20-carla_v20.coco/valid/Town01_010680_png.rf.5537782525200ced228c602e6dcc3456.jpg 371,177,383,193,0,0.489175 390,176,402,190,1,0.002620 362,174,390,198,1,0.002471 390,186,406,201,0,0.001154 360,182,372,193,0,0.001028
/home/dysjin/data/CARLA.v20-carla_v20.coco/valid/007085_png.rf.5a7141063cfddac158b01dce18de1e48.jpg 429,204,463,245,0,0.505095
/home/dysjin/data/CARLA.v20-carla_v20.coco/valid/041820_png.rf.69e77a8e269d90d89efc21e5026a7083.jpg 182,224,194,240,0,0.475723 185,220,196,234,1,0.016527 174,219,202,247,0,0.006204 182,233,196,249,0,0.005451 175,219,190,233,1,0.002795
/home/dysjin/data/CARLA.v20-carla_v20.coco/valid/Town05_016500_png.rf.75b431585ae9c755044e81517b796324.jpg 457,180,475,197,0,0.464935
/home/dysjin/data/CARLA.v20-carla_v20.coco/valid/026847_png.rf.7a28094ba474fb2fab06e58f1ebea83c.jpg 413,209,444,240,0,0.593080
/home/dysjin/data/CARLA.v20-carla_v20.coco/valid/003814_png.rf.9123d8ff8e23490d6f5201cb816e4fc2.jpg 549,171,620,252,0,0.406708 551,182,617,249,1,0.293644 538,167,628,265,2,0.005798
/home/dysjin/data/CARLA.v20-carla_v20.coco/valid/Town01_001500_png.rf.9254a251a5c6eb6313adba6a6adf1620.jpg 386,176,400,192,0,0.432641 382,170,410,196,0,0.007151 172,188,186,203,0,0.006512
/home/dysjin/data/CARLA.v20-carla_v20.coco/valid/005160_png.rf.922d9f2da21b5b11121905df87e629d7.jpg 403,214,430,242,0,0.587531
