/home/dysjin/data/CARLA.v20-carla_v20.coco/valid/Town05_011820_png.rf.a721d4435d03a17b63243ff374e790d2.jpg 14,179,108,228,6,0.884139 0,195,64,225,6,0.063216 312,186,322,201,0,0.058549 320,187,331,200,0,0.058097 257,176,270,190,6,0.032293 67,188,113,228,6,0.025985 394,174,406,190,3,0.019400 318,182,330,194,6,0.017304 309,182,321,194,6,0.009916 332,188,343,199,0,0.007365 87,163,120,235,1,0.002513 91,175,112,220,0,0.002233 250,175,262,190,3,0.001645 267,179,280,191,6,0.001458 330,180,340,192,6,0.001249 310,193,322,213,0,0.001163 402,174,417,190,3,0.001036
/home/dysjin/data/CARLA.v20-carla_v20.coco/valid/Town05_005760_png.rf.a5aa9e8688171e7bfb57f36e4a648f69.jpg 314,186,330,200,6,0.873112 101,181,115,207,0,0.046082 365,0,640,149,6,0.041142 411,179,439,222,6,0.016349 344,167,355,181,3,0.010164 343,176,356,189,6,0.009624 242,166,260,181,3,0.008531 354,174,367,189,6,0.005665 356,168,367,181,3,0.004920 336,165,345,182,3,0.003906 378,171,396,187,6,0.003424 306,175,328,203,6,0.003293 244,172,260,188,6,0.003018 387,167,408,180,3,0.002367 331,177,339,191,6,0.001948 328,184,340,198,0,0.001342 368,172,380,187,6,0.001284 255,165,267,181,3,0.001270
/home/dysjin/data/CARLA.v20-carla_v20.coco/valid/075705_png.rf.9f5447b468e0280dc956a534954f8a5e.jpg 312,245,348,272,6,0.995859 171,246,252,298,6,0.940923 240,240,266,276,6,0.873389 0,258,177,403,6,0.861201 251,240,267,275,0,0.060089 284,239,298,251,6,0.025691 227,246,257,286,6,0.019341 356,237,367,252,6,0.016414 596,192,617,251,2,0.009840 201,242,229,254,6,0.008987 295,239,307,254,6,0.007844 254,238,265,264,6,0.006447 0,138,164,375,6,0.005563 353,249,372,265,6,0.005101 0,141,250,480,6,0.004319 229,236,260,267,6,0.003888 191,243,217,255,6,0.003511 587,195,607,245,2,0.003270 8,203,137,317,6,0.002757 357,228,365,245,6,0.002677 160,216,265,328,6,0.002341 253,252,266,278,6,0.001796 284,229,294,246,6,0.001359 214,248,245,290,6,0.001283 217,242,240,257,6,0.001259 161,244,213,314,6,0.001174 197,238,257,264,6,0.001063 187,250,219,291,6,0.001012
/home/dysjin/data/CARLA.v20-carla_v20.coco/valid/Town02_006840_png.rf.a4a970c10202604d1dd8c41fe9097525.jpg 578,183,638,216,6,0.929367 127,189,176,211,6,0.074764 566,175,583,197,3,0.054798 350,188,368,201,6,0.029646 344,195,355,213,0,0.017319 437,188,455,205,3,0.014471 482,183,544,207,6,0.011634 1,168,12,201,3,0.010354 233,196,246,212,0,0.006312 152,193,178,208,6,0.005087 428,180,447,195,3,0.004678 563,182,583,207,0,0.004622 196,188,210,203,6,0.003295 235,191,247,205,6,0.003121 604,195,634,218,6,0.002595 524,188,545,208,6,0.002274 203,189,223,203,6,0.002242 353,182,369,195,6,0.002061 365,187,381,200,6,0.002052 441,196,456,217,6,0.001823 390,178,409,192,6,0.001362 243,188,255,201,6,0.001333 492,207,506,233,6,0.001268 526,176,543,199,3,0.001267 235,178,246,194,3,0.001174 402,179,421,192,6,0.001088 105,185,159,208,6,0.001087 536,187,556,207,6,0.001086 550,184,573,206,6,0.001023 475,175,494,192,3,0.001008
/home/dysjin/data/CARLA.v20-carla_v20.coco/valid/Town02_002640_png.rf.ac6bee6a9e4c4b2a1e149670c97196c1.jpg 261,193,289,216,6,0.936741 304,192,368,242,6,0.780383 392,176,406,193,3,0.766180 307,185,324,201,6,0.161947 300,197,328,245,6,0.030363 275,192,294,209,6,0.014638 293,188,310,202,6,0.012709 312,188,342,232,6,0.004953 302,181,326,214,6,0.004269 399,177,415,194,3,0.003126 314,185,335,203,6,0.002001 234,179,245,194,3,0.001792 623,155,637,211,6,0.001695 180,196,197,220,0,0.001638 245,179,256,194,3,0.001516 316,177,334,193,6,0.001297 329,176,347,192,6,0.001296 413,190,434,206,6,0.001128 296,165,380,271,6,0.001103 0,0,261,163,6,0.001021
/home/dysjin/data/CARLA.v20-carla_v20.coco/valid/007096_png.rf.a26873f70f1467f54f0fd09ea8c1731b.jpg 543,172,614,248,5,0.508601 546,174,618,246,4,0.492261
/home/dysjin/data/CARLA.v20-carla_v20.coco/valid/041683_png.rf.abc13a183255cbb5f9aeca7d55d8b4c0.jpg 304,248,332,309,0,0.738028
/home/dysjin/data/CARLA.v20-carla_v20.coco/valid/041699_png.rf.a4a6f7fb7672ac47b317ec4fe3e21c97.jpg 303,249,330,308,0,0.752433
/home/dysjin/data/CARLA.v20-carla_v20.coco/valid/Town02_006480_png.rf.aec43468267a9993201d034f7031ee5c.jpg 355,178,367,191,3,0.219342 349,178,360,192,3,0.170604 367,176,378,189,3,0.024997 218,187,238,205,6,0.024897 369,168,379,182,3,0.006129 389,0,638,171,6,0.003736 294,199,305,213,0,0.003609 191,173,243,202,6,0.003089 256,186,272,202,6,0.002771 379,176,394,188,3,0.002633 353,185,367,197,3,0.002150 285,197,298,214,0,0.001546 346,184,358,198,3,0.001435 349,168,360,184,3,0.001191 282,188,295,204,0,0.001082
/home/dysjin/data/CARLA.v20-carla_v20.coco/valid/Town02_003060_png.rf.b28380c7e6ad26a4ccdfda39d4db7f85.jpg 548,193,614,220,6,0.599342 609,192,636,229,6,0.161404 528,196,545,213,6,0.066057 559,183,588,218,6,0.020644 534,197,558,215,6,0.013694 581,181,638,220,6,0.009157 604,199,640,241,6,0.003965 550,193,574,217,6,0.003895 513,188,535,209,6,0.003354 526,185,571,215,6,0.003221 621,204,639,254,6,0.001762 621,171,637,224,6,0.001377
/home/dysjin/data/CARLA.v20-carla_v20.coco/valid/Town01_009120_png.rf.b3886317404f3c307752dac4625c4b0e.jpg 309,192,328,211,6,0.877168 568,175,579,192,3,0.033299 338,190,363,203,6,0.022849 542,188,554,206,6,0.010140 368,177,383,196,3,0.006929 326,187,341,202,6,0.004710 376,175,398,194,3,0.004342 269,189,282,201,6,0.003423 374,196,398,215,6,0.003402 350,191,375,206,6,0.002807 299,192,314,206,6,0.002474 541,197,556,213,6,0.002345 428,175,447,191,3,0.002241 565,185,576,204,3,0.001778 368,183,429,210,6,0.001656 551,187,564,206,6,0.001629 574,175,589,191,3,0.001575 358,179,373,196,3,0.001513 337,186,388,209,6,0.001361 341,181,361,195,6,0.001356 438,175,456,192,3,0.001313 403,44,588,143,6,0.001288 245,190,258,205,6,0.001176 514,190,529,206,3,0.001152 526,190,544,206,3,0.001085 366,189,386,210,3,0.001056 318,180,332,199,6,0.001034
/home/dysjin/data/CARLA.v20-carla_v20.coco/valid/051305_png.rf.af3e2dc55ae45fc793f7f25eb6fdf7b4.jpg 428,210,463,242,3,0.998266 306,243,318,252,6,0.043670 271,238,283,250,6,0.007637 296,240,310,252,6,0.002700 316,240,330,252,6,0.001651 304,247,321,259,6,0.001058
/home/dysjin/data/CARLA.v20-carla_v20.coco/valid/007291_png.rf.b33e9d647d42777054dfb5f46d23bbad.jpg 381,220,402,238,3,0.988424 103,16,220,285,6,0.009400 382,231,400,249,3,0.001093 385,12,637,217,6,0.001018
/home/dysjin/data/CARLA.v20-carla_v20.coco/valid/Town05_005820_png.rf.abc3e70595852b4f2320e8b55c805a27.jpg 302,191,336,218,6,0.982723 355,176,368,191,3,0.007263 344,179,355,192,3,0.002994 364,0,640,142,6,0.001492 247,185,259,200,0,0.001176
/home/dysjin/data/CARLA.v20-carla_v20.coco/valid/Town05_006960_png.rf.9d31f2ffd8a1d723122d28555c0e3321.jpg 282,184,297,212,0,0.701568 614,187,640,359,0,0.009233
/home/dysjin/data/CARLA.v20-carla_v20.coco/valid/Town02_009720_png.rf.b20474373a38fe973889a895d5aba03e.jpg 295,211,342,253,6,0.870453 266,188,279,211,0,0.277246 191,178,208,197,3,0.030000 190,179,215,213,0,0.021688 193,184,213,211,5,0.017494 541,173,558,194,3,0.014961 356,201,369,215,6,0.009284 204,196,219,218,0,0.008438 148,208,164,234,0,0.006229 364,204,382,216,6,0.005860 452,177,469,194,3,0.004818 181,190,220,225,6,0.003956 306,212,329,237,6,0.002546 303,177,320,190,6,0.002348 303,201,325,221,6,0.001928 170,210,183,229,0,0.001628 184,175,206,196,4,0.001591 280,179,294,194,6,0.001590 156,210,172,232,0,0.001440 624,164,640,187,6,0.001283 142,188,166,232,0,0.001264 89,176,181,230,6,0.001048
/home/dysjin/data/CARLA.v20-carla_v20.coco/valid/Town01_002220_png.rf.9b6e376c042a4b43cdf2a33f00250d62.jpg 208,225,436,353,6,0.985150 287,190,314,202,6,0.385668 301,190,325,201,6,0.059684 315,188,335,201,6,0.038167 586,209,638,239,6,0.015535 318,180,333,195,6,0.009683 291,183,311,196,6,0.008515 305,182,323,195,6,0.008078 182,189,196,202,6,0.006258 540,202,622,255,6,0.004055 272,188,289,202,0,0.003839 248,177,260,195,3,0.003007 285,187,335,207,6,0.002688 619,203,640,243,6,0.002129 327,188,348,201,6,0.002113 330,178,341,193,0,0.001739 283,181,297,196,6,0.001698 257,186,271,202,6,0.001425 341,189,355,204,6,0.001350 170,190,191,203,6,0.001179 279,184,304,207,6,0.001009
/home/dysjin/data/CARLA.v20-carla_v20.coco/valid/Town01_003900_png.rf.b43a572a2d61a01bb389880cf86179de.jpg 209,224,445,359,6,0.979619 289,188,310,202,6,0.069340 612,174,640,327,2,0.069129 401,185,419,226,0,0.029051 328,190,353,203,6,0.024971 221,190,232,205,0,0.022544 340,191,356,205,0,0.012874 616,146,640,272,6,0.001551 625,168,639,223,6,0.001453 300,188,322,202,6,0.001280 598,176,640,217,6,0.001017
/home/dysjin/data/CARLA.v20-carla_v20.coco/valid/029067_png.rf.b686edaf28a0971571945f7b069613d5.jpg 540,227,584,343,2,0.990776 395,236,406,258,2,0.001245 618,214,640,342,2,0.001125
/home/dysjin/data/CARLA.v20-carla_v20.coco/valid/Town02_004200_png.rf.b4d2f32e1287253b4f35bf521927be39.jpg 269,186,290,207,6,0.986689 376,193,394,208,6,0.032340 356,191,370,204,3,0.028342 364,193,385,205,6,0.027921 343,180,356,193,3,0.014322 347,186,360,200,3,0.012628 293,179,305,193,6,0.009309 306,177,319,191,6,0.007232 307,186,321,197,6,0.003597 276,180,293,199,6,0.003542 387,193,407,206,6,0.002491 439,187,460,207,6,0.002217 354,181,368,195,3,0.002127 333,178,346,192,3,0.001863 402,190,420,205,6,0.001484 318,177,330,191,6,0.001284 440,197,458,217,6,0.001178 412,187,432,204,6,0.001153 521,0,640,211,6,0.001121
/home/dysjin/data/CARLA.v20-carla_v20.coco/valid/Town02_002100_png.rf.b49da10e2c41ab65d4c132e46f15d3e3.jpg 300,197,334,286,1,0.829250 273,184,288,199,6,0.707417 2,187,16,211,6,0.287955 311,187,323,203,6,0.110827 0,179,13,229,6,0.035925 309,181,321,195,6,0.027974 413,189,437,206,6,0.020971 309,192,335,259,6,0.007480 62,190,94,202,6,0.007466 16,191,43,203,6,0.003903 2,187,60,204,6,0.003736 392,189,407,203,6,0.003708 293,185,311,198,6,0.003521 366,190,380,202,6,0.003428 110,177,125,196,3,0.003204 403,188,421,206,6,0.002450 274,173,296,203,6,0.002181 318,179,327,194,6,0.002162 0,159,14,219,6,0.002011 28,188,55,200,6,0.001960 48,177,65,194,3,0.001598 356,178,368,191,3,0.001469 343,177,356,189,3,0.001368 49,164,64,182,3,0.001340 615,163,637,285,2,0.001065
/home/dysjin/data/CARLA.v20-carla_v20.coco/valid/003752_png.rf.bb0716bc5b93fa8b10f41577e20a2f35.jpg 400,216,421,243,4,0.995979 303,237,326,250,6,0.084399 346,228,361,244,4,0.020864
/home/dysjin/data/CARLA.v20-carla_v20.coco/valid/138327_png.rf.b4aecc174d58e25a6e680c2468864172.jpg 16,235,44,297,2,0.732052 2,206,39,306,2,0.019583 2,222,16,317,2,0.007740 1,210,12,314,2,0.003016 380,238,392,253,4,0.002400 442,295,456,319,2,0.001918 14,174,48,302,2,0.001814 18,227,43,277,2,0.001685 245,266,360,331,6,0.001109
/home/dysjin/data/CARLA.v20-carla_v20.coco/valid/Town05_009600_png.rf.b886b3525f44da0ae66796230d91b958.jpg 468,190,497,213,6,0.945776 376,184,405,209,6,0.858249 113,187,210,233,6,0.854539 585,185,630,206,6,0.845309 528,179,545,197,6,0.529361 560,187,583,200,6,0.235529 96,201,159,232,6,0.230036 417,179,431,195,6,0.145184 152,193,224,224,6,0.143250 439,181,458,193,6,0.143005 321,188,333,207,0,0.052387 189,194,216,222,6,0.052045 574,186,600,201,6,0.042323 536,184,554,198,6,0.019784 427,180,444,193,6,0.018290 402,185,417,208,0,0.014474 550,182,571,196,6,0.012347 623,169,638,223,6,0.011166 202,198,221,221,0,0.008626 550,183,593,204,6,0.003580 503,190,514,203,6,0.001958 454,182,469,194,6,0.001466 460,186,473,203,6,0.001449 329,188,341,206,0,0.001397 487,191,499,209,6,0.001377 601,177,640,215,6,0.001247 587,181,608,198,6,0.001193 474,181,492,198,6,0.001157
/home/dysjin/data/CARLA.v20-carla_v20.coco/valid/Town01_002340_png.rf.b8976b6d8f366e29aeb47fb3b3146b33.jpg 208,226,436,353,6,0.985143 278,189,294,208,1,0.162426 273,189,289,206,0,0.083234 316,188,335,201,6,0.032364 587,210,638,239,6,0.025387 304,189,326,200,6,0.019747 286,189,312,201,6,0.018410 319,180,334,195,6,0.008259 182,190,196,202,6,0.007931 259,186,275,202,6,0.005889 307,181,324,195,6,0.004379 541,203,622,255,6,0.004375 248,178,260,194,3,0.004306 619,204,640,242,6,0.002715 328,188,347,201,6,0.002300 330,178,341,193,0,0.001908 291,182,308,195,6,0.001473 170,190,192,203,6,0.001446 256,179,269,196,6,0.001288 341,189,355,204,6,0.001157 603,214,640,249,6,0.001003
/home/dysjin/data/CARLA.v20-carla_v20.coco/valid/Town05_009780_png.rf.c3069a0d7ec82f2e1960c0497cec36fe.jpg 286,201,351,257,6,0.611265 428,206,473,235,6,0.521875 304,190,325,203,6,0.257237 315,191,336,204,6,0.066745 297,187,314,204,6,0.025894 330,189,343,205,0,0.022504 370,187,381,202,1,0.008496 293,192,338,228,6,0.007655 317,182,331,195,6,0.006065 306,183,322,196,6,0.004290 374,186,395,200,6,0.004174 478,172,500,191,3,0.004014 341,186,354,200,6,0.002912 341,179,356,192,6,0.002407 287,186,297,202,6,0.001916 478,162,499,182,3,0.001850 296,182,309,195,6,0.001840 366,179,380,196,6,0.001747 290,201,318,236,6,0.001545 354,179,370,194,6,0.001523 330,196,348,216,0,0.001213
/home/dysjin/data/CARLA.v20-carla_v20.coco/valid/Town05_002700_png.rf.b9dfa75f628efa31633800bb9dfee796.jpg 368,182,386,196,6,0.779984 378,185,391,197,6,0.307804 418,179,427,190,6,0.022489 358,181,375,194,6,0.016874 391,186,403,196,6,0.015733 408,178,417,189,6,0.011910 345,178,356,191,6,0.009434 331,176,342,190,6,0.005047 419,186,429,197,6,0.003426 256,183,271,201,0,0.002733 247,183,262,200,0,0.002495 409,185,417,197,0,0.002419 175,182,188,207,0,0.002052 245,178,259,194,6,0.001948 430,179,439,191,3,0.001845 349,184,360,199,0,0.001377 255,179,271,195,6,0.001266 119,183,132,212,0,0.001138 439,185,453,197,6,0.001093 320,177,332,190,6,0.001091
/home/dysjin/data/CARLA.v20-carla_v20.coco/valid/005173_png.rf.c24ac196d86260d3a384e12093bfa5ef.jpg 477,192,528,248,5,0.732399 405,223,419,239,5,0.009573 42,10,88,43,6,0.001125
/home/dysjin/data/CARLA.v20-carla_v20.coco/valid/Town01_005820_png.rf.c9053a957ff7561268673aaec9e095f0.jpg 304,201,339,312,1,0.963773 344,179,357,191,3,0.117670 408,195,435,215,6,0.116759 179,205,203,220,6,0.067463 192,204,210,217,6,0.067349 414,162,428,182,3,0.036027 310,185,325,200,6,0.034975 315,178,332,193,6,0.018417 405,175,422,198,3,0.010357 174,210,189,227,0,0.010070 553,161,568,185,1,0.009409 560,159,584,180,6,0.004919 623,136,640,183,3,0.003623 172,202,187,220,6,0.003203 623,125,640,173,6,0.002994 549,169,566,190,0,0.002682 549,143,600,176,6,0.002059 403,168,426,205,6,0.002038 584,142,638,176,6,0.001968 414,173,430,196,3,0.001945 614,157,632,185,3,0.001569 404,154,426,191,3,0.001478 342,185,357,198,6,0.001293 245,192,257,206,6,0.001094 611,111,640,193,3,0.001045 343,168,357,185,3,0.001035
/home/dysjin/data/CARLA.v20-carla_v20.coco/valid/Town01_011580_png.rf.c8aa9ea674a7d69974d55bf63b55ddbf.jpg 266,189,288,206,6,0.976448 582,193,640,217,6,0.946038 475,203,518,238,6,0.402366 554,192,572,219,6,0.139795 315,181,331,194,6,0.062305 484,201,507,220,6,0.048496 562,187,578,208,6,0.034296 424,200,441,214,6,0.030227 564,176,578,195,6,0.016374 597,190,626,210,6,0.014603 554,177,569,195,6,0.013730 311,186,325,196,6,0.013439 573,194,595,216,6,0.011844 621,186,638,229,6,0.010526 383,188,395,205,0,0.004333 609,176,634,195,6,0.003819 52,199,77,220,6,0.003562 610,165,635,183,6,0.003452 416,189,434,206,6,0.003379 587,173,636,206,6,0.003351 560,189,610,219,6,0.002996 596,179,624,196,6,0.002518 488,189,507,205,6,0.002494 624,171,637,198,6,0.002236 559,196,580,236,6,0.002160 501,176,518,192,3,0.002117 577,176,592,194,6,0.001900 244,189,262,204,6,0.001743 232,190,246,204,6,0.001699 481,196,499,219,0,0.001585 401,187,425,201,6,0.001501 462,204,584,248,6,0.001499 587,177,609,195,6,0.001438 477,203,505,237,1,0.001380 403,179,422,194,6,0.001137
/home/dysjin/data/CARLA.v20-carla_v20.coco/valid/Town01_007440_png.rf.bed11eeb1dde416bf8789b24a8a5c0f8.jpg 544,170,633,221,6,0.731889 527,181,549,214,6,0.692276 263,192,275,208,6,0.365307 262,197,272,209,0,0.139057 532,180,582,218,6,0.118883 184,211,199,226,6,0.102152 173,213,189,228,6,0.017433 196,203,208,218,6,0.015770 595,189,640,228,6,0.009313 206,201,220,216,6,0.009259 389,190,407,209,1,0.007878 375,187,400,208,6,0.006026 295,187,309,200,6,0.005733 192,209,208,223,6,0.003867 260,184,284,210,6,0.003322 149,212,162,229,0,0.002265 551,117,639,253,6,0.002136 277,190,297,201,6,0.001865 157,213,171,230,6,0.001552 217,201,233,214,6,0.001356 268,181,281,198,6,0.001127
/home/dysjin/data/CARLA.v20-carla_v20.coco/valid/Town05_011760_png.rf.c548e0a947d80bc036151e4db99afcfa.jpg 3,209,178,311,6,0.885882 311,183,322,203,0,0.813450 317,186,327,201,0,0.188014 0,174,215,376,6,0.020935 316,182,328,197,6,0.011496 330,186,343,197,0,0.003241 300,183,312,201,0,0.002110 259,176,271,191,6,0.002097 297,181,309,195,6,0.001412 0,0,367,380,6,0.001304 330,181,340,192,6,0.001108
/home/dysjin/data/CARLA.v20-carla_v20.coco/valid/075708_png.rf.c1818fa586a2b613b2806f928a933d9d.jpg 311,244,347,271,6,0.994697 172,245,251,297,6,0.954597 0,257,175,400,6,0.866154 239,240,266,275,6,0.825259 596,190,615,254,2,0.109821 251,239,266,274,0,0.022020 215,245,263,287,6,0.016583 355,237,366,253,6,0.011377 282,238,297,252,6,0.006662 189,243,217,255,6,0.005109 254,238,265,264,6,0.004651 295,240,306,255,6,0.004621 0,132,251,480,6,0.004358 1,144,163,371,6,0.003505 584,192,607,235,2,0.003202 353,250,371,265,6,0.003191 13,205,136,317,6,0.003126 161,216,264,327,6,0.002836 231,241,258,260,6,0.002747 578,201,597,221,2,0.001158 188,249,220,292,6,0.001118 196,239,258,264,6,0.001082
/home/dysjin/data/CARLA.v20-carla_v20.coco/valid/Town05_009900_png.rf.c90bd5781f975f44de47fd794a1f9ac6.jpg 352,198,432,252,6,0.974511 330,186,344,203,0,0.114494 443,178,459,192,6,0.023031 416,193,434,245,0,0.017639 404,180,421,193,3,0.011610 366,183,413,210,6,0.010045 374,182,401,194,6,0.009265 576,0,640,187,6,0.008241 415,187,431,206,0,0.005665 488,178,506,192,3,0.003771 476,179,498,192,6,0.003760 320,184,338,204,6,0.003448 415,179,430,194,3,0.003382 443,187,459,199,6,0.003274 339,186,354,202,6,0.002668 342,163,444,279,6,0.002352 327,180,346,197,6,0.001406 489,185,503,200,0,0.001144 585,0,633,116,6,0.001041
/home/dysjin/data/CARLA.v20-carla_v20.coco/valid/Town05_009660_png.rf.cc2e0d6a11c64dbe092a6e9321c6a170.jpg 416,191,464,211,6,0.965644 233,222,407,313,6,0.962719 345,184,356,205,0,0.604580 613,186,632,199,6,0.366680 211,185,227,201,6,0.124542 380,179,393,193,6,0.080077 622,184,638,205,6,0.069807 415,186,442,205,6,0.058540 343,190,360,217,0,0.046320 254,179,271,192,6,0.040797 218,185,230,200,0,0.030781 369,180,384,194,6,0.014354 602,181,623,195,6,0.012553 354,180,366,194,6,0.012132 336,186,350,206,0,0.010947 380,184,391,198,0,0.009676 217,179,231,197,6,0.008738 281,196,297,218,0,0.008309 389,178,407,191,6,0.007374 401,178,423,193,6,0.006562 284,186,295,204,0,0.004188 291,188,306,201,6,0.002554 609,173,635,202,6,0.002145 336,179,348,195,0,0.002131 257,182,273,201,0,0.001901 418,176,461,204,6,0.001887 406,184,423,202,6,0.001847 233,173,273,194,6,0.001598 404,169,421,181,3,0.001264 272,194,287,219,0,0.001235 390,185,404,199,6,0.001215 272,185,284,203,0,0.001176 369,185,383,198,0,0.001127
/home/dysjin/data/CARLA.v20-carla_v20.coco/valid/003769_png.rf.c5c0c17fa97551316c57744e9608f796.jpg 500,198,550,242,3,0.670892 355,228,370,245,3,0.243481 502,193,551,238,4,0.097499 306,239,325,253,6,0.074232
/home/dysjin/data/CARLA.v20-carla_v20.coco/valid/121197_png.rf.c99e70822c663f40252f74e6b2ad5094.jpg 236,280,399,358,6,0.966373 496,240,521,272,6,0.020280 212,239,426,414,6,0.006678 315,239,331,256,0,0.006077 490,240,511,274,2,0.003503 450,238,467,258,6,0.001844 268,238,283,258,0,0.001411 510,221,528,273,2,0.001069 257,238,276,257,1,0.001051
/home/dysjin/data/CARLA.v20-carla_v20.coco/valid/004966_png.rf.c9d8d72d0920460b612251c5fddc5770.jpg 430,204,464,241,4,0.973864
/home/dysjin/data/CARLA.v20-carla_v20.coco/valid/Town01_006240_png.rf.cc5628eb556a5a5bd1824a8d19313b41.jpg 310,187,324,207,6,0.802565 315,193,327,214,6,0.228017 611,160,640,248,6,0.090512 308,180,322,198,6,0.053403 301,186,312,203,6,0.009299 316,180,329,196,6,0.008571 358,180,373,192,6,0.008128 363,180,382,193,3,0.005887 586,166,639,203,6,0.004479 624,179,639,215,6,0.004035 363,185,383,197,6,0.003778 624,203,640,255,6,0.002909 304,171,325,205,6,0.001703 611,153,635,195,6,0.001575 445,186,476,201,6,0.001523
/home/dysjin/data/CARLA.v20-carla_v20.coco/valid/001638_png.rf.c98e4c5bc2a68de358073a26469c81b2.jpg 424,212,455,241,3,0.998768 377,243,393,255,6,0.002359 513,126,539,238,3,0.002042 153,224,172,243,3,0.001544 364,248,387,260,6,0.001188 511,234,533,253,3,0.001134 608,234,630,254,3,0.001041
/home/dysjin/data/CARLA.v20-carla_v20.coco/valid/051274_png.rf.d5f64278c64b556983082379a316485f.jpg 559,170,637,245,4,0.653837 357,229,375,245,3,0.554006 564,173,631,258,3,0.028040
/home/dysjin/data/CARLA.v20-carla_v20.coco/valid/Town01_001440_png.rf.e4b4351effd31d5b433710cffb8243e4.jpg 383,176,401,196,3,0.927260 391,139,410,184,3,0.010087 344,181,355,193,3,0.005386 271,188,284,202,6,0.003201 427,165,444,183,3,0.003120 385,173,431,194,6,0.002960 395,175,422,190,3,0.002492 319,187,333,199,6,0.002434 333,187,344,200,6,0.002005 306,188,319,198,6,0.001696 342,187,355,199,6,0.001536 278,186,296,198,6,0.001493 293,187,306,199,6,0.001295 357,181,368,194,3,0.001107
/home/dysjin/data/CARLA.v20-carla_v20.coco/valid/019121_png.rf.deb86464dd224ac85f75272f851fc0a8.jpg 509,240,561,257,6,0.937157 541,240,573,257,6,0.189205 394,244,405,276,2,0.040631 503,243,526,258,6,0.012060 195,229,205,260,2,0.008101 583,247,605,265,6,0.004371 518,226,573,253,6,0.003383 575,240,595,258,6,0.002198 557,246,583,260,6,0.001494 401,234,416,286,2,0.001061 499,233,567,273,6,0.001041
/home/dysjin/data/CARLA.v20-carla_v20.coco/valid/041811_png.rf.e8d4c17844854d24f9b2bec66a8a8889.jpg 46,222,63,244,4,0.971351 0,242,15,296,0,0.338688 7,234,22,259,6,0.069850 8,224,22,249,6,0.043942 54,223,70,244,4,0.039848 0,249,12,309,0,0.029407 1,213,19,278,6,0.013547 3,234,25,280,0,0.011136 602,243,640,270,6,0.009106 0,230,29,320,0,0.005616 611,241,637,257,6,0.003916 625,235,638,261,6,0.002768 39,219,59,239,4,0.001863 0,238,28,356,0,0.001775 0,228,36,265,6,0.001560 25,217,38,233,4,0.001343 10,216,22,235,4,0.001201
/home/dysjin/data/CARLA.v20-carla_v20.coco/valid/041657_png.rf.e06a4a0ae870ee5d8dbe97fc65b5b666.jpg 309,241,332,305,0,0.819823 625,215,638,280,6,0.002473 440,239,454,258,6,0.002247 466,257,478,281,0,0.001725
/home/dysjin/data/CARLA.v20-carla_v20.coco/valid/001519_png.rf.e42bb854e84b40164ed2795569b2eb6f.jpg 571,219,590,245,3,0.948075 493,241,522,323,2,0.020289 605,235,618,251,3,0.008907 610,236,631,253,6,0.004274 570,230,584,250,3,0.002361 626,236,638,258,6,0.001936 618,53,640,207,6,0.001467 342,227,357,246,3,0.001376 614,133,638,269,3,0.001154
/home/dysjin/data/CARLA.v20-carla_v20.coco/valid/Town02_005280_png.rf.ec981f5d8aec80a53ec1f9961c2321af.jpg 45,195,134,221,6,0.888094 157,191,205,267,1,0.569690 626,190,637,249,6,0.052138 175,195,205,249,0,0.052015 149,189,193,272,0,0.050244 99,196,131,220,6,0.023262 42,201,69,222,6,0.017527 0,193,11,222,6,0.013791 52,201,87,219,6,0.011806 610,68,637,189,3,0.004714 154,213,207,256,6,0.002290 609,154,636,253,6,0.002227 0,165,10,228,6,0.001713 174,208,207,253,1,0.001274
/home/dysjin/data/CARLA.v20-carla_v20.coco/valid/001509_png.rf.ed3baed466e7f65c1a01fb57bf942b65.jpg 571,219,590,245,3,0.950684 493,240,521,323,2,0.014244 611,236,632,253,6,0.006558 605,235,618,251,3,0.006489 569,230,584,250,3,0.004413 625,236,638,259,6,0.003103 615,131,638,271,3,0.002164 343,227,357,246,3,0.001982 583,227,600,249,3,0.001531
/home/dysjin/data/CARLA.v20-carla_v20.coco/valid/033890_png.rf.e368755037cdc345b45b625d64db27a1.jpg 252,261,417,352,6,0.972379 591,224,632,333,2,0.897349 611,255,634,329,2,0.036461 577,171,640,354,2,0.003577
/home/dysjin/data/CARLA.v20-carla_v20.coco/valid/075724_png.rf.e0c3e9a2b7f318c71e76ccdcb0dda6a1.jpg 295,243,331,268,6,0.989442 211,243,239,282,6,0.661983 0,244,82,480,6,0.653248 66,256,205,338,6,0.456364 272,239,288,252,6,0.220777 0,267,84,480,6,0.037774 227,241,242,282,0,0.018415 0,205,67,453,6,0.010402 279,240,296,254,6,0.008434 8,272,70,421,6,0.006056 226,253,243,279,6,0.005862 612,236,631,257,6,0.005310 228,245,241,279,1,0.005123 191,240,228,303,6,0.002283 274,231,285,247,6,0.002267 298,243,317,259,6,0.001744 16,238,85,454,1,0.001644
/home/dysjin/data/CARLA.v20-carla_v20.coco/valid/112477_png.rf.ecf5d82849f8b68362ce65c8d2645a1c.jpg 337,237,361,296,2,0.900823 585,235,632,256,6,0.012118 377,238,392,258,2,0.006381 369,238,383,259,2,0.002783
/home/dysjin/data/CARLA.v20-carla_v20.coco/valid/Town02_001980_png.rf.ee7206fcf98c96c61f2900b25e79ce20.jpg 296,197,339,314,1,0.979985 156,181,177,218,0,0.534942 39,184,69,215,6,0.278819 0,191,63,219,6,0.270244 413,188,436,207,6,0.077649 4,190,29,211,6,0.042862 49,177,66,199,3,0.014599 308,187,322,199,6,0.011922 165,190,181,216,0,0.009920 64,189,94,203,6,0.005069 1,184,14,211,6,0.003785 194,177,211,194,3,0.003662 61,185,121,207,6,0.003369 144,180,171,212,6,0.002819 404,187,424,207,6,0.002636 53,186,72,208,1,0.002311 392,0,639,175,6,0.002293 305,180,320,193,6,0.002167 109,177,126,196,3,0.001773 17,193,47,209,6,0.001751 343,176,355,190,3,0.001680 133,178,151,196,6,0.001432 56,172,107,199,6,0.001343 118,184,137,205,3,0.001172 50,164,67,182,3,0.001166 355,177,368,191,3,0.001069 120,177,136,196,3,0.001063 615,163,638,284,2,0.001036 130,185,152,205,6,0.001012
/home/dysjin/data/CARLA.v20-carla_v20.coco/valid/026829_png.rf.e6f26e62f316568466a95ba7fd18d850.jpg 372,219,394,242,3,0.993045 630,269,640,300,6,0.001529 387,140,432,224,6,0.001180
/home/dysjin/data/CARLA.v20-carla_v20.coco/valid/007076_png.rf.d635d979c35f5dd6da756ef9889aef0b.jpg 398,213,417,245,5,0.923135
/home/dysjin/data/CARLA.v20-carla_v20.coco/valid/112475_png.rf.df928fa484eb08e1454caacc1e194352.jpg 332,237,355,295,2,0.952702 585,234,632,256,6,0.008093 377,238,391,258,2,0.007287
/home/dysjin/data/CARLA.v20-carla_v20.coco/valid/Town02_006960_png.rf.eedfb90c1deb0d66a31341acd2e08f4f.jpg 2,178,30,208,6,0.918204 149,165,166,182,3,0.916452 580,177,635,243,6,0.294147 81,174,103,187,6,0.022634 177,177,201,191,6,0.018413 166,173,185,188,6,0.006865 203,177,226,191,6,0.004603 152,170,173,187,3,0.004599 72,174,93,187,6,0.004389 187,177,216,190,6,0.003854 214,175,240,189,6,0.003436 96,172,112,188,0,0.003404 148,168,164,218,0,0.002943 225,172,253,188,6,0.002577 105,172,125,187,6,0.002046 4,174,19,202,6,0.001712 267,164,290,180,3,0.001698 574,185,597,205,6,0.001643 265,170,315,193,6,0.001462 585,198,613,240,6,0.001229 152,174,175,211,0,0.001176 0,148,29,218,6,0.001145 146,177,164,233,0,0.001098 151,165,180,185,6,0.001031 590,208,640,250,6,0.001012 299,170,356,196,6,0.001004
/home/dysjin/data/CARLA.v20-carla_v20.coco/valid/Town05_010860_png.rf.f31c0584fff1474ad2b0f4132e874f7d.jpg 305,179,331,241,0,0.934546 3,183,57,215,6,0.060481 29,188,56,208,6,0.049884 354,179,370,192,6,0.008183 45,187,58,204,0,0.006119 0,194,15,219,6,0.005081 6,187,29,210,6,0.005005 0,183,13,212,6,0.003462 367,186,380,200,3,0.002511 32,175,55,195,6,0.002350 379,185,395,200,3,0.002050 390,185,405,200,6,0.001684 298,182,311,195,0,0.001625 248,185,259,200,0,0.001499 345,178,359,193,6,0.001430 20,175,43,195,6,0.001218 305,182,320,195,0,0.001180 31,164,53,178,6,0.001175 365,179,382,193,3,0.001130 46,174,59,193,0,0.001097 378,178,396,194,6,0.001058 357,186,370,202,0,0.001051 4,169,32,204,6,0.001019
/home/dysjin/data/CARLA.v20-carla_v20.coco/valid/Town05_004800_png.rf.ee7c080c8716cb366969ca625bb6d68b.jpg 243,185,267,203,6,0.960476 220,185,238,200,6,0.460905 345,185,361,201,6,0.343527 353,185,367,202,0,0.260586 353,180,367,198,6,0.051306 216,182,272,203,6,0.049304 209,185,230,202,6,0.034544 181,185,199,204,6,0.021964 365,181,380,194,6,0.019665 336,184,350,200,6,0.016003 392,178,403,192,6,0.010736 625,173,638,197,6,0.003965 379,179,395,193,6,0.003647 266,187,280,200,6,0.002973 267,181,279,194,6,0.001410 321,178,333,193,6,0.001372 194,185,212,201,6,0.001041
/home/dysjin/data/CARLA.v20-carla_v20.coco/valid/Town05_009840_png.rf.f5040ce45ecca2822cb3b1b4ea8a6f61.jpg 299,201,368,250,6,0.967772 296,185,311,204,6,0.015438 303,187,321,205,1,0.007905 351,195,367,221,0,0.007351 314,190,338,203,6,0.005617 321,190,373,228,6,0.003276 456,199,472,219,6,0.003050 283,185,298,202,6,0.002809 290,169,380,277,6,0.002780 343,189,362,209,0,0.002464 328,192,352,206,6,0.001940 294,190,310,218,0,0.001905 464,199,476,222,0,0.001575 271,184,283,202,6,0.001468 294,178,309,195,6,0.001220
/home/dysjin/data/CARLA.v20-carla_v20.coco/valid/041861_png.rf.f5f3812ca6c536c5c25bea3d596be111.jpg 301,240,321,293,0,0.988161 402,211,429,243,4,0.964703 96,247,238,311,6,0.810172 216,228,233,283,0,0.114536 354,224,365,240,4,0.070281 218,233,236,259,6,0.041400 205,237,232,281,6,0.015678 357,217,368,232,4,0.012833 178,245,233,292,6,0.012726 215,237,231,296,0,0.008877 218,229,234,247,6,0.006386 356,236,367,252,4,0.003609 378,249,392,262,6,0.003253 262,235,272,250,0,0.001956 231,227,241,243,6,0.001754 367,216,380,231,4,0.001562 150,230,207,317,6,0.001273 228,233,241,253,6,0.001178 107,268,172,302,6,0.001151 209,228,229,244,6,0.001107 366,239,380,254,4,0.001064
/home/dysjin/data/CARLA.v20-carla_v20.coco/valid/Town02_003120_png.rf.f36fecf8d2ee4965c1f3bddaaaad5f33.jpg 407,192,489,221,6,0.825903 608,185,637,214,6,0.700215 445,190,495,225,1,0.031066 586,191,610,207,6,0.026868 621,188,637,247,6,0.026690 563,189,581,207,6,0.004100 470,196,493,221,1,0.003265 561,187,610,210,6,0.003030 600,190,627,208,6,0.003001 410,191,436,220,6,0.002456 611,179,634,199,6,0.001973 528,184,541,208,6,0.001847 460,191,503,223,6,0.001251 600,190,640,222,6,0.001094
/home/dysjin/data/CARLA.v20-carla_v20.coco/valid/003755_png.rf.f6343810071c5f5401b5697ef363285d.jpg 410,213,431,244,4,0.996770 306,238,324,252,6,0.055523 346,227,360,245,3,0.007203 451,211,472,229,4,0.001671
/home/dysjin/data/CARLA.v20-carla_v20.coco/valid/Town01_003300_png.rf.fae28071a74fa02928094ff14cdbb3aa.jpg 270,204,366,270,6,0.976751 277,194,296,214,6,0.528723 192,198,214,209,6,0.267281 164,195,190,208,6,0.108514 318,192,335,206,6,0.042712 381,197,394,213,0,0.018838 175,196,207,207,6,0.011173 290,196,337,220,6,0.009073 288,193,308,206,6,0.008410 379,191,394,208,6,0.007872 68,189,90,208,6,0.007289 547,204,596,240,6,0.007201 388,192,407,206,6,0.006508 259,191,274,204,6,0.005418 81,190,97,210,6,0.004398 328,191,342,204,6,0.002917 368,189,384,203,3,0.002544 628,208,639,238,6,0.001859 355,190,370,203,6,0.001791 82,198,98,213,1,0.001582 402,191,420,207,6,0.001203 203,194,219,206,6,0.001059
/home/dysjin/data/CARLA.v20-carla_v20.coco/valid/138255_png.rf.fbf65e3e930393318a8312fdaefcae24.jpg 55,233,77,292,2,0.841709 239,238,262,251,6,0.154388 222,238,234,252,6,0.120214 439,294,455,319,2,0.028323 230,236,251,251,6,0.012710 432,284,444,309,2,0.010795 66,233,83,289,2,0.009270 197,239,206,255,6,0.003000 208,238,221,254,6,0.002483 176,248,184,270,0,0.002195 224,247,234,260,6,0.001936 340,238,359,253,6,0.001585 183,248,193,263,6,0.001578 450,297,464,319,2,0.001456 253,236,271,250,6,0.001268 515,319,535,365,2,0.001180 217,233,268,252,6,0.001005
/home/dysjin/data/CARLA.v20-carla_v20.coco/valid/005373_png.rf.f68e0e113c5193c933cbee38c6a6bc2d.jpg 156,235,168,264,2,0.582747 142,229,164,271,2,0.557078 136,229,154,273,2,0.200077 167,228,180,290,2,0.067446 167,236,179,263,2,0.066000 124,237,140,263,6,0.011385 385,238,443,259,6,0.008924 0,206,8,313,2,0.006761 169,235,183,298,2,0.003423 123,230,143,271,2,0.002016 137,225,149,252,2,0.001351
/home/dysjin/data/CARLA.v20-carla_v20.coco/valid/001630_png.rf.ff5ced110f03f998a7a6998ddf647fd2.jpg 410,213,437,240,3,0.994725 364,244,385,254,6,0.002604 345,241,358,256,3,0.002104 166,224,184,243,3,0.001697 346,249,361,264,0,0.001609 354,243,370,255,3,0.001393 375,243,394,254,6,0.001107
/home/dysjin/data/CARLA.v20-carla_v20.coco/valid/006662_png.rf.fa42143249c7b6a780238796639341d3.jpg 465,229,495,314,2,0.470809 568,183,598,213,6,0.005898 549,193,595,228,6,0.005607 484,238,505,304,2,0.004274 438,237,460,281,2,0.002857 432,242,488,277,6,0.002135 457,236,475,303,2,0.002124 533,204,588,241,6,0.001037
/home/dysjin/data/CARLA.v20-carla_v20.coco/valid/Town05_004860_png.rf.f5c138159cbce172c63fa9a736f9c655.jpg 243,186,267,203,6,0.956877 220,185,238,200,6,0.423943 345,185,361,202,6,0.278124 353,185,367,202,0,0.271513 217,182,271,203,6,0.053276 353,180,367,199,6,0.049987 209,186,229,201,6,0.042605 181,186,199,203,6,0.038428 365,181,380,194,6,0.019031 335,184,350,201,6,0.014429 624,173,638,197,6,0.004417 391,177,403,192,6,0.004281 266,188,280,200,6,0.003738 379,178,394,192,6,0.003327 195,185,212,201,6,0.001560 267,181,279,194,6,0.001459 321,178,333,193,6,0.001162
/home/dysjin/data/CARLA.v20-carla_v20.coco/valid/Town01_008460_png.rf.03f3160d63f090b29499596ec3c8c4b5.jpg 27,198,140,250,6,0.876252 548,194,618,221,6,0.384939 541,195,559,218,6,0.374022 594,186,621,202,6,0.065071 596,179,618,194,6,0.058521 627,172,640,197,6,0.051285 581,185,633,210,6,0.029900 262,187,289,199,6,0.026850 436,199,464,212,6,0.016422 516,186,529,206,6,0.016087 625,184,640,210,6,0.012869 514,176,526,194,3,0.010831 469,186,526,208,6,0.010329 473,191,496,207,6,0.007686 548,188,567,211,6,0.007291 236,188,249,207,0,0.006565 467,192,482,208,6,0.005360 554,198,585,219,6,0.005184 110,189,127,209,0,0.004894 0,147,130,238,6,0.004179 530,189,543,208,6,0.003989 612,176,634,193,6,0.003053 544,176,553,194,6,0.003051 84,200,148,241,6,0.002917 573,179,597,192,6,0.002677 547,165,640,331,6,0.002562 565,182,625,251,6,0.002555 484,189,511,204,6,0.002402 503,187,521,205,6,0.002266 516,195,531,214,6,0.002059 569,186,603,201,6,0.002016 110,196,129,219,1,0.001987 552,176,566,193,6,0.001898 557,188,584,204,6,0.001796 243,188,257,204,6,0.001792 1,167,76,380,6,0.001742 562,178,582,192,6,0.001698 547,208,570,222,6,0.001482 449,194,472,209,6,0.001435 242,195,255,214,0,0.001429 26,203,85,238,6,0.001279 607,190,640,227,6,0.001206 625,191,640,244,6,0.001041 0,201,58,240,6,0.001040 7,0,252,164,6,0.001008
/home/dysjin/data/CARLA.v20-carla_v20.coco/valid/005508_png.rf.0ab3da1b4970047c9b42e5bbe5d4e6f1.jpg 31,229,55,284,2,0.965862 86,227,122,314,2,0.854488 25,222,57,312,2,0.010201 25,239,45,291,2,0.003477 571,444,619,480,6,0.002228 38,226,73,297,2,0.001024
/home/dysjin/data/CARLA.v20-carla_v20.coco/valid/Town01_006180_png.rf.089d25ecaf49fe28c7f3bf0c3614732b.jpg 311,186,325,210,6,0.614534 312,190,325,216,1,0.325808 385,179,419,192,6,0.099760 363,180,385,192,6,0.066845 398,175,421,190,3,0.052693 310,185,324,221,0,0.028937 308,180,322,198,6,0.010986 315,179,328,196,6,0.009521 355,185,373,196,6,0.003101 347,178,360,191,6,0.002497 393,170,412,184,3,0.002335 556,0,640,260,6,0.002244 364,169,385,183,6,0.001588 0,204,14,258,6,0.001328 0,191,15,251,6,0.001283 411,176,432,191,6,0.001108
/home/dysjin/data/CARLA.v20-carla_v20.coco/valid/Town02_008340_png.rf.044a76656e2e2fe428cd425926d9acbe.jpg 554,191,614,220,6,0.963372 164,197,237,240,6,0.828043 269,180,285,196,6,0.447147 553,192,572,218,6,0.035500 279,185,293,198,6,0.021101 245,187,255,204,0,0.015908 260,180,275,197,6,0.007368 306,178,320,191,6,0.005762 246,179,258,196,6,0.005707 569,188,602,211,6,0.005462 291,187,306,199,6,0.003674 541,188,560,208,6,0.002356 542,185,585,215,6,0.002285 199,199,249,238,6,0.002281 626,163,638,226,6,0.002205 412,188,429,213,1,0.002071 142,187,162,205,6,0.001506 236,177,247,194,6,0.001226 316,174,331,190,6,0.001103 141,175,163,190,6,0.001071 627,158,640,186,6,0.001057
/home/dysjin/data/CARLA.v20-carla_v20.coco/valid/075710_png.rf.0b62bb94157d1f2113ac6bbefe158022.jpg 311,244,347,270,6,0.994062 173,246,252,298,6,0.946119 0,257,176,401,6,0.854603 240,239,265,276,6,0.842274 596,190,615,255,2,0.085476 251,238,266,274,0,0.022723 215,245,263,287,6,0.020264 200,242,228,254,6,0.012558 355,238,367,253,6,0.011215 255,239,265,264,6,0.007398 1,143,160,373,6,0.006090 0,144,246,480,6,0.004475 283,237,297,252,6,0.004462 296,239,308,256,6,0.003476 161,216,265,328,6,0.002584 356,228,365,246,6,0.002413 584,192,607,235,2,0.002089 353,248,371,264,6,0.001889 231,241,258,259,6,0.001881 188,250,220,291,6,0.001420
/home/dysjin/data/CARLA.v20-carla_v20.coco/valid/041689_png.rf.0d648fbd58416a80b414e4503d51c42e.jpg 304,243,331,303,0,0.906233
/home/dysjin/data/CARLA.v20-carla_v20.coco/valid/003751_png.rf.0ff9ef7c8c8e4f5eab52437609a3b501.jpg 398,214,417,244,4,0.986343 306,237,324,250,6,0.409829 346,227,361,243,4,0.090402 448,209,469,227,4,0.003364
/home/dysjin/data/CARLA.v20-carla_v20.coco/valid/Town02_008820_png.rf.135414697b8215dc125af6b125d3058c.jpg 266,204,373,339,6,0.938522 511,182,556,211,6,0.930800 345,187,361,198,6,0.307074 554,181,612,214,6,0.213250 399,184,422,201,6,0.148005 380,187,398,203,6,0.083905 224,190,234,207,0,0.071167 139,175,165,192,6,0.054940 429,197,441,220,1,0.036342 354,183,369,195,6,0.020584 228,190,246,203,6,0.019058 368,186,385,199,6,0.010474 503,179,525,197,3,0.007166 524,190,592,220,6,0.006915 626,192,640,247,6,0.005395 383,195,396,211,0,0.004439 478,177,495,194,3,0.004043 393,183,411,196,3,0.003821 270,186,282,197,6,0.003465 192,188,209,202,6,0.003366 566,169,623,203,6,0.003325 180,179,201,195,6,0.002984 394,182,450,204,6,0.002560 501,183,527,203,6,0.002542 411,185,436,200,6,0.002377 527,173,586,202,6,0.002374 149,177,178,191,6,0.002047 627,184,640,212,6,0.001779 426,177,444,192,3,0.001570 260,185,272,198,6,0.001539 439,177,458,191,3,0.001526 166,180,191,193,6,0.001503 76,182,133,216,6,0.001394 337,185,348,199,0,0.001362 446,186,475,200,6,0.001339 511,181,539,198,6,0.001300 0,169,8,243,6,0.001299 570,190,596,222,1,0.001261 593,181,621,212,6,0.001139 449,180,472,194,3,0.001114
/home/dysjin/data/CARLA.v20-carla_v20.coco/valid/006664_png.rf.1466f666c872e94bac27eba56bbdfb5b.jpg 479,236,516,320,2,0.665186 273,244,285,268,0,0.007343 272,235,282,259,0,0.001183 433,240,490,272,6,0.001066
/home/dysjin/data/CARLA.v20-carla_v20.coco/valid/014570_png.rf.1235b2ca71c181a49fda1bb53eaa19cd.jpg 434,228,454,286,2,0.986873 64,240,129,259,6,0.952480 303,242,332,261,6,0.892076 72,227,121,252,6,0.002819 325,239,342,256,6,0.002286 421,233,439,284,2,0.001011
/home/dysjin/data/CARLA.v20-carla_v20.coco/valid/112550_png.rf.1ca2fa82e03653536df85cf5faf5753c.jpg 521,229,544,292,2,0.559391 377,239,391,258,2,0.016447 583,233,634,257,6,0.001827 529,227,556,318,2,0.001682
/home/dysjin/data/CARLA.v20-carla_v20.coco/valid/Town02_000780_png.rf.16d5987bcdc7d08470c1b3e757e128e5.jpg 305,202,341,311,1,0.981315 282,184,299,201,6,0.959248 50,184,110,212,6,0.844597 88,188,113,208,6,0.209370 601,188,640,210,6,0.096760 332,185,346,199,6,0.076720 340,184,356,198,6,0.025024 36,182,82,211,6,0.020894 585,188,609,204,6,0.012836 321,180,334,193,6,0.012725 623,195,639,216,6,0.009045 355,179,369,194,3,0.007809 379,185,393,201,3,0.006305 366,185,382,203,6,0.006189 275,185,290,199,6,0.004902 70,174,115,206,6,0.003388 304,181,320,192,6,0.003081 353,184,369,200,6,0.002394 357,166,369,183,3,0.002383 36,185,50,211,0,0.002323 389,185,406,202,3,0.002069 0,180,12,235,6,0.001619 304,187,323,199,6,0.001537 56,181,80,197,6,0.001522 561,184,611,209,6,0.001497 6,197,22,224,6,0.001439 102,189,123,205,6,0.001337 591,59,629,149,3,0.001335 35,195,51,216,0,0.001311 627,176,640,200,6,0.001112 0,158,10,235,6,0.001053
/home/dysjin/data/CARLA.v20-carla_v20.coco/valid/Town02_001500_png.rf.1e8a22666698f8954863a9939bc59942.jpg 185,185,214,215,1,0.318317 583,174,631,278,2,0.278537 181,189,209,217,6,0.224719 402,199,423,215,6,0.015067 604,155,640,262,2,0.005984 436,195,483,225,6,0.005692 557,181,608,269,2,0.004862 581,199,636,247,6,0.003736 566,129,640,287,2,0.003370 436,190,461,207,6,0.003107 364,188,383,202,6,0.002514 375,188,395,203,6,0.002232 556,200,613,242,6,0.001801 492,205,553,240,6,0.001534 200,195,221,213,0,0.001379 395,194,450,220,6,0.001263 364,178,384,195,6,0.001126 501,192,608,259,6,0.001102
/home/dysjin/data/CARLA.v20-carla_v20.coco/valid/Town05_004620_png.rf.0e4a190ca586e0e90df6b90be2c83f5b.jpg 398,179,455,209,6,0.987264 286,185,300,201,6,0.567053 348,180,362,197,6,0.460531 349,184,360,199,0,0.327454 606,184,633,201,6,0.143230 571,202,596,238,0,0.040627 393,181,411,204,6,0.026376 290,184,304,201,0,0.019256 220,186,238,200,6,0.012481 364,182,381,193,6,0.011863 254,178,272,193,6,0.011607 572,203,616,240,6,0.011320 382,179,394,194,6,0.008390 401,179,427,199,6,0.008154 286,192,299,213,0,0.003872 564,171,600,242,2,0.003562 621,184,638,205,6,0.003350 570,182,628,208,6,0.003051 559,193,609,228,0,0.001992 335,179,350,195,6,0.001672 572,175,594,193,6,0.001411 342,177,380,197,6,0.001220 231,185,245,200,0,0.001098 563,174,586,190,3,0.001064 348,192,359,213,0,0.001008
/home/dysjin/data/CARLA.v20-carla_v20.coco/valid/006578_png.rf.21f08e8ed63ab67b3ef05528af8ef9e6.jpg 369,221,385,240,3,0.988124 263,234,291,257,6,0.946657 369,231,383,249,3,0.001483
/home/dysjin/data/CARLA.v20-carla_v20.coco/valid/Town01_004320_png.rf.1f6552094735eb0bd49b614b7e584c58.jpg 244,196,394,278,6,0.419784 611,83,640,213,2,0.134283 609,206,639,237,6,0.077432 299,187,328,198,6,0.047801 193,187,206,203,0,0.007432 316,181,334,193,6,0.006360 294,181,312,196,6,0.004542 611,174,640,274,2,0.003857 561,93,640,171,6,0.003688 364,149,380,170,3,0.003662 512,206,561,233,6,0.003636 254,178,271,194,6,0.003339 0,186,11,211,6,0.002585 0,193,11,220,6,0.002215 567,73,640,272,2,0.002007 559,91,603,172,1,0.001940 290,185,336,206,6,0.001850 267,177,280,192,6,0.001514 330,189,345,204,0,0.001381 329,176,341,191,0,0.001278 556,50,640,215,1,0.001227 188,178,199,196,3,0.001214 605,214,640,250,6,0.001200 242,185,264,199,6,0.001077 556,116,586,155,1,0.001068 623,215,639,248,6,0.001009
/home/dysjin/data/CARLA.v20-carla_v20.coco/valid/Town02_006720_png.rf.2632fd4f3d65ff215e84d472badfd870.jpg 270,190,289,206,6,0.972193 578,183,638,217,6,0.929260 126,189,176,211,6,0.072026 351,188,368,202,6,0.042010 566,175,583,197,3,0.041314 344,195,355,213,0,0.020290 483,183,544,207,6,0.015915 1,168,12,201,3,0.010654 437,187,454,204,3,0.009301 259,189,281,203,6,0.007247 290,189,305,200,6,0.007092 563,181,584,207,0,0.006864 196,189,211,203,6,0.004459 152,192,177,208,6,0.003930 365,187,380,200,6,0.003480 429,179,447,195,3,0.003381 353,182,369,195,6,0.002566 523,188,544,208,6,0.002523 232,196,245,212,0,0.002441 203,190,222,203,6,0.002201 605,194,634,218,6,0.001977 106,185,158,209,6,0.001865 271,182,285,198,6,0.001792 537,179,587,208,6,0.001460 242,188,257,200,6,0.001387 475,175,494,192,3,0.001385 346,179,358,195,3,0.001362 441,197,456,217,6,0.001327 390,178,409,192,6,0.001267 573,178,597,210,1,0.001146 536,187,557,206,6,0.001108 526,176,543,199,3,0.001066 234,178,245,194,3,0.001016 440,179,455,195,3,0.001015
/home/dysjin/data/CARLA.v20-carla_v20.coco/valid/Town05_006900_png.rf.2eaa1f5f6de8c6bffcd968f78f2f53b4.jpg 237,183,258,225,0,0.968960 614,187,640,361,0,0.011119
/home/dysjin/data/CARLA.v20-carla_v20.coco/valid/005482_png.rf.1eef94cb1d26525ab4b64d28fc9be58d.jpg 0,224,28,322,2,0.704505 1,223,24,356,2,0.005594 17,231,42,293,2,0.003030 0,218,16,307,2,0.002646 572,444,619,480,1,0.001708
/home/dysjin/data/CARLA.v20-carla_v20.coco/valid/138251_png.rf.2622df013f55b1f57387212b95c87241.jpg 79,235,98,284,2,0.793687 232,237,249,251,6,0.143922 240,238,260,250,6,0.132309 73,240,93,292,2,0.078573 420,278,432,306,2,0.065549 426,282,439,308,2,0.028995 224,238,237,254,6,0.024044 338,239,360,253,6,0.007493 583,353,606,393,2,0.004530 186,247,195,269,0,0.003038 335,237,348,253,0,0.002460 196,240,204,256,6,0.001931 500,278,619,417,6,0.001336
/home/dysjin/data/CARLA.v20-carla_v20.coco/valid/007070_png.rf.2316a0a54db7e4a749f421570aadd160.jpg 382,218,404,240,5,0.869020
/home/dysjin/data/CARLA.v20-carla_v20.coco/valid/Town05_010920_png.rf.2325292b5e147dc41c10fe128f6256f9.jpg 300,171,345,291,0,0.983805 312,178,333,192,6,0.010564 294,178,313,193,6,0.006767
/home/dysjin/data/CARLA.v20-carla_v20.coco/valid/Town01_006420_png.rf.2b897cd6227874bc930ae1c7e17e3b3b.jpg 310,189,323,209,0,0.428502 315,189,327,211,1,0.255260 588,163,634,236,6,0.112952 377,187,391,207,6,0.097878 299,180,311,196,6,0.025908 345,175,354,189,3,0.017328 304,181,318,198,6,0.009034 606,173,634,217,6,0.006652 582,158,634,193,6,0.005044 379,177,393,197,6,0.005031 346,185,356,200,0,0.004427 270,189,283,200,6,0.004392 371,176,384,193,6,0.003711 424,174,443,195,3,0.003564 621,166,638,226,6,0.003226 285,180,297,196,6,0.001700 135,198,147,218,2,0.001615 353,175,367,190,6,0.001437 317,180,329,196,6,0.001317 332,177,341,190,6,0.001187 258,190,271,204,6,0.001076
/home/dysjin/data/CARLA.v20-carla_v20.coco/valid/Town05_006780_png.rf.253c814d6e368b92a888141244ca1a16.jpg 172,181,208,259,1,0.669984 185,192,212,245,1,0.125041 357,186,374,200,6,0.081214 181,187,207,240,0,0.043292 366,186,381,201,0,0.031634 366,180,380,194,6,0.014181 192,188,206,209,0,0.005868 349,187,360,201,0,0.004383 195,176,207,193,0,0.003613 172,187,194,235,0,0.002114 378,185,392,202,0,0.001632 368,194,382,213,0,0.001426 189,194,211,225,0,0.001105 187,175,200,192,0,0.001015
/home/dysjin/data/CARLA.v20-carla_v20.coco/valid/Town01_008280_png.rf.2f69ce357d9638b109b359e31c238ab4.jpg 283,191,303,204,6,0.744362 313,193,332,207,6,0.638178 290,193,313,208,6,0.586746 66,189,111,208,6,0.502387 185,189,199,208,0,0.129157 382,201,394,214,6,0.111571 412,212,433,222,6,0.034459 88,192,115,205,6,0.026425 386,203,407,214,6,0.022982 297,188,330,211,6,0.022697 535,211,562,225,6,0.018913 461,201,488,213,6,0.014128 326,190,341,203,6,0.011204 192,195,206,215,0,0.010815 525,203,571,223,6,0.008008 271,187,287,200,6,0.007530 40,184,103,209,6,0.006659 401,205,421,217,6,0.006588 442,200,459,215,6,0.003199 570,212,624,234,6,0.002963 281,182,300,198,6,0.002247 345,188,356,203,3,0.002109 627,219,639,248,6,0.001710 371,200,386,213,6,0.001669 388,209,408,221,6,0.001354 345,179,358,195,6,0.001348 354,189,367,204,3,0.001326 461,194,482,208,6,0.001315 449,199,499,219,6,0.001247 510,203,532,218,6,0.001209 382,208,394,222,2,0.001126
/home/dysjin/data/CARLA.v20-carla_v20.coco/valid/Town01_005100_png.rf.262bb9c3104b14f5fb633de3dafd0a52.jpg 578,194,597,220,6,0.524000 576,181,598,221,0,0.157298 327,186,349,214,1,0.091035 577,149,622,217,6,0.062274 321,181,356,216,6,0.006221 166,192,187,206,6,0.004477 582,183,633,211,6,0.003279 168,199,185,211,6,0.003043 353,197,366,218,1,0.002792 231,198,245,216,1,0.002506 565,193,587,217,6,0.002409 551,187,567,206,6,0.002364 279,198,295,218,1,0.002043 568,145,624,178,6,0.001686 575,164,596,212,6,0.001626 584,206,602,224,6,0.001416 598,141,640,223,6,0.001389 6,186,27,204,6,0.001022
/home/dysjin/data/CARLA.v20-carla_v20.coco/valid/Town01_011940_png.rf.2554f5ab3ce2122d2ef300838472450f.jpg 207,191,267,226,6,0.902447 568,194,595,222,6,0.589224 330,185,346,201,6,0.297086 269,178,286,195,6,0.060379 337,185,357,199,6,0.027453 582,196,605,243,0,0.020607 577,179,617,238,6,0.007757 581,183,618,253,1,0.007290 574,196,634,222,6,0.007095 307,188,323,201,6,0.005871 277,185,295,199,6,0.003791 583,191,603,211,6,0.003014 251,189,269,224,0,0.001968 155,186,179,203,6,0.001608 324,179,337,197,6,0.001183 213,189,247,210,6,0.001076 593,197,617,216,6,0.001058 555,196,573,216,6,0.001029
/home/dysjin/data/CARLA.v20-carla_v20.coco/valid/041684_png.rf.2f70db5ab75442cd11fffa13a776ae97.jpg 309,248,333,309,0,0.781882
/home/dysjin/data/CARLA.v20-carla_v20.coco/valid/Town05_010980_png.rf.2071755951cd753466eb2cc53fd2fe0c.jpg 302,175,343,284,0,0.956917 267,173,284,197,6,0.007897 306,175,324,197,0,0.004147 268,183,283,201,0,0.001711 240,160,287,188,6,0.001573 313,176,332,195,6,0.001517 245,192,389,366,6,0.001243 243,163,259,184,6,0.001037 228,321,276,369,3,0.001030
/home/dysjin/data/CARLA.v20-carla_v20.coco/valid/112459_png.rf.33bdc5bd58f0f631808a95c4ceb9a78f.jpg 291,229,314,296,2,0.945183 585,235,633,256,6,0.007789 377,240,392,257,2,0.002586
/home/dysjin/data/CARLA.v20-carla_v20.coco/valid/041653_png.rf.31aa86a50239c7e6cbc52c66846dac06.jpg 305,239,331,303,0,0.955451
/home/dysjin/data/CARLA.v20-carla_v20.coco/valid/041819_png.rf.374472e0a0868df264a4100cb7734e35.jpg 109,244,130,295,0,0.968720 171,221,188,242,4,0.965377 20,241,69,261,6,0.962144 527,210,545,229,4,0.112905 172,230,186,250,4,0.035470 178,218,193,237,4,0.004022 55,243,71,257,6,0.002817 163,220,181,239,4,0.002045 179,233,192,248,4,0.001648
/home/dysjin/data/CARLA.v20-carla_v20.coco/valid/Town05_010800_png.rf.3489607b659edfbc485537135e06f34b.jpg 306,186,330,246,0,0.917295 0,193,145,269,6,0.656558 127,192,158,206,6,0.339452 137,190,168,202,6,0.085693 115,190,135,245,0,0.058137 158,188,172,204,0,0.027034 348,177,358,191,6,0.017487 354,175,367,190,6,0.013186 296,182,310,195,6,0.008174 299,185,313,203,0,0.007844 141,182,165,195,6,0.005823 368,175,378,191,6,0.004589 131,183,153,195,6,0.003695 169,186,182,200,0,0.002926 159,194,173,213,0,0.001922 316,181,328,195,6,0.001595 157,180,171,194,6,0.001118 305,183,320,194,6,0.001036
/home/dysjin/data/CARLA.v20-carla_v20.coco/valid/Town02_001080_png.rf.2d29b90fb99ccf7727caeaa1914436b4.jpg 305,202,341,310,1,0.976951 281,184,298,201,6,0.971658 0,173,92,377,6,0.876242 104,203,227,283,6,0.428872 0,201,88,380,6,0.182395 600,189,640,210,6,0.121627 331,185,345,199,6,0.057179 319,180,333,193,6,0.041787 307,180,322,192,6,0.036683 9,176,92,374,1,0.031444 585,189,610,205,6,0.021153 34,183,73,213,6,0.020952 18,181,46,213,6,0.018965 343,181,358,195,6,0.015105 29,185,53,208,6,0.014610 354,179,369,194,3,0.010638 622,195,639,216,6,0.008189 379,185,393,201,3,0.006689 366,186,382,202,6,0.006390 289,182,307,195,6,0.004262 0,194,11,221,6,0.004252 271,183,322,202,6,0.004188 357,166,369,184,3,0.003924 1,183,11,212,6,0.002857 6,178,31,215,6,0.002680 0,160,9,230,6,0.002433 354,184,369,200,6,0.002289 388,185,406,202,3,0.002053 240,178,259,192,6,0.001714 275,181,288,197,6,0.001649 5,188,56,222,6,0.001592 230,176,251,190,6,0.001583 562,185,612,209,6,0.001324 54,186,77,210,6,0.001235 9,243,74,380,6,0.001170 0,205,10,234,6,0.001147
/home/dysjin/data/CARLA.v20-carla_v20.coco/valid/Town02_005700_png.rf.39e8547ff43ddaa06ed2b24f114c8a27.jpg 236,225,394,314,6,0.955499 282,184,298,199,6,0.921001 317,178,331,192,6,0.164100 474,179,500,194,6,0.150775 558,191,586,206,6,0.095858 302,181,326,194,6,0.085152 234,179,248,192,3,0.042695 103,186,157,210,6,0.032542 156,192,170,221,0,0.028954 585,187,604,202,6,0.018146 288,180,306,196,6,0.017742 218,181,416,374,6,0.014269 482,187,511,198,6,0.012394 536,190,559,203,6,0.003937 157,189,171,210,0,0.002807 242,178,255,192,3,0.002160 327,178,341,192,6,0.001813 373,186,383,205,0,0.001600 626,163,638,227,6,0.001586 196,165,210,183,3,0.001571 194,174,210,190,3,0.001424
/home/dysjin/data/CARLA.v20-carla_v20.coco/valid/Town02_002040_png.rf.3d0fd4b3b3749ac8ebdf480959eb8e66.jpg 295,198,339,313,1,0.974089 268,189,291,209,6,0.889533 0,166,121,380,6,0.270903 103,192,162,222,6,0.259687 53,185,80,228,0,0.177135 413,188,436,206,6,0.141883 51,175,66,195,3,0.120248 270,186,324,207,6,0.111108 128,183,160,217,6,0.075456 305,190,321,202,6,0.063245 1,174,117,342,1,0.037731 56,183,75,212,0,0.030091 55,174,73,197,0,0.017357 51,165,67,185,3,0.010127 14,194,113,323,6,0.004854 86,182,147,214,6,0.003783 62,182,122,211,6,0.003474 1,169,9,199,6,0.003382 305,180,318,195,6,0.002960 50,192,103,222,6,0.002558 59,174,110,243,1,0.002176 274,172,299,207,6,0.002055 0,196,86,380,6,0.001837 65,191,107,316,1,0.001687 271,179,289,200,6,0.001678 343,177,355,190,3,0.001601 392,0,640,173,6,0.001592 63,189,87,225,1,0.001385 54,170,104,200,6,0.001266 134,176,151,196,3,0.001001
/home/dysjin/data/CARLA.v20-carla_v20.coco/valid/075707_png.rf.2ff4a82560cfe658387e361a6cc43ef0.jpg 311,245,348,271,6,0.994924 173,246,251,296,6,0.930801 0,258,176,399,6,0.868052 239,240,266,276,6,0.798778 596,189,615,254,2,0.056309 214,245,263,288,6,0.015490 355,237,366,254,6,0.013042 283,237,297,252,6,0.007661 352,250,372,265,6,0.006104 189,243,217,255,6,0.005333 0,142,163,371,6,0.005145 255,239,266,263,6,0.005000 295,240,307,255,6,0.004846 0,127,255,480,6,0.004394 10,204,137,317,6,0.004158 355,228,365,246,6,0.002180 585,197,604,224,2,0.002062 161,216,265,327,6,0.001832 231,241,258,259,6,0.001761 188,250,220,290,6,0.001330 353,259,375,274,6,0.001163 183,241,204,255,6,0.001051
/home/dysjin/data/CARLA.v20-carla_v20.coco/valid/138320_png.rf.332f3bdf3abffc7dd973858c3061b801.jpg 57,234,79,287,2,0.942255 67,233,82,299,2,0.002961 52,241,70,293,2,0.002046 525,325,544,382,2,0.001939
/home/dysjin/data/CARLA.v20-carla_v20.coco/valid/003766_png.rf.3dbe103da1003d1fb3bd18ad0d0894b4.jpg 465,203,504,243,4,0.988988 351,228,369,244,3,0.066912 413,187,431,251,2,0.040555 306,240,325,253,6,0.040131 451,200,484,240,4,0.001514
/home/dysjin/data/CARLA.v20-carla_v20.coco/valid/121245_png.rf.3c6765f574e34bb200e320d55fc2ffe7.jpg 273,255,362,316,6,0.989054 534,254,587,284,6,0.006181 623,272,640,293,6,0.005332 303,241,324,253,6,0.004439 610,273,635,287,6,0.004161 402,238,419,252,6,0.001142
/home/dysjin/data/CARLA.v20-carla_v20.coco/valid/Town05_011040_png.rf.3f658b3c60547a5478cb61d6b76eb55c.jpg 307,179,327,216,0,0.803557
/home/dysjin/data/CARLA.v20-carla_v20.coco/valid/Town02_004920_png.rf.3cdedb8ebbe317a63567ec577e3789a8.jpg 309,195,327,239,1,0.854221 310,187,326,240,0,0.525169 166,186,184,197,6,0.207530 354,180,369,194,3,0.054628 345,177,360,193,3,0.033915 163,181,176,195,6,0.029345 365,187,381,199,6,0.022486 198,187,212,204,0,0.019524 437,173,457,189,3,0.012013 354,184,371,198,6,0.009599 205,188,220,204,6,0.008737 346,183,358,199,6,0.004817 346,168,359,184,3,0.003981 219,187,233,200,6,0.003830 366,181,379,195,3,0.002745 318,177,332,197,6,0.002720 314,184,329,211,6,0.002484 330,182,339,201,6,0.002366 376,188,394,200,6,0.001487 428,177,446,192,6,0.001441 179,186,200,198,6,0.001423 394,0,640,148,6,0.001378 356,167,368,184,3,0.001279 388,188,410,203,6,0.001267 199,192,213,216,0,0.001128 415,183,430,204,6,0.001105
/home/dysjin/data/CARLA.v20-carla_v20.coco/valid/Town05_002760_png.rf.41faa57cc70298c90c62fe9f6a3f08c9.jpg 121,188,139,201,6,0.246553 381,186,391,203,0,0.159105 107,187,123,209,0,0.117690 247,177,261,192,6,0.083957 250,183,262,201,0,0.048163 256,178,267,192,6,0.041054 331,181,342,191,6,0.034208 333,185,345,197,6,0.011226 130,185,146,200,6,0.009883 367,182,386,193,6,0.008760 323,179,332,191,6,0.005823 46,186,59,209,0,0.005625 234,175,249,189,6,0.004967 193,177,209,190,6,0.003634 325,184,334,198,0,0.003454 268,178,280,190,6,0.003376 355,181,367,191,6,0.003122 381,181,391,197,3,0.002885 292,176,308,188,6,0.002383 343,181,353,191,6,0.002168 243,169,259,183,6,0.001661 232,168,247,183,6,0.001658 46,194,60,219,0,0.001324 305,176,320,188,6,0.001298 388,186,403,200,6,0.001146 343,186,355,196,6,0.001028 256,169,269,182,6,0.001023
/home/dysjin/data/CARLA.v20-carla_v20.coco/valid/Town02_001740_png.rf.4072bb166a4df4f9403df039e28a73f3.jpg 296,197,339,314,1,0.978737 35,190,53,207,6,0.098605 413,188,436,206,6,0.059298 53,183,108,205,6,0.020931 308,187,322,199,6,0.009880 46,178,63,196,3,0.007487 282,177,296,193,6,0.003411 404,187,424,207,6,0.002718 0,181,8,209,6,0.002617 392,0,639,175,6,0.002276 304,180,319,192,6,0.002143 41,185,64,203,0,0.002084 119,178,137,196,3,0.001942 25,187,44,206,6,0.001773 343,176,355,190,3,0.001695 0,171,8,199,6,0.001646 108,178,127,197,3,0.001571 49,165,66,183,3,0.001509 290,180,309,193,6,0.001439 355,177,368,191,3,0.001196 170,174,186,194,3,0.001191 615,163,638,284,2,0.001157
/home/dysjin/data/CARLA.v20-carla_v20.coco/valid/026849_png.rf.52e90800c02b90489d2521817c6942f7.jpg 424,211,457,239,3,0.998622
/home/dysjin/data/CARLA.v20-carla_v20.coco/valid/Town02_001560_png.rf.44c7e46d6d34263ac9f429ccb2cd2655.jpg 61,188,81,210,6,0.374770 72,187,91,222,0,0.317279 78,192,96,221,1,0.264975 21,188,36,204,0,0.062467 11,186,30,204,6,0.058521 355,191,398,231,6,0.024438 48,188,68,205,6,0.020779 34,188,55,202,6,0.011411 60,182,95,216,6,0.010867 412,179,458,216,6,0.006723 357,185,374,206,3,0.004611 80,203,95,226,0,0.002807 407,201,463,237,6,0.002673 417,163,460,246,2,0.002213 1,183,15,207,6,0.002208 7,181,33,210,0,0.001997 30,183,84,208,6,0.001808 123,187,134,202,6,0.001620 20,179,35,199,0,0.001609 37,192,52,215,0,0.001421
/home/dysjin/data/CARLA.v20-carla_v20.coco/valid/Town02_003420_png.rf.4347a7bee8aec9f5c84eb5295856f9a9.jpg 14,183,111,238,6,0.692718 330,192,369,232,1,0.597397 327,200,375,230,6,0.282495 608,187,632,207,6,0.158483 361,193,379,229,1,0.026665 564,188,583,207,6,0.018230 68,189,115,230,6,0.007966 528,184,542,207,6,0.004830 585,190,609,206,6,0.003276 568,185,627,210,6,0.002689 566,174,580,199,6,0.002111 588,174,635,203,6,0.001783 327,184,356,219,6,0.001271
/home/dysjin/data/CARLA.v20-carla_v20.coco/valid/Town01_006060_png.rf.3d76b002da6076434f028293d0c4a498.jpg 305,196,330,255,1,0.676159 419,195,447,225,6,0.312529 184,212,202,226,6,0.085620 205,203,220,217,6,0.060970 156,213,171,232,6,0.051422 191,205,215,220,6,0.047229 572,164,591,182,0,0.034456 168,215,187,229,6,0.018054 152,211,164,232,0,0.005725 613,159,631,183,3,0.004524 564,170,584,191,0,0.003797 183,200,224,225,6,0.003324 202,209,222,223,6,0.002102 417,190,439,212,6,0.001798 404,200,428,217,6,0.001582 423,184,447,217,1,0.001399 405,191,425,208,6,0.001158 416,175,435,194,3,0.001124 217,202,232,215,6,0.001094 559,158,607,188,6,0.001086
/home/dysjin/data/CARLA.v20-carla_v20.coco/valid/Town02_007800_png.rf.4e6520c0e9dd39a93f5048a2caea0283.jpg 335,199,398,223,6,0.949821 522,187,546,204,6,0.685419 609,193,635,229,6,0.479663 577,188,592,205,6,0.336367 388,195,434,230,6,0.168887 307,188,323,202,6,0.123944 620,205,640,256,6,0.114475 325,200,351,223,6,0.077337 316,188,331,204,6,0.049518 549,188,566,203,6,0.037154 515,185,535,206,0,0.036899 535,187,556,201,6,0.036327 564,189,585,204,6,0.020974 318,196,338,215,6,0.019474 295,187,310,200,6,0.016288 504,177,524,194,6,0.013010 0,206,11,236,6,0.007211 501,181,551,206,6,0.006702 512,180,535,198,6,0.005933 283,187,297,199,6,0.004455 552,181,564,195,6,0.003995 405,207,439,227,6,0.003575 328,192,347,208,6,0.003336 349,195,380,208,6,0.002483 539,183,552,196,6,0.002468 579,180,591,197,6,0.002315 318,180,330,195,6,0.001762 565,181,580,196,6,0.001590 373,186,424,216,6,0.001337 619,179,639,224,6,0.001302 270,187,284,201,6,0.001213 386,191,415,207,6,0.001141 343,192,362,209,6,0.001004
/home/dysjin/data/CARLA.v20-carla_v20.coco/valid/Town01_001860_png.rf.53e5db5983ad00d8986ebdc44e1e76ef.jpg 210,230,431,357,6,0.989261 142,188,164,208,6,0.395017 294,184,308,202,6,0.227400 300,185,324,199,6,0.145604 314,188,334,200,6,0.091076 403,168,466,194,6,0.074872 101,186,113,205,0,0.056381 317,183,331,195,6,0.031321 282,180,303,197,6,0.022216 139,187,151,210,1,0.021338 156,189,168,206,0,0.021016 100,193,113,213,0,0.017786 483,187,515,206,6,0.014507 103,187,123,201,6,0.014094 237,187,264,198,6,0.009796 8,184,22,210,0,0.006616 459,172,515,201,6,0.006189 228,181,250,195,6,0.005429 216,180,235,192,6,0.004870 437,172,486,199,6,0.004627 104,180,125,195,6,0.004341 144,193,163,213,0,0.002846 268,180,286,194,6,0.002692 253,180,271,192,6,0.002204 290,179,309,207,0,0.002107 140,192,152,213,0,0.002035 192,177,213,190,6,0.001738 446,185,478,202,6,0.001677 220,186,236,198,6,0.001611 203,178,223,191,6,0.001578 96,178,113,196,6,0.001058
/home/dysjin/data/CARLA.v20-carla_v20.coco/valid/Town01_006120_png.rf.405fede50ad311216cb9943968a5cdf5.jpg 315,184,328,223,0,0.360016 357,179,368,193,3,0.177420 314,185,325,210,6,0.013138 365,178,378,190,3,0.013062 357,185,370,199,6,0.012836 357,170,368,184,3,0.008447 317,178,328,199,6,0.005236 388,177,410,188,6,0.005143 367,168,380,182,3,0.004967 350,179,361,193,6,0.004303 376,177,399,188,6,0.002494 364,185,378,197,6,0.001047
/home/dysjin/data/CARLA.v20-carla_v20.coco/valid/041864_png.rf.51f1d81198f2e5b7a450f586235760ec.jpg 416,210,444,243,4,0.984979 302,242,322,293,0,0.984133 95,246,218,326,6,0.339125 356,225,367,241,4,0.147081 219,233,236,256,6,0.084746 403,189,423,210,4,0.021786 202,231,229,282,6,0.017044 355,235,366,251,4,0.015156 65,262,177,320,6,0.009412 263,235,272,251,0,0.006517 231,228,241,243,6,0.006276 230,233,241,251,6,0.005826 70,279,140,311,6,0.005459 365,218,380,234,4,0.003083 381,248,396,265,2,0.002947 206,233,230,257,6,0.002839 178,245,229,294,6,0.002125 268,236,280,250,0,0.001793 187,231,223,310,1,0.001767 366,239,379,254,4,0.001643 587,231,634,331,6,0.001583 349,225,361,242,4,0.001488 310,241,330,279,0,0.001459 202,241,227,294,0,0.001103
/home/dysjin/data/CARLA.v20-carla_v20.coco/valid/Town01_012060_png.rf.58e57e1a7e8d4f630323ae1827ca68bc.jpg 570,198,595,220,6,0.679325 331,185,348,201,6,0.334297 269,187,286,201,6,0.090620 308,190,323,203,6,0.036036 338,181,355,196,6,0.017709 581,197,605,240,0,0.013502 574,197,635,221,6,0.008788 321,186,337,201,6,0.006466 569,189,586,214,6,0.005705 581,184,619,253,1,0.005564 577,180,617,238,6,0.004978 277,186,294,199,6,0.004439 584,192,603,211,6,0.003376 593,198,617,216,6,0.002082 260,187,276,201,6,0.002032 156,185,178,203,3,0.001397 556,196,572,216,6,0.001324 295,188,308,202,6,0.001319 627,184,639,211,6,0.001148
/home/dysjin/data/CARLA.v20-carla_v20.coco/valid/009044_png.rf.59d4a83882b4b6af242cbd9e0e31ba80.jpg 560,217,580,244,3,0.987042 1,209,13,240,3,0.022726 143,239,162,260,6,0.015665 577,220,640,250,6,0.014548 2,215,13,250,3,0.007371 580,81,638,117,6,0.002588 342,225,355,245,3,0.001517 130,239,151,259,6,0.001126
/home/dysjin/data/CARLA.v20-carla_v20.coco/valid/Town02_002520_png.rf.55f8a7c01a8e4b86c99a794d7b61cd5d.jpg 166,201,222,233,6,0.982100 234,214,395,308,6,0.961910 143,179,162,197,3,0.150392 212,180,421,365,6,0.021653 391,188,411,206,6,0.010988 366,186,381,205,6,0.010645 154,186,175,203,6,0.008609 400,189,424,206,6,0.008081 411,189,437,205,6,0.005538 423,186,448,202,6,0.004471 359,178,372,194,6,0.003354 376,187,398,203,6,0.003129 292,176,308,188,6,0.003115 360,185,374,202,0,0.003061 231,184,246,201,6,0.002904 259,177,273,194,3,0.001783 267,177,281,193,6,0.001610 134,178,177,208,6,0.001352 0,175,10,238,6,0.001107
/home/dysjin/data/CARLA.v20-carla_v20.coco/valid/Town02_008760_png.rf.5bfb07b6a5fbe6700b4b9c150b9c6576.jpg 272,186,288,199,6,0.953599 266,204,373,339,6,0.933210 511,181,583,210,6,0.879096 346,187,360,198,6,0.395807 571,185,622,212,6,0.303924 398,184,422,201,6,0.183558 380,187,398,203,6,0.111353 521,185,550,209,6,0.105901 429,197,441,220,1,0.044897 477,177,493,195,3,0.032590 354,183,369,195,6,0.031966 224,190,234,206,0,0.028350 556,181,585,209,6,0.025365 483,180,545,206,6,0.021368 138,174,165,192,6,0.018992 229,190,245,202,6,0.013251 595,169,622,203,6,0.013037 608,195,630,214,6,0.010108 368,185,385,199,6,0.008245 624,197,640,221,6,0.006941 383,195,397,211,0,0.005445 263,186,277,199,6,0.005147 181,188,203,202,6,0.004225 393,183,411,196,3,0.004043 499,184,527,204,6,0.004023 393,182,449,204,6,0.003236 181,180,200,195,6,0.002952 612,153,640,245,6,0.002591 625,155,640,212,6,0.002563 502,179,524,197,3,0.002269 410,185,436,200,6,0.002176 412,179,433,192,3,0.002095 598,161,618,181,6,0.002001 76,182,133,216,6,0.001987 337,185,347,199,0,0.001727 514,179,537,199,6,0.001456 291,186,306,196,6,0.001445 597,184,640,213,6,0.001429 269,174,290,205,6,0.001419 569,173,598,203,6,0.001350 446,186,475,200,6,0.001284 305,186,320,196,6,0.001252 427,177,444,192,3,0.001233 440,177,458,191,3,0.001220 319,186,333,197,6,0.001208
/home/dysjin/data/CARLA.v20-carla_v20.coco/valid/Town01_008100_png.rf.5942043a53e2ea3c62572bf7029ed896.jpg 278,189,297,204,6,0.881018 388,197,408,209,6,0.630297 105,188,147,211,6,0.339327 353,192,374,203,6,0.185282 340,190,364,201,6,0.166534 412,194,440,206,6,0.124041 365,195,385,205,6,0.096154 319,181,335,195,6,0.042997 171,187,188,204,0,0.035212 289,186,304,200,6,0.021602 450,190,469,204,6,0.013686 179,189,195,208,0,0.012967 396,196,423,206,6,0.009051 332,187,346,203,1,0.008542 158,186,181,202,6,0.007775 438,193,459,206,6,0.007726 304,181,325,195,6,0.005825 258,188,278,200,6,0.003654 447,197,470,211,6,0.002861 74,184,138,209,6,0.002510 353,183,369,196,6,0.002364 329,181,345,197,6,0.002233 271,181,288,197,6,0.002136
/home/dysjin/data/CARLA.v20-carla_v20.coco/valid/Town01_010680_png.rf.5537782525200ced228c602e6dcc3456.jpg 371,180,384,194,3,0.848913 229,186,244,207,0,0.264032 179,180,206,196,6,0.127725 334,191,344,202,0,0.024701 168,178,193,195,6,0.015698 232,179,244,199,3,0.014975 320,189,335,200,6,0.007382 193,183,210,199,6,0.005360 400,198,423,213,6,0.004502 376,184,390,197,3,0.004120 156,173,205,198,6,0.004049 307,188,318,199,6,0.003380 204,181,225,196,6,0.003376 207,183,226,204,0,0.002454 154,175,177,194,6,0.002106 147,174,164,194,6,0.001684 388,187,411,200,6,0.001627 241,187,255,203,0,0.001578 158,184,177,201,0,0.001519 205,182,251,210,6,0.001374 222,193,239,214,0,0.001228 342,188,353,199,6,0.001135 169,160,215,193,6,0.001077
/home/dysjin/data/CARLA.v20-carla_v20.coco/valid/121155_png.rf.5eeb1497380edc240a771f68b9d34669.jpg 235,280,399,358,6,0.967121 559,218,595,304,2,0.785201 585,218,602,300,2,0.013475 496,248,524,268,6,0.007999 211,239,425,415,6,0.006870 306,240,322,256,1,0.001665 256,238,275,257,1,0.001465 315,240,331,256,0,0.001330 269,238,284,258,0,0.001230
/home/dysjin/data/CARLA.v20-carla_v20.coco/valid/007085_png.rf.5a7141063cfddac158b01dce18de1e48.jpg 432,206,463,242,5,0.969416 553,187,604,271,2,0.008114 533,164,626,329,2,0.002624 557,194,640,259,6,0.001888 541,188,581,303,2,0.001353
/home/dysjin/data/CARLA.v20-carla_v20.coco/valid/Town05_006720_png.rf.717ce1e22225ab6a97befb2b8effcc2a.jpg 94,193,117,207,6,0.546351 187,195,215,242,1,0.545874 347,177,359,192,6,0.108743 355,176,368,192,6,0.082352 182,188,207,238,0,0.052521 336,178,347,193,6,0.013737 367,176,381,192,6,0.010555 130,188,148,203,6,0.008273 90,190,138,208,6,0.006408 114,191,143,204,6,0.006236 178,202,208,254,1,0.006064 88,188,105,206,6,0.003618 336,184,347,199,0,0.003553 344,182,354,200,0,0.003406 320,180,332,192,6,0.002461 380,176,389,194,6,0.002280 164,188,225,249,1,0.001718 199,192,220,230,0,0.001676 347,169,358,184,6,0.001322 370,183,382,199,6,0.001107
/home/dysjin/data/CARLA.v20-carla_v20.coco/valid/Town01_006600_png.rf.612f31973b2db2fda3ee5293fd937a64.jpg 375,192,393,209,6,0.547727 125,209,136,229,0,0.023584 293,192,306,202,6,0.020311 161,200,173,218,0,0.011852 282,192,298,203,6,0.010121 335,188,344,201,6,0.009354 589,24,608,50,0,0.005712 132,210,145,227,0,0.004123 379,180,393,196,6,0.003969 624,4,639,67,6,0.003525 206,198,219,214,0,0.003402 372,181,385,195,6,0.002935 195,199,211,215,0,0.002459 581,8,639,44,6,0.002181 614,50,632,74,3,0.002024 341,189,354,202,6,0.001965 587,0,627,75,6,0.001960 169,199,183,217,0,0.001944 159,209,172,227,0,0.001930 181,199,197,216,0,0.001574 271,192,283,204,6,0.001367 123,202,134,221,0,0.001120 387,191,404,203,6,0.001028 147,210,161,227,0,0.001025
/home/dysjin/data/CARLA.v20-carla_v20.coco/valid/112469_png.rf.4fea3a1e3f0858f468ecb362968a08fb.jpg 313,237,340,294,2,0.858575 584,234,633,256,6,0.007109 377,240,392,258,2,0.005095
/home/dysjin/data/CARLA.v20-carla_v20.coco/valid/Town05_009540_png.rf.67accf9da191af14c5f05da1b6fe1e58.jpg 598,190,626,206,6,0.264103 622,188,638,209,6,0.006841 538,188,553,203,6,0.001857
/home/dysjin/data/CARLA.v20-carla_v20.coco/valid/041820_png.rf.69e77a8e269d90d89efc21e5026a7083.jpg 117,242,139,295,0,0.978673 30,241,77,262,6,0.976218 180,223,196,244,4,0.921389 180,231,194,250,4,0.180204 537,211,556,229,4,0.020713 191,224,203,239,4,0.006737 0,234,7,259,6,0.005436 175,218,190,236,4,0.002946 205,215,226,232,4,0.001451 25,238,44,256,6,0.001001
/home/dysjin/data/CARLA.v20-carla_v20.coco/valid/121278_png.rf.6607158f1164a75baf620dcb66d1b07e.jpg 276,254,362,315,6,0.981101 243,240,267,260,6,0.425871 1,232,31,265,6,0.034518 0,222,17,271,6,0.004512
/home/dysjin/data/CARLA.v20-carla_v20.coco/valid/Town02_004620_png.rf.7280640e1c163e7c4b28010b90659788.jpg 234,225,386,311,6,0.934241 280,184,297,199,6,0.915529 314,184,331,198,6,0.729257 137,184,171,201,6,0.176746 291,184,312,195,6,0.068835 328,181,341,196,6,0.035609 342,186,356,201,6,0.016336 105,182,160,206,6,0.010509 275,182,288,196,6,0.009994 305,179,327,204,6,0.008361 169,164,182,183,3,0.008203 214,180,411,372,6,0.007121 152,177,175,195,6,0.006538 160,165,175,184,3,0.006319 271,183,327,199,6,0.005448 353,187,369,201,6,0.003872 450,223,496,249,6,0.003051 168,173,181,193,0,0.002565 366,1,640,201,6,0.001740 399,177,421,214,6,0.001505
/home/dysjin/data/CARLA.v20-carla_v20.coco/valid/Town05_016500_png.rf.75b431585ae9c755044e81517b796324.jpg 125,197,213,242,6,0.916849 340,200,391,234,6,0.838103 457,181,475,198,3,0.830643 0,178,88,315,6,0.425522 371,193,394,229,1,0.115002 117,203,172,240,6,0.028491 352,191,375,207,6,0.023757 5,174,26,217,0,0.016193 0,145,80,380,6,0.014742 210,199,227,226,0,0.014222 8,172,23,197,0,0.012421 354,197,379,221,6,0.012278 32,189,82,276,1,0.011539 344,187,363,204,6,0.010861 245,187,257,200,0,0.009886 362,190,402,231,6,0.009128 0,166,15,222,6,0.007824 175,200,231,235,6,0.007450 341,182,359,195,6,0.007101 337,185,349,200,6,0.006225 344,204,362,234,1,0.005803 429,199,439,214,1,0.004580 8,181,95,308,1,0.004423 120,176,134,194,3,0.004090 431,193,441,207,6,0.003977 119,184,135,206,0,0.003517 118,188,137,231,1,0.002767 0,178,13,233,6,0.002194 1,152,14,215,0,0.001905 110,185,128,203,6,0.001733 14,148,95,380,1,0.001545 345,192,364,222,6,0.001460 377,191,390,210,0,0.001075 364,193,386,210,6,0.001051 351,183,371,195,6,0.001031
/home/dysjin/data/CARLA.v20-carla_v20.coco/valid/Town02_001020_png.rf.79741d4293c684a4f4e895c08f1290d5.jpg 306,201,340,312,1,0.968479 0,185,95,380,6,0.770946 280,185,303,202,6,0.768728 275,182,324,205,6,0.570826 30,184,72,215,6,0.364008 192,187,212,214,6,0.133366 191,184,213,214,0,0.082026 600,188,640,210,6,0.081025 332,185,346,201,6,0.032276 342,185,358,199,6,0.029858 12,179,90,370,1,0.023609 275,186,289,200,6,0.017569 299,193,324,244,1,0.016763 585,188,609,205,6,0.015786 355,178,369,194,3,0.015163 358,166,369,183,3,0.013825 366,186,383,203,6,0.011200 379,185,393,201,3,0.010890 620,180,639,216,6,0.009297 186,187,236,206,6,0.008963 25,185,45,209,6,0.005508 53,187,77,210,6,0.005076 111,185,126,207,0,0.004629 312,184,333,202,6,0.003839 1,214,83,380,6,0.003753 12,181,57,213,6,0.003477 388,186,405,202,3,0.003083 354,184,370,200,6,0.003060 301,181,325,198,6,0.002614 561,184,611,210,6,0.001875 591,59,629,149,3,0.001752 627,176,640,200,6,0.001334 1,183,10,212,6,0.001329 278,195,361,302,1,0.001299 0,194,10,222,6,0.001119 25,193,44,216,0,0.001101
/home/dysjin/data/CARLA.v20-carla_v20.coco/valid/004996_png.rf.758bfe0873e6cba6e1d99146894cae01.jpg 492,264,511,318,2,0.960052 96,212,136,294,2,0.038511 291,251,356,268,6,0.002810 97,194,137,273,1,0.002509 103,223,129,268,2,0.001692
/home/dysjin/data/CARLA.v20-carla_v20.coco/valid/Town02_001620_png.rf.77cda18f042297c4b15936a35acef602.jpg 305,185,328,254,1,0.634159 308,184,333,237,6,0.192610 181,188,193,208,1,0.038919 131,198,148,218,1,0.019077 397,190,423,206,6,0.010373 173,187,187,208,1,0.007962 144,197,159,215,1,0.007460 123,196,139,216,1,0.004787 305,178,326,196,6,0.003193 33,177,48,193,3,0.002602 113,189,170,211,6,0.001624 121,191,138,209,1,0.001485 558,190,609,225,6,0.001274 173,178,187,198,3,0.001208
/home/dysjin/data/CARLA.v20-carla_v20.coco/valid/112362_png.rf.868e587d8bdd37c81e4872223fbdbeb4.jpg 151,232,167,284,2,0.966953 584,234,633,256,6,0.006614 153,229,163,272,2,0.006139 376,240,392,257,2,0.003694 144,227,170,315,2,0.003682 371,240,383,259,2,0.002411
/home/dysjin/data/CARLA.v20-carla_v20.coco/valid/Town05_010080_png.rf.88fb23d739ffa2beacd3c5735d172d03.jpg 312,183,326,216,0,0.800997 271,184,284,199,6,0.552250 265,173,287,201,6,0.015969 372,0,638,141,6,0.015516 260,178,275,195,6,0.002870 406,196,416,217,0,0.002126 278,183,291,200,0,0.001300 310,179,322,198,0,0.001293 344,177,353,192,3,0.001254 296,177,330,216,0,0.001217 328,188,339,199,0,0.001108 331,179,339,194,6,0.001017 278,180,290,194,6,0.001003
/home/dysjin/data/CARLA.v20-carla_v20.coco/valid/026847_png.rf.7a28094ba474fb2fab06e58f1ebea83c.jpg 415,214,446,239,3,0.999167
/home/dysjin/data/CARLA.v20-carla_v20.coco/valid/075709_png.rf.7dd638ab9af378bf60aaa2fb92a0aea4.jpg 311,244,347,270,6,0.994954 173,246,251,297,6,0.949552 0,258,176,400,6,0.872545 239,240,266,275,6,0.811518 596,189,615,256,2,0.071847 251,239,267,274,0,0.041420 216,245,263,287,6,0.018082 355,237,366,253,6,0.014597 190,243,217,255,6,0.009093 254,239,266,264,6,0.005797 0,138,246,480,6,0.004441 0,145,161,371,6,0.003993 11,205,136,317,6,0.003826 354,249,371,264,6,0.003193 585,198,604,225,2,0.003040 296,239,307,256,6,0.002597 282,238,296,252,6,0.002570 161,216,265,327,6,0.002460 231,241,257,259,6,0.002165 188,249,220,291,6,0.001625 184,241,204,255,6,0.001558 216,242,239,256,6,0.001085
/home/dysjin/data/CARLA.v20-carla_v20.coco/valid/Town02_007380_png.rf.8809896fc46f6266a6729640bbc68e4c.jpg 569,194,625,219,6,0.914667 278,185,292,201,6,0.350595 510,188,534,205,6,0.199058 563,195,586,215,6,0.182248 561,208,583,255,0,0.037654 560,194,582,245,6,0.032674 592,183,640,219,6,0.017317 292,186,304,198,6,0.016176 447,192,473,208,6,0.013772 332,186,344,202,0,0.010789 554,187,570,207,6,0.008803 553,178,567,194,3,0.007546 388,189,410,202,6,0.007210 216,176,234,194,3,0.005562 565,182,604,236,6,0.004913 613,175,631,195,6,0.003420 355,199,368,212,0,0.003173 562,184,599,249,1,0.003157 523,188,541,203,6,0.002894 355,192,368,206,1,0.002876 275,195,286,210,0,0.002644 0,193,8,224,6,0.002600 582,188,613,212,6,0.002487 539,184,557,202,6,0.002150 243,178,257,194,3,0.001977 331,179,342,194,3,0.001840 543,181,557,195,3,0.001635 0,183,9,213,6,0.001529 583,177,609,193,6,0.001406 443,188,501,211,6,0.001388 476,189,493,206,6,0.001341 563,172,612,202,6,0.001249 607,188,635,209,6,0.001124 229,176,247,194,3,0.001115 570,208,590,254,1,0.001097 461,191,483,207,6,0.001049 490,185,506,204,6,0.001019
/home/dysjin/data/CARLA.v20-carla_v20.coco/valid/Town01_007500_png.rf.7e4c2487265d812d93246e09a19aeab2.jpg 256,195,281,210,6,0.927403 558,165,634,220,6,0.885132 527,181,549,212,6,0.677949 531,180,584,217,6,0.064363 184,211,199,226,6,0.042035 157,215,173,231,6,0.032000 169,215,188,228,6,0.029107 197,204,208,217,6,0.018827 205,203,220,217,6,0.008442 374,189,398,208,6,0.004430 389,190,407,207,1,0.004246 148,213,163,230,0,0.002924 193,209,209,223,6,0.002734 234,201,249,212,6,0.002505 276,190,292,202,6,0.002117 371,195,384,215,0,0.001887 219,202,232,215,6,0.001867 537,135,640,252,6,0.001794 250,197,267,209,6,0.001646 156,221,172,236,0,0.001033
/home/dysjin/data/CARLA.v20-carla_v20.coco/valid/Town05_007500_png.rf.8a81a882e564e9e99b5c951d3e18dbbc.jpg 350,179,394,202,6,0.890424 253,176,267,196,0,0.311823 305,176,318,187,6,0.036822 375,181,392,197,6,0.028463 299,175,311,188,6,0.015191 350,177,362,197,6,0.014311 154,187,176,205,0,0.011500 140,186,172,201,6,0.004300 390,181,402,192,6,0.003179 459,186,469,206,0,0.002993 317,175,328,188,6,0.001141 134,184,153,201,6,0.001043
/home/dysjin/data/CARLA.v20-carla_v20.coco/valid/Town02_005520_png.rf.8a9d2ba4122736ea3845c9e405936cce.jpg 610,190,638,230,6,0.881879 43,195,116,220,6,0.672334 92,197,136,223,6,0.363625 0,195,13,221,6,0.048493 602,197,640,241,6,0.006505 623,199,637,257,6,0.005391 70,185,137,218,6,0.004080 0,169,12,228,6,0.001701 4,199,24,218,6,0.001655 602,195,623,238,6,0.001459 614,122,638,241,6,0.001155
/home/dysjin/data/CARLA.v20-carla_v20.coco/valid/041735_png.rf.891d950e6341a379e0a80f54f49c126a.jpg 273,240,302,307,0,0.505983 1,240,9,275,6,0.002227 0,204,7,288,6,0.001406 1,228,9,268,6,0.001246
/home/dysjin/data/CARLA.v20-carla_v20.coco/valid/041669_png.rf.8f16c7cc68671f71ba068edf120b2a61.jpg 304,239,331,305,0,0.833249
/home/dysjin/data/CARLA.v20-carla_v20.coco/valid/003814_png.rf.9123d8ff8e23490d6f5201cb816e4fc2.jpg 292,241,319,258,6,0.983002 538,190,627,235,3,0.930123 272,238,287,253,6,0.024289 285,235,304,256,6,0.007250 314,242,329,253,6,0.002526 369,249,384,262,6,0.001785 271,232,284,246,6,0.001738 303,231,317,248,6,0.001690 472,140,617,239,6,0.001451 551,184,575,242,3,0.001411 195,241,210,254,6,0.001373 329,243,343,253,6,0.001191
/home/dysjin/data/CARLA.v20-carla_v20.coco/valid/005413_png.rf.9000d6e877ce40e1d5bd5387ece453c2.jpg 106,228,124,281,2,0.979038 84,232,106,290,2,0.675060 114,232,134,271,2,0.027481 369,249,381,270,0,0.008797 89,223,119,294,2,0.006235 412,242,434,259,6,0.004947 542,259,601,286,6,0.002962 101,232,111,270,2,0.001865 77,228,94,290,2,0.001598 367,240,380,259,3,0.001291
/home/dysjin/data/CARLA.v20-carla_v20.coco/valid/Town01_001500_png.rf.9254a251a5c6eb6313adba6a6adf1620.jpg 385,174,406,194,3,0.993892 219,198,234,215,0,0.011966 293,190,306,204,6,0.004366 305,192,319,204,6,0.003785 585,167,635,201,6,0.002764 608,177,634,212,6,0.002463 624,154,638,212,6,0.002232 285,188,296,204,6,0.002215 613,152,640,252,2,0.002134 293,196,307,211,0,0.001388
/home/dysjin/data/CARLA.v20-carla_v20.coco/valid/Town05_004680_png.rf.93664881511a21c1adf050e2e8993477.jpg 244,184,265,204,6,0.981038 326,177,406,221,6,0.745813 282,181,295,194,6,0.462148 324,177,351,217,6,0.400772 377,176,419,217,6,0.205371 182,185,203,205,6,0.148877 192,185,207,203,0,0.036303 321,174,337,197,6,0.022701 269,182,286,196,6,0.019237 625,173,638,197,6,0.003958 291,179,304,192,6,0.003296 381,188,413,219,1,0.002584 427,165,444,178,3,0.002571 398,176,416,214,0,0.002554 234,181,255,197,6,0.002247 405,177,417,196,0,0.002039 311,178,323,193,6,0.001867 276,172,299,201,6,0.001487 388,178,417,195,6,0.001399 417,168,431,181,3,0.001398 206,185,219,200,6,0.001257
/home/dysjin/data/CARLA.v20-carla_v20.coco/valid/138312_png.rf.93c512dad514948e54a85fd6860eba4e.jpg 94,235,112,281,2,0.934635 540,330,559,378,2,0.010344 102,237,120,281,2,0.001776 443,293,457,320,2,0.001384 173,235,235,258,6,0.001245
/home/dysjin/data/CARLA.v20-carla_v20.coco/valid/005160_png.rf.922d9f2da21b5b11121905df87e629d7.jpg 407,213,427,244,5,0.931081
