/home/dysjin/data/CARLA.v20-carla_v20.coco/valid/Town02_006840_png.rf.a4a970c10202604d1dd8c41fe9097525.jpg 565,173,580,194,0,0.897445 345,178,357,193,0,0.171566 0,158,16,203,0,0.099082 442,186,454,204,0,0.049048 433,188,448,207,0,0.004901 560,174,571,193,0,0.004527 559,61,607,108,0,0.004290 435,180,461,209,0,0.002780 561,156,584,194,0,0.002714 444,197,456,215,0,0.002539 337,174,365,195,0,0.002492 457,173,468,191,0,0.002455 573,173,586,194,0,0.002060 467,172,479,194,0,0.001365 356,175,367,191,0,0.001339 456,185,466,203,0,0.001256 443,175,456,193,0,0.001253 0,132,16,192,0,0.001040
/home/dysjin/data/CARLA.v20-carla_v20.coco/valid/Town02_002640_png.rf.ac6bee6a9e4c4b2a1e149670c97196c1.jpg 392,172,406,191,0,0.793375 335,199,359,238,0,0.029836 330,208,351,229,0,0.009017 74,209,87,230,0,0.001548 340,202,356,221,0,0.001451
/home/dysjin/data/CARLA.v20-carla_v20.coco/valid/007096_png.rf.a26873f70f1467f54f0fd09ea8c1731b.jpg 545,168,623,251,2,0.465905 510,156,640,254,1,0.023958 538,148,594,262,1,0.002340
/home/dysjin/data/CARLA.v20-carla_v20.coco/valid/Town02_006480_png.rf.aec43468267a9993201d034f7031ee5c.jpg 349,175,360,192,0,0.643319 355,176,365,190,0,0.097161 348,163,359,185,0,0.036434 358,165,368,181,0,0.024504 368,164,379,178,0,0.010002 342,169,367,196,0,0.009953 355,186,365,200,0,0.008430 271,174,284,194,0,0.007676 270,183,283,205,0,0.002333 339,176,349,194,0,0.002234 197,172,210,193,0,0.001974 370,152,384,171,0,0.001917 368,176,378,192,0,0.001537 337,162,349,184,0,0.001083
/home/dysjin/data/CARLA.v20-carla_v20.coco/valid/051305_png.rf.af3e2dc55ae45fc793f7f25eb6fdf7b4.jpg 428,208,462,242,0,0.827562 635,439,640,480,0,0.001033
/home/dysjin/data/CARLA.v20-carla_v20.coco/valid/007291_png.rf.b33e9d647d42777054dfb5f46d23bbad.jpg 386,221,400,240,0,0.812605
/home/dysjin/data/CARLA.v20-carla_v20.coco/valid/003752_png.rf.bb0716bc5b93fa8b10f41577e20a2f35.jpg 400,216,424,242,1,0.486413 397,216,426,246,0,0.049428 637,433,640,480,0,0.001608
/home/dysjin/data/CARLA.v20-carla_v20.coco/valid/005173_png.rf.c24ac196d86260d3a384e12093bfa5ef.jpg 466,192,531,249,2,0.398659 472,187,522,242,1,0.022777
/home/dysjin/data/CARLA.v20-carla_v20.coco/valid/003769_png.rf.c5c0c17fa97551316c57744e9608f796.jpg 491,196,556,245,1,0.253975 635,439,640,480,0,0.001001
/home/dysjin/data/CARLA.v20-carla_v20.coco/valid/004966_png.rf.c9d8d72d0920460b612251c5fddc5770.jpg 430,203,466,239,1,0.530651 408,213,485,232,2,0.005162
/home/dysjin/data/CARLA.v20-carla_v20.coco/valid/001638_png.rf.c98e4c5bc2a68de358073a26469c81b2.jpg 422,209,456,241,0,0.849789 158,223,170,245,0,0.003232
/home/dysjin/data/CARLA.v20-carla_v20.coco/valid/051274_png.rf.d5f64278c64b556983082379a316485f.jpg 560,162,640,252,1,0.504212
/home/dysjin/data/CARLA.v20-carla_v20.coco/valid/Town01_001440_png.rf.e4b4351effd31d5b433710cffb8243e4.jpg 385,177,400,194,0,0.936573 345,175,357,194,0,0.007433 233,175,248,194,0,0.002917
/home/dysjin/data/CARLA.v20-carla_v20.coco/valid/041811_png.rf.e8d4c17844854d24f9b2bec66a8a8889.jpg 46,223,64,240,1,0.739271 56,221,68,240,1,0.010096 40,213,51,231,1,0.006602 43,206,65,242,1,0.002246 47,201,60,225,1,0.001489 35,200,48,224,1,0.001417 41,223,55,242,1,0.001144
/home/dysjin/data/CARLA.v20-carla_v20.coco/valid/001519_png.rf.e42bb854e84b40164ed2795569b2eb6f.jpg 572,219,589,243,0,0.869935 572,232,584,251,0,0.007514 477,211,491,231,0,0.007066 343,226,357,244,0,0.005534 471,202,497,238,0,0.002674 467,211,482,232,0,0.002639 418,238,430,256,0,0.001257 479,223,493,241,0,0.001192
/home/dysjin/data/CARLA.v20-carla_v20.coco/valid/001509_png.rf.ed3baed466e7f65c1a01fb57bf942b65.jpg 572,219,589,243,0,0.799080 572,231,584,252,0,0.031064 477,211,491,231,0,0.009679 343,226,357,244,0,0.005774 568,220,594,262,0,0.003903 467,211,483,232,0,0.003170 471,202,497,238,0,0.003085 479,223,493,241,0,0.001352
/home/dysjin/data/CARLA.v20-carla_v20.coco/valid/026829_png.rf.e6f26e62f316568466a95ba7fd18d850.jpg 374,219,391,240,0,0.960351
/home/dysjin/data/CARLA.v20-carla_v20.coco/valid/007076_png.rf.d635d979c35f5dd6da756ef9889aef0b.jpg 396,214,418,242,2,0.875769 402,194,435,241,2,0.001161
/home/dysjin/data/CARLA.v20-carla_v20.coco/valid/Town02_006960_png.rf.eedfb90c1deb0d66a31341acd2e08f4f.jpg 148,161,167,181,0,0.918833 610,98,626,119,0,0.045089 601,88,625,132,0,0.006651 442,161,455,181,0,0.001669
/home/dysjin/data/CARLA.v20-carla_v20.coco/valid/041861_png.rf.f5f3812ca6c536c5c25bea3d596be111.jpg 402,209,430,241,0,0.775933
/home/dysjin/data/CARLA.v20-carla_v20.coco/valid/003755_png.rf.f6343810071c5f5401b5697ef363285d.jpg 407,215,433,242,1,0.636168 634,439,640,480,0,0.001000
/home/dysjin/data/CARLA.v20-carla_v20.coco/valid/001630_png.rf.ff5ced110f03f998a7a6998ddf647fd2.jpg 407,213,434,237,0,0.868603
/home/dysjin/data/CARLA.v20-carla_v20.coco/valid/003751_png.rf.0ff9ef7c8c8e4f5eab52437609a3b501.jpg 397,217,420,242,1,0.595424 636,436,640,480,0,0.001276
/home/dysjin/data/CARLA.v20-carla_v20.coco/valid/Town02_008820_png.rf.135414697b8215dc125af6b125d3058c.jpg 505,173,517,191,0,0.088897 422,175,433,191,0,0.067462 146,170,157,194,0,0.044440 431,174,440,189,0,0.034934 394,176,406,192,0,0.030018 393,185,405,203,0,0.027226 479,175,492,192,0,0.011228 3,133,15,155,0,0.006830 420,164,432,184,0,0.006252 345,177,355,192,0,0.006228 407,177,418,192,0,0.005748 617,146,629,167,0,0.003787 498,167,524,195,0,0.003773 10,124,24,143,0,0.003664 3,123,16,144,0,0.003553 432,164,445,182,0,0.003310 335,176,347,194,0,0.003190 385,178,412,208,0,0.002698 0,43,28,164,0,0.002622 413,167,441,196,0,0.002590 0,117,19,173,0,0.002454 495,175,508,193,0,0.002060 2,110,15,134,0,0.001963 431,186,441,202,0,0.001927 442,174,452,192,0,0.001908 387,187,397,205,0,0.001821 386,175,397,194,0,0.001794 408,164,419,182,0,0.001600 471,167,499,199,0,0.001290 442,163,454,182,0,0.001205 1,146,13,169,0,0.001179 395,162,406,181,0,0.001172 0,92,19,153,0,0.001147 405,187,417,203,0,0.001125 358,175,368,192,0,0.001061
/home/dysjin/data/CARLA.v20-carla_v20.coco/valid/006578_png.rf.21f08e8ed63ab67b3ef05528af8ef9e6.jpg 373,222,387,240,0,0.961933
/home/dysjin/data/CARLA.v20-carla_v20.coco/valid/Town02_006720_png.rf.2632fd4f3d65ff215e84d472badfd870.jpg 566,173,580,193,0,0.906643 346,178,357,193,0,0.175946 0,158,16,203,0,0.100707 442,185,454,203,0,0.058330 284,176,296,192,0,0.029852 457,173,467,192,0,0.006946 434,188,448,206,0,0.005223 560,173,571,193,0,0.004347 559,61,607,108,0,0.004108 443,175,456,193,0,0.003778 569,183,579,199,0,0.003304 435,179,462,209,0,0.002815 562,156,585,194,0,0.002680 444,197,456,215,0,0.002526 467,172,479,193,0,0.002506 283,185,295,202,0,0.002450 337,173,365,195,0,0.002074 295,175,306,191,0,0.001805 456,185,467,203,0,0.001564 356,175,367,192,0,0.001291 571,123,594,168,0,0.001072 0,131,16,192,0,0.001047 275,175,286,194,0,0.001025
/home/dysjin/data/CARLA.v20-carla_v20.coco/valid/007070_png.rf.2316a0a54db7e4a749f421570aadd160.jpg 384,219,405,241,2,0.811590 399,216,414,243,2,0.001285
/home/dysjin/data/CARLA.v20-carla_v20.coco/valid/041819_png.rf.374472e0a0868df264a4100cb7734e35.jpg 172,222,187,242,1,0.696353 174,234,190,248,1,0.010030 167,209,187,245,1,0.002157 180,212,189,238,1,0.001783
/home/dysjin/data/CARLA.v20-carla_v20.coco/valid/003766_png.rf.3dbe103da1003d1fb3bd18ad0d0894b4.jpg 460,200,509,243,1,0.538121
/home/dysjin/data/CARLA.v20-carla_v20.coco/valid/026849_png.rf.52e90800c02b90489d2521817c6942f7.jpg 421,208,456,242,0,0.851667
/home/dysjin/data/CARLA.v20-carla_v20.coco/valid/041864_png.rf.51f1d81198f2e5b7a450f586235760ec.jpg 414,207,443,241,1,0.591122
/home/dysjin/data/CARLA.v20-carla_v20.coco/valid/009044_png.rf.59d4a83882b4b6af242cbd9e0e31ba80.jpg 560,217,577,243,0,0.941038 0,207,13,239,0,0.261096 343,227,354,244,0,0.003006 0,186,16,240,0,0.001284 466,212,479,231,0,0.001151
/home/dysjin/data/CARLA.v20-carla_v20.coco/valid/Town01_010680_png.rf.5537782525200ced228c602e6dcc3456.jpg 371,178,384,193,0,0.891229 234,176,246,194,0,0.018082 226,170,252,199,0,0.001509 320,175,332,194,0,0.001383 245,176,258,194,0,0.001337 308,175,320,194,0,0.001266 283,176,295,194,0,0.001247 363,176,373,194,0,0.001240 296,177,309,193,0,0.001020
/home/dysjin/data/CARLA.v20-carla_v20.coco/valid/007085_png.rf.5a7141063cfddac158b01dce18de1e48.jpg 426,207,468,244,2,0.763276 425,218,459,235,2,0.004036 409,222,483,240,2,0.001102
/home/dysjin/data/CARLA.v20-carla_v20.coco/valid/041820_png.rf.69e77a8e269d90d89efc21e5026a7083.jpg 179,225,196,245,1,0.687490 179,215,196,239,1,0.006056 176,214,188,236,1,0.001412 174,222,204,259,1,0.001167
/home/dysjin/data/CARLA.v20-carla_v20.coco/valid/Town05_016500_png.rf.75b431585ae9c755044e81517b796324.jpg 457,175,477,195,0,0.755454 454,171,484,211,0,0.004208
/home/dysjin/data/CARLA.v20-carla_v20.coco/valid/026847_png.rf.7a28094ba474fb2fab06e58f1ebea83c.jpg 414,209,443,239,0,0.928457 0,161,13,185,0,0.002726
/home/dysjin/data/CARLA.v20-carla_v20.coco/valid/003814_png.rf.9123d8ff8e23490d6f5201cb816e4fc2.jpg 547,178,624,243,0,0.906363 515,154,640,265,0,0.052092
/home/dysjin/data/CARLA.v20-carla_v20.coco/valid/Town01_001500_png.rf.9254a251a5c6eb6313adba6a6adf1620.jpg 386,176,404,193,0,0.972176 392,162,407,191,0,0.001693 602,173,615,193,0,0.001229 400,171,414,194,0,0.001066
/home/dysjin/data/CARLA.v20-carla_v20.coco/valid/005160_png.rf.922d9f2da21b5b11121905df87e629d7.jpg 401,212,430,241,2,0.773445 396,214,432,246,1,0.092468 389,158,432,235,1,0.001104 635,438,640,480,0,0.001071
