/home/dysjin/data/CARLA.v20-carla_v20.coco/valid/Town02_006840_png.rf.a4a970c10202604d1dd8c41fe9097525.jpg 562,178,578,193,0,0.785599 559,168,584,200,0,0.014428 441,185,457,203,0,0.013705 0,173,13,195,1,0.013293 571,172,588,193,0,0.004328 197,163,211,180,0,0.001835 0,165,14,186,1,0.001546 0,144,14,204,0,0.001335 555,124,597,194,0,0.001216
/home/dysjin/data/CARLA.v20-carla_v20.coco/valid/Town02_002640_png.rf.ac6bee6a9e4c4b2a1e149670c97196c1.jpg 392,176,406,190,1,0.591477 389,164,412,197,1,0.005965 339,206,358,228,1,0.002928 530,152,545,169,0,0.002816 540,151,554,167,0,0.002223 334,208,350,229,0,0.001382
/home/dysjin/data/CARLA.v20-carla_v20.coco/valid/007096_png.rf.a26873f70f1467f54f0fd09ea8c1731b.jpg 541,170,618,250,1,0.535807 547,182,614,249,2,0.012494
/home/dysjin/data/CARLA.v20-carla_v20.coco/valid/Town02_006480_png.rf.aec43468267a9993201d034f7031ee5c.jpg 347,168,360,183,0,0.500162 354,174,365,189,0,0.073536 340,158,367,191,0,0.010281 347,183,361,199,0,0.007810 365,162,379,179,0,0.007629 356,183,369,199,0,0.007564 270,178,284,191,0,0.004974 337,166,350,179,0,0.003511 338,174,349,187,0,0.003124 364,174,378,188,0,0.002247 270,164,285,181,0,0.001910 232,176,247,190,0,0.001523
/home/dysjin/data/CARLA.v20-carla_v20.coco/valid/051305_png.rf.af3e2dc55ae45fc793f7f25eb6fdf7b4.jpg 425,211,465,241,0,0.882017
/home/dysjin/data/CARLA.v20-carla_v20.coco/valid/007291_png.rf.b33e9d647d42777054dfb5f46d23bbad.jpg 387,222,404,238,0,0.386108 188,30,215,67,1,0.001270
/home/dysjin/data/CARLA.v20-carla_v20.coco/valid/003752_png.rf.bb0716bc5b93fa8b10f41577e20a2f35.jpg 398,217,423,244,1,0.543174 398,218,425,241,2,0.421513
/home/dysjin/data/CARLA.v20-carla_v20.coco/valid/005173_png.rf.c24ac196d86260d3a384e12093bfa5ef.jpg 470,192,531,244,1,0.234011 481,194,526,245,2,0.073391
/home/dysjin/data/CARLA.v20-carla_v20.coco/valid/003769_png.rf.c5c0c17fa97551316c57744e9608f796.jpg 492,193,555,245,1,0.190594
/home/dysjin/data/CARLA.v20-carla_v20.coco/valid/004966_png.rf.c9d8d72d0920460b612251c5fddc5770.jpg 427,202,468,241,1,0.620779 436,209,459,235,2,0.002599
/home/dysjin/data/CARLA.v20-carla_v20.coco/valid/001638_png.rf.c98e4c5bc2a68de358073a26469c81b2.jpg 423,208,455,241,0,0.879514
/home/dysjin/data/CARLA.v20-carla_v20.coco/valid/051274_png.rf.d5f64278c64b556983082379a316485f.jpg 559,165,637,251,1,0.505064 560,156,632,277,2,0.003064
/home/dysjin/data/CARLA.v20-carla_v20.coco/valid/Town01_001440_png.rf.e4b4351effd31d5b433710cffb8243e4.jpg 385,178,400,193,0,0.558803 233,178,249,190,1,0.007612 83,149,99,168,0,0.004733 305,175,320,189,0,0.003597 60,174,75,192,0,0.003495 295,176,310,190,0,0.003221 50,172,65,191,0,0.002766 84,158,99,179,0,0.001711 270,175,284,189,0,0.001558 282,176,297,190,0,0.001382
/home/dysjin/data/CARLA.v20-carla_v20.coco/valid/041811_png.rf.e8d4c17844854d24f9b2bec66a8a8889.jpg 50,226,64,241,1,0.696669 49,219,65,235,1,0.011532 54,222,70,243,1,0.008782 47,232,66,249,1,0.001387
/home/dysjin/data/CARLA.v20-carla_v20.coco/valid/001519_png.rf.e42bb854e84b40164ed2795569b2eb6f.jpg 573,222,590,238,0,0.747448 572,205,596,246,0,0.002400 577,201,594,224,0,0.001909 569,232,582,250,0,0.001106 558,226,572,239,0,0.001048
/home/dysjin/data/CARLA.v20-carla_v20.coco/valid/001509_png.rf.ed3baed466e7f65c1a01fb57bf942b65.jpg 573,222,589,238,0,0.760225 571,206,596,245,0,0.002377 569,232,582,249,0,0.002055 576,200,593,224,0,0.001167
/home/dysjin/data/CARLA.v20-carla_v20.coco/valid/026829_png.rf.e6f26e62f316568466a95ba7fd18d850.jpg 373,222,393,238,0,0.959441 375,208,401,245,0,0.001523 377,201,395,225,0,0.001108
/home/dysjin/data/CARLA.v20-carla_v20.coco/valid/007076_png.rf.d635d979c35f5dd6da756ef9889aef0b.jpg 397,214,421,244,1,0.640252 396,218,422,240,2,0.332570
/home/dysjin/data/CARLA.v20-carla_v20.coco/valid/Town02_006960_png.rf.eedfb90c1deb0d66a31341acd2e08f4f.jpg 150,162,167,178,0,0.529118 612,97,631,119,0,0.001728
/home/dysjin/data/CARLA.v20-carla_v20.coco/valid/041861_png.rf.f5f3812ca6c536c5c25bea3d596be111.jpg 407,221,423,241,1,0.419271 408,207,432,243,1,0.041315
/home/dysjin/data/CARLA.v20-carla_v20.coco/valid/003755_png.rf.f6343810071c5f5401b5697ef363285d.jpg 409,213,434,240,1,0.587206 409,217,435,240,2,0.044104
/home/dysjin/data/CARLA.v20-carla_v20.coco/valid/001630_png.rf.ff5ced110f03f998a7a6998ddf647fd2.jpg 407,213,438,240,0,0.890880
/home/dysjin/data/CARLA.v20-carla_v20.coco/valid/003751_png.rf.0ff9ef7c8c8e4f5eab52437609a3b501.jpg 397,218,422,241,1,0.478515
/home/dysjin/data/CARLA.v20-carla_v20.coco/valid/Town02_008820_png.rf.135414697b8215dc125af6b125d3058c.jpg 393,184,406,201,0,0.236251 142,176,160,189,1,0.022378 612,128,640,232,0,0.016409 387,177,412,208,0,0.004160 394,197,407,211,0,0.003277 616,150,633,172,0,0.002633 384,177,398,194,0,0.002356 627,170,639,196,0,0.001897 343,177,358,191,0,0.001745 479,176,494,191,0,0.001642 403,186,418,203,0,0.001551 627,149,640,216,0,0.001521 393,162,409,184,0,0.001441 356,176,371,190,0,0.001239 146,165,163,184,0,0.001054 504,162,519,184,0,0.001019
/home/dysjin/data/CARLA.v20-carla_v20.coco/valid/006578_png.rf.21f08e8ed63ab67b3ef05528af8ef9e6.jpg 371,225,386,239,0,0.922816 378,215,390,237,0,0.002013 373,187,399,230,0,0.001026
/home/dysjin/data/CARLA.v20-carla_v20.coco/valid/Town02_006720_png.rf.2632fd4f3d65ff215e84d472badfd870.jpg 562,178,578,194,0,0.762433 559,168,584,201,0,0.015550 0,173,13,195,1,0.013023 440,185,457,203,0,0.006413 571,173,588,193,0,0.003630 195,149,210,171,0,0.001600 196,161,211,179,0,0.001474 0,165,14,186,1,0.001440 0,144,14,204,0,0.001324 555,124,597,195,0,0.001277
/home/dysjin/data/CARLA.v20-carla_v20.coco/valid/007070_png.rf.2316a0a54db7e4a749f421570aadd160.jpg 385,220,405,240,1,0.465579 381,221,403,238,2,0.428482 379,205,412,243,1,0.003449 363,187,410,235,1,0.001699
/home/dysjin/data/CARLA.v20-carla_v20.coco/valid/041819_png.rf.374472e0a0868df264a4100cb7734e35.jpg 173,226,187,242,1,0.794248 170,216,194,246,1,0.012730 120,248,136,264,1,0.002072 612,51,640,157,1,0.001998 170,232,188,249,1,0.001272 164,222,179,241,1,0.001203 149,225,162,241,1,0.001191 121,239,137,255,1,0.001002
/home/dysjin/data/CARLA.v20-carla_v20.coco/valid/003766_png.rf.3dbe103da1003d1fb3bd18ad0d0894b4.jpg 460,196,511,244,1,0.571265
/home/dysjin/data/CARLA.v20-carla_v20.coco/valid/026849_png.rf.52e90800c02b90489d2521817c6942f7.jpg 423,206,455,241,0,0.882047
/home/dysjin/data/CARLA.v20-carla_v20.coco/valid/041864_png.rf.51f1d81198f2e5b7a450f586235760ec.jpg 420,208,444,242,1,0.586685
/home/dysjin/data/CARLA.v20-carla_v20.coco/valid/009044_png.rf.59d4a83882b4b6af242cbd9e0e31ba80.jpg 560,221,579,240,0,0.942089 0,213,13,237,1,0.012483 344,228,357,240,1,0.006154 0,220,15,241,0,0.004347 562,231,577,250,0,0.001121 0,207,22,239,0,0.001081
/home/dysjin/data/CARLA.v20-carla_v20.coco/valid/Town01_010680_png.rf.5537782525200ced228c602e6dcc3456.jpg 370,179,387,192,0,0.479323 233,178,247,191,0,0.044986 367,170,391,200,0,0.006071 244,176,259,191,0,0.003293 209,181,224,192,0,0.002353 222,177,238,191,0,0.002325 208,186,224,201,0,0.001714 231,165,247,184,0,0.001452 258,177,272,191,0,0.001425
/home/dysjin/data/CARLA.v20-carla_v20.coco/valid/007085_png.rf.5a7141063cfddac158b01dce18de1e48.jpg 428,208,466,243,1,0.540816 436,213,460,236,2,0.005206 404,198,453,245,1,0.001059
/home/dysjin/data/CARLA.v20-carla_v20.coco/valid/041820_png.rf.69e77a8e269d90d89efc21e5026a7083.jpg 181,226,195,243,1,0.623717 182,217,198,236,1,0.010369 175,223,190,242,1,0.003444 181,232,198,251,1,0.002585 161,225,174,241,1,0.001761 148,225,161,242,1,0.001119
/home/dysjin/data/CARLA.v20-carla_v20.coco/valid/Town05_016500_png.rf.75b431585ae9c755044e81517b796324.jpg 459,177,477,197,1,0.559080 206,178,222,189,0,0.037690 458,172,482,193,0,0.004364 124,175,138,188,0,0.003690 133,164,148,180,0,0.001183 198,177,213,189,0,0.001158 122,165,137,182,0,0.001079 233,149,247,166,1,0.001016 133,173,148,190,0,0.001013
/home/dysjin/data/CARLA.v20-carla_v20.coco/valid/026847_png.rf.7a28094ba474fb2fab06e58f1ebea83c.jpg 414,210,444,242,0,0.923186
/home/dysjin/data/CARLA.v20-carla_v20.coco/valid/003814_png.rf.9123d8ff8e23490d6f5201cb816e4fc2.jpg 544,170,618,251,0,0.898573
/home/dysjin/data/CARLA.v20-carla_v20.coco/valid/Town01_001500_png.rf.9254a251a5c6eb6313adba6a6adf1620.jpg 386,175,405,191,0,0.915076 246,175,261,192,0,0.004940 271,175,285,193,0,0.002676 283,176,296,193,0,0.002203 362,121,412,191,0,0.001584 257,174,272,192,0,0.001423 283,186,297,202,0,0.001114 294,176,309,193,0,0.001063
/home/dysjin/data/CARLA.v20-carla_v20.coco/valid/005160_png.rf.922d9f2da21b5b11121905df87e629d7.jpg 402,210,429,242,1,0.546245 403,213,427,237,2,0.065524
