/home/dysjin/data/CARLA.v20-carla_v20.coco/valid/Town02_006840_png.rf.a4a970c10202604d1dd8c41fe9097525.jpg 561,174,579,191,0,0.372359 0,148,14,218,0,0.013109 552,185,565,199,0,0.002220 0,157,13,184,0,0.001651 560,154,583,195,0,0.001087
/home/dysjin/data/CARLA.v20-carla_v20.coco/valid/Town02_002640_png.rf.ac6bee6a9e4c4b2a1e149670c97196c1.jpg 392,175,406,188,0,0.034075
/home/dysjin/data/CARLA.v20-carla_v20.coco/valid/007096_png.rf.a26873f70f1467f54f0fd09ea8c1731b.jpg 534,165,630,251,0,0.376718 532,183,623,249,1,0.096399 543,175,610,256,2,0.027906
/home/dysjin/data/CARLA.v20-carla_v20.coco/valid/Town02_006480_png.rf.aec43468267a9993201d034f7031ee5c.jpg 353,175,366,188,0,0.182975 344,167,359,182,0,0.009248 366,165,380,181,0,0.001812 365,176,378,190,0,0.001504 351,163,368,200,0,0.001176 335,166,348,179,0,0.001066
/home/dysjin/data/CARLA.v20-carla_v20.coco/valid/051305_png.rf.af3e2dc55ae45fc793f7f25eb6fdf7b4.jpg 421,205,462,244,0,0.471621 427,216,453,234,0,0.002342
/home/dysjin/data/CARLA.v20-carla_v20.coco/valid/007291_png.rf.b33e9d647d42777054dfb5f46d23bbad.jpg 383,223,399,237,0,0.493603 385,214,405,245,0,0.002057
/home/dysjin/data/CARLA.v20-carla_v20.coco/valid/003752_png.rf.bb0716bc5b93fa8b10f41577e20a2f35.jpg 397,217,422,242,0,0.433442
/home/dysjin/data/CARLA.v20-carla_v20.coco/valid/005173_png.rf.c24ac196d86260d3a384e12093bfa5ef.jpg 471,193,526,248,0,0.230800 468,184,535,251,1,0.156851
/home/dysjin/data/CARLA.v20-carla_v20.coco/valid/003769_png.rf.c5c0c17fa97551316c57744e9608f796.jpg 492,180,554,253,0,0.272280 487,181,556,253,1,0.189563 495,194,530,247,1,0.005556
/home/dysjin/data/CARLA.v20-carla_v20.coco/valid/004966_png.rf.c9d8d72d0920460b612251c5fddc5770.jpg 426,202,466,242,0,0.417209
/home/dysjin/data/CARLA.v20-carla_v20.coco/valid/001638_png.rf.c98e4c5bc2a68de358073a26469c81b2.jpg 419,208,455,242,0,0.457157
/home/dysjin/data/CARLA.v20-carla_v20.coco/valid/051274_png.rf.d5f64278c64b556983082379a316485f.jpg 561,158,633,254,0,0.404877 547,184,640,248,1,0.084917 568,173,628,258,2,0.031581
/home/dysjin/data/CARLA.v20-carla_v20.coco/valid/Town01_001440_png.rf.e4b4351effd31d5b433710cffb8243e4.jpg 383,173,401,192,0,0.526540 381,184,397,196,0,0.001329 374,174,388,191,0,0.001140 391,165,406,187,0,0.001042 624,98,640,174,0,0.001032
/home/dysjin/data/CARLA.v20-carla_v20.coco/valid/041811_png.rf.e8d4c17844854d24f9b2bec66a8a8889.jpg 46,222,63,238,0,0.512973 233,213,246,228,0,0.002465 53,226,71,239,0,0.002264 244,225,257,239,0,0.001252 48,210,69,243,0,0.001219 243,214,256,228,0,0.001140
/home/dysjin/data/CARLA.v20-carla_v20.coco/valid/001519_png.rf.e42bb854e84b40164ed2795569b2eb6f.jpg 573,221,588,238,0,0.556447 584,226,598,241,0,0.002316 576,207,587,254,0,0.001637
/home/dysjin/data/CARLA.v20-carla_v20.coco/valid/001509_png.rf.ed3baed466e7f65c1a01fb57bf942b65.jpg 573,222,587,238,0,0.541850 585,226,598,240,0,0.002130 577,208,587,254,0,0.001257
/home/dysjin/data/CARLA.v20-carla_v20.coco/valid/026829_png.rf.e6f26e62f316568466a95ba7fd18d850.jpg 374,223,390,237,0,0.551376
/home/dysjin/data/CARLA.v20-carla_v20.coco/valid/007076_png.rf.d635d979c35f5dd6da756ef9889aef0b.jpg 390,214,425,243,0,0.531668
/home/dysjin/data/CARLA.v20-carla_v20.coco/valid/Town02_006960_png.rf.eedfb90c1deb0d66a31341acd2e08f4f.jpg 148,162,165,179,0,0.508678 149,149,164,196,0,0.001771
/home/dysjin/data/CARLA.v20-carla_v20.coco/valid/041861_png.rf.f5f3812ca6c536c5c25bea3d596be111.jpg 400,210,428,241,0,0.505185 399,219,413,238,0,0.001197
/home/dysjin/data/CARLA.v20-carla_v20.coco/valid/003755_png.rf.f6343810071c5f5401b5697ef363285d.jpg 403,213,437,243,0,0.521050
/home/dysjin/data/CARLA.v20-carla_v20.coco/valid/001630_png.rf.ff5ced110f03f998a7a6998ddf647fd2.jpg 406,208,435,240,0,0.521529
/home/dysjin/data/CARLA.v20-carla_v20.coco/valid/003751_png.rf.0ff9ef7c8c8e4f5eab52437609a3b501.jpg 395,217,419,241,0,0.426127
/home/dysjin/data/CARLA.v20-carla_v20.coco/valid/Town02_008820_png.rf.135414697b8215dc125af6b125d3058c.jpg 390,186,407,201,0,0.005419
/home/dysjin/data/CARLA.v20-carla_v20.coco/valid/006578_png.rf.21f08e8ed63ab67b3ef05528af8ef9e6.jpg 369,222,384,238,0,0.520542 363,222,375,239,0,0.002487
/home/dysjin/data/CARLA.v20-carla_v20.coco/valid/Town02_006720_png.rf.2632fd4f3d65ff215e84d472badfd870.jpg 561,175,580,192,0,0.362374 0,148,14,217,0,0.012261 0,157,13,184,0,0.001543 552,185,565,199,0,0.001296
/home/dysjin/data/CARLA.v20-carla_v20.coco/valid/007070_png.rf.2316a0a54db7e4a749f421570aadd160.jpg 380,218,403,239,0,0.486750
/home/dysjin/data/CARLA.v20-carla_v20.coco/valid/041819_png.rf.374472e0a0868df264a4100cb7734e35.jpg 170,224,184,238,0,0.477515 178,227,193,239,0,0.002503
/home/dysjin/data/CARLA.v20-carla_v20.coco/valid/003766_png.rf.3dbe103da1003d1fb3bd18ad0d0894b4.jpg 460,195,509,248,0,0.417199
/home/dysjin/data/CARLA.v20-carla_v20.coco/valid/026849_png.rf.52e90800c02b90489d2521817c6942f7.jpg 422,205,457,240,0,0.451132
/home/dysjin/data/CARLA.v20-carla_v20.coco/valid/041864_png.rf.51f1d81198f2e5b7a450f586235760ec.jpg 410,208,444,242,0,0.502730
/home/dysjin/data/CARLA.v20-carla_v20.coco/valid/009044_png.rf.59d4a83882b4b6af242cbd9e0e31ba80.jpg 558,221,577,241,0,0.376244 0,190,14,253,0,0.013712 0,217,15,241,0,0.001523
/home/dysjin/data/CARLA.v20-carla_v20.coco/valid/Town01_010680_png.rf.5537782525200ced228c602e6dcc3456.jpg 371,178,383,192,0,0.379692 361,173,375,191,0,0.001341
/home/dysjin/data/CARLA.v20-carla_v20.coco/valid/007085_png.rf.5a7141063cfddac158b01dce18de1e48.jpg 421,204,463,246,0,0.404670 425,208,459,247,1,0.023968 427,215,454,234,0,0.001130
/home/dysjin/data/CARLA.v20-carla_v20.coco/valid/041820_png.rf.69e77a8e269d90d89efc21e5026a7083.jpg 180,225,195,239,0,0.417344 184,218,196,234,0,0.001358 161,224,176,238,0,0.001158 158,216,173,231,0,0.001078 172,217,187,234,0,0.001005
/home/dysjin/data/CARLA.v20-carla_v20.coco/valid/Town05_016500_png.rf.75b431585ae9c755044e81517b796324.jpg 456,176,476,197,0,0.453664
/home/dysjin/data/CARLA.v20-carla_v20.coco/valid/026847_png.rf.7a28094ba474fb2fab06e58f1ebea83c.jpg 411,207,445,240,0,0.506643
/home/dysjin/data/CARLA.v20-carla_v20.coco/valid/003814_png.rf.9123d8ff8e23490d6f5201cb816e4fc2.jpg 546,167,621,251,0,0.416468 543,183,619,249,1,0.181245 560,180,627,252,2,0.003235
/home/dysjin/data/CARLA.v20-carla_v20.coco/valid/Town01_001500_png.rf.9254a251a5c6eb6313adba6a6adf1620.jpg 386,173,403,192,0,0.463494
/home/dysjin/data/CARLA.v20-carla_v20.coco/valid/005160_png.rf.922d9f2da21b5b11121905df87e629d7.jpg 397,212,431,245,0,0.533619
