/home/dysjin/data/CARLA.v20-carla_v20.coco/valid/Town02_006840_png.rf.a4a970c10202604d1dd8c41fe9097525.jpg 561,176,580,194,0,0.798347 0,169,13,197,0,0.057389 515,139,533,158,0,0.005239 567,165,581,189,0,0.004686 236,166,248,183,0,0.004247 244,166,257,182,0,0.003500 0,160,15,190,1,0.003484 419,163,435,185,0,0.002335 197,164,210,180,0,0.001958 443,187,457,204,0,0.001723 197,150,210,170,0,0.001445 455,174,468,194,0,0.001308 0,165,12,225,0,0.001261 444,174,458,195,0,0.001154 244,174,257,191,0,0.001127 345,176,359,192,0,0.001080
/home/dysjin/data/CARLA.v20-carla_v20.coco/valid/Town02_002640_png.rf.ac6bee6a9e4c4b2a1e149670c97196c1.jpg 388,175,403,190,0,0.896566 466,141,481,157,0,0.005462 399,177,414,191,0,0.005112 391,178,407,203,0,0.004991 374,171,387,192,0,0.001722 220,161,235,182,0,0.001342
/home/dysjin/data/CARLA.v20-carla_v20.coco/valid/007096_png.rf.a26873f70f1467f54f0fd09ea8c1731b.jpg 542,166,622,251,1,0.548975 528,149,633,262,2,0.055386 557,177,607,254,2,0.016668 0,0,640,480,0,0.005226
/home/dysjin/data/CARLA.v20-carla_v20.coco/valid/Town02_006480_png.rf.aec43468267a9993201d034f7031ee5c.jpg 347,177,360,192,0,0.604558 353,167,366,185,0,0.026068 342,168,363,200,0,0.011663 367,175,380,190,0,0.004085 355,184,366,199,0,0.003957 349,160,371,193,0,0.002707
/home/dysjin/data/CARLA.v20-carla_v20.coco/valid/051305_png.rf.af3e2dc55ae45fc793f7f25eb6fdf7b4.jpg 429,212,459,240,0,0.915731
/home/dysjin/data/CARLA.v20-carla_v20.coco/valid/007291_png.rf.b33e9d647d42777054dfb5f46d23bbad.jpg 386,224,404,238,0,0.677650 383,212,408,242,0,0.002659
/home/dysjin/data/CARLA.v20-carla_v20.coco/valid/003752_png.rf.bb0716bc5b93fa8b10f41577e20a2f35.jpg 397,216,423,242,1,0.492295
/home/dysjin/data/CARLA.v20-carla_v20.coco/valid/005173_png.rf.c24ac196d86260d3a384e12093bfa5ef.jpg 474,195,523,243,1,0.284364 484,190,526,247,2,0.105951 0,0,640,480,1,0.002627
/home/dysjin/data/CARLA.v20-carla_v20.coco/valid/003769_png.rf.c5c0c17fa97551316c57744e9608f796.jpg 499,187,544,246,1,0.319019
/home/dysjin/data/CARLA.v20-carla_v20.coco/valid/004966_png.rf.c9d8d72d0920460b612251c5fddc5770.jpg 431,203,462,241,1,0.516844
/home/dysjin/data/CARLA.v20-carla_v20.coco/valid/001638_png.rf.c98e4c5bc2a68de358073a26469c81b2.jpg 422,210,453,240,0,0.938456
/home/dysjin/data/CARLA.v20-carla_v20.coco/valid/051274_png.rf.d5f64278c64b556983082379a316485f.jpg 561,168,638,250,1,0.499430 552,152,640,262,2,0.046710 356,227,372,243,1,0.001970
/home/dysjin/data/CARLA.v20-carla_v20.coco/valid/Town01_001440_png.rf.e4b4351effd31d5b433710cffb8243e4.jpg 384,178,398,189,0,0.948520 346,175,356,187,0,0.444161 359,175,367,185,0,0.052880 376,166,401,197,0,0.014968 345,185,354,197,0,0.005741 336,164,349,184,0,0.004923 337,165,362,196,0,0.003034 371,152,384,175,0,0.003025 359,165,371,183,0,0.002431 359,151,373,174,0,0.001642 358,140,372,163,0,0.001366
/home/dysjin/data/CARLA.v20-carla_v20.coco/valid/041811_png.rf.e8d4c17844854d24f9b2bec66a8a8889.jpg 49,224,64,241,1,0.508271 46,210,66,245,0,0.009304 49,228,64,253,0,0.004655 56,227,68,242,0,0.003466 57,201,72,222,1,0.001594 52,202,65,224,1,0.001363
/home/dysjin/data/CARLA.v20-carla_v20.coco/valid/001519_png.rf.e42bb854e84b40164ed2795569b2eb6f.jpg 570,222,591,238,0,0.818447 567,209,588,249,0,0.004393 569,201,580,227,0,0.002220 478,213,495,235,0,0.002061 579,233,594,247,0,0.001340 469,220,484,244,0,0.001030
/home/dysjin/data/CARLA.v20-carla_v20.coco/valid/001509_png.rf.ed3baed466e7f65c1a01fb57bf942b65.jpg 571,222,591,238,0,0.769223 566,210,588,249,0,0.006596 479,213,494,235,0,0.003011 469,221,484,243,0,0.001872 579,234,593,247,0,0.001660 560,221,572,240,0,0.001487 569,201,580,227,0,0.001424 417,225,431,243,0,0.001160
/home/dysjin/data/CARLA.v20-carla_v20.coco/valid/026829_png.rf.e6f26e62f316568466a95ba7fd18d850.jpg 371,222,393,235,0,0.940471 350,223,360,238,0,0.001188 388,217,400,234,0,0.001105
/home/dysjin/data/CARLA.v20-carla_v20.coco/valid/007076_png.rf.d635d979c35f5dd6da756ef9889aef0b.jpg 396,215,420,242,1,0.424531
/home/dysjin/data/CARLA.v20-carla_v20.coco/valid/Town02_006960_png.rf.eedfb90c1deb0d66a31341acd2e08f4f.jpg 146,161,167,180,0,0.914847 601,137,617,160,0,0.003275 418,172,433,194,0,0.002193 341,113,358,137,0,0.001940 331,137,345,156,0,0.001158 141,158,154,183,0,0.001045
/home/dysjin/data/CARLA.v20-carla_v20.coco/valid/041861_png.rf.f5f3812ca6c536c5c25bea3d596be111.jpg 401,211,430,240,0,0.355070 402,214,429,237,1,0.099474
/home/dysjin/data/CARLA.v20-carla_v20.coco/valid/003755_png.rf.f6343810071c5f5401b5697ef363285d.jpg 408,215,433,239,1,0.484522 401,210,431,239,0,0.002489
/home/dysjin/data/CARLA.v20-carla_v20.coco/valid/001630_png.rf.ff5ced110f03f998a7a6998ddf647fd2.jpg 407,212,436,241,0,0.940396
/home/dysjin/data/CARLA.v20-carla_v20.coco/valid/003751_png.rf.0ff9ef7c8c8e4f5eab52437609a3b501.jpg 394,217,420,241,1,0.424869 393,209,421,250,0,0.015322
/home/dysjin/data/CARLA.v20-carla_v20.coco/valid/Town02_008820_png.rf.135414697b8215dc125af6b125d3058c.jpg 505,174,520,193,0,0.041368 2,131,16,160,0,0.041350 24,128,38,148,0,0.030235 11,124,26,150,0,0.020509 393,177,407,195,0,0.018520 430,175,446,193,0,0.014105 3,123,16,151,0,0.012487 392,186,407,203,0,0.008491 479,174,493,192,0,0.008040 499,155,523,195,0,0.006057 441,174,456,192,0,0.006002 419,165,434,185,0,0.004193 0,129,16,190,0,0.003660 1,145,13,172,0,0.003648 7,131,29,157,0,0.003476 0,68,14,131,0,0.003058 404,174,420,194,0,0.002374 258,164,272,181,0,0.002352 408,160,422,185,0,0.002193 397,162,410,185,0,0.001883 270,166,283,180,0,0.001765 247,164,259,181,0,0.001661 384,176,397,193,0,0.001633 470,172,484,193,0,0.001616 492,175,508,195,0,0.001605 0,56,17,117,0,0.001592 513,172,529,195,0,0.001562 387,169,413,202,0,0.001501 32,127,49,147,0,0.001465 0,94,17,156,0,0.001252 141,174,161,194,0,0.001230 0,75,14,148,0,0.001227 383,185,397,204,0,0.001199 35,136,50,154,0,0.001098 403,186,418,203,0,0.001008
/home/dysjin/data/CARLA.v20-carla_v20.coco/valid/006578_png.rf.21f08e8ed63ab67b3ef05528af8ef9e6.jpg 367,222,385,236,0,0.933732 366,213,391,242,0,0.021664 368,227,381,253,0,0.002895
/home/dysjin/data/CARLA.v20-carla_v20.coco/valid/Town02_006720_png.rf.2632fd4f3d65ff215e84d472badfd870.jpg 561,176,581,194,0,0.779061 0,169,13,197,0,0.053823 515,139,533,159,0,0.004856 0,160,15,190,1,0.003420 419,164,435,185,0,0.002935 234,173,248,191,0,0.002199 197,150,209,169,0,0.002095 345,176,359,192,0,0.001540 444,174,458,195,0,0.001519 443,187,457,203,0,0.001423 0,165,12,225,0,0.001277 197,164,210,180,0,0.001222 366,163,383,181,0,0.001179 355,174,370,191,0,0.001086 455,174,468,194,0,0.001021
/home/dysjin/data/CARLA.v20-carla_v20.coco/valid/007070_png.rf.2316a0a54db7e4a749f421570aadd160.jpg 383,220,401,239,1,0.451156 380,207,402,251,0,0.003946 376,195,405,230,1,0.001386 404,76,422,97,1,0.001264
/home/dysjin/data/CARLA.v20-carla_v20.coco/valid/041819_png.rf.374472e0a0868df264a4100cb7734e35.jpg 173,224,188,240,1,0.609119 170,210,190,245,1,0.009243 172,231,187,249,1,0.003299
/home/dysjin/data/CARLA.v20-carla_v20.coco/valid/003766_png.rf.3dbe103da1003d1fb3bd18ad0d0894b4.jpg 464,199,508,240,1,0.466465 474,197,513,241,2,0.005631
/home/dysjin/data/CARLA.v20-carla_v20.coco/valid/026849_png.rf.52e90800c02b90489d2521817c6942f7.jpg 420,205,453,241,0,0.890279 345,215,359,233,0,0.001451
/home/dysjin/data/CARLA.v20-carla_v20.coco/valid/041864_png.rf.51f1d81198f2e5b7a450f586235760ec.jpg 414,207,444,242,1,0.498678 418,209,449,248,0,0.001912
/home/dysjin/data/CARLA.v20-carla_v20.coco/valid/009044_png.rf.59d4a83882b4b6af242cbd9e0e31ba80.jpg 558,220,579,241,0,0.923864 0,211,16,236,1,0.211665 0,202,18,244,0,0.121058 0,205,12,258,0,0.071216 343,226,358,240,0,0.004226 4,213,23,232,0,0.001722 564,229,581,251,0,0.001692 531,210,546,231,0,0.001160
/home/dysjin/data/CARLA.v20-carla_v20.coco/valid/Town01_010680_png.rf.5537782525200ced228c602e6dcc3456.jpg 367,180,380,192,0,0.875953 376,179,388,191,0,0.074080 360,173,385,197,0,0.012145 363,175,374,190,0,0.011315 349,173,359,187,0,0.003608 309,174,321,189,0,0.003171 232,177,247,193,0,0.003154 321,173,335,191,0,0.002224 334,174,345,189,0,0.002088 372,168,383,186,0,0.001421
/home/dysjin/data/CARLA.v20-carla_v20.coco/valid/007085_png.rf.5a7141063cfddac158b01dce18de1e48.jpg 431,208,462,242,1,0.528973 434,215,471,240,2,0.004413
/home/dysjin/data/CARLA.v20-carla_v20.coco/valid/041820_png.rf.69e77a8e269d90d89efc21e5026a7083.jpg 180,225,196,240,1,0.604143 184,214,197,238,1,0.064216 175,225,191,239,0,0.031511 192,201,209,222,1,0.003314 191,183,213,243,1,0.003028 200,187,228,230,1,0.002992 183,231,200,250,1,0.001744
/home/dysjin/data/CARLA.v20-carla_v20.coco/valid/Town05_016500_png.rf.75b431585ae9c755044e81517b796324.jpg 455,182,477,195,0,0.856557 434,174,446,190,0,0.001971 0,153,42,190,0,0.001142
/home/dysjin/data/CARLA.v20-carla_v20.coco/valid/026847_png.rf.7a28094ba474fb2fab06e58f1ebea83c.jpg 414,210,444,239,0,0.948129 344,215,359,232,0,0.001684
/home/dysjin/data/CARLA.v20-carla_v20.coco/valid/003814_png.rf.9123d8ff8e23490d6f5201cb816e4fc2.jpg 546,178,623,241,0,0.919907 536,139,634,293,0,0.007717
/home/dysjin/data/CARLA.v20-carla_v20.coco/valid/Town01_001500_png.rf.9254a251a5c6eb6313adba6a6adf1620.jpg 385,175,404,190,0,0.957272 285,174,297,191,0,0.005852 418,175,432,190,0,0.004971 401,177,413,191,0,0.004059 294,175,309,193,0,0.002190 362,174,372,189,0,0.001777 392,179,406,201,0,0.001366 346,175,359,191,0,0.001188 273,174,286,192,0,0.001155 246,174,260,192,0,0.001054
/home/dysjin/data/CARLA.v20-carla_v20.coco/valid/005160_png.rf.922d9f2da21b5b11121905df87e629d7.jpg 401,214,426,239,1,0.548276
