/home/dysjin/data/CARLA.v20-carla_v20.coco/valid/Town05_011820_png.rf.a721d4435d03a17b63243ff374e790d2.jpg 7,182,103,233,6,0.480722 317,187,330,199,6,0.346482 313,187,325,201,0,0.320240 1,193,68,228,6,0.040330 43,193,115,227,6,0.013884 259,181,272,192,6,0.009201 77,195,110,224,6,0.008603 327,186,341,199,6,0.008535 269,182,283,192,6,0.005614 311,196,324,210,0,0.002900 310,182,323,195,6,0.002247 450,0,640,118,6,0.002142 295,183,313,193,6,0.002101 297,188,316,199,6,0.002023 0,193,22,352,6,0.001836 282,182,297,192,6,0.001592 318,196,331,210,0,0.001414 260,188,274,198,6,0.001109
/home/dysjin/data/CARLA.v20-carla_v20.coco/valid/Town05_005760_png.rf.a5aa9e8688171e7bfb57f36e4a648f69.jpg 313,185,329,202,6,0.898622 102,184,113,205,1,0.056289 258,180,273,190,6,0.049426 411,177,436,222,6,0.028862 346,177,359,190,6,0.007559 270,179,281,190,6,0.006097 100,176,114,200,1,0.004390 2,159,16,182,6,0.003771 6,162,27,178,6,0.003609 247,181,262,192,6,0.002874 355,177,367,194,6,0.002724 31,165,59,181,6,0.002682 4,158,58,184,6,0.002360 45,166,65,180,6,0.001908 345,170,355,180,3,0.001850 281,182,292,192,6,0.001564 0,150,15,174,6,0.001298 628,99,640,166,6,0.001167 401,194,428,219,6,0.001084 16,163,46,179,6,0.001035
/home/dysjin/data/CARLA.v20-carla_v20.coco/valid/075705_png.rf.9f5447b468e0280dc956a534954f8a5e.jpg 310,244,350,272,6,0.955444 167,238,253,308,6,0.911674 0,252,180,418,6,0.845863 239,239,268,274,6,0.794284 218,247,263,287,6,0.007486 11,270,64,480,6,0.006624 0,0,629,480,6,0.005270 353,238,367,253,6,0.004464 253,236,268,264,6,0.002505 300,239,311,252,6,0.001252 349,249,369,266,6,0.001116 228,245,259,267,6,0.001044
/home/dysjin/data/CARLA.v20-carla_v20.coco/valid/Town02_006840_png.rf.a4a970c10202604d1dd8c41fe9097525.jpg 574,181,640,218,6,0.723335 565,179,581,197,3,0.188545 561,184,581,206,6,0.177108 345,188,358,208,6,0.124022 115,191,166,221,6,0.053387 216,192,240,204,6,0.021588 207,189,229,204,6,0.020851 1,167,15,230,6,0.008999 334,190,351,205,6,0.003534 351,189,368,203,6,0.003247 627,159,638,183,6,0.003178 0,170,12,200,3,0.003147 620,195,640,220,6,0.003068 0,160,13,214,6,0.002907 0,189,16,249,6,0.002731 553,193,571,216,6,0.002467 127,188,154,206,6,0.002085 566,168,581,185,3,0.002062 539,189,558,208,6,0.002056 155,197,179,215,6,0.001742 0,191,16,225,6,0.001643 306,190,319,201,6,0.001632 293,188,308,201,6,0.001437 139,196,167,215,6,0.001131 539,185,584,212,6,0.001120 526,189,545,208,6,0.001053 230,193,245,205,6,0.001052 401,188,424,203,6,0.001042
/home/dysjin/data/CARLA.v20-carla_v20.coco/valid/Town02_002640_png.rf.ac6bee6a9e4c4b2a1e149670c97196c1.jpg 300,186,368,252,6,0.860069 393,174,406,188,3,0.812287 262,194,291,214,6,0.773746 558,168,640,229,6,0.005901 306,185,324,208,6,0.004782 396,183,406,198,3,0.003845 276,188,297,210,6,0.003718 302,187,329,235,6,0.002254 389,167,410,197,3,0.002218 561,73,640,135,6,0.001254 400,168,414,182,3,0.001141
/home/dysjin/data/CARLA.v20-carla_v20.coco/valid/007096_png.rf.a26873f70f1467f54f0fd09ea8c1731b.jpg 547,164,612,256,5,0.499172 542,169,621,251,4,0.455435 365,246,384,265,6,0.232853 540,157,623,260,3,0.060175 377,247,391,266,2,0.001649 368,239,380,262,2,0.001595
/home/dysjin/data/CARLA.v20-carla_v20.coco/valid/041683_png.rf.abc13a183255cbb5f9aeca7d55d8b4c0.jpg 304,238,337,312,0,0.387432
/home/dysjin/data/CARLA.v20-carla_v20.coco/valid/041699_png.rf.a4a6f7fb7672ac47b317ec4fe3e21c97.jpg 299,236,336,312,0,0.539647
/home/dysjin/data/CARLA.v20-carla_v20.coco/valid/Town02_006480_png.rf.aec43468267a9993201d034f7031ee5c.jpg 349,174,360,186,3,0.174963 217,187,238,204,6,0.045901 197,184,211,207,6,0.031108 203,184,228,203,6,0.017917 353,170,368,184,3,0.014410 366,169,380,181,3,0.009183 364,177,378,187,3,0.006528 377,167,390,181,3,0.004165 259,188,272,200,6,0.003845 229,189,245,204,6,0.002977 269,188,281,199,6,0.001166 378,176,391,188,3,0.001158 283,190,296,201,6,0.001037
/home/dysjin/data/CARLA.v20-carla_v20.coco/valid/Town02_003060_png.rf.b28380c7e6ad26a4ccdfda39d4db7f85.jpg 546,191,621,221,6,0.420336 622,193,640,246,6,0.014779 556,183,587,218,6,0.010014 609,174,639,263,6,0.009572 596,195,640,226,6,0.007073 527,190,574,223,6,0.003385 625,182,639,209,6,0.001493 609,202,637,218,6,0.001111
/home/dysjin/data/CARLA.v20-carla_v20.coco/valid/Town01_009120_png.rf.b3886317404f3c307752dac4625c4b0e.jpg 307,194,336,211,6,0.726593 367,196,412,217,6,0.027736 324,189,346,205,6,0.025609 539,194,558,217,6,0.010000 173,195,187,216,2,0.007691 179,195,194,215,2,0.006508 309,188,363,208,6,0.004620 335,190,359,204,6,0.004563 282,191,296,201,6,0.001928 148,188,158,206,2,0.001729 246,190,258,205,6,0.001373 372,191,400,209,6,0.001097
/home/dysjin/data/CARLA.v20-carla_v20.coco/valid/051305_png.rf.af3e2dc55ae45fc793f7f25eb6fdf7b4.jpg 426,212,462,241,3,0.902448 426,214,458,243,6,0.012131 309,238,320,252,6,0.002756 269,238,286,250,6,0.002694
/home/dysjin/data/CARLA.v20-carla_v20.coco/valid/007291_png.rf.b33e9d647d42777054dfb5f46d23bbad.jpg 385,222,400,238,3,0.883337 379,216,411,238,3,0.001679
/home/dysjin/data/CARLA.v20-carla_v20.coco/valid/Town05_005820_png.rf.abc3e70595852b4f2320e8b55c805a27.jpg 304,190,334,218,6,0.934710 247,179,258,191,6,0.018356 246,186,260,199,6,0.008708 331,182,341,205,0,0.006713 258,179,268,189,6,0.004525 344,177,355,187,6,0.003984 256,186,268,197,6,0.001432
/home/dysjin/data/CARLA.v20-carla_v20.coco/valid/Town05_006960_png.rf.9d31f2ffd8a1d723122d28555c0e3321.jpg 283,187,297,210,0,0.479800 617,185,638,363,0,0.009850 330,187,344,199,6,0.002810 630,191,640,220,0,0.002437 379,177,393,195,6,0.002009 571,183,640,380,6,0.001194 613,211,638,375,6,0.001152 628,180,640,209,6,0.001018
/home/dysjin/data/CARLA.v20-carla_v20.coco/valid/Town02_009720_png.rf.b20474373a38fe973889a895d5aba03e.jpg 293,204,343,258,6,0.488210 268,193,278,214,0,0.214834 267,191,280,211,1,0.141600 262,192,277,210,6,0.104938 205,198,219,218,6,0.026349 320,189,334,203,6,0.019338 191,176,212,197,4,0.012217 293,181,309,193,6,0.003238 278,189,295,201,6,0.002909 282,180,299,193,6,0.002675 623,168,637,194,6,0.002641 304,181,324,193,6,0.002456 614,173,633,193,4,0.002051 264,184,281,224,0,0.002026 296,189,312,201,6,0.001895 307,191,325,204,6,0.001659 195,185,218,206,4,0.001325 206,188,223,211,6,0.001195 184,196,224,223,6,0.001148
/home/dysjin/data/CARLA.v20-carla_v20.coco/valid/Town01_002220_png.rf.9b6e376c042a4b43cdf2a33f00250d62.jpg 199,213,434,368,6,0.933834 551,194,640,256,6,0.040486 255,185,271,201,6,0.007253 320,185,334,200,6,0.003560 321,180,333,194,0,0.003394 0,0,640,380,6,0.002645 280,188,297,206,0,0.002419 184,188,197,204,1,0.001476 330,188,347,203,0,0.001432 329,180,344,193,6,0.001267 44,0,595,380,6,0.001223
/home/dysjin/data/CARLA.v20-carla_v20.coco/valid/Town01_003900_png.rf.b43a572a2d61a01bb389880cf86179de.jpg 198,208,439,370,6,0.925691 325,192,358,206,6,0.052575 338,197,359,212,6,0.013642 403,170,420,227,2,0.005247 289,189,314,202,6,0.005099 219,191,234,206,1,0.003468 0,0,640,380,6,0.002723 402,178,421,232,1,0.001882 279,183,349,207,6,0.001799 43,0,596,380,6,0.001488 1,172,14,198,6,0.001372 0,182,14,211,6,0.001302 220,196,233,211,0,0.001160
/home/dysjin/data/CARLA.v20-carla_v20.coco/valid/029067_png.rf.b686edaf28a0971571945f7b069613d5.jpg 539,218,581,346,2,0.901446 396,232,405,260,2,0.148770 402,233,413,261,2,0.008450
/home/dysjin/data/CARLA.v20-carla_v20.coco/valid/Town02_004200_png.rf.b4d2f32e1287253b4f35bf521927be39.jpg 265,189,292,209,6,0.931136 378,188,393,206,6,0.018934 307,180,323,193,6,0.012491 370,187,384,204,6,0.007045 266,179,291,200,6,0.007003 356,187,370,203,6,0.005893 291,185,307,202,6,0.004160 348,178,360,192,3,0.003400 296,181,311,195,6,0.003214 427,193,473,226,6,0.002190 369,178,383,191,3,0.001682 435,187,459,209,6,0.001447 378,179,390,194,3,0.001142 349,185,359,201,6,0.001129
/home/dysjin/data/CARLA.v20-carla_v20.coco/valid/Town02_002100_png.rf.b49da10e2c41ab65d4c132e46f15d3e3.jpg 299,186,331,284,1,0.815130 275,187,289,202,6,0.614531 1,185,19,211,6,0.349150 282,181,295,196,6,0.023316 312,185,323,204,0,0.016752 1,159,15,218,6,0.014896 268,181,294,207,6,0.004202 294,185,306,204,0,0.003145 316,185,327,203,6,0.002730 356,162,367,177,3,0.002522 307,179,324,237,0,0.002134 402,164,416,182,6,0.001268 415,187,431,207,6,0.001206 321,178,333,190,6,0.001142
/home/dysjin/data/CARLA.v20-carla_v20.coco/valid/003752_png.rf.bb0716bc5b93fa8b10f41577e20a2f35.jpg 399,214,423,241,4,0.709731 306,240,325,253,6,0.646659 299,233,331,256,6,0.001971
/home/dysjin/data/CARLA.v20-carla_v20.coco/valid/138327_png.rf.b4aecc174d58e25a6e680c2468864172.jpg 19,233,43,303,2,0.691156 4,227,38,311,2,0.066432 239,233,249,257,2,0.064922 0,230,16,314,2,0.016538 333,238,345,253,6,0.003287 320,238,333,250,6,0.002083
/home/dysjin/data/CARLA.v20-carla_v20.coco/valid/Town05_009600_png.rf.b886b3525f44da0ae66796230d91b958.jpg 374,190,406,210,6,0.845679 462,191,495,216,6,0.753269 102,183,216,241,6,0.733166 581,182,640,207,6,0.665884 527,184,545,200,6,0.484621 157,193,223,226,6,0.140929 414,188,432,200,6,0.129039 549,181,597,203,6,0.079262 402,190,423,207,6,0.069160 96,200,165,239,6,0.063261 547,181,573,196,6,0.025803 424,186,444,198,6,0.018403 440,184,458,194,6,0.015298 520,186,536,200,6,0.013356 534,181,557,196,6,0.008118 503,189,520,201,6,0.007988 627,189,639,220,6,0.005132 568,156,640,214,6,0.004804 580,188,614,205,6,0.004603 607,189,638,205,6,0.003240 188,201,217,217,6,0.001809 343,190,356,203,6,0.001640 360,188,373,202,6,0.001486 203,198,221,221,0,0.001452 486,188,502,210,0,0.001446 306,199,320,212,6,0.001329 0,198,22,349,6,0.001314 331,191,344,204,6,0.001310 168,191,193,204,6,0.001292 192,209,214,226,6,0.001268 321,192,334,204,6,0.001131 0,221,24,367,6,0.001111 179,192,204,205,6,0.001109 626,171,639,197,6,0.001090 232,186,248,200,6,0.001084 308,194,322,206,6,0.001020
/home/dysjin/data/CARLA.v20-carla_v20.coco/valid/Town01_002340_png.rf.b8976b6d8f366e29aeb47fb3b3146b33.jpg 199,213,434,368,6,0.933153 278,187,294,207,0,0.126367 551,194,640,255,6,0.036684 320,184,334,200,6,0.012323 320,180,333,195,0,0.011257 0,0,640,380,6,0.002664 329,187,346,203,0,0.002368 329,180,343,193,6,0.002280 256,181,271,193,6,0.002219 311,181,325,192,6,0.001514 42,0,596,380,6,0.001200 184,188,197,204,1,0.001090
/home/dysjin/data/CARLA.v20-carla_v20.coco/valid/Town05_009780_png.rf.c3069a0d7ec82f2e1960c0497cec36fe.jpg 431,206,469,233,6,0.428842 314,190,337,203,6,0.269523 282,192,348,258,6,0.188173 303,194,328,205,6,0.062137 267,190,281,202,6,0.053043 258,191,273,203,6,0.052301 295,195,351,223,6,0.022874 247,189,262,202,6,0.014929 327,189,343,204,0,0.014901 371,187,382,202,6,0.013985 328,195,345,213,0,0.008299 314,197,343,211,6,0.003172 159,192,174,205,6,0.002228 234,189,248,202,6,0.001775 342,196,354,213,0,0.001662 219,188,234,201,6,0.001572 268,197,281,211,0,0.001270 314,183,335,195,6,0.001238 438,177,461,223,6,0.001211 157,198,172,211,6,0.001104
/home/dysjin/data/CARLA.v20-carla_v20.coco/valid/Town05_002700_png.rf.b9dfa75f628efa31633800bb9dfee796.jpg 364,185,386,197,6,0.496199 353,184,374,194,6,0.067089 346,182,360,195,6,0.060303 397,182,409,193,6,0.036537 259,185,274,200,6,0.035707 391,184,405,197,6,0.015341 417,180,431,193,6,0.014612 378,184,397,195,6,0.014550 349,184,363,197,0,0.010433 216,185,233,199,6,0.009777 406,181,418,192,6,0.007649 206,178,226,196,6,0.005570 0,172,16,220,6,0.004990 1,192,16,219,6,0.003916 337,181,348,192,6,0.001950 307,179,322,192,6,0.001934 194,178,215,195,6,0.001158 247,186,265,200,6,0.001063 319,180,333,192,6,0.001061
/home/dysjin/data/CARLA.v20-carla_v20.coco/valid/005173_png.rf.c24ac196d86260d3a384e12093bfa5ef.jpg 474,186,525,249,4,0.185860 470,185,526,250,5,0.100683 271,225,281,240,4,0.015134 477,189,500,236,4,0.005243 469,192,486,247,4,0.003170 406,219,417,245,4,0.002760
/home/dysjin/data/CARLA.v20-carla_v20.coco/valid/Town01_005820_png.rf.c9053a957ff7561268673aaec9e095f0.jpg 295,182,338,312,1,0.955712 300,175,344,301,6,0.371508 179,204,202,221,6,0.024767 169,201,187,220,6,0.013103 163,193,174,219,2,0.007363 192,205,211,219,6,0.002464 162,188,173,210,2,0.002252 207,202,220,216,6,0.001691 393,190,437,223,6,0.001641 173,209,189,225,6,0.001494 316,179,333,194,6,0.001486
/home/dysjin/data/CARLA.v20-carla_v20.coco/valid/Town01_011580_png.rf.c8aa9ea674a7d69974d55bf63b55ddbf.jpg 264,192,291,208,6,0.895015 575,193,640,222,6,0.605923 417,197,440,212,6,0.084916 317,187,332,198,6,0.051801 553,191,569,220,6,0.036266 464,204,516,239,6,0.036083 309,188,323,199,6,0.032026 583,171,636,204,6,0.017587 10,182,74,210,6,0.015278 624,197,640,221,6,0.015162 554,179,567,195,3,0.012463 549,187,593,226,6,0.007614 381,191,398,205,6,0.006931 292,190,306,200,6,0.006922 208,179,221,194,3,0.006689 562,180,576,193,3,0.006553 626,172,639,197,6,0.004790 210,185,222,201,6,0.004675 216,188,234,202,6,0.003591 56,196,75,218,6,0.002822 560,186,582,205,6,0.002795 490,192,508,205,6,0.002713 328,188,341,201,6,0.002494 44,188,70,205,6,0.002422 572,177,601,215,6,0.001904 400,192,427,205,6,0.001778 249,190,263,202,6,0.001759 583,176,613,193,6,0.001729 384,189,443,211,6,0.001698 264,181,291,198,6,0.001302 387,197,408,212,6,0.001151 485,199,507,216,6,0.001081
/home/dysjin/data/CARLA.v20-carla_v20.coco/valid/Town01_007440_png.rf.bed11eeb1dde416bf8789b24a8a5c0f8.jpg 550,166,639,226,6,0.851104 526,180,552,212,6,0.492379 264,193,275,214,1,0.305611 265,193,282,208,6,0.137706 178,213,199,226,6,0.080235 294,189,313,200,6,0.038809 170,214,191,227,6,0.029939 371,183,410,210,6,0.016012 277,190,299,201,6,0.008916 625,166,640,226,6,0.005354 529,172,586,222,6,0.003417 192,210,207,224,6,0.002953 624,204,639,232,6,0.001815 0,219,12,245,6,0.001742 154,212,205,229,6,0.001192
/home/dysjin/data/CARLA.v20-carla_v20.coco/valid/Town05_011760_png.rf.c548e0a947d80bc036151e4db99afcfa.jpg 6,197,223,325,6,0.834817 313,184,325,201,0,0.522044 314,185,330,199,6,0.340324 186,194,428,311,6,0.018972 258,180,272,191,6,0.007506 326,185,341,199,6,0.004494 268,181,283,191,6,0.002390 306,174,328,211,0,0.002373 284,181,297,192,6,0.001985 607,88,640,167,6,0.001983 0,0,580,380,6,0.001753 299,185,315,199,0,0.001735 297,182,311,193,6,0.001481 627,130,640,159,6,0.001366 625,91,640,153,6,0.001053
/home/dysjin/data/CARLA.v20-carla_v20.coco/valid/075708_png.rf.c1818fa586a2b613b2806f928a933d9d.jpg 311,243,350,271,6,0.951288 166,238,255,307,6,0.917175 0,248,179,411,6,0.844862 239,239,267,274,6,0.758343 353,236,366,253,6,0.027134 9,231,72,480,6,0.008950 252,239,267,272,0,0.007222 216,247,264,287,6,0.005630 0,0,616,480,6,0.004197 349,249,369,267,6,0.003011 350,233,360,253,3,0.001352
/home/dysjin/data/CARLA.v20-carla_v20.coco/valid/Town05_009900_png.rf.c90bd5781f975f44de47fd794a1f9ac6.jpg 350,190,430,253,6,0.859585 330,190,347,203,6,0.236664 339,188,354,202,6,0.112497 421,192,434,219,0,0.060225 417,185,432,205,0,0.021794 427,206,439,230,0,0.012331 389,181,411,194,6,0.010619 490,180,511,194,6,0.008166 378,181,398,195,6,0.005995 420,205,432,233,0,0.005479 317,182,338,196,6,0.005196 404,181,423,193,3,0.004776 310,188,325,201,6,0.003847 444,188,458,199,6,0.003758 407,185,424,201,0,0.003673 327,183,350,196,6,0.003663 333,196,344,211,0,0.003640 452,187,466,199,6,0.002439 414,182,430,195,3,0.002115 296,188,309,201,6,0.002020 307,181,324,195,6,0.001693 260,191,272,203,6,0.001685 476,179,502,194,6,0.001550 379,186,423,210,6,0.001543 340,196,353,214,0,0.001440 294,181,310,195,6,0.001425 500,187,517,200,6,0.001330 284,189,298,202,6,0.001210 341,182,357,195,6,0.001096
/home/dysjin/data/CARLA.v20-carla_v20.coco/valid/Town05_009660_png.rf.cc2e0d6a11c64dbe092a6e9321c6a170.jpg 227,200,405,322,6,0.929336 412,188,464,211,6,0.873975 615,184,636,201,6,0.512452 343,181,359,205,0,0.441417 255,179,272,194,6,0.169061 211,187,229,202,6,0.146236 351,182,370,202,0,0.049261 603,186,623,199,6,0.041272 354,180,374,196,6,0.019218 368,179,385,195,6,0.019180 621,170,640,207,6,0.011275 266,180,279,192,6,0.004473 377,183,392,199,6,0.003664 0,194,21,354,6,0.003213 628,190,640,218,6,0.003025 0,216,24,370,6,0.002622 246,183,265,200,6,0.002328 388,184,406,201,6,0.001944 266,183,280,200,0,0.001085
/home/dysjin/data/CARLA.v20-carla_v20.coco/valid/003769_png.rf.c5c0c17fa97551316c57744e9608f796.jpg 307,240,326,253,6,0.662779 493,186,547,250,4,0.208727 489,177,552,252,3,0.013683 298,238,315,252,6,0.006489 493,185,549,243,6,0.002526
/home/dysjin/data/CARLA.v20-carla_v20.coco/valid/121197_png.rf.c99e70822c663f40252f74e6b2ad5094.jpg 227,252,402,370,6,0.907137 309,238,323,255,1,0.007673 393,235,405,255,1,0.001062
/home/dysjin/data/CARLA.v20-carla_v20.coco/valid/004966_png.rf.c9d8d72d0920460b612251c5fddc5770.jpg 426,204,466,242,4,0.526007 433,203,478,240,5,0.012120
/home/dysjin/data/CARLA.v20-carla_v20.coco/valid/Town01_006240_png.rf.cc5628eb556a5a5bd1824a8d19313b41.jpg 316,192,326,215,1,0.521144 309,191,323,209,6,0.433411 300,187,312,201,6,0.177669 621,198,640,246,6,0.032287 625,156,640,212,6,0.013036 363,178,385,191,6,0.012431 0,188,11,257,2,0.010873 612,159,640,248,6,0.005563 303,183,325,196,6,0.005081 374,177,399,190,6,0.004652 582,201,640,239,6,0.003580 390,176,411,188,6,0.002914 0,175,13,248,2,0.002819 319,182,334,196,6,0.002292 624,227,640,257,6,0.001503 313,186,330,216,6,0.001432 0,212,12,247,6,0.001357 288,190,299,201,6,0.001232 0,161,29,247,2,0.001108 391,168,410,181,6,0.001031 404,177,420,190,6,0.001030
/home/dysjin/data/CARLA.v20-carla_v20.coco/valid/001638_png.rf.c98e4c5bc2a68de358073a26469c81b2.jpg 421,210,456,241,3,0.918019 43,234,87,258,6,0.049593 597,235,624,252,6,0.016872 154,225,175,243,4,0.014772 587,220,632,256,6,0.002871
/home/dysjin/data/CARLA.v20-carla_v20.coco/valid/051274_png.rf.d5f64278c64b556983082379a316485f.jpg 564,160,633,257,4,0.480846 560,149,638,267,3,0.270727 359,230,373,244,4,0.033376 547,158,634,257,5,0.028176
/home/dysjin/data/CARLA.v20-carla_v20.coco/valid/Town01_001440_png.rf.e4b4351effd31d5b433710cffb8243e4.jpg 384,177,399,194,3,0.797537 266,189,285,204,6,0.020411 171,196,188,214,6,0.005764 345,180,356,193,6,0.003389 5,221,28,241,6,0.003182 4,202,30,241,6,0.002216 307,190,319,200,6,0.002084 278,189,294,202,6,0.001865 383,171,400,184,3,0.001195 179,196,194,214,6,0.001156
/home/dysjin/data/CARLA.v20-carla_v20.coco/valid/019121_png.rf.deb86464dd224ac85f75272f851fc0a8.jpg 504,238,567,256,6,0.791211 542,239,574,254,6,0.494729 495,242,529,256,6,0.127026 196,231,207,259,2,0.005858 589,224,607,271,2,0.002188 598,223,617,270,2,0.001281 555,235,608,263,6,0.001128
/home/dysjin/data/CARLA.v20-carla_v20.coco/valid/041811_png.rf.e8d4c17844854d24f9b2bec66a8a8889.jpg 45,222,65,242,4,0.537368 0,238,14,303,6,0.083561 0,239,59,277,6,0.020804 0,244,16,278,6,0.006872 6,232,28,255,6,0.005205 624,230,640,282,6,0.003897 38,220,72,243,3,0.003482 0,212,26,299,0,0.002476 600,239,640,274,6,0.001891 0,222,19,275,6,0.001575 629,216,640,249,6,0.001237 23,224,42,245,4,0.001168 1,209,18,262,6,0.001145
/home/dysjin/data/CARLA.v20-carla_v20.coco/valid/041657_png.rf.e06a4a0ae870ee5d8dbe97fc65b5b666.jpg 304,236,332,308,0,0.630371 626,239,638,272,6,0.001501
/home/dysjin/data/CARLA.v20-carla_v20.coco/valid/001519_png.rf.e42bb854e84b40164ed2795569b2eb6f.jpg 573,220,587,241,3,0.847047 343,237,356,251,6,0.007303 603,235,618,255,6,0.006403 626,227,639,260,6,0.004803 570,232,584,250,3,0.004416 495,234,526,323,2,0.003387 611,213,634,256,6,0.002775 626,205,638,234,6,0.002090 613,209,632,231,6,0.002070 292,242,307,255,6,0.001460
/home/dysjin/data/CARLA.v20-carla_v20.coco/valid/Town02_005280_png.rf.ec981f5d8aec80a53ec1f9961c2321af.jpg 42,195,120,220,6,0.868632 94,201,136,221,6,0.264092 158,194,205,265,1,0.190462 164,205,212,254,6,0.088314 0,195,17,219,6,0.050990 627,193,640,249,6,0.022266 369,189,380,207,2,0.005620 369,195,379,213,1,0.004260 36,198,85,224,6,0.004138 329,189,347,203,6,0.001822 317,191,333,203,6,0.001430
/home/dysjin/data/CARLA.v20-carla_v20.coco/valid/001509_png.rf.ed3baed466e7f65c1a01fb57bf942b65.jpg 573,221,587,241,3,0.833296 569,231,585,250,3,0.014815 343,237,356,251,6,0.008356 603,235,618,256,6,0.006101 610,212,634,256,6,0.003135 626,227,639,260,6,0.003001 625,205,638,233,6,0.002818 613,209,632,231,6,0.002597 493,235,525,323,2,0.002592 292,242,307,255,6,0.002166 303,240,317,254,6,0.001262 352,237,369,253,6,0.001123
/home/dysjin/data/CARLA.v20-carla_v20.coco/valid/033890_png.rf.e368755037cdc345b45b625d64db27a1.jpg 244,246,427,371,6,0.924279 591,223,628,331,2,0.871551 612,226,633,314,2,0.009469 624,203,636,336,2,0.003676 402,243,418,267,6,0.001510 0,255,12,287,6,0.001310
/home/dysjin/data/CARLA.v20-carla_v20.coco/valid/075724_png.rf.e0c3e9a2b7f318c71e76ccdcb0dda6a1.jpg 294,245,331,270,6,0.935014 0,232,77,477,6,0.925119 187,244,242,281,6,0.830966 50,249,221,341,6,0.747493 272,239,285,250,6,0.019472 611,234,632,258,6,0.011971 8,269,96,480,6,0.007099 119,239,253,318,6,0.004308 212,257,239,280,6,0.004000 16,185,246,388,6,0.002371 286,241,298,253,6,0.002311 225,241,247,280,0,0.002305 0,254,157,354,6,0.001940 0,177,46,445,6,0.001872 228,256,243,280,0,0.001439 1,253,59,400,6,0.001410 289,244,319,259,6,0.001249 213,250,242,271,6,0.001104 343,237,355,252,6,0.001101
/home/dysjin/data/CARLA.v20-carla_v20.coco/valid/112477_png.rf.ecf5d82849f8b68362ce65c8d2645a1c.jpg 340,233,361,294,2,0.822112 608,237,639,253,6,0.028525 624,221,640,248,6,0.004313 330,236,374,297,1,0.001565
/home/dysjin/data/CARLA.v20-carla_v20.coco/valid/Town02_001980_png.rf.ee7206fcf98c96c61f2900b25e79ce20.jpg 295,184,336,311,1,0.980910 2,191,59,220,6,0.638445 43,184,69,215,6,0.465918 162,192,178,218,1,0.122818 157,183,179,218,0,0.116507 166,193,182,217,0,0.014353 27,195,65,215,6,0.011373 51,178,66,199,3,0.010766 132,183,179,212,6,0.009519 4,187,26,209,6,0.008450 0,182,14,212,6,0.006360 355,163,367,178,3,0.004091 163,181,187,217,1,0.003701 294,180,307,192,6,0.003355 129,186,155,207,6,0.002259 54,187,74,211,1,0.002136 286,177,298,191,6,0.002108 153,182,197,217,6,0.002019 1,181,17,231,6,0.001465 283,167,297,183,4,0.001223 54,194,73,215,0,0.001113 297,185,307,202,0,0.001015
/home/dysjin/data/CARLA.v20-carla_v20.coco/valid/026829_png.rf.e6f26e62f316568466a95ba7fd18d850.jpg 374,221,390,239,3,0.965495 1,227,16,295,2,0.009528 629,248,640,317,6,0.004401 0,211,26,298,2,0.001754 0,216,13,283,2,0.001167
/home/dysjin/data/CARLA.v20-carla_v20.coco/valid/007076_png.rf.d635d979c35f5dd6da756ef9889aef0b.jpg 395,216,420,241,5,0.762724 386,219,429,239,4,0.175901
/home/dysjin/data/CARLA.v20-carla_v20.coco/valid/112475_png.rf.df928fa484eb08e1454caacc1e194352.jpg 337,229,355,296,2,0.839064 609,237,639,253,6,0.017351 624,221,640,248,6,0.003515
/home/dysjin/data/CARLA.v20-carla_v20.coco/valid/Town02_006960_png.rf.eedfb90c1deb0d66a31341acd2e08f4f.jpg 147,163,165,180,4,0.434139 0,178,30,210,6,0.399918 582,171,638,244,6,0.348130 153,163,168,181,3,0.020005 151,158,165,237,2,0.003006 565,198,579,215,0,0.002702 626,189,640,253,6,0.001988 0,159,14,187,6,0.001624 155,171,173,240,2,0.001375 0,185,22,360,6,0.001214 0,171,17,202,6,0.001128 562,191,581,208,6,0.001062
/home/dysjin/data/CARLA.v20-carla_v20.coco/valid/Town05_010860_png.rf.f31c0584fff1474ad2b0f4132e874f7d.jpg 2,189,55,213,6,0.526382 311,184,330,247,1,0.525127 309,184,329,248,0,0.320693 0,196,31,212,6,0.049966 0,186,17,211,6,0.015387 311,189,326,208,6,0.010097 393,187,405,203,6,0.009025 28,192,56,207,6,0.003702 382,189,396,203,6,0.001854 308,184,322,194,6,0.001510 315,197,326,234,1,0.001385 368,188,381,203,6,0.001281 307,180,330,222,6,0.001191
/home/dysjin/data/CARLA.v20-carla_v20.coco/valid/Town05_004800_png.rf.ee7c080c8716cb366969ca625bb6d68b.jpg 242,186,270,204,6,0.829746 350,184,368,200,6,0.461903 215,189,240,203,6,0.242113 183,189,200,203,6,0.197729 623,171,640,196,6,0.040979 192,190,211,202,6,0.031241 228,185,258,202,6,0.018807 362,184,380,200,6,0.006750 333,185,352,200,6,0.004712 394,177,404,193,3,0.002987 320,184,335,200,6,0.002927 265,188,279,203,0,0.002712 176,191,190,204,6,0.002388 414,176,436,190,6,0.002037 540,176,630,380,6,0.001577 181,181,200,197,6,0.001382 394,183,406,201,1,0.001215 136,186,149,204,4,0.001174
/home/dysjin/data/CARLA.v20-carla_v20.coco/valid/Town05_009840_png.rf.f5040ce45ecca2822cb3b1b4ea8a6f61.jpg 292,195,364,256,6,0.759196 357,198,372,219,0,0.063161 357,208,368,230,0,0.042588 271,192,283,203,6,0.020071 282,191,293,203,6,0.007079 262,192,274,203,6,0.003864 293,200,307,219,0,0.002826 345,199,363,216,0,0.002798 356,191,372,207,0,0.002404 211,200,223,214,0,0.001852 293,191,306,207,0,0.001755 221,202,233,216,0,0.001497 364,198,378,216,0,0.001357 271,198,281,212,6,0.001322 316,194,335,205,6,0.001299 0,202,21,346,6,0.001241 366,189,381,203,6,0.001074
/home/dysjin/data/CARLA.v20-carla_v20.coco/valid/041861_png.rf.f5f3812ca6c536c5c25bea3d596be111.jpg 300,236,325,291,0,0.830960 401,206,432,242,3,0.708126 94,235,228,315,6,0.700030 557,196,640,414,6,0.019891 216,225,238,267,6,0.009337 229,233,243,258,0,0.003106 354,226,367,244,4,0.002607 398,211,442,247,6,0.002075 377,247,394,265,6,0.001761 358,235,371,253,4,0.001439
/home/dysjin/data/CARLA.v20-carla_v20.coco/valid/Town02_003120_png.rf.f36fecf8d2ee4965c1f3bddaaaad5f33.jpg 408,194,488,220,6,0.896047 618,179,640,219,6,0.294876 625,190,640,246,6,0.017409 585,188,640,211,6,0.013691 600,189,624,208,6,0.006250 612,167,640,248,6,0.003917 624,169,640,198,6,0.002452 560,187,580,208,6,0.002131 559,186,610,212,6,0.001676 441,199,482,215,6,0.001386 431,193,466,207,6,0.001045
/home/dysjin/data/CARLA.v20-carla_v20.coco/valid/003755_png.rf.f6343810071c5f5401b5697ef363285d.jpg 407,214,434,240,4,0.577346 307,240,324,253,6,0.565471 300,240,314,252,6,0.002508 300,233,330,257,6,0.001202
/home/dysjin/data/CARLA.v20-carla_v20.coco/valid/Town01_003300_png.rf.fae28071a74fa02928094ff14cdbb3aa.jpg 272,195,361,277,6,0.924427 268,190,288,206,6,0.069746 163,188,218,211,6,0.017595 193,197,217,211,6,0.012507 318,188,335,203,6,0.007735 628,193,640,250,6,0.007460 277,195,301,214,6,0.002557 289,189,307,205,6,0.002401 498,181,552,212,6,0.001966 83,185,99,208,2,0.001736 262,189,273,204,6,0.001560 390,189,408,209,6,0.001409 426,198,446,220,6,0.001162
/home/dysjin/data/CARLA.v20-carla_v20.coco/valid/138255_png.rf.fbf65e3e930393318a8312fdaefcae24.jpg 58,233,82,292,2,0.778496 48,243,73,295,2,0.005799 69,239,82,281,2,0.002498 209,235,218,255,2,0.002117 219,235,230,254,2,0.002117 50,242,89,293,1,0.001793 181,246,194,265,6,0.001790 198,235,206,257,2,0.001566
/home/dysjin/data/CARLA.v20-carla_v20.coco/valid/005373_png.rf.f68e0e113c5193c933cbee38c6a6bc2d.jpg 146,239,158,268,2,0.653639 141,238,152,271,2,0.315869 157,235,168,267,2,0.304447 168,236,179,272,2,0.079649 1,225,12,299,2,0.031340 569,39,640,115,6,0.019191 1,252,13,285,6,0.011652 378,233,443,261,6,0.001767 384,248,410,263,6,0.001673 111,235,122,261,2,0.001242
/home/dysjin/data/CARLA.v20-carla_v20.coco/valid/001630_png.rf.ff5ced110f03f998a7a6998ddf647fd2.jpg 406,211,437,241,3,0.870757 53,234,101,256,6,0.095599
/home/dysjin/data/CARLA.v20-carla_v20.coco/valid/006662_png.rf.fa42143249c7b6a780238796639341d3.jpg 465,224,500,311,2,0.621803 447,189,515,318,2,0.001944 515,185,593,267,6,0.001219
/home/dysjin/data/CARLA.v20-carla_v20.coco/valid/Town05_004860_png.rf.f5c138159cbce172c63fa9a736f9c655.jpg 242,186,270,203,6,0.802879 351,184,368,201,6,0.414401 214,189,241,203,6,0.267286 183,190,200,203,6,0.191146 622,170,640,196,6,0.041767 227,185,259,201,6,0.029789 192,190,212,202,6,0.029387 361,184,380,200,6,0.008586 175,191,190,204,6,0.003448 320,184,334,200,6,0.003365 266,188,278,203,0,0.002851 333,186,351,201,6,0.002837 414,176,436,190,6,0.002032 394,177,405,193,3,0.001929 135,186,148,204,4,0.001358 394,184,405,201,6,0.001226 181,181,201,197,6,0.001111
/home/dysjin/data/CARLA.v20-carla_v20.coco/valid/Town01_008460_png.rf.03f3160d63f090b29499596ec3c8c4b5.jpg 24,189,146,258,6,0.879790 427,195,475,218,6,0.241817 540,193,629,225,6,0.239834 535,192,563,220,6,0.057586 626,169,640,197,6,0.020135 0,176,24,275,6,0.004688 625,183,640,234,6,0.003226 0,194,89,261,6,0.002300 237,193,249,216,1,0.002179 600,180,615,193,6,0.001822 526,186,545,208,6,0.001749 215,187,243,206,6,0.001678 266,190,289,204,6,0.001619 516,187,533,205,6,0.001147 592,192,640,227,6,0.001096
/home/dysjin/data/CARLA.v20-carla_v20.coco/valid/005508_png.rf.0ab3da1b4970047c9b42e5bbe5d4e6f1.jpg 35,233,59,284,2,0.839940 95,235,117,303,2,0.178736 468,243,526,278,6,0.008131 70,230,110,307,2,0.005093 27,231,66,288,1,0.004402 24,236,49,284,2,0.003380 36,226,74,308,2,0.002964 23,221,56,314,2,0.001692
/home/dysjin/data/CARLA.v20-carla_v20.coco/valid/Town01_006180_png.rf.089d25ecaf49fe28c7f3bf0c3614732b.jpg 314,190,325,217,1,0.410600 311,188,323,214,6,0.154682 391,178,413,192,6,0.142170 360,177,386,191,6,0.046055 356,175,373,188,3,0.030488 378,178,401,192,6,0.007228 401,186,421,202,6,0.002599 360,177,418,196,6,0.002277 287,190,296,203,6,0.001639 393,171,411,183,3,0.001479 301,188,312,204,6,0.001445
/home/dysjin/data/CARLA.v20-carla_v20.coco/valid/Town02_008340_png.rf.044a76656e2e2fe428cd425926d9acbe.jpg 551,193,615,221,6,0.937252 272,186,290,199,6,0.552236 154,192,245,242,6,0.460094 248,184,259,204,6,0.057915 288,188,306,197,6,0.030097 410,193,423,215,1,0.029570 552,189,572,212,6,0.023729 260,186,275,200,6,0.013594 278,184,297,195,6,0.011880 412,194,428,215,6,0.011123 625,180,640,210,6,0.008908 240,181,248,209,0,0.007226 171,186,186,209,1,0.004779 247,178,259,195,3,0.003305 528,189,575,226,6,0.002767 408,181,424,217,2,0.002642 236,193,247,218,0,0.002113 294,184,310,193,6,0.002051 307,187,319,196,6,0.002007 613,197,633,218,6,0.001649 576,200,613,216,6,0.001391 261,181,275,194,3,0.001258 267,181,294,206,6,0.001138 536,186,620,245,6,0.001119 627,188,640,249,6,0.001106
/home/dysjin/data/CARLA.v20-carla_v20.coco/valid/075710_png.rf.0b62bb94157d1f2113ac6bbefe158022.jpg 311,243,349,270,6,0.950306 167,238,254,307,6,0.912396 0,249,179,414,6,0.843904 240,239,267,275,6,0.712991 353,237,366,253,6,0.014092 253,239,267,273,0,0.008316 216,247,263,288,6,0.007699 10,231,71,480,6,0.005213 0,0,621,480,6,0.004651 349,248,369,266,6,0.001348
/home/dysjin/data/CARLA.v20-carla_v20.coco/valid/041689_png.rf.0d648fbd58416a80b414e4503d51c42e.jpg 301,236,336,307,0,0.187463
/home/dysjin/data/CARLA.v20-carla_v20.coco/valid/003751_png.rf.0ff9ef7c8c8e4f5eab52437609a3b501.jpg 397,215,420,240,4,0.713867 307,239,325,253,6,0.562258 300,238,314,251,6,0.004333 300,233,331,256,6,0.001770
/home/dysjin/data/CARLA.v20-carla_v20.coco/valid/Town02_008820_png.rf.135414697b8215dc125af6b125d3058c.jpg 273,199,370,348,6,0.963337 513,183,555,210,6,0.424418 144,174,161,191,3,0.190473 390,184,410,201,6,0.139872 394,182,410,195,3,0.086861 391,184,432,208,6,0.085260 531,169,615,226,6,0.081405 503,177,522,194,3,0.011470 343,189,357,203,6,0.011122 399,182,419,194,6,0.006301 178,185,204,202,6,0.006300 380,187,397,201,6,0.004635 0,177,13,242,6,0.003572 615,185,640,312,6,0.003466 372,186,384,200,6,0.003170 0,171,14,225,6,0.002820 353,188,367,200,6,0.002545 0,187,14,253,6,0.001905 626,198,640,265,6,0.001765 318,187,332,200,6,0.001678 502,168,518,186,3,0.001634 415,180,435,192,6,0.001491 428,194,442,216,0,0.001420 305,187,319,200,6,0.001417 426,187,446,208,6,0.001390 425,179,447,195,6,0.001333 561,183,626,215,6,0.001288 167,186,192,204,6,0.001115
/home/dysjin/data/CARLA.v20-carla_v20.coco/valid/006664_png.rf.1466f666c872e94bac27eba56bbdfb5b.jpg 478,222,519,318,2,0.747919 270,243,281,268,1,0.003339
/home/dysjin/data/CARLA.v20-carla_v20.coco/valid/014570_png.rf.1235b2ca71c181a49fda1bb53eaa19cd.jpg 61,239,123,261,6,0.959228 302,239,331,263,6,0.810338 436,228,454,285,2,0.798709 84,244,126,257,6,0.009462 0,240,12,300,2,0.002577 55,240,86,256,6,0.002484 423,231,460,287,1,0.001409
/home/dysjin/data/CARLA.v20-carla_v20.coco/valid/112550_png.rf.1ca2fa82e03653536df85cf5faf5753c.jpg 524,229,547,307,2,0.495050 583,234,639,257,6,0.009698 624,232,640,256,6,0.007871 534,225,623,284,6,0.005032 380,235,390,257,2,0.001463
/home/dysjin/data/CARLA.v20-carla_v20.coco/valid/Town02_000780_png.rf.16d5987bcdc7d08470c1b3e757e128e5.jpg 303,192,347,312,1,0.975095 280,187,300,202,6,0.873455 72,185,113,212,6,0.682663 41,183,99,211,6,0.209045 337,182,357,200,6,0.123356 289,182,304,203,0,0.040060 329,179,349,197,6,0.025276 320,176,336,192,6,0.021820 359,167,371,181,3,0.016671 356,177,373,192,6,0.015566 308,179,323,190,6,0.007299 275,191,291,203,6,0.004976 40,185,70,204,6,0.002719 365,183,384,202,6,0.001650 87,195,116,212,6,0.001406 333,179,371,206,6,0.001351 304,182,321,202,0,0.001282 390,176,408,194,6,0.001095 627,192,640,219,6,0.001005
/home/dysjin/data/CARLA.v20-carla_v20.coco/valid/Town02_001500_png.rf.1e8a22666698f8954863a9939bc59942.jpg 184,189,215,217,6,0.796133 609,233,640,282,6,0.017360 436,189,461,210,6,0.003506 429,194,471,224,6,0.003184 376,186,396,204,6,0.003118 403,196,423,216,6,0.001948 401,183,446,217,6,0.001731 413,188,435,209,6,0.001615 368,185,386,202,6,0.001106
/home/dysjin/data/CARLA.v20-carla_v20.coco/valid/Town05_004620_png.rf.0e4a190ca586e0e90df6b90be2c83f5b.jpg 389,180,456,207,6,0.959687 346,183,364,200,6,0.219095 285,185,301,202,6,0.209695 220,187,238,201,6,0.140228 578,188,640,225,6,0.090160 609,185,637,203,6,0.032809 584,175,637,203,6,0.015602 134,187,145,202,1,0.007771 212,190,228,202,6,0.003033 260,185,274,202,6,0.002610 623,175,638,199,6,0.002522 626,191,639,219,6,0.002196 302,186,318,201,6,0.002108 594,181,625,196,6,0.001899 345,177,380,197,6,0.001774 364,179,383,194,6,0.001756 612,196,634,215,6,0.001687 278,179,306,207,6,0.001430 272,187,289,202,6,0.001287 143,191,157,204,6,0.001126
/home/dysjin/data/CARLA.v20-carla_v20.coco/valid/006578_png.rf.21f08e8ed63ab67b3ef05528af8ef9e6.jpg 262,237,293,257,6,0.900518 371,223,385,238,3,0.373089 370,220,384,234,4,0.052216 293,239,303,255,0,0.005267 366,216,389,248,3,0.002471 365,229,372,254,2,0.001895 625,287,640,350,6,0.001589
/home/dysjin/data/CARLA.v20-carla_v20.coco/valid/Town01_004320_png.rf.1f6552094735eb0bd49b614b7e584c58.jpg 263,194,372,294,6,0.768362 505,206,561,237,6,0.070233 193,186,207,204,1,0.039225 489,191,577,249,6,0.017546 268,184,279,203,0,0.013354 295,183,311,204,0,0.009724 321,179,334,193,6,0.009329 331,177,342,193,6,0.005528 260,185,272,200,6,0.005306 306,180,321,193,6,0.004221 607,195,640,293,6,0.003642 260,179,275,194,0,0.003454 329,183,341,202,0,0.003282 298,180,311,194,6,0.002736 195,194,206,213,0,0.002171 0,194,13,223,6,0.002165 366,159,376,180,4,0.001572 363,152,379,170,4,0.001248 625,193,640,247,6,0.001145 0,186,12,211,6,0.001040 359,160,371,176,4,0.001003
/home/dysjin/data/CARLA.v20-carla_v20.coco/valid/Town02_006720_png.rf.2632fd4f3d65ff215e84d472badfd870.jpg 268,192,291,208,6,0.747393 574,181,640,219,6,0.696992 565,179,581,197,3,0.172760 560,184,582,206,6,0.169291 115,191,166,221,6,0.039972 345,188,357,207,6,0.025045 207,189,228,204,6,0.019873 216,192,238,204,6,0.013684 1,167,15,230,6,0.008976 626,159,638,183,6,0.004408 289,191,306,203,6,0.003662 620,195,640,219,6,0.003281 0,170,12,200,3,0.003164 0,160,13,214,6,0.003043 0,188,16,250,6,0.002596 540,189,559,208,6,0.002310 565,168,580,185,3,0.002231 553,193,571,216,6,0.001815 525,189,544,208,6,0.001743 264,190,276,205,6,0.001582 0,191,16,225,6,0.001556 127,188,154,206,6,0.001457 304,189,320,201,6,0.001427 231,192,244,205,6,0.001305 351,189,369,204,6,0.001223 156,197,178,216,6,0.001113 196,188,213,205,6,0.001028 589,197,631,213,6,0.001011
/home/dysjin/data/CARLA.v20-carla_v20.coco/valid/Town05_006900_png.rf.2eaa1f5f6de8c6bffcd968f78f2f53b4.jpg 237,177,259,232,0,0.704348 617,186,638,363,0,0.011334 630,191,640,221,0,0.002330 0,208,178,359,6,0.002090 329,186,345,200,6,0.001991 231,185,266,223,6,0.001675 614,211,638,376,6,0.001424 378,177,393,194,6,0.001355
/home/dysjin/data/CARLA.v20-carla_v20.coco/valid/005482_png.rf.1eef94cb1d26525ab4b64d28fc9be58d.jpg 0,223,21,322,2,0.610882 468,243,527,278,6,0.030494 3,220,26,299,2,0.007122 0,213,17,366,2,0.003365 7,222,43,314,2,0.001245
/home/dysjin/data/CARLA.v20-carla_v20.coco/valid/138251_png.rf.2622df013f55b1f57387212b95c87241.jpg 78,234,99,290,2,0.798444 77,247,90,287,2,0.005859 242,239,258,251,6,0.002249 209,235,218,258,2,0.002221 219,236,231,254,2,0.001978 232,237,246,252,6,0.001438 187,244,197,268,2,0.001326 194,245,204,265,2,0.001091
/home/dysjin/data/CARLA.v20-carla_v20.coco/valid/007070_png.rf.2316a0a54db7e4a749f421570aadd160.jpg 380,218,405,240,5,0.615720 387,212,406,242,4,0.159477 206,232,218,255,2,0.003106 612,263,640,384,2,0.001169 612,338,639,462,2,0.001100
/home/dysjin/data/CARLA.v20-carla_v20.coco/valid/Town05_010920_png.rf.2325292b5e147dc41c10fe128f6256f9.jpg 304,177,340,291,0,0.833715 302,181,324,196,6,0.042065 315,181,332,195,6,0.027639 298,180,311,192,0,0.011128 318,184,332,201,0,0.007087 628,180,640,208,6,0.001442 299,185,312,201,0,0.001148
/home/dysjin/data/CARLA.v20-carla_v20.coco/valid/Town01_006420_png.rf.2b897cd6227874bc930ae1c7e17e3b3b.jpg 315,192,325,214,1,0.229267 313,190,324,212,0,0.145545 316,190,326,212,6,0.074824 583,164,640,206,6,0.022606 0,193,13,253,6,0.008667 378,182,392,206,6,0.007425 285,190,295,203,6,0.007205 144,193,155,219,2,0.006494 380,175,393,193,3,0.006385 301,188,312,203,6,0.005677 623,206,640,234,6,0.004882 0,216,14,243,6,0.004645 0,161,30,248,2,0.004417 0,175,14,249,2,0.003453 138,194,149,220,2,0.002891 585,185,638,229,6,0.002086 347,176,357,187,3,0.001568 367,169,384,182,6,0.001457 271,192,284,204,6,0.001372 354,175,368,187,6,0.001313
/home/dysjin/data/CARLA.v20-carla_v20.coco/valid/Town05_006780_png.rf.253c814d6e368b92a888141244ca1a16.jpg 173,182,208,258,1,0.364309 170,194,212,249,6,0.075636 356,181,372,194,6,0.015986 185,195,213,249,0,0.010888 197,178,209,192,0,0.007838 367,186,381,201,6,0.002765 196,186,208,204,0,0.001479 193,195,211,220,0,0.001199
/home/dysjin/data/CARLA.v20-carla_v20.coco/valid/Town01_008280_png.rf.2f69ce357d9638b109b359e31c238ab4.jpg 280,192,305,206,6,0.530136 69,187,113,208,6,0.374929 316,193,336,209,6,0.351011 430,203,492,236,6,0.142908 380,202,393,220,6,0.032647 409,210,436,225,6,0.027187 382,204,393,229,2,0.017284 195,192,207,216,1,0.012101 445,201,476,215,6,0.011694 299,188,332,210,6,0.010340 398,203,429,219,6,0.009134 273,189,288,201,6,0.006333 463,201,485,214,6,0.003333 44,185,98,209,6,0.003072 93,196,114,213,6,0.001918 264,188,273,201,6,0.001887 387,202,408,217,6,0.001751 0,189,58,223,6,0.001551 65,179,92,196,6,0.001519 442,194,460,207,6,0.001389 186,187,200,210,1,0.001277
/home/dysjin/data/CARLA.v20-carla_v20.coco/valid/Town01_005100_png.rf.262bb9c3104b14f5fb633de3dafd0a52.jpg 575,189,600,221,6,0.138223 585,194,604,217,0,0.088823 2,187,29,206,6,0.029798 585,189,607,209,6,0.017896 42,191,70,203,6,0.008362 147,197,159,213,1,0.006597 574,178,596,198,6,0.004604 578,171,637,204,6,0.003453 325,189,350,208,6,0.003089 579,187,633,226,6,0.002984 566,186,586,207,6,0.002026 83,190,102,205,6,0.001565 596,189,621,204,6,0.001557 627,146,638,171,6,0.001368 2,174,18,218,6,0.001253
/home/dysjin/data/CARLA.v20-carla_v20.coco/valid/Town01_011940_png.rf.2554f5ab3ce2122d2ef300838472450f.jpg 569,198,597,217,6,0.645745 199,187,274,232,6,0.248603 335,185,360,202,6,0.090944 574,197,639,225,6,0.019152 564,193,586,210,6,0.004084 577,182,627,256,6,0.002592 628,193,640,218,6,0.001250 328,172,369,203,6,0.001078
/home/dysjin/data/CARLA.v20-carla_v20.coco/valid/041684_png.rf.2f70db5ab75442cd11fffa13a776ae97.jpg 305,238,337,311,0,0.353024 547,0,630,227,6,0.001290
/home/dysjin/data/CARLA.v20-carla_v20.coco/valid/Town05_010980_png.rf.2071755951cd753466eb2cc53fd2fe0c.jpg 299,181,336,281,0,0.579352 303,193,339,287,1,0.086895 626,182,640,209,6,0.002128
/home/dysjin/data/CARLA.v20-carla_v20.coco/valid/112459_png.rf.33bdc5bd58f0f631808a95c4ceb9a78f.jpg 294,232,314,293,2,0.660338 608,237,639,253,6,0.034094 624,222,640,248,6,0.003443 285,239,321,288,1,0.002141
/home/dysjin/data/CARLA.v20-carla_v20.coco/valid/041653_png.rf.31aa86a50239c7e6cbc52c66846dac06.jpg 305,238,330,306,0,0.796150
/home/dysjin/data/CARLA.v20-carla_v20.coco/valid/041819_png.rf.374472e0a0868df264a4100cb7734e35.jpg 171,222,188,241,4,0.627701 21,239,67,261,6,0.505495 108,245,133,301,1,0.433010 39,247,71,261,6,0.031983 108,237,132,291,0,0.005903 111,246,132,308,0,0.004535 57,248,71,265,0,0.004340 165,221,180,240,4,0.002850 177,215,196,236,4,0.001108
/home/dysjin/data/CARLA.v20-carla_v20.coco/valid/Town05_010800_png.rf.3489607b659edfbc485537135e06f34b.jpg 311,186,331,246,1,0.757735 0,183,129,279,6,0.386395 307,184,329,240,6,0.179640 127,189,157,203,6,0.101811 348,185,358,203,6,0.042971 302,189,311,201,0,0.020723 299,183,311,194,0,0.014025 308,191,322,209,0,0.011377 354,187,369,202,6,0.006903 120,187,142,205,0,0.006045 369,185,380,201,6,0.003861 117,186,141,225,0,0.003179 368,179,380,192,6,0.002935 116,192,137,242,0,0.002311 356,181,370,194,6,0.002235 305,184,321,195,0,0.001694 130,183,156,195,6,0.001665 315,198,326,234,1,0.001390 0,227,23,372,6,0.001375 106,186,160,209,6,0.001280 0,254,21,380,6,0.001239 134,184,169,207,6,0.001190 287,188,298,200,0,0.001054
/home/dysjin/data/CARLA.v20-carla_v20.coco/valid/Town02_001080_png.rf.2d29b90fb99ccf7727caeaa1914436b4.jpg 303,190,346,313,1,0.980757 0,188,89,380,6,0.923858 277,185,299,202,6,0.830657 75,185,239,291,6,0.766425 319,177,336,195,6,0.133402 338,179,359,196,6,0.117741 328,180,348,197,6,0.070118 355,177,373,193,6,0.022869 358,167,372,182,3,0.010144 311,179,324,192,6,0.006759 287,181,307,203,0,0.005498 315,173,339,211,6,0.003473 9,223,69,380,6,0.003457 308,180,324,203,0,0.001766 365,183,384,202,6,0.001700 129,168,234,252,6,0.001405 332,179,371,206,6,0.001228 22,132,263,350,6,0.001190
/home/dysjin/data/CARLA.v20-carla_v20.coco/valid/Town02_005700_png.rf.39e8547ff43ddaa06ed2b24f114c8a27.jpg 236,200,394,323,6,0.906296 282,183,300,200,6,0.737351 314,180,336,195,6,0.411408 557,190,588,204,6,0.102821 243,181,254,193,6,0.053454 289,182,312,195,6,0.021943 473,180,501,195,6,0.013291 27,103,82,143,6,0.011341 471,185,524,205,6,0.010307 327,179,341,193,6,0.007289 200,165,213,179,4,0.005240 255,181,267,192,6,0.003121 583,187,605,205,6,0.002576 378,163,390,178,4,0.001122
/home/dysjin/data/CARLA.v20-carla_v20.coco/valid/Town02_002040_png.rf.3d0fd4b3b3749ac8ebdf480959eb8e66.jpg 295,187,336,314,1,0.968102 0,185,118,371,6,0.757004 265,189,293,210,6,0.652812 50,174,66,194,0,0.013771 267,184,330,211,6,0.012388 303,187,322,205,6,0.007416 30,194,176,313,6,0.003767 355,162,366,178,4,0.003609 52,177,80,214,0,0.003241 115,181,164,216,6,0.001955 287,187,313,207,6,0.001815 9,185,82,380,6,0.001718 57,175,123,215,6,0.001595 267,180,292,198,6,0.001457 391,184,406,207,6,0.001243 395,176,405,194,3,0.001200 51,166,77,200,0,0.001168 0,180,11,206,6,0.001103 0,168,11,199,6,0.001011 415,186,432,207,6,0.001006
/home/dysjin/data/CARLA.v20-carla_v20.coco/valid/075707_png.rf.2ff4a82560cfe658387e361a6cc43ef0.jpg 310,242,351,271,6,0.954840 166,238,253,307,6,0.912305 0,249,179,414,6,0.842178 239,240,267,274,6,0.741547 9,230,72,480,6,0.009622 353,237,366,254,6,0.007717 217,247,264,287,6,0.006359 0,0,609,480,6,0.004686 348,249,371,268,6,0.004526
/home/dysjin/data/CARLA.v20-carla_v20.coco/valid/138320_png.rf.332f3bdf3abffc7dd973858c3061b801.jpg 59,229,82,289,2,0.873525 62,247,75,286,2,0.007629 0,238,11,306,2,0.001512 379,220,391,246,4,0.001261
/home/dysjin/data/CARLA.v20-carla_v20.coco/valid/003766_png.rf.3dbe103da1003d1fb3bd18ad0d0894b4.jpg 308,239,325,253,6,0.676498 458,197,508,247,4,0.375586 471,198,514,248,5,0.036022 298,238,315,252,6,0.007537
/home/dysjin/data/CARLA.v20-carla_v20.coco/valid/121245_png.rf.3c6765f574e34bb200e320d55fc2ffe7.jpg 271,247,361,320,6,0.915174 254,235,271,254,6,0.001995 545,239,576,281,6,0.001057
/home/dysjin/data/CARLA.v20-carla_v20.coco/valid/Town05_011040_png.rf.3f658b3c60547a5478cb61d6b76eb55c.jpg 315,187,331,213,0,0.518153 232,177,247,196,6,0.002635 232,185,247,201,0,0.001960 629,190,640,221,6,0.001407 306,184,342,212,6,0.001230
/home/dysjin/data/CARLA.v20-carla_v20.coco/valid/Town02_004920_png.rf.3cdedb8ebbe317a63567ec577e3789a8.jpg 311,192,331,240,1,0.510271 167,186,187,201,6,0.047307 334,179,346,191,3,0.037022 342,178,358,191,3,0.014482 208,188,225,202,6,0.009424 218,190,233,201,6,0.008511 368,186,381,201,6,0.007352 298,198,328,234,6,0.006521 354,177,373,192,6,0.005968 343,184,358,200,6,0.003454 356,186,372,202,6,0.002866 310,192,323,211,0,0.002683 333,185,346,200,6,0.002577 342,170,356,183,3,0.001730 286,190,295,202,0,0.001161 178,185,197,201,6,0.001076
/home/dysjin/data/CARLA.v20-carla_v20.coco/valid/Town05_002760_png.rf.41faa57cc70298c90c62fe9f6a3f08c9.jpg 117,186,140,202,6,0.598481 256,183,267,201,0,0.206742 257,182,269,195,6,0.052471 323,183,334,199,6,0.013478 249,181,262,194,6,0.010133 347,180,360,191,6,0.008610 384,185,394,204,1,0.007362 43,185,62,209,1,0.007251 197,177,213,188,6,0.006893 328,185,343,198,6,0.004676 106,182,136,206,6,0.004280 208,178,223,188,6,0.004133 283,180,296,190,6,0.004037 355,180,370,192,6,0.003587 185,176,201,188,6,0.003535 100,187,117,202,6,0.001574 237,178,249,190,6,0.001404 223,178,235,188,6,0.001263 132,180,146,196,6,0.001222 265,184,280,198,6,0.001102 367,180,384,193,6,0.001010
/home/dysjin/data/CARLA.v20-carla_v20.coco/valid/Town02_001740_png.rf.4072bb166a4df4f9403df039e28a73f3.jpg 295,184,336,312,1,0.981265 39,182,56,208,1,0.071351 48,177,64,197,3,0.034987 296,184,306,201,0,0.023322 293,181,306,194,6,0.014885 1,181,13,206,6,0.012479 287,178,299,192,6,0.007916 43,177,63,211,2,0.004535 355,163,367,178,4,0.004245 0,170,12,200,6,0.003938 62,171,118,202,6,0.002094 26,183,64,210,6,0.001624
/home/dysjin/data/CARLA.v20-carla_v20.coco/valid/026849_png.rf.52e90800c02b90489d2521817c6942f7.jpg 422,210,457,240,3,0.944553 423,214,456,242,6,0.001395
/home/dysjin/data/CARLA.v20-carla_v20.coco/valid/Town02_001560_png.rf.44c7e46d6d34263ac9f429ccb2cd2655.jpg 80,192,94,219,1,0.499200 58,190,79,208,6,0.355689 68,184,92,217,1,0.102110 10,186,27,205,6,0.052142 62,185,96,217,6,0.028588 19,187,35,204,6,0.010694 51,188,68,205,6,0.004715 33,187,52,203,6,0.003804 3,182,17,208,6,0.003624 0,214,25,380,6,0.003624 0,235,24,380,6,0.001387 0,199,24,355,6,0.001375
/home/dysjin/data/CARLA.v20-carla_v20.coco/valid/Town02_003420_png.rf.4347a7bee8aec9f5c84eb5295856f9a9.jpg 329,196,376,231,6,0.843106 7,184,110,237,6,0.595780 44,201,113,235,6,0.016116 624,183,640,208,6,0.006710 560,187,580,207,6,0.002389 615,175,640,272,6,0.001354 0,178,14,239,6,0.001108
/home/dysjin/data/CARLA.v20-carla_v20.coco/valid/Town01_006060_png.rf.3d76b002da6076434f028293d0c4a498.jpg 308,196,329,255,1,0.331215 178,213,206,225,6,0.141834 420,191,449,226,6,0.009877 203,209,222,223,6,0.007234 194,207,216,220,6,0.006450 169,214,192,229,6,0.004259 182,207,205,220,6,0.002875 302,201,333,256,6,0.002608 233,203,246,216,6,0.001658 154,212,209,232,6,0.001125
/home/dysjin/data/CARLA.v20-carla_v20.coco/valid/Town02_007800_png.rf.4e6520c0e9dd39a93f5048a2caea0283.jpg 330,198,417,226,6,0.658379 303,186,323,199,6,0.388578 518,186,548,201,6,0.352062 610,199,640,237,6,0.242283 293,188,308,198,6,0.235144 284,188,300,199,6,0.224331 317,194,363,226,6,0.138655 314,187,333,202,6,0.125327 503,177,525,195,6,0.092764 385,198,435,228,6,0.029904 272,189,286,201,6,0.022159 622,217,640,243,6,0.010411 46,193,62,219,2,0.009847 621,173,640,220,6,0.006469 1,170,16,196,6,0.006334 0,180,16,240,6,0.005393 611,183,639,299,6,0.005002 0,204,15,234,6,0.004342 323,192,350,206,6,0.003726 234,184,243,200,6,0.003321 1,160,15,188,6,0.002794 1,164,16,228,6,0.002387 552,188,565,205,6,0.002376 535,188,555,204,6,0.002246 220,188,234,201,6,0.002222 314,196,340,217,6,0.002151 627,209,640,274,6,0.002088 563,189,580,206,6,0.001766 577,190,591,205,6,0.001340 42,178,66,220,2,0.001193 260,188,272,204,6,0.001157
/home/dysjin/data/CARLA.v20-carla_v20.coco/valid/Town01_001860_png.rf.53e5db5983ad00d8986ebdc44e1e76ef.jpg 200,205,436,350,6,0.929926 292,184,311,201,6,0.243283 317,185,336,199,6,0.062854 280,180,306,197,6,0.047413 329,185,342,201,0,0.014478 209,177,228,190,6,0.013487 300,182,327,196,6,0.008020 0,0,640,380,6,0.002032 103,187,125,205,6,0.001878 134,186,150,207,6,0.001708 259,180,272,193,6,0.001598 271,185,290,201,6,0.001290 233,187,250,201,6,0.001213 141,186,163,206,6,0.001154
/home/dysjin/data/CARLA.v20-carla_v20.coco/valid/Town01_006120_png.rf.405fede50ad311216cb9943968a5cdf5.jpg 316,192,330,216,6,0.495444 354,173,369,188,4,0.015943 348,175,362,186,3,0.006304 350,169,361,182,4,0.003653 365,167,382,181,3,0.002919 357,184,372,202,6,0.002241 318,181,332,197,6,0.002105 478,172,521,199,6,0.001712 0,205,12,237,6,0.001296 388,177,412,190,6,0.001230 366,174,382,189,4,0.001038 377,167,397,182,3,0.001009
/home/dysjin/data/CARLA.v20-carla_v20.coco/valid/041864_png.rf.51f1d81198f2e5b7a450f586235760ec.jpg 302,237,328,291,0,0.765148 414,208,445,241,3,0.761379 75,235,231,325,6,0.329363 581,187,635,425,6,0.006699 217,228,239,287,0,0.006409 354,225,367,243,4,0.006215 192,228,241,267,6,0.004652 218,231,237,258,0,0.002308 358,234,369,255,4,0.001633 358,245,367,270,1,0.001466
/home/dysjin/data/CARLA.v20-carla_v20.coco/valid/Town01_012060_png.rf.58e57e1a7e8d4f630323ae1827ca68bc.jpg 569,198,597,218,6,0.635801 335,186,358,202,6,0.155918 574,198,638,225,6,0.038362 268,188,285,203,6,0.008345 302,191,322,206,6,0.005816 563,193,586,210,6,0.003945 279,190,295,203,6,0.003285 577,182,626,256,6,0.002972 591,203,622,218,6,0.001616 628,193,640,218,6,0.001440 295,190,309,204,6,0.001429 392,189,408,207,1,0.001367 612,188,636,204,6,0.001109 318,187,338,201,6,0.001040 389,184,454,213,6,0.001001
/home/dysjin/data/CARLA.v20-carla_v20.coco/valid/009044_png.rf.59d4a83882b4b6af242cbd9e0e31ba80.jpg 560,221,576,243,3,0.771091 342,235,351,251,6,0.024069 0,207,13,237,3,0.021534 344,231,355,244,3,0.014252 577,218,640,256,6,0.004905 340,235,348,254,0,0.003280 195,235,205,257,2,0.002782 121,234,141,279,2,0.002085 0,198,12,269,3,0.002064 133,240,147,270,2,0.001982 628,215,640,248,6,0.001747 0,209,12,285,6,0.001633 143,235,160,259,6,0.001202 529,224,538,248,3,0.001192 381,241,393,257,6,0.001155 486,235,516,324,2,0.001068
/home/dysjin/data/CARLA.v20-carla_v20.coco/valid/Town02_002520_png.rf.55f8a7c01a8e4b86c99a794d7b61cd5d.jpg 163,200,223,234,6,0.937858 220,192,407,329,6,0.926937 147,178,162,195,3,0.007818 610,168,640,281,2,0.003969 0,0,640,380,6,0.001317 0,216,21,377,6,0.001258 148,184,160,201,3,0.001112
/home/dysjin/data/CARLA.v20-carla_v20.coco/valid/Town02_008760_png.rf.5bfb07b6a5fbe6700b4b9c150b9c6576.jpg 274,199,370,349,6,0.964526 272,186,290,202,6,0.698798 531,177,593,214,6,0.358107 145,174,161,191,3,0.149955 395,181,410,195,3,0.135716 390,185,409,201,6,0.126353 516,182,555,212,6,0.101080 343,189,357,203,6,0.044698 482,183,540,211,6,0.018383 391,184,432,208,6,0.017431 264,189,275,202,6,0.012101 567,183,625,212,6,0.010069 613,172,640,277,6,0.007894 179,185,203,202,6,0.005204 291,187,304,201,6,0.005097 625,187,640,251,6,0.004781 599,195,623,214,6,0.004744 353,188,367,200,6,0.004340 380,187,397,202,6,0.003886 371,186,383,199,6,0.003855 0,177,13,242,6,0.003703 305,188,319,200,6,0.002899 557,185,586,206,6,0.002897 0,188,14,253,6,0.002857 318,187,333,200,6,0.002666 167,186,192,203,6,0.001856 0,171,14,225,6,0.001812 336,187,347,202,6,0.001700 369,182,382,194,3,0.001527 606,188,635,227,6,0.001294 415,181,433,192,3,0.001259 411,186,437,204,6,0.001233 392,169,408,184,3,0.001138
/home/dysjin/data/CARLA.v20-carla_v20.coco/valid/Town01_008100_png.rf.5942043a53e2ea3c62572bf7029ed896.jpg 278,192,297,205,6,0.908080 385,195,411,212,6,0.707433 94,187,141,209,6,0.216841 339,189,362,203,6,0.168179 331,189,348,201,6,0.044341 307,188,321,199,6,0.022338 353,190,370,202,6,0.017107 424,192,451,206,6,0.016818 290,190,305,203,6,0.010950 321,188,334,199,6,0.008927 623,174,639,196,6,0.007292 173,187,188,203,6,0.006212 367,190,383,204,6,0.004711 276,182,302,197,6,0.004455 182,193,192,216,1,0.003306 159,186,179,202,6,0.003021 437,197,457,213,6,0.003009 207,187,225,202,6,0.002192 179,189,194,205,6,0.001394 400,191,420,205,6,0.001114 263,193,276,203,6,0.001011
/home/dysjin/data/CARLA.v20-carla_v20.coco/valid/Town01_010680_png.rf.5537782525200ced228c602e6dcc3456.jpg 374,181,385,194,3,0.507316 320,189,333,199,6,0.039581 230,188,246,205,6,0.030625 332,190,343,200,6,0.016969 309,189,322,200,6,0.009613 344,189,357,201,6,0.002426 399,196,449,221,6,0.002097 376,183,389,200,6,0.001865 296,190,309,202,6,0.001042
/home/dysjin/data/CARLA.v20-carla_v20.coco/valid/121155_png.rf.5eeb1497380edc240a771f68b9d34669.jpg 226,252,401,370,6,0.907281 562,227,597,306,2,0.390272 582,220,603,300,2,0.016788 315,239,329,256,1,0.004751 492,244,533,274,6,0.001921 393,235,404,255,1,0.001338
/home/dysjin/data/CARLA.v20-carla_v20.coco/valid/007085_png.rf.5a7141063cfddac158b01dce18de1e48.jpg 427,210,462,242,5,0.636185
/home/dysjin/data/CARLA.v20-carla_v20.coco/valid/Town05_006720_png.rf.717ce1e22225ab6a97befb2b8effcc2a.jpg 89,193,120,205,6,0.308260 183,196,220,244,1,0.237097 183,195,220,244,6,0.083804 113,191,145,202,6,0.037970 345,179,360,196,6,0.024995 352,180,372,195,6,0.020085 367,186,382,200,6,0.007124 379,186,393,202,6,0.003302 322,187,335,199,6,0.001968 335,186,347,199,6,0.001173
/home/dysjin/data/CARLA.v20-carla_v20.coco/valid/Town01_006600_png.rf.612f31973b2db2fda3ee5293fd937a64.jpg 370,186,389,209,6,0.411581 295,192,307,204,6,0.009969 378,175,396,197,6,0.003365 283,193,297,204,6,0.003314 370,177,386,197,6,0.002818 207,199,221,215,6,0.001314 296,195,307,211,0,0.001119 305,191,317,204,6,0.001075
/home/dysjin/data/CARLA.v20-carla_v20.coco/valid/112469_png.rf.4fea3a1e3f0858f468ecb362968a08fb.jpg 318,234,340,291,2,0.561903 608,236,639,253,6,0.029213 623,222,640,248,6,0.004622 312,239,346,288,1,0.004367
/home/dysjin/data/CARLA.v20-carla_v20.coco/valid/Town05_009540_png.rf.67accf9da191af14c5f05da1b6fe1e58.jpg 595,192,628,206,6,0.230831 607,197,634,210,6,0.008852 552,190,567,203,6,0.007830 621,186,638,207,6,0.005711 419,189,433,201,6,0.004197 541,191,556,203,6,0.003831 563,190,577,204,6,0.002108 443,194,455,205,6,0.002068 432,192,444,203,6,0.002017 444,198,454,212,0,0.001850 529,191,544,203,6,0.001262 288,177,313,193,6,0.001221
/home/dysjin/data/CARLA.v20-carla_v20.coco/valid/041820_png.rf.69e77a8e269d90d89efc21e5026a7083.jpg 32,244,78,266,6,0.818840 116,240,144,298,0,0.565814 180,222,197,241,4,0.492620 52,244,79,258,6,0.013411 109,248,146,288,1,0.005291 1,231,11,259,6,0.004592 70,246,82,265,0,0.002855 189,213,208,234,4,0.001781 175,219,206,244,3,0.001603 32,249,80,284,6,0.001119 71,241,82,256,0,0.001028
/home/dysjin/data/CARLA.v20-carla_v20.coco/valid/121278_png.rf.6607158f1164a75baf620dcb66d1b07e.jpg 271,247,362,318,6,0.907578 243,241,264,260,1,0.224090 243,246,260,262,6,0.110856 251,238,270,260,6,0.012786 233,241,255,259,6,0.004155 476,246,489,272,1,0.004143 625,233,640,259,6,0.001323
/home/dysjin/data/CARLA.v20-carla_v20.coco/valid/Town02_004620_png.rf.7280640e1c163e7c4b28010b90659788.jpg 233,208,389,324,6,0.896244 280,182,297,201,6,0.685038 308,182,328,200,6,0.598091 116,182,172,203,6,0.505027 286,182,312,200,6,0.060484 340,183,355,203,6,0.057054 328,182,344,200,6,0.014168 149,184,174,201,6,0.013459 381,163,392,178,3,0.002900
/home/dysjin/data/CARLA.v20-carla_v20.coco/valid/Town05_016500_png.rf.75b431585ae9c755044e81517b796324.jpg 340,196,393,235,6,0.873248 112,191,220,246,6,0.839621 458,180,476,196,3,0.830538 0,187,90,284,6,0.689477 369,191,395,228,6,0.022878 247,191,260,203,6,0.019970 432,195,442,214,6,0.019103 6,173,79,360,6,0.018712 343,194,361,206,6,0.011142 349,194,376,208,6,0.010716 336,188,347,200,0,0.008866 209,197,223,223,0,0.007189 334,182,346,194,6,0.005234 284,189,295,201,6,0.003251 156,201,224,238,6,0.003009 378,190,393,211,6,0.002932 342,183,358,194,6,0.002570 323,187,333,201,6,0.002241 208,188,221,206,0,0.001947 272,190,285,201,6,0.001852 206,206,224,230,1,0.001563 307,189,321,203,6,0.001517 255,192,270,203,6,0.001486 293,190,307,202,6,0.001473 123,185,135,208,0,0.001294 246,196,258,211,0,0.001010
/home/dysjin/data/CARLA.v20-carla_v20.coco/valid/Town02_001020_png.rf.79741d4293c684a4f4e895c08f1290d5.jpg 303,190,346,314,1,0.967197 0,189,90,380,6,0.930464 282,183,327,207,6,0.317593 193,193,212,214,6,0.309453 276,186,304,202,6,0.147351 190,190,210,213,1,0.111599 340,179,360,197,6,0.050468 359,167,372,182,3,0.026732 328,183,350,202,6,0.024267 364,176,381,194,6,0.013641 275,190,288,202,6,0.009657 357,176,372,192,6,0.008363 313,183,333,204,6,0.006711 185,190,206,209,6,0.003815 10,216,69,380,6,0.002565 332,181,371,205,6,0.001242
/home/dysjin/data/CARLA.v20-carla_v20.coco/valid/004996_png.rf.758bfe0873e6cba6e1d99146894cae01.jpg 492,256,512,317,2,0.861433 286,248,313,261,6,0.004224 358,244,366,268,2,0.003124 302,248,322,262,6,0.001553
/home/dysjin/data/CARLA.v20-carla_v20.coco/valid/Town02_001620_png.rf.77cda18f042297c4b15936a35acef602.jpg 305,189,330,246,1,0.450653 308,186,335,236,6,0.075215 177,185,189,213,2,0.067339 243,187,258,200,6,0.048450 231,189,247,202,6,0.034275 255,187,268,199,6,0.009440 223,189,236,203,6,0.005334 318,189,335,208,6,0.003480 378,166,390,181,3,0.001339 400,188,421,207,6,0.001233 525,138,630,216,6,0.001190 329,186,340,205,6,0.001054
/home/dysjin/data/CARLA.v20-carla_v20.coco/valid/112362_png.rf.868e587d8bdd37c81e4872223fbdbeb4.jpg 151,231,167,279,2,0.779847 599,234,639,256,6,0.038448 623,221,640,248,6,0.004781 155,238,172,292,2,0.003668 139,238,176,277,1,0.002324 315,238,333,252,6,0.001035
/home/dysjin/data/CARLA.v20-carla_v20.coco/valid/Town05_010080_png.rf.88fb23d739ffa2beacd3c5735d172d03.jpg 271,184,287,201,6,0.649710 317,188,329,214,0,0.443247 327,184,340,200,6,0.019942 244,180,259,192,6,0.010712 406,194,417,220,0,0.003542 335,182,347,193,6,0.002535 262,184,278,200,6,0.002311 468,238,479,273,1,0.001866 245,168,258,183,6,0.001560 467,228,482,283,2,0.001143
/home/dysjin/data/CARLA.v20-carla_v20.coco/valid/026847_png.rf.7a28094ba474fb2fab06e58f1ebea83c.jpg 413,212,446,240,3,0.951894 412,215,444,241,6,0.004865
/home/dysjin/data/CARLA.v20-carla_v20.coco/valid/075709_png.rf.7dd638ab9af378bf60aaa2fb92a0aea4.jpg 311,243,350,271,6,0.952623 165,238,254,307,6,0.914551 0,249,179,413,6,0.843413 240,239,267,275,6,0.742220 353,236,366,253,6,0.017452 10,229,73,480,6,0.009263 216,247,264,287,6,0.008075 0,0,621,480,6,0.004570 254,236,268,264,6,0.001513 350,233,360,252,3,0.001483 349,248,369,267,6,0.001371
/home/dysjin/data/CARLA.v20-carla_v20.coco/valid/Town02_007380_png.rf.8809896fc46f6266a6729640bbc68e4c.jpg 560,195,636,222,6,0.722633 274,190,288,205,6,0.253177 292,186,306,199,6,0.070790 331,184,342,202,6,0.020226 622,195,640,220,6,0.005745 260,189,277,205,6,0.004217 511,182,531,208,6,0.004074 624,180,639,209,6,0.003775 552,186,570,207,6,0.003618 281,196,291,211,6,0.002968 303,185,316,198,6,0.002576 557,197,588,216,6,0.002553 0,193,13,224,6,0.001865 617,171,631,194,6,0.001676 323,186,335,200,6,0.001475 447,195,471,214,6,0.001455 559,180,601,256,6,0.001449 625,158,638,186,6,0.001146
/home/dysjin/data/CARLA.v20-carla_v20.coco/valid/Town01_007500_png.rf.7e4c2487265d812d93246e09a19aeab2.jpg 255,194,282,213,6,0.930593 535,165,638,225,6,0.886498 526,180,551,212,6,0.468143 371,184,408,209,6,0.031769 168,214,192,227,6,0.028430 179,212,198,225,6,0.017920 280,190,294,202,6,0.005650 157,213,180,229,6,0.004636 623,184,639,233,6,0.003672 290,188,309,199,6,0.003152 393,183,454,213,6,0.002774 192,210,207,225,6,0.001435 0,218,11,245,6,0.001079 142,211,193,232,6,0.001016
/home/dysjin/data/CARLA.v20-carla_v20.coco/valid/Town05_007500_png.rf.8a81a882e564e9e99b5c951d3e18dbbc.jpg 351,184,394,202,6,0.908035 303,179,319,190,6,0.620734 255,181,270,195,6,0.292008 256,183,269,198,0,0.080519 126,188,150,199,6,0.031668 347,185,363,199,6,0.031229 122,188,138,202,0,0.030631 137,186,167,200,6,0.027870 315,179,328,189,6,0.015597 266,182,281,193,6,0.007945 0,180,13,208,6,0.007726 376,182,397,196,6,0.004871 304,171,322,183,6,0.004212 113,188,128,202,6,0.003041 82,179,102,193,6,0.001908 389,185,402,200,0,0.001522 136,179,193,206,6,0.001267 120,181,140,196,6,0.001163 402,186,417,199,6,0.001152 151,185,178,202,6,0.001138
/home/dysjin/data/CARLA.v20-carla_v20.coco/valid/Town02_005520_png.rf.8a9d2ba4122736ea3845c9e405936cce.jpg 57,196,127,219,6,0.826888 92,201,137,220,6,0.139500 611,190,639,227,6,0.044968 0,196,16,220,6,0.040536 369,196,380,215,1,0.019158 585,201,639,242,6,0.010746 623,182,640,210,6,0.008519 46,186,97,217,6,0.003198 64,190,95,205,6,0.003112 0,188,13,212,6,0.002793 625,216,640,243,6,0.002549 116,201,135,219,6,0.002490 36,195,82,226,6,0.002381 54,190,82,207,6,0.001947 599,197,623,217,6,0.001628 46,189,69,207,6,0.001092
/home/dysjin/data/CARLA.v20-carla_v20.coco/valid/041735_png.rf.891d950e6341a379e0a80f54f49c126a.jpg 274,241,306,305,0,0.553985 0,241,11,272,6,0.004350 267,249,307,296,6,0.002221 628,211,640,280,6,0.002110
/home/dysjin/data/CARLA.v20-carla_v20.coco/valid/041669_png.rf.8f16c7cc68671f71ba068edf120b2a61.jpg 301,237,335,313,0,0.310465
/home/dysjin/data/CARLA.v20-carla_v20.coco/valid/003814_png.rf.9123d8ff8e23490d6f5201cb816e4fc2.jpg 289,242,321,259,6,0.829474 544,171,622,251,3,0.641684 314,239,327,254,6,0.005470 330,238,343,253,6,0.002280 286,240,303,255,6,0.002280 272,239,290,252,6,0.001837 203,238,219,252,6,0.001097
/home/dysjin/data/CARLA.v20-carla_v20.coco/valid/005413_png.rf.9000d6e877ce40e1d5bd5387ece453c2.jpg 86,229,104,286,2,0.829242 106,231,122,279,2,0.799492 93,233,119,283,2,0.354928 78,226,94,290,2,0.003154 108,233,124,297,2,0.001603 132,232,144,262,2,0.001591 93,232,138,280,1,0.001402 77,236,114,283,1,0.001358 88,229,98,274,2,0.001153
/home/dysjin/data/CARLA.v20-carla_v20.coco/valid/Town01_001500_png.rf.9254a251a5c6eb6313adba6a6adf1620.jpg 387,175,402,193,3,0.845430 221,199,234,216,6,0.032000 294,193,311,206,6,0.009571 304,193,321,205,6,0.008169 175,195,187,221,2,0.005151 227,199,244,214,6,0.004092 614,167,640,280,2,0.003539 180,195,193,219,2,0.002853 316,192,331,204,6,0.001157
/home/dysjin/data/CARLA.v20-carla_v20.coco/valid/Town05_004680_png.rf.93664881511a21c1adf050e2e8993477.jpg 243,185,270,205,6,0.881697 315,172,415,227,6,0.846801 184,188,202,203,6,0.227942 280,184,295,199,6,0.154008 623,171,640,196,6,0.046946 353,190,421,222,6,0.008273 221,187,239,201,6,0.006832 266,183,284,203,6,0.004256 205,189,222,201,6,0.003187 403,185,419,208,0,0.002750 387,201,413,217,6,0.002739 233,185,258,201,6,0.001943 176,190,190,203,6,0.001702 539,176,630,380,6,0.001513 180,181,201,197,6,0.001507 136,187,149,204,4,0.001339 0,195,22,349,6,0.001261 289,183,304,201,6,0.001141
/home/dysjin/data/CARLA.v20-carla_v20.coco/valid/138312_png.rf.93c512dad514948e54a85fd6860eba4e.jpg 94,237,114,280,2,0.773462 246,234,258,256,1,0.003074
/home/dysjin/data/CARLA.v20-carla_v20.coco/valid/005160_png.rf.922d9f2da21b5b11121905df87e629d7.jpg 401,214,428,242,5,0.683797 207,230,218,258,2,0.001530 611,240,640,362,2,0.001157
