/home/dysjin/data/CARLA.v20-carla_v20.coco/valid/Town02_006840_png.rf.a4a970c10202604d1dd8c41fe9097525.jpg 442,188,459,206,0,0.904183 564,170,581,193,0,0.836211 345,179,358,195,0,0.517263 242,165,257,185,0,0.367318 1,167,13,193,1,0.127017 237,172,250,190,0,0.081986 198,164,209,178,0,0.014853 566,181,578,201,0,0.014490 253,164,268,183,0,0.012613 450,195,461,216,0,0.010454 293,166,308,185,0,0.009448 236,186,247,200,0,0.009281 195,152,207,175,0,0.007338 200,174,211,190,0,0.005394 284,175,295,191,0,0.004980 243,187,253,200,0,0.004905 206,176,218,192,0,0.004435 433,187,450,203,0,0.004397 0,152,15,198,0,0.003865 569,157,592,197,0,0.003162 445,208,458,230,0,0.003046 269,173,279,190,0,0.002585 460,164,507,247,0,0.002549 351,175,365,197,0,0.002356 206,161,217,181,0,0.002198 559,178,571,192,0,0.001965 450,174,464,204,0,0.001957 555,202,567,218,0,0.001644 565,197,578,215,0,0.001317 269,163,281,181,0,0.001195 565,155,606,237,0,0.001059 343,163,357,191,0,0.001010
/home/dysjin/data/CARLA.v20-carla_v20.coco/valid/Town02_002640_png.rf.ac6bee6a9e4c4b2a1e149670c97196c1.jpg 391,171,404,189,0,0.538536 341,200,355,222,0,0.030263 528,164,540,180,1,0.028904 219,149,233,173,0,0.006427 488,184,505,204,2,0.005141 391,169,405,186,1,0.004492 306,186,319,204,0,0.002809 297,188,312,205,0,0.002364 295,177,310,197,0,0.002056 326,204,356,232,0,0.001938 233,160,245,181,0,0.001522 420,139,432,158,1,0.001445 343,188,359,211,0,0.001347 539,164,552,180,1,0.001247 317,184,330,202,0,0.001227 245,177,258,194,0,0.001122 553,136,564,154,1,0.001086 527,153,541,171,1,0.001009 346,160,359,181,0,0.001000
/home/dysjin/data/CARLA.v20-carla_v20.coco/valid/007096_png.rf.a26873f70f1467f54f0fd09ea8c1731b.jpg 539,169,618,245,1,0.641100 525,168,624,265,2,0.145398 560,99,621,316,1,0.001628
/home/dysjin/data/CARLA.v20-carla_v20.coco/valid/Town02_006480_png.rf.aec43468267a9993201d034f7031ee5c.jpg 346,176,359,191,0,0.697788 347,185,359,198,0,0.479381 363,186,377,203,0,0.038372 349,164,368,190,0,0.035982 366,158,379,186,0,0.019932 196,177,206,194,1,0.013910 337,179,349,192,0,0.011982 376,174,390,195,0,0.004726 377,188,388,204,0,0.003797 196,185,207,201,1,0.003304 335,167,351,185,0,0.002961 370,151,383,171,0,0.002519 183,186,196,202,1,0.002292 374,160,392,187,0,0.002142 171,177,184,195,0,0.002071 335,185,350,202,0,0.002028 365,199,376,216,0,0.001622 364,153,409,246,0,0.001472 341,153,356,175,0,0.001403 172,184,186,203,0,0.001312 349,143,387,214,0,0.001119 161,175,174,193,0,0.001028
/home/dysjin/data/CARLA.v20-carla_v20.coco/valid/051305_png.rf.af3e2dc55ae45fc793f7f25eb6fdf7b4.jpg 420,210,470,241,0,0.915135 438,201,478,261,0,0.001891
/home/dysjin/data/CARLA.v20-carla_v20.coco/valid/007291_png.rf.b33e9d647d42777054dfb5f46d23bbad.jpg 382,220,403,240,0,0.878462 385,177,429,246,0,0.001345
/home/dysjin/data/CARLA.v20-carla_v20.coco/valid/003752_png.rf.bb0716bc5b93fa8b10f41577e20a2f35.jpg 400,215,426,243,1,0.480286 400,214,422,243,2,0.401824 381,4,394,20,1,0.002535
/home/dysjin/data/CARLA.v20-carla_v20.coco/valid/005173_png.rf.c24ac196d86260d3a384e12093bfa5ef.jpg 480,202,541,243,2,0.107352 456,164,568,260,2,0.005752 343,227,353,242,1,0.004358 508,187,531,238,2,0.001606 488,190,515,235,2,0.001408 510,206,525,230,2,0.001277
/home/dysjin/data/CARLA.v20-carla_v20.coco/valid/003769_png.rf.c5c0c17fa97551316c57744e9608f796.jpg 498,202,553,242,1,0.370982 509,200,540,240,2,0.079119 491,178,558,264,2,0.062530
/home/dysjin/data/CARLA.v20-carla_v20.coco/valid/004966_png.rf.c9d8d72d0920460b612251c5fddc5770.jpg 430,202,467,242,1,0.702788 438,204,462,231,2,0.016609
/home/dysjin/data/CARLA.v20-carla_v20.coco/valid/001638_png.rf.c98e4c5bc2a68de358073a26469c81b2.jpg 424,211,452,239,0,0.934814 430,207,456,245,1,0.004163
/home/dysjin/data/CARLA.v20-carla_v20.coco/valid/051274_png.rf.d5f64278c64b556983082379a316485f.jpg 565,165,634,254,1,0.765659 555,170,638,263,2,0.109923 357,225,369,243,0,0.005639
/home/dysjin/data/CARLA.v20-carla_v20.coco/valid/Town01_001440_png.rf.e4b4351effd31d5b433710cffb8243e4.jpg 384,173,400,194,0,0.897575 232,177,247,194,0,0.146094 344,176,355,190,0,0.057685 269,165,280,180,0,0.010616 269,174,279,190,0,0.008875 389,137,413,182,0,0.007780 259,175,270,189,0,0.006417 259,167,271,182,0,0.005119 306,174,317,190,0,0.002486 14,188,26,204,1,0.002237 358,150,372,170,0,0.002002 279,176,291,192,0,0.001873 344,182,359,203,0,0.001753 335,176,347,191,0,0.001594 232,165,250,188,0,0.001571 294,173,306,191,0,0.001545 282,163,294,180,0,0.001517 373,181,388,194,1,0.001431 318,174,330,191,0,0.001380 171,201,184,219,0,0.001136 295,164,307,182,0,0.001109
/home/dysjin/data/CARLA.v20-carla_v20.coco/valid/041811_png.rf.e8d4c17844854d24f9b2bec66a8a8889.jpg 51,223,62,242,1,0.569388
/home/dysjin/data/CARLA.v20-carla_v20.coco/valid/001519_png.rf.e42bb854e84b40164ed2795569b2eb6f.jpg 571,215,593,246,0,0.905884 345,230,357,245,0,0.030229 568,233,582,252,0,0.004256 582,219,600,250,0,0.004062 415,225,428,241,0,0.003854 404,213,421,236,0,0.003814 599,221,612,245,1,0.002146 588,196,633,265,0,0.001189 394,214,410,236,0,0.001149 600,212,613,238,0,0.001142
/home/dysjin/data/CARLA.v20-carla_v20.coco/valid/001509_png.rf.ed3baed466e7f65c1a01fb57bf942b65.jpg 572,215,591,245,0,0.876438 345,229,357,245,0,0.016250 568,233,581,251,0,0.011359 582,219,600,249,0,0.005629 415,225,428,241,0,0.005219 598,221,613,244,1,0.002962 600,213,614,237,0,0.002435 584,234,598,257,0,0.002045 404,213,421,236,0,0.001778 588,203,631,297,0,0.001222
/home/dysjin/data/CARLA.v20-carla_v20.coco/valid/026829_png.rf.e6f26e62f316568466a95ba7fd18d850.jpg 373,217,393,242,0,0.958052 0,164,34,251,0,0.001533 377,202,391,224,0,0.001298 332,226,347,242,0,0.001232 371,198,382,224,0,0.001048 376,227,390,254,0,0.001030
/home/dysjin/data/CARLA.v20-carla_v20.coco/valid/007076_png.rf.d635d979c35f5dd6da756ef9889aef0b.jpg 397,214,423,245,2,0.754526
/home/dysjin/data/CARLA.v20-carla_v20.coco/valid/Town02_006960_png.rf.eedfb90c1deb0d66a31341acd2e08f4f.jpg 147,159,164,181,0,0.934997 28,138,40,159,0,0.003384 148,168,165,188,0,0.002476 33,137,49,159,0,0.002306 99,174,111,189,0,0.002230 99,165,114,184,0,0.002216 140,168,154,181,0,0.001815 2,137,13,157,1,0.001707 147,139,185,207,0,0.001582 2,147,14,169,1,0.001437
/home/dysjin/data/CARLA.v20-carla_v20.coco/valid/041861_png.rf.f5f3812ca6c536c5c25bea3d596be111.jpg 402,209,430,240,1,0.504643 399,215,429,242,2,0.292981 396,184,431,240,0,0.001437
/home/dysjin/data/CARLA.v20-carla_v20.coco/valid/003755_png.rf.f6343810071c5f5401b5697ef363285d.jpg 406,213,437,241,2,0.692353 406,211,436,246,1,0.179125
/home/dysjin/data/CARLA.v20-carla_v20.coco/valid/001630_png.rf.ff5ced110f03f998a7a6998ddf647fd2.jpg 408,211,435,238,0,0.904295 412,200,455,261,0,0.001086
/home/dysjin/data/CARLA.v20-carla_v20.coco/valid/003751_png.rf.0ff9ef7c8c8e4f5eab52437609a3b501.jpg 396,215,423,243,2,0.584998 389,220,420,244,1,0.051858 380,4,394,20,1,0.001799
/home/dysjin/data/CARLA.v20-carla_v20.coco/valid/Town02_008820_png.rf.135414697b8215dc125af6b125d3058c.jpg 381,187,395,205,0,0.207772 343,176,355,194,0,0.097756 427,175,440,192,0,0.094086 381,178,392,193,0,0.084304 389,187,404,206,0,0.081080 417,177,428,191,0,0.075903 336,179,347,191,0,0.054125 369,179,381,191,0,0.051278 144,170,157,190,0,0.043145 270,174,281,189,0,0.038811 281,176,291,190,0,0.027702 358,178,369,190,0,0.024041 258,166,272,183,0,0.021518 389,178,402,196,0,0.020313 294,173,307,191,0,0.016637 380,195,392,215,0,0.013724 305,173,316,189,0,0.013026 368,187,379,202,0,0.012827 403,177,415,195,0,0.011181 247,166,260,181,0,0.011151 403,165,419,186,0,0.008365 333,185,344,203,0,0.005527 481,178,493,194,0,0.004958 317,176,329,191,0,0.004489 140,161,164,189,0,0.003730 505,171,517,191,0,0.003676 427,185,440,201,0,0.003138 355,187,366,200,0,0.003138 11,115,23,134,1,0.002899 236,163,248,182,0,0.002741 37,138,50,159,0,0.002506 392,163,407,187,0,0.002359 416,184,429,202,0,0.001793 47,135,61,160,0,0.001567 2,114,15,134,1,0.001516 357,165,371,186,0,0.001515 332,166,346,186,0,0.001478 439,172,451,193,0,0.001384
/home/dysjin/data/CARLA.v20-carla_v20.coco/valid/006578_png.rf.21f08e8ed63ab67b3ef05528af8ef9e6.jpg 369,220,389,240,0,0.952007 369,229,386,252,0,0.001453 370,194,409,264,0,0.001369 362,228,376,244,0,0.001215 368,199,382,225,0,0.001190 386,222,403,242,0,0.001185
/home/dysjin/data/CARLA.v20-carla_v20.coco/valid/Town02_006720_png.rf.2632fd4f3d65ff215e84d472badfd870.jpg 442,187,459,206,0,0.879223 564,170,581,194,0,0.863635 345,179,359,195,0,0.519855 244,166,259,184,0,0.272006 1,167,13,193,1,0.124591 269,178,281,192,0,0.093612 281,176,294,193,0,0.085839 237,173,249,191,0,0.084439 255,173,268,189,0,0.056430 292,172,307,190,0,0.019692 566,181,578,201,0,0.014785 235,186,246,199,0,0.014752 450,195,461,216,0,0.011060 269,189,280,202,0,0.009702 195,152,207,174,0,0.008252 433,187,450,202,0,0.006968 207,175,218,192,0,0.006050 451,175,464,202,0,0.004912 0,152,15,198,0,0.003863 198,164,209,179,0,0.003694 200,175,211,192,0,0.003600 445,208,458,230,0,0.003412 243,187,254,199,0,0.003406 461,165,507,246,0,0.003045 279,185,292,200,0,0.002719 555,202,567,218,0,0.002652 206,162,217,181,0,0.002227 268,165,281,185,0,0.002111 569,157,591,197,0,0.001864 256,186,269,202,0,0.001800 559,179,571,192,0,0.001750 565,196,578,215,0,0.001629 465,175,477,196,0,0.001533 554,210,566,229,0,0.001466 234,162,252,184,0,0.001287 304,173,316,191,0,0.001258 560,123,606,203,0,0.001235 185,151,200,173,0,0.001195 218,173,235,198,0,0.001141 517,185,530,205,0,0.001110 565,155,606,237,0,0.001060
/home/dysjin/data/CARLA.v20-carla_v20.coco/valid/007070_png.rf.2316a0a54db7e4a749f421570aadd160.jpg 381,220,398,239,2,0.338350 384,211,409,243,2,0.266453 373,218,404,242,1,0.004461
/home/dysjin/data/CARLA.v20-carla_v20.coco/valid/041819_png.rf.374472e0a0868df264a4100cb7734e35.jpg 173,222,183,239,1,0.795053 165,221,189,245,1,0.014298 162,225,179,239,1,0.002457 148,226,160,242,1,0.001492
/home/dysjin/data/CARLA.v20-carla_v20.coco/valid/003766_png.rf.3dbe103da1003d1fb3bd18ad0d0894b4.jpg 467,203,512,244,1,0.593227 473,202,504,240,2,0.530508
/home/dysjin/data/CARLA.v20-carla_v20.coco/valid/026849_png.rf.52e90800c02b90489d2521817c6942f7.jpg 423,209,452,236,0,0.953836 418,199,468,252,0,0.019267 346,216,358,233,0,0.003007
/home/dysjin/data/CARLA.v20-carla_v20.coco/valid/041864_png.rf.51f1d81198f2e5b7a450f586235760ec.jpg 415,211,448,239,2,0.664388 409,205,445,237,1,0.305739 402,210,430,238,2,0.001078 405,237,417,252,1,0.001032
/home/dysjin/data/CARLA.v20-carla_v20.coco/valid/009044_png.rf.59d4a83882b4b6af242cbd9e0e31ba80.jpg 561,217,578,242,0,0.873639 344,229,355,243,0,0.244054 0,201,16,244,1,0.143147 4,218,15,242,1,0.012868 533,224,543,242,0,0.007320 532,235,543,252,0,0.007179 553,178,596,249,0,0.004548 531,213,543,232,0,0.001751 0,168,30,251,0,0.001540 541,228,552,246,0,0.001357
/home/dysjin/data/CARLA.v20-carla_v20.coco/valid/Town01_010680_png.rf.5537782525200ced228c602e6dcc3456.jpg 368,178,384,194,0,0.937432 231,177,244,199,0,0.063860 221,185,235,206,0,0.027692 159,188,171,205,0,0.022334 206,187,224,209,0,0.020053 376,183,389,201,0,0.013513 355,175,374,199,0,0.012908 344,162,356,179,0,0.012882 149,178,161,195,1,0.011866 197,189,212,209,0,0.010665 319,178,332,193,0,0.006857 157,177,170,198,0,0.006473 150,188,163,205,0,0.006115 344,174,354,191,0,0.005035 388,189,401,202,0,0.003926 331,178,343,192,0,0.003882 332,185,343,203,0,0.003131 345,184,361,205,0,0.002706 363,166,386,189,0,0.002218 387,178,402,195,0,0.002203 309,176,321,192,0,0.002164 169,188,181,206,0,0.001932 309,164,320,183,0,0.001915 319,185,331,202,0,0.001739 293,176,306,195,0,0.001496 183,185,197,210,0,0.001283 373,158,392,197,0,0.001274 333,165,346,186,0,0.001273 319,166,330,183,0,0.001134 273,163,285,181,0,0.001012 181,174,195,197,0,0.001008
/home/dysjin/data/CARLA.v20-carla_v20.coco/valid/007085_png.rf.5a7141063cfddac158b01dce18de1e48.jpg 435,211,463,239,2,0.849470 432,210,445,235,2,0.002342 445,216,467,278,2,0.001297
/home/dysjin/data/CARLA.v20-carla_v20.coco/valid/041820_png.rf.69e77a8e269d90d89efc21e5026a7083.jpg 182,223,193,240,1,0.669962 381,240,395,259,1,0.002373 383,248,394,271,0,0.002102 183,231,196,253,1,0.001083
/home/dysjin/data/CARLA.v20-carla_v20.coco/valid/Town05_016500_png.rf.75b431585ae9c755044e81517b796324.jpg 453,173,480,201,0,0.754097 334,190,346,205,0,0.066733 11,187,24,204,0,0.010103 380,196,392,215,0,0.006627 294,189,309,209,0,0.004907 12,178,24,195,0,0.004195 178,199,232,235,0,0.003985 340,186,352,204,0,0.003672 188,201,237,236,1,0.003556 330,179,347,198,0,0.003347 285,189,298,208,0,0.003129 307,188,319,208,0,0.002708 331,195,343,216,0,0.002392 0,137,35,226,0,0.001416 318,188,336,209,0,0.001335 210,175,222,191,0,0.001222 125,175,137,192,1,0.001168 205,204,222,231,2,0.001032
/home/dysjin/data/CARLA.v20-carla_v20.coco/valid/026847_png.rf.7a28094ba474fb2fab06e58f1ebea83c.jpg 415,212,443,235,0,0.944259 407,205,455,244,0,0.498262 345,217,358,235,0,0.006393 2,161,13,182,1,0.001676 235,228,247,244,0,0.001515 354,225,366,240,0,0.001378 409,131,458,247,0,0.001039
/home/dysjin/data/CARLA.v20-carla_v20.coco/valid/003814_png.rf.9123d8ff8e23490d6f5201cb816e4fc2.jpg 544,173,620,251,0,0.791152
/home/dysjin/data/CARLA.v20-carla_v20.coco/valid/Town01_001500_png.rf.9254a251a5c6eb6313adba6a6adf1620.jpg 385,173,404,195,0,0.985252 173,187,185,204,0,0.018451 248,174,260,191,0,0.012271 248,162,259,180,0,0.008761 284,185,295,203,0,0.008284 283,175,295,195,0,0.003967 179,201,193,220,0,0.003345 173,199,186,216,0,0.001958 255,164,268,182,0,0.001635 283,162,294,181,0,0.001536 291,174,304,198,0,0.001440 270,174,283,195,0,0.001348 180,208,194,232,0,0.001296 293,187,304,205,0,0.001065 255,174,268,194,0,0.001001
/home/dysjin/data/CARLA.v20-carla_v20.coco/valid/005160_png.rf.922d9f2da21b5b11121905df87e629d7.jpg 400,212,429,240,2,0.751553
