/home/dysjin/data/CARLA.v20-carla_v20.coco/valid/Town02_006840_png.rf.a4a970c10202604d1dd8c41fe9097525.jpg 564,175,578,194,0,0.777635 2,168,16,198,0,0.126337 559,183,570,202,0,0.014479 199,162,210,180,0,0.009921 1,147,15,175,0,0.009772 557,164,570,184,0,0.005661 563,157,586,191,0,0.005246 197,149,210,169,0,0.004343 200,172,212,194,0,0.004078 0,130,16,188,0,0.003877 0,142,15,203,0,0.003559 207,172,220,195,0,0.003095 344,176,357,192,0,0.002998 455,175,468,194,0,0.002620 334,176,347,192,0,0.002358 0,98,27,206,0,0.001389 284,176,297,191,0,0.001383 467,173,480,195,0,0.001258 443,186,456,204,0,0.001180 546,176,558,192,0,0.001141 560,55,606,94,0,0.001141
/home/dysjin/data/CARLA.v20-carla_v20.coco/valid/Town02_002640_png.rf.ac6bee6a9e4c4b2a1e149670c97196c1.jpg 389,173,405,191,0,0.559767 0,171,14,198,0,0.001685 72,212,85,229,0,0.001613 412,127,436,167,0,0.001476
/home/dysjin/data/CARLA.v20-carla_v20.coco/valid/007096_png.rf.a26873f70f1467f54f0fd09ea8c1731b.jpg 549,176,612,241,2,0.779218 496,146,632,239,2,0.003132 542,184,582,227,2,0.001960
/home/dysjin/data/CARLA.v20-carla_v20.coco/valid/Town02_006480_png.rf.aec43468267a9993201d034f7031ee5c.jpg 347,173,359,192,0,0.756513 356,165,367,182,0,0.013067 338,176,350,191,0,0.010517 346,182,357,200,0,0.004748 338,166,348,183,0,0.003878 337,183,348,202,0,0.003809 367,173,382,189,0,0.002724 270,175,282,193,0,0.002273 341,157,365,189,0,0.001238 355,183,370,202,0,0.001094
/home/dysjin/data/CARLA.v20-carla_v20.coco/valid/051305_png.rf.af3e2dc55ae45fc793f7f25eb6fdf7b4.jpg 427,208,462,242,0,0.979014 415,205,445,237,0,0.001278
/home/dysjin/data/CARLA.v20-carla_v20.coco/valid/007291_png.rf.b33e9d647d42777054dfb5f46d23bbad.jpg 385,224,400,242,0,0.900244 389,216,403,234,0,0.009647 374,228,389,242,0,0.001680 393,232,407,252,0,0.001302 382,200,395,225,0,0.001131
/home/dysjin/data/CARLA.v20-carla_v20.coco/valid/003752_png.rf.bb0716bc5b93fa8b10f41577e20a2f35.jpg 396,214,423,242,1,0.836710 392,214,419,249,0,0.001448
/home/dysjin/data/CARLA.v20-carla_v20.coco/valid/005173_png.rf.c24ac196d86260d3a384e12093bfa5ef.jpg 478,193,523,246,2,0.549192 445,167,553,265,2,0.009600 465,201,487,256,2,0.001001
/home/dysjin/data/CARLA.v20-carla_v20.coco/valid/003769_png.rf.c5c0c17fa97551316c57744e9608f796.jpg 499,188,548,245,1,0.440085
/home/dysjin/data/CARLA.v20-carla_v20.coco/valid/004966_png.rf.c9d8d72d0920460b612251c5fddc5770.jpg 425,206,469,242,1,0.827884
/home/dysjin/data/CARLA.v20-carla_v20.coco/valid/001638_png.rf.c98e4c5bc2a68de358073a26469c81b2.jpg 420,208,453,240,0,0.994281 157,221,171,242,0,0.006768 151,225,166,247,0,0.002329
/home/dysjin/data/CARLA.v20-carla_v20.coco/valid/051274_png.rf.d5f64278c64b556983082379a316485f.jpg 564,178,631,237,1,0.669638 567,169,630,243,2,0.516193 524,139,640,260,2,0.003669
/home/dysjin/data/CARLA.v20-carla_v20.coco/valid/Town01_001440_png.rf.e4b4351effd31d5b433710cffb8243e4.jpg 383,176,400,194,0,0.983494 384,169,398,184,0,0.005700 360,176,372,189,0,0.003463 345,176,359,191,0,0.002534 392,165,405,184,0,0.002318 375,184,386,198,0,0.002219 373,177,390,191,0,0.002215 394,149,410,175,0,0.001915 362,119,386,174,0,0.001536 295,175,309,193,0,0.001532 366,147,382,173,0,0.001304 402,174,418,191,0,0.001173
/home/dysjin/data/CARLA.v20-carla_v20.coco/valid/041811_png.rf.e8d4c17844854d24f9b2bec66a8a8889.jpg 49,221,64,243,1,0.831258 41,225,57,243,1,0.002670 51,227,64,254,1,0.002107 1,260,13,284,1,0.001226
/home/dysjin/data/CARLA.v20-carla_v20.coco/valid/001519_png.rf.e42bb854e84b40164ed2795569b2eb6f.jpg 573,216,589,243,0,0.370228 344,225,356,246,0,0.006310 569,232,580,251,0,0.001431 577,232,592,253,0,0.001130
/home/dysjin/data/CARLA.v20-carla_v20.coco/valid/001509_png.rf.ed3baed466e7f65c1a01fb57bf942b65.jpg 574,216,589,235,0,0.182710 344,225,356,246,0,0.009549 569,232,580,252,0,0.001748
/home/dysjin/data/CARLA.v20-carla_v20.coco/valid/026829_png.rf.e6f26e62f316568466a95ba7fd18d850.jpg 374,220,392,241,0,0.967577 383,200,395,226,0,0.006440 380,227,394,254,0,0.004716 374,230,386,250,0,0.004254
/home/dysjin/data/CARLA.v20-carla_v20.coco/valid/007076_png.rf.d635d979c35f5dd6da756ef9889aef0b.jpg 393,220,421,236,2,0.897491 388,205,427,243,2,0.206922
/home/dysjin/data/CARLA.v20-carla_v20.coco/valid/Town02_006960_png.rf.eedfb90c1deb0d66a31341acd2e08f4f.jpg 149,164,164,183,0,0.881128 591,177,604,196,0,0.004039 580,176,592,195,0,0.002414 591,200,603,215,0,0.001847 591,188,603,202,0,0.001723 592,211,605,231,0,0.001665 580,188,592,202,0,0.001536 580,200,591,215,0,0.001061
/home/dysjin/data/CARLA.v20-carla_v20.coco/valid/041861_png.rf.f5f3812ca6c536c5c25bea3d596be111.jpg 398,209,426,242,1,0.802451 391,184,413,235,1,0.002388 399,220,412,241,1,0.001018
/home/dysjin/data/CARLA.v20-carla_v20.coco/valid/003755_png.rf.f6343810071c5f5401b5697ef363285d.jpg 407,212,436,243,1,0.866351
/home/dysjin/data/CARLA.v20-carla_v20.coco/valid/001630_png.rf.ff5ced110f03f998a7a6998ddf647fd2.jpg 409,211,434,239,0,0.992939 169,221,184,242,0,0.115907 164,226,179,246,0,0.002630
/home/dysjin/data/CARLA.v20-carla_v20.coco/valid/003751_png.rf.0ff9ef7c8c8e4f5eab52437609a3b501.jpg 395,215,421,242,1,0.841132
/home/dysjin/data/CARLA.v20-carla_v20.coco/valid/Town02_008820_png.rf.135414697b8215dc125af6b125d3058c.jpg 393,183,406,204,0,0.123945 393,160,405,184,0,0.026904 502,175,517,191,0,0.015653 0,119,17,176,0,0.012063 281,163,294,180,0,0.009700 385,184,398,203,0,0.009273 394,196,408,214,0,0.005761 145,171,159,191,0,0.005032 405,173,419,191,0,0.003363 417,173,432,193,0,0.002715 372,178,385,192,0,0.002642 427,174,443,194,0,0.002150 272,163,283,181,0,0.002073 139,175,153,196,0,0.001951 334,176,347,192,0,0.001922 428,197,443,218,0,0.001889 344,176,358,191,0,0.001763 294,162,307,181,0,0.001722 480,177,494,192,0,0.001664 356,163,369,181,0,0.001655 332,163,345,180,0,0.001583 0,67,14,128,0,0.001523 370,162,383,179,0,0.001413 415,161,431,182,0,0.001402 405,161,419,182,0,0.001353 1,145,15,172,0,0.001273 419,184,433,204,0,0.001250 492,175,507,192,0,0.001214 1,123,14,150,0,0.001181 358,176,371,190,0,0.001055 307,162,320,179,0,0.001048 284,175,296,190,0,0.001030
/home/dysjin/data/CARLA.v20-carla_v20.coco/valid/006578_png.rf.21f08e8ed63ab67b3ef05528af8ef9e6.jpg 369,222,386,243,0,0.989457 360,228,378,243,0,0.004385 379,215,392,233,0,0.001818 362,217,375,235,0,0.001505
/home/dysjin/data/CARLA.v20-carla_v20.coco/valid/Town02_006720_png.rf.2632fd4f3d65ff215e84d472badfd870.jpg 565,175,578,194,0,0.762031 2,168,16,198,0,0.119569 559,183,570,202,0,0.011927 284,177,296,191,0,0.009324 1,147,15,175,0,0.009257 206,172,220,194,0,0.006955 197,149,210,169,0,0.005963 557,164,570,184,0,0.005924 199,162,211,180,0,0.005807 200,172,213,194,0,0.004784 563,157,586,191,0,0.004554 0,130,16,189,0,0.003818 0,142,15,203,0,0.003653 344,176,357,192,0,0.003110 236,161,249,182,0,0.002797 257,162,270,181,0,0.002678 334,176,347,192,0,0.001996 559,55,606,94,0,0.001541 455,175,468,194,0,0.001337 271,176,286,189,0,0.001294 0,98,27,206,0,0.001143 546,176,558,192,0,0.001029
/home/dysjin/data/CARLA.v20-carla_v20.coco/valid/007070_png.rf.2316a0a54db7e4a749f421570aadd160.jpg 388,219,403,242,2,0.680553 378,205,402,242,2,0.047348 377,223,399,235,2,0.028337 369,178,404,235,2,0.001048
/home/dysjin/data/CARLA.v20-carla_v20.coco/valid/041819_png.rf.374472e0a0868df264a4100cb7734e35.jpg 173,222,188,243,1,0.794412 165,227,179,243,1,0.006706 181,226,197,239,1,0.005621 172,207,192,244,1,0.003208 175,225,186,256,1,0.001190
/home/dysjin/data/CARLA.v20-carla_v20.coco/valid/003766_png.rf.3dbe103da1003d1fb3bd18ad0d0894b4.jpg 464,200,506,249,1,0.655489
/home/dysjin/data/CARLA.v20-carla_v20.coco/valid/026849_png.rf.52e90800c02b90489d2521817c6942f7.jpg 422,203,455,240,0,0.993995 626,81,640,142,0,0.002433 344,213,356,231,0,0.002039 0,0,180,310,0,0.001376 422,220,439,237,0,0.001003
/home/dysjin/data/CARLA.v20-carla_v20.coco/valid/041864_png.rf.51f1d81198f2e5b7a450f586235760ec.jpg 414,209,441,242,1,0.854381
/home/dysjin/data/CARLA.v20-carla_v20.coco/valid/009044_png.rf.59d4a83882b4b6af242cbd9e0e31ba80.jpg 558,218,578,243,0,0.962942 1,208,15,236,0,0.132991 344,226,357,243,0,0.051411 207,222,221,244,0,0.005768 0,180,14,242,0,0.005478 199,215,211,231,0,0.003985 207,214,220,233,0,0.003072 4,218,16,246,0,0.002139 198,201,211,219,0,0.001851 554,200,568,223,0,0.001054
/home/dysjin/data/CARLA.v20-carla_v20.coco/valid/Town01_010680_png.rf.5537782525200ced228c602e6dcc3456.jpg 369,177,383,196,0,0.885745 233,175,247,191,0,0.041460 225,178,238,194,0,0.031117 245,176,259,191,0,0.004666 212,178,225,193,0,0.004101 362,180,376,193,0,0.003429 258,176,271,189,0,0.002283 370,166,382,185,0,0.001860 159,186,172,205,0,0.001668 376,176,394,191,0,0.001444 347,176,359,190,0,0.001357 320,176,333,192,0,0.001247 150,186,163,206,0,0.001021
/home/dysjin/data/CARLA.v20-carla_v20.coco/valid/007085_png.rf.5a7141063cfddac158b01dce18de1e48.jpg 430,207,458,243,2,0.923201 418,219,474,237,2,0.036875 435,196,477,240,2,0.002680 456,202,485,233,2,0.001282
/home/dysjin/data/CARLA.v20-carla_v20.coco/valid/041820_png.rf.69e77a8e269d90d89efc21e5026a7083.jpg 182,225,196,244,1,0.801442 182,214,199,239,1,0.003571 163,227,176,239,1,0.002947 184,227,197,256,1,0.002149
/home/dysjin/data/CARLA.v20-carla_v20.coco/valid/Town05_016500_png.rf.75b431585ae9c755044e81517b796324.jpg 459,178,474,199,0,0.792432 333,177,345,195,0,0.010184 334,186,346,206,0,0.010130 324,178,335,194,0,0.001144
/home/dysjin/data/CARLA.v20-carla_v20.coco/valid/026847_png.rf.7a28094ba474fb2fab06e58f1ebea83c.jpg 413,208,444,240,0,0.994144 343,212,356,231,0,0.002300 409,222,427,236,0,0.001531
/home/dysjin/data/CARLA.v20-carla_v20.coco/valid/003814_png.rf.9123d8ff8e23490d6f5201cb816e4fc2.jpg 552,177,613,244,0,0.951646 532,154,634,259,0,0.033747
/home/dysjin/data/CARLA.v20-carla_v20.coco/valid/Town01_001500_png.rf.9254a251a5c6eb6313adba6a6adf1620.jpg 386,173,406,194,0,0.967648 392,166,407,186,0,0.004085 394,195,406,216,0,0.002477 384,167,400,185,0,0.001836 374,177,388,191,0,0.001015
/home/dysjin/data/CARLA.v20-carla_v20.coco/valid/005160_png.rf.922d9f2da21b5b11121905df87e629d7.jpg 399,207,424,245,2,0.871759 408,181,425,274,2,0.038261 416,205,426,243,2,0.004075 537,25,622,84,0,0.001703
