/home/dysjin/data/CARLA.v20-carla_v20.coco/valid/Town02_006840_png.rf.a4a970c10202604d1dd8c41fe9097525.jpg 566,175,582,194,1,0.401668 559,175,587,200,0,0.044924 0,171,12,198,1,0.041136 244,176,260,193,0,0.012477 566,162,584,191,0,0.007709 553,172,575,193,1,0.002113 0,159,13,189,1,0.001379 564,54,603,98,0,0.001372 257,175,272,194,0,0.001168 443,186,458,206,0,0.001006
/home/dysjin/data/CARLA.v20-carla_v20.coco/valid/Town02_002640_png.rf.ac6bee6a9e4c4b2a1e149670c97196c1.jpg 393,174,407,190,0,0.491693 382,171,401,188,1,0.005941 341,208,360,228,1,0.002949 390,181,406,199,0,0.001347 338,203,361,237,0,0.001108
/home/dysjin/data/CARLA.v20-carla_v20.coco/valid/007096_png.rf.a26873f70f1467f54f0fd09ea8c1731b.jpg 539,172,625,245,1,0.400282 537,157,619,274,2,0.004655 0,75,640,307,0,0.002177
/home/dysjin/data/CARLA.v20-carla_v20.coco/valid/Town02_006480_png.rf.aec43468267a9993201d034f7031ee5c.jpg 347,173,361,189,0,0.521330 353,176,368,191,0,0.033596 345,182,358,201,0,0.007799 338,160,362,190,0,0.006586 332,167,351,184,0,0.006082 367,175,381,191,0,0.003052 353,184,367,201,0,0.002859 380,161,395,182,0,0.002263 367,185,382,205,0,0.001708 233,126,248,145,1,0.001644 368,164,384,181,0,0.001473 341,153,360,174,0,0.001289 348,167,372,198,0,0.001179
/home/dysjin/data/CARLA.v20-carla_v20.coco/valid/051305_png.rf.af3e2dc55ae45fc793f7f25eb6fdf7b4.jpg 428,211,462,242,0,0.886262 208,2,223,21,0,0.001184
/home/dysjin/data/CARLA.v20-carla_v20.coco/valid/007291_png.rf.b33e9d647d42777054dfb5f46d23bbad.jpg 386,220,405,241,0,0.766209
/home/dysjin/data/CARLA.v20-carla_v20.coco/valid/003752_png.rf.bb0716bc5b93fa8b10f41577e20a2f35.jpg 397,217,425,242,1,0.433969 399,214,425,246,0,0.280855
/home/dysjin/data/CARLA.v20-carla_v20.coco/valid/005173_png.rf.c24ac196d86260d3a384e12093bfa5ef.jpg 479,193,522,242,1,0.198700 464,174,538,253,1,0.028707 484,194,531,243,0,0.009683
/home/dysjin/data/CARLA.v20-carla_v20.coco/valid/003769_png.rf.c5c0c17fa97551316c57744e9608f796.jpg 499,182,550,251,1,0.283922 496,191,548,246,0,0.082286 484,184,545,243,2,0.001707
/home/dysjin/data/CARLA.v20-carla_v20.coco/valid/004966_png.rf.c9d8d72d0920460b612251c5fddc5770.jpg 428,202,466,242,1,0.556047 428,194,467,235,0,0.005077 135,222,153,241,1,0.001141
/home/dysjin/data/CARLA.v20-carla_v20.coco/valid/001638_png.rf.c98e4c5bc2a68de358073a26469c81b2.jpg 420,210,455,241,0,0.948277 156,224,175,241,1,0.088655 424,219,442,238,0,0.004000 155,220,174,253,0,0.001900
/home/dysjin/data/CARLA.v20-carla_v20.coco/valid/051274_png.rf.d5f64278c64b556983082379a316485f.jpg 557,173,640,245,0,0.429668 565,168,634,248,1,0.332310 560,163,619,254,2,0.056849
/home/dysjin/data/CARLA.v20-carla_v20.coco/valid/Town01_001440_png.rf.e4b4351effd31d5b433710cffb8243e4.jpg 384,175,401,193,0,0.791133 344,176,359,195,0,0.001171
/home/dysjin/data/CARLA.v20-carla_v20.coco/valid/041811_png.rf.e8d4c17844854d24f9b2bec66a8a8889.jpg 49,225,66,244,1,0.522449 42,223,71,251,0,0.022584 44,208,67,242,0,0.003432 47,212,67,239,1,0.001610 455,212,472,229,1,0.001275
/home/dysjin/data/CARLA.v20-carla_v20.coco/valid/001519_png.rf.e42bb854e84b40164ed2795569b2eb6f.jpg 575,218,590,241,0,0.745401 343,225,358,244,1,0.005112 567,201,583,226,0,0.001061
/home/dysjin/data/CARLA.v20-carla_v20.coco/valid/001509_png.rf.ed3baed466e7f65c1a01fb57bf942b65.jpg 574,217,591,241,0,0.760834 343,225,358,244,1,0.004455
/home/dysjin/data/CARLA.v20-carla_v20.coco/valid/026829_png.rf.e6f26e62f316568466a95ba7fd18d850.jpg 376,218,393,240,0,0.919562
/home/dysjin/data/CARLA.v20-carla_v20.coco/valid/007076_png.rf.d635d979c35f5dd6da756ef9889aef0b.jpg 397,215,422,242,2,0.602710 392,211,423,241,1,0.127203
/home/dysjin/data/CARLA.v20-carla_v20.coco/valid/Town02_006960_png.rf.eedfb90c1deb0d66a31341acd2e08f4f.jpg 148,163,168,182,0,0.863303 609,101,628,120,1,0.115879 607,95,630,129,0,0.034034 605,137,618,157,1,0.016490 610,88,629,112,1,0.004495 144,161,162,196,0,0.001301 599,128,619,167,0,0.001050
/home/dysjin/data/CARLA.v20-carla_v20.coco/valid/041861_png.rf.f5f3812ca6c536c5c25bea3d596be111.jpg 400,209,430,243,0,0.794911 405,211,432,239,1,0.015870 392,184,429,260,0,0.001143
/home/dysjin/data/CARLA.v20-carla_v20.coco/valid/003755_png.rf.f6343810071c5f5401b5697ef363285d.jpg 406,216,436,241,1,0.457010 406,211,436,243,0,0.397392
/home/dysjin/data/CARLA.v20-carla_v20.coco/valid/001630_png.rf.ff5ced110f03f998a7a6998ddf647fd2.jpg 406,214,440,240,0,0.924710 170,223,187,242,1,0.008235
/home/dysjin/data/CARLA.v20-carla_v20.coco/valid/003751_png.rf.0ff9ef7c8c8e4f5eab52437609a3b501.jpg 396,216,421,242,1,0.378785 394,216,423,243,0,0.201258
/home/dysjin/data/CARLA.v20-carla_v20.coco/valid/Town02_008820_png.rf.135414697b8215dc125af6b125d3058c.jpg 393,179,408,196,0,0.248945 144,175,163,192,1,0.194882 405,151,419,168,0,0.007185 616,152,631,170,0,0.005965 137,174,154,193,1,0.004210 383,178,400,195,0,0.003328 404,176,418,193,0,0.002913 404,139,419,158,1,0.002142 615,159,632,177,1,0.001803 383,187,398,201,0,0.001366
/home/dysjin/data/CARLA.v20-carla_v20.coco/valid/006578_png.rf.21f08e8ed63ab67b3ef05528af8ef9e6.jpg 371,221,388,238,0,0.725787
/home/dysjin/data/CARLA.v20-carla_v20.coco/valid/Town02_006720_png.rf.2632fd4f3d65ff215e84d472badfd870.jpg 566,175,582,194,1,0.400457 559,175,587,200,0,0.045718 0,171,12,198,1,0.040072 566,161,584,191,0,0.008984 271,178,285,194,0,0.006623 245,177,261,194,0,0.006612 282,179,297,194,0,0.005481 258,178,273,194,0,0.005014 282,187,297,203,0,0.003118 553,172,575,193,1,0.002191 271,187,286,203,0,0.001709 564,54,603,98,0,0.001439 0,159,13,189,1,0.001318 294,164,309,183,0,0.001040
/home/dysjin/data/CARLA.v20-carla_v20.coco/valid/007070_png.rf.2316a0a54db7e4a749f421570aadd160.jpg 386,222,405,241,1,0.434230 383,216,401,242,2,0.327411 379,208,406,243,0,0.020608
/home/dysjin/data/CARLA.v20-carla_v20.coco/valid/041819_png.rf.374472e0a0868df264a4100cb7734e35.jpg 173,224,188,241,1,0.446242 167,222,194,250,0,0.005513
/home/dysjin/data/CARLA.v20-carla_v20.coco/valid/003766_png.rf.3dbe103da1003d1fb3bd18ad0d0894b4.jpg 463,200,507,242,1,0.528422 466,194,509,235,0,0.011011
/home/dysjin/data/CARLA.v20-carla_v20.coco/valid/026849_png.rf.52e90800c02b90489d2521817c6942f7.jpg 419,208,458,242,0,0.994204 403,208,419,238,1,0.002391
/home/dysjin/data/CARLA.v20-carla_v20.coco/valid/041864_png.rf.51f1d81198f2e5b7a450f586235760ec.jpg 417,210,446,242,1,0.513512 412,208,446,241,0,0.371291
/home/dysjin/data/CARLA.v20-carla_v20.coco/valid/009044_png.rf.59d4a83882b4b6af242cbd9e0e31ba80.jpg 561,220,580,241,0,0.491176 0,208,11,240,1,0.079020 0,205,15,260,1,0.001858 550,213,579,238,1,0.001248 550,212,579,250,0,0.001003
/home/dysjin/data/CARLA.v20-carla_v20.coco/valid/Town01_010680_png.rf.5537782525200ced228c602e6dcc3456.jpg 371,177,386,193,0,0.712568 356,174,377,189,0,0.006541 333,177,347,194,0,0.002517 346,177,359,192,0,0.001796 232,176,249,193,1,0.001606 172,178,187,195,0,0.001584 160,187,175,206,0,0.001248 375,182,392,200,0,0.001185 306,175,322,194,0,0.001025
/home/dysjin/data/CARLA.v20-carla_v20.coco/valid/007085_png.rf.5a7141063cfddac158b01dce18de1e48.jpg 428,208,466,242,1,0.516569 434,204,477,243,0,0.001551
/home/dysjin/data/CARLA.v20-carla_v20.coco/valid/041820_png.rf.69e77a8e269d90d89efc21e5026a7083.jpg 182,224,198,241,1,0.407304 175,222,191,240,1,0.010794 178,222,203,250,0,0.006135
/home/dysjin/data/CARLA.v20-carla_v20.coco/valid/Town05_016500_png.rf.75b431585ae9c755044e81517b796324.jpg 456,177,478,196,0,0.524930 369,198,387,216,1,0.002945 35,240,71,279,0,0.001770
/home/dysjin/data/CARLA.v20-carla_v20.coco/valid/026847_png.rf.7a28094ba474fb2fab06e58f1ebea83c.jpg 409,211,447,239,0,0.989425 394,214,408,235,1,0.001804
/home/dysjin/data/CARLA.v20-carla_v20.coco/valid/003814_png.rf.9123d8ff8e23490d6f5201cb816e4fc2.jpg 543,178,623,241,0,0.640479 555,174,629,244,1,0.050178
/home/dysjin/data/CARLA.v20-carla_v20.coco/valid/Town01_001500_png.rf.9254a251a5c6eb6313adba6a6adf1620.jpg 387,171,404,193,0,0.785041 629,149,640,172,0,0.006255 384,179,397,201,0,0.001007
/home/dysjin/data/CARLA.v20-carla_v20.coco/valid/005160_png.rf.922d9f2da21b5b11121905df87e629d7.jpg 400,214,430,242,1,0.500144 403,216,429,240,2,0.035571 399,211,438,241,0,0.004756
