/home/dysjin/data/CARLA.v20-carla_v20.coco/valid/Town02_006840_png.rf.a4a970c10202604d1dd8c41fe9097525.jpg 566,177,583,194,0,0.116530 0,167,12,197,1,0.024660 0,150,14,202,1,0.013173 0,111,26,202,0,0.008721 0,158,13,208,0,0.007585
/home/dysjin/data/CARLA.v20-carla_v20.coco/valid/Town02_002640_png.rf.ac6bee6a9e4c4b2a1e149670c97196c1.jpg 389,173,405,192,1,0.262698 72,209,85,234,1,0.001043
/home/dysjin/data/CARLA.v20-carla_v20.coco/valid/007096_png.rf.a26873f70f1467f54f0fd09ea8c1731b.jpg 540,170,624,248,1,0.508723 544,169,615,250,2,0.322064
/home/dysjin/data/CARLA.v20-carla_v20.coco/valid/Town02_006480_png.rf.aec43468267a9993201d034f7031ee5c.jpg 348,173,362,190,0,0.159425 268,175,282,192,0,0.014368 364,160,381,185,0,0.011513 195,173,210,191,1,0.011505 367,148,384,173,0,0.005281 353,161,371,187,0,0.004867 344,163,359,186,0,0.003993 345,183,362,199,0,0.003985 195,161,209,184,1,0.002408 260,175,275,190,0,0.001948 354,182,369,201,0,0.001685 231,137,246,157,0,0.001563 365,128,387,166,0,0.001083
/home/dysjin/data/CARLA.v20-carla_v20.coco/valid/051305_png.rf.af3e2dc55ae45fc793f7f25eb6fdf7b4.jpg 426,209,466,239,0,0.869201
/home/dysjin/data/CARLA.v20-carla_v20.coco/valid/007291_png.rf.b33e9d647d42777054dfb5f46d23bbad.jpg 384,220,401,240,0,0.838221 393,0,435,62,0,0.003240
/home/dysjin/data/CARLA.v20-carla_v20.coco/valid/003752_png.rf.bb0716bc5b93fa8b10f41577e20a2f35.jpg 400,217,422,242,1,0.450898
/home/dysjin/data/CARLA.v20-carla_v20.coco/valid/005173_png.rf.c24ac196d86260d3a384e12093bfa5ef.jpg 474,187,532,251,2,0.293776 471,188,536,251,1,0.202812 500,199,540,242,1,0.002772 463,145,548,268,1,0.002497
/home/dysjin/data/CARLA.v20-carla_v20.coco/valid/003769_png.rf.c5c0c17fa97551316c57744e9608f796.jpg 492,187,561,250,1,0.282931 482,143,575,273,1,0.003249
/home/dysjin/data/CARLA.v20-carla_v20.coco/valid/004966_png.rf.c9d8d72d0920460b612251c5fddc5770.jpg 425,204,467,240,1,0.619169 434,206,461,235,2,0.002071 381,459,393,480,2,0.001310 370,458,382,480,2,0.001294 394,458,406,480,2,0.001151
/home/dysjin/data/CARLA.v20-carla_v20.coco/valid/001638_png.rf.c98e4c5bc2a68de358073a26469c81b2.jpg 420,211,456,238,0,0.815120 156,221,174,246,0,0.001493
/home/dysjin/data/CARLA.v20-carla_v20.coco/valid/051274_png.rf.d5f64278c64b556983082379a316485f.jpg 559,165,640,252,1,0.410131
/home/dysjin/data/CARLA.v20-carla_v20.coco/valid/Town01_001440_png.rf.e4b4351effd31d5b433710cffb8243e4.jpg 384,178,400,195,0,0.926918 46,138,62,156,0,0.005255 83,151,100,170,0,0.003404 345,174,358,191,0,0.002490 359,174,371,190,0,0.001761 231,174,250,192,0,0.001625 71,161,88,181,0,0.001582 84,160,99,179,0,0.001285 35,138,51,157,0,0.001273
/home/dysjin/data/CARLA.v20-carla_v20.coco/valid/041811_png.rf.e8d4c17844854d24f9b2bec66a8a8889.jpg 46,223,65,242,1,0.772489 46,231,65,250,1,0.002096 47,220,63,241,0,0.001037
/home/dysjin/data/CARLA.v20-carla_v20.coco/valid/001519_png.rf.e42bb854e84b40164ed2795569b2eb6f.jpg 571,220,589,239,0,0.807566 564,231,587,250,0,0.001654
/home/dysjin/data/CARLA.v20-carla_v20.coco/valid/001509_png.rf.ed3baed466e7f65c1a01fb57bf942b65.jpg 571,220,589,239,0,0.789529 564,231,587,250,0,0.001829 342,226,358,243,0,0.001207
/home/dysjin/data/CARLA.v20-carla_v20.coco/valid/026829_png.rf.e6f26e62f316568466a95ba7fd18d850.jpg 372,220,392,239,0,0.949364
/home/dysjin/data/CARLA.v20-carla_v20.coco/valid/007076_png.rf.d635d979c35f5dd6da756ef9889aef0b.jpg 396,215,420,241,2,0.432339 0,32,640,49,0,0.001721 386,172,425,241,1,0.001215
/home/dysjin/data/CARLA.v20-carla_v20.coco/valid/Town02_006960_png.rf.eedfb90c1deb0d66a31341acd2e08f4f.jpg 149,163,167,181,0,0.858610 608,100,628,124,0,0.022859 603,137,619,159,0,0.014701 526,137,543,157,0,0.002536 623,134,639,161,0,0.001302 490,145,504,172,0,0.001238 611,136,628,159,0,0.001210 480,146,496,170,0,0.001110 526,146,542,170,0,0.001079
/home/dysjin/data/CARLA.v20-carla_v20.coco/valid/041861_png.rf.f5f3812ca6c536c5c25bea3d596be111.jpg 402,210,430,241,1,0.345181
/home/dysjin/data/CARLA.v20-carla_v20.coco/valid/003755_png.rf.f6343810071c5f5401b5697ef363285d.jpg 410,213,434,239,1,0.351354
/home/dysjin/data/CARLA.v20-carla_v20.coco/valid/001630_png.rf.ff5ced110f03f998a7a6998ddf647fd2.jpg 409,214,435,236,0,0.897515 623,168,640,231,0,0.005734
/home/dysjin/data/CARLA.v20-carla_v20.coco/valid/003751_png.rf.0ff9ef7c8c8e4f5eab52437609a3b501.jpg 396,218,420,241,1,0.622982 396,210,421,240,0,0.001394
/home/dysjin/data/CARLA.v20-carla_v20.coco/valid/Town02_008820_png.rf.135414697b8215dc125af6b125d3058c.jpg 477,175,493,193,0,0.137027 142,173,160,193,1,0.097876 501,171,516,192,0,0.084328 391,174,406,193,0,0.062955 416,171,429,193,0,0.003522 391,161,407,184,0,0.002998 403,173,418,195,0,0.002311 489,171,506,193,0,0.002181 143,163,159,187,1,0.001966 382,173,397,192,0,0.001895 0,64,640,79,0,0.001845 403,161,419,183,0,0.001672 415,160,431,183,0,0.001568 477,161,494,185,0,0.001300 429,171,442,194,0,0.001263 370,172,383,191,0,0.001026
/home/dysjin/data/CARLA.v20-carla_v20.coco/valid/006578_png.rf.21f08e8ed63ab67b3ef05528af8ef9e6.jpg 369,221,388,240,0,0.931885
/home/dysjin/data/CARLA.v20-carla_v20.coco/valid/Town02_006720_png.rf.2632fd4f3d65ff215e84d472badfd870.jpg 566,177,583,193,0,0.155955 0,167,12,197,1,0.024238 0,111,26,201,0,0.008275 0,158,13,209,0,0.008133
/home/dysjin/data/CARLA.v20-carla_v20.coco/valid/007070_png.rf.2316a0a54db7e4a749f421570aadd160.jpg 382,220,404,241,2,0.517153 385,221,405,240,1,0.458437 382,203,410,250,0,0.012502 381,222,404,239,0,0.005686 381,201,398,253,1,0.005309 0,23,640,59,0,0.001496
/home/dysjin/data/CARLA.v20-carla_v20.coco/valid/041819_png.rf.374472e0a0868df264a4100cb7734e35.jpg 170,223,189,241,1,0.723317 166,208,188,245,1,0.002547 177,221,196,245,1,0.001963
/home/dysjin/data/CARLA.v20-carla_v20.coco/valid/003766_png.rf.3dbe103da1003d1fb3bd18ad0d0894b4.jpg 460,200,510,241,1,0.513148
/home/dysjin/data/CARLA.v20-carla_v20.coco/valid/026849_png.rf.52e90800c02b90489d2521817c6942f7.jpg 421,210,458,238,0,0.880350 0,72,640,84,0,0.001700
/home/dysjin/data/CARLA.v20-carla_v20.coco/valid/041864_png.rf.51f1d81198f2e5b7a450f586235760ec.jpg 415,210,443,240,1,0.433412
/home/dysjin/data/CARLA.v20-carla_v20.coco/valid/009044_png.rf.59d4a83882b4b6af242cbd9e0e31ba80.jpg 560,221,579,240,0,0.876545 0,202,16,247,0,0.167923 0,164,28,247,0,0.017141 4,208,26,239,0,0.001307 0,186,15,242,0,0.001200
/home/dysjin/data/CARLA.v20-carla_v20.coco/valid/Town01_010680_png.rf.5537782525200ced228c602e6dcc3456.jpg 369,177,386,193,0,0.756236 233,176,249,191,0,0.018783 333,174,347,191,0,0.001876 244,174,259,192,0,0.001246 345,173,357,192,0,0.001058
/home/dysjin/data/CARLA.v20-carla_v20.coco/valid/007085_png.rf.5a7141063cfddac158b01dce18de1e48.jpg 427,208,465,239,2,0.590955 399,206,455,233,2,0.001256
/home/dysjin/data/CARLA.v20-carla_v20.coco/valid/041820_png.rf.69e77a8e269d90d89efc21e5026a7083.jpg 178,222,197,244,1,0.494469
/home/dysjin/data/CARLA.v20-carla_v20.coco/valid/Town05_016500_png.rf.75b431585ae9c755044e81517b796324.jpg 454,178,477,197,0,0.741357 220,164,235,183,0,0.003873 282,176,296,193,0,0.003657 231,162,246,181,0,0.003284 257,163,272,181,0,0.002246 210,173,224,191,0,0.002210 39,259,49,278,2,0.002105 234,173,247,191,0,0.001971 30,250,56,287,2,0.001896 246,172,259,192,0,0.001582 258,174,272,192,0,0.001430 245,162,260,181,0,0.001410 30,241,80,280,1,0.001216 13,242,75,296,2,0.001050
/home/dysjin/data/CARLA.v20-carla_v20.coco/valid/026847_png.rf.7a28094ba474fb2fab06e58f1ebea83c.jpg 414,213,444,237,0,0.870012 0,66,640,88,0,0.001851
/home/dysjin/data/CARLA.v20-carla_v20.coco/valid/003814_png.rf.9123d8ff8e23490d6f5201cb816e4fc2.jpg 542,175,631,251,0,0.906973 548,181,583,242,0,0.001165
/home/dysjin/data/CARLA.v20-carla_v20.coco/valid/Town01_001500_png.rf.9254a251a5c6eb6313adba6a6adf1620.jpg 385,176,405,192,0,0.964968 590,175,605,191,0,0.001601 623,159,639,185,0,0.001117
/home/dysjin/data/CARLA.v20-carla_v20.coco/valid/005160_png.rf.922d9f2da21b5b11121905df87e629d7.jpg 398,212,431,239,2,0.586982 376,209,431,237,1,0.002880 408,216,433,245,1,0.001290
