/home/dysjin/data/CARLA.v20-carla_v20.coco/valid/Town05_011820_png.rf.a721d4435d03a17b63243ff374e790d2.jpg 11,184,105,232,6,0.838869 319,187,328,203,0,0.024818 311,185,321,203,0,0.018580 65,187,116,227,6,0.007688 0,192,49,229,6,0.001257
/home/dysjin/data/CARLA.v20-carla_v20.coco/valid/Town05_005760_png.rf.a5aa9e8688171e7bfb57f36e4a648f69.jpg 310,186,326,204,6,0.827345 267,178,282,192,6,0.003428 258,178,271,192,6,0.002411 346,175,354,191,3,0.001554 318,177,329,202,6,0.001496 344,165,353,180,3,0.001330 349,184,357,203,3,0.001082 413,190,438,230,6,0.001067
/home/dysjin/data/CARLA.v20-carla_v20.coco/valid/075705_png.rf.9f5447b468e0280dc956a534954f8a5e.jpg 169,237,257,303,6,0.904928 308,238,348,274,6,0.901201 0,232,175,440,6,0.859519 237,238,267,279,6,0.709564 0,79,246,480,6,0.003026 321,248,345,268,6,0.001624 285,237,300,253,6,0.001060 310,237,324,274,0,0.001059
/home/dysjin/data/CARLA.v20-carla_v20.coco/valid/Town02_006840_png.rf.a4a970c10202604d1dd8c41fe9097525.jpg 577,179,640,221,6,0.856557 1,165,12,201,4,0.028551 564,176,581,196,3,0.014086 129,193,181,218,6,0.010465 0,160,9,193,4,0.006957 154,196,177,216,6,0.006009 0,194,17,247,6,0.004613 560,178,587,211,6,0.002538 343,184,355,212,0,0.001965 493,180,552,215,6,0.001158 563,171,612,204,6,0.001139 0,162,12,225,6,0.001019 139,191,168,210,6,0.001017
/home/dysjin/data/CARLA.v20-carla_v20.coco/valid/Town02_002640_png.rf.ac6bee6a9e4c4b2a1e149670c97196c1.jpg 293,185,370,250,6,0.892456 394,174,404,192,3,0.492733 264,195,293,215,6,0.393446 565,169,637,231,6,0.001165
/home/dysjin/data/CARLA.v20-carla_v20.coco/valid/007096_png.rf.a26873f70f1467f54f0fd09ea8c1731b.jpg 545,167,618,253,4,0.652268 543,168,615,251,5,0.618054 533,153,630,263,3,0.002191 505,162,625,255,6,0.001543
/home/dysjin/data/CARLA.v20-carla_v20.coco/valid/041683_png.rf.abc13a183255cbb5f9aeca7d55d8b4c0.jpg 305,237,338,327,0,0.708386
/home/dysjin/data/CARLA.v20-carla_v20.coco/valid/041699_png.rf.a4a6f7fb7672ac47b317ec4fe3e21c97.jpg 299,240,334,322,0,0.618430 290,223,360,337,0,0.001529
/home/dysjin/data/CARLA.v20-carla_v20.coco/valid/Town02_006480_png.rf.aec43468267a9993201d034f7031ee5c.jpg 348,179,357,192,3,0.030050 356,177,366,192,3,0.004534
/home/dysjin/data/CARLA.v20-carla_v20.coco/valid/Town02_003060_png.rf.b28380c7e6ad26a4ccdfda39d4db7f85.jpg 542,179,625,229,6,0.213566 607,185,637,227,6,0.007228 533,192,591,224,6,0.002261 622,208,639,259,6,0.002246
/home/dysjin/data/CARLA.v20-carla_v20.coco/valid/Town01_009120_png.rf.b3886317404f3c307752dac4625c4b0e.jpg 311,193,331,213,6,0.538259 367,181,436,215,6,0.003096
/home/dysjin/data/CARLA.v20-carla_v20.coco/valid/051305_png.rf.af3e2dc55ae45fc793f7f25eb6fdf7b4.jpg 425,209,463,243,3,0.867691 433,217,456,235,3,0.001270
/home/dysjin/data/CARLA.v20-carla_v20.coco/valid/007291_png.rf.b33e9d647d42777054dfb5f46d23bbad.jpg 385,220,400,239,3,0.822444 371,218,410,243,3,0.001604
/home/dysjin/data/CARLA.v20-carla_v20.coco/valid/Town05_005820_png.rf.abc3e70595852b4f2320e8b55c805a27.jpg 301,190,336,220,6,0.885306 358,175,367,191,3,0.001786 347,163,356,179,3,0.001181
/home/dysjin/data/CARLA.v20-carla_v20.coco/valid/Town05_006960_png.rf.9d31f2ffd8a1d723122d28555c0e3321.jpg 284,182,294,210,0,0.257334 578,187,640,380,6,0.014258 481,206,623,378,6,0.009408 585,217,637,380,3,0.001937
/home/dysjin/data/CARLA.v20-carla_v20.coco/valid/Town02_009720_png.rf.b20474373a38fe973889a895d5aba03e.jpg 290,203,347,258,6,0.345492 269,189,277,209,1,0.134629 264,188,274,209,0,0.004949 269,193,277,213,0,0.004334
/home/dysjin/data/CARLA.v20-carla_v20.coco/valid/Town01_002220_png.rf.9b6e376c042a4b43cdf2a33f00250d62.jpg 182,205,452,380,6,0.923959 542,200,629,263,6,0.041809 562,182,640,371,6,0.008319 158,0,460,380,6,0.004743 609,139,635,182,4,0.001953
/home/dysjin/data/CARLA.v20-carla_v20.coco/valid/Town01_003900_png.rf.b43a572a2d61a01bb389880cf86179de.jpg 179,205,455,380,6,0.925508 168,0,450,380,6,0.004424 401,180,418,238,0,0.002649
/home/dysjin/data/CARLA.v20-carla_v20.coco/valid/029067_png.rf.b686edaf28a0971571945f7b069613d5.jpg 540,216,581,352,2,0.942346 0,213,12,281,2,0.001406
/home/dysjin/data/CARLA.v20-carla_v20.coco/valid/Town02_004200_png.rf.b4d2f32e1287253b4f35bf521927be39.jpg 269,189,291,209,6,0.860414 368,189,385,206,6,0.003980 377,189,396,206,6,0.001306
/home/dysjin/data/CARLA.v20-carla_v20.coco/valid/Town02_002100_png.rf.b49da10e2c41ab65d4c132e46f15d3e3.jpg 297,192,335,292,1,0.844336 271,187,290,204,6,0.587009 0,185,13,214,6,0.263423 310,189,321,206,6,0.064339 317,188,328,205,0,0.010812 3,187,25,209,6,0.002754 300,205,328,283,6,0.002497 274,186,323,206,6,0.002117 289,189,310,204,6,0.001189
/home/dysjin/data/CARLA.v20-carla_v20.coco/valid/003752_png.rf.bb0716bc5b93fa8b10f41577e20a2f35.jpg 397,216,424,243,5,0.369118 392,216,424,239,4,0.331342 305,236,322,253,6,0.007101
/home/dysjin/data/CARLA.v20-carla_v20.coco/valid/138327_png.rf.b4aecc174d58e25a6e680c2468864172.jpg 15,232,44,302,2,0.690372 10,237,49,297,1,0.004515 26,226,49,289,2,0.003420 514,389,640,464,6,0.002950 0,235,17,305,2,0.001274
/home/dysjin/data/CARLA.v20-carla_v20.coco/valid/Town05_009600_png.rf.b886b3525f44da0ae66796230d91b958.jpg 104,184,212,236,6,0.852166 372,184,409,211,6,0.822909 583,181,637,209,6,0.735791 463,189,502,219,6,0.720157 547,182,600,207,6,0.098864 157,188,226,229,6,0.068518 531,184,545,202,6,0.023065 539,183,553,204,0,0.020402 90,199,166,241,6,0.017717 582,187,610,206,6,0.004671 385,183,432,205,6,0.003955 626,188,636,224,6,0.003936 414,186,430,201,6,0.003073 549,185,569,203,0,0.003033 399,185,417,206,0,0.002889 556,178,587,196,6,0.001702 538,176,624,222,6,0.001570
/home/dysjin/data/CARLA.v20-carla_v20.coco/valid/Town01_002340_png.rf.b8976b6d8f366e29aeb47fb3b3146b33.jpg 182,205,452,380,6,0.924110 542,199,628,263,6,0.036195 563,180,640,373,6,0.007451 158,0,460,380,6,0.004721 609,140,635,182,4,0.002642 597,212,640,250,6,0.001209
/home/dysjin/data/CARLA.v20-carla_v20.coco/valid/Town05_009780_png.rf.c3069a0d7ec82f2e1960c0497cec36fe.jpg 288,193,359,254,6,0.499061 427,202,475,238,6,0.145782
/home/dysjin/data/CARLA.v20-carla_v20.coco/valid/Town05_002700_png.rf.b9dfa75f628efa31633800bb9dfee796.jpg 367,185,385,198,6,0.277331 354,173,399,197,6,0.048155 358,186,369,199,0,0.013830 345,177,357,196,0,0.005872 333,176,347,196,6,0.001307
/home/dysjin/data/CARLA.v20-carla_v20.coco/valid/005173_png.rf.c24ac196d86260d3a384e12093bfa5ef.jpg 473,192,527,244,4,0.465114 472,188,530,245,5,0.006296
/home/dysjin/data/CARLA.v20-carla_v20.coco/valid/Town01_005820_png.rf.c9053a957ff7561268673aaec9e095f0.jpg 300,184,343,323,1,0.857389 551,156,595,187,6,0.001737 569,142,629,181,6,0.001424
/home/dysjin/data/CARLA.v20-carla_v20.coco/valid/Town01_011580_png.rf.c8aa9ea674a7d69974d55bf63b55ddbf.jpg 266,189,287,209,6,0.807460 576,188,640,222,6,0.548539 574,165,640,209,6,0.056860 545,178,628,230,6,0.009963 571,8,640,245,6,0.004044 471,204,524,240,6,0.003241 548,179,572,217,6,0.002135 555,189,585,227,6,0.001072 624,190,638,224,6,0.001012
/home/dysjin/data/CARLA.v20-carla_v20.coco/valid/Town01_007440_png.rf.bed11eeb1dde416bf8789b24a8a5c0f8.jpg 549,164,640,224,6,0.840170 525,179,550,213,6,0.337994 263,194,272,213,1,0.245701 267,194,276,212,0,0.031772 531,178,592,218,6,0.003651
/home/dysjin/data/CARLA.v20-carla_v20.coco/valid/Town05_011760_png.rf.c548e0a947d80bc036151e4db99afcfa.jpg 2,185,179,330,6,0.842888 312,184,321,202,0,0.223814 317,186,326,201,0,0.014876 0,0,468,380,6,0.002866 228,192,387,301,6,0.002178 190,174,415,380,6,0.001930
/home/dysjin/data/CARLA.v20-carla_v20.coco/valid/075708_png.rf.c1818fa586a2b613b2806f928a933d9d.jpg 168,237,256,302,6,0.899439 309,238,347,274,6,0.892209 0,230,178,436,6,0.866201 236,239,266,277,6,0.712804 0,81,246,480,6,0.002989 252,238,266,276,1,0.001380 596,195,617,250,2,0.001054
/home/dysjin/data/CARLA.v20-carla_v20.coco/valid/Town05_009900_png.rf.c90bd5781f975f44de47fd794a1f9ac6.jpg 351,189,431,252,6,0.891477 576,0,640,232,6,0.014873 332,188,345,205,1,0.011650 412,185,434,232,0,0.004887 332,168,451,284,6,0.001607
/home/dysjin/data/CARLA.v20-carla_v20.coco/valid/Town05_009660_png.rf.cc2e0d6a11c64dbe092a6e9321c6a170.jpg 225,188,407,334,6,0.918176 405,187,471,211,6,0.607915 344,183,353,205,0,0.059773 611,186,632,203,6,0.017325 624,182,636,207,6,0.009061 341,181,357,232,0,0.003757 209,186,224,202,6,0.003616 338,180,347,208,0,0.001874 0,9,640,380,6,0.001629 381,173,392,196,0,0.001129 218,186,230,205,0,0.001035
/home/dysjin/data/CARLA.v20-carla_v20.coco/valid/003769_png.rf.c5c0c17fa97551316c57744e9608f796.jpg 494,189,549,246,4,0.503492 306,236,323,258,6,0.001050
/home/dysjin/data/CARLA.v20-carla_v20.coco/valid/121197_png.rf.c99e70822c663f40252f74e6b2ad5094.jpg 235,254,405,388,6,0.904154 0,90,640,480,6,0.001201
/home/dysjin/data/CARLA.v20-carla_v20.coco/valid/004966_png.rf.c9d8d72d0920460b612251c5fddc5770.jpg 428,201,467,241,4,0.608772 506,203,546,361,2,0.001692
/home/dysjin/data/CARLA.v20-carla_v20.coco/valid/Town01_006240_png.rf.cc5628eb556a5a5bd1824a8d19313b41.jpg 317,193,326,215,1,0.477355 582,200,640,241,6,0.008787 312,183,330,216,0,0.007183 308,183,327,215,1,0.006824 0,186,11,254,6,0.006351 0,174,14,246,6,0.003406 301,188,313,203,6,0.003105 621,192,640,250,6,0.002298 603,159,640,259,6,0.001509
/home/dysjin/data/CARLA.v20-carla_v20.coco/valid/001638_png.rf.c98e4c5bc2a68de358073a26469c81b2.jpg 420,209,456,241,3,0.648051 39,231,93,262,6,0.009634 428,216,451,234,3,0.006614
/home/dysjin/data/CARLA.v20-carla_v20.coco/valid/051274_png.rf.d5f64278c64b556983082379a316485f.jpg 563,165,631,252,4,0.614006 563,166,631,250,5,0.579099 551,151,640,264,3,0.004993
/home/dysjin/data/CARLA.v20-carla_v20.coco/valid/Town01_001440_png.rf.e4b4351effd31d5b433710cffb8243e4.jpg 386,175,399,191,3,0.667635 389,140,412,180,3,0.001513 0,190,17,252,6,0.001104
/home/dysjin/data/CARLA.v20-carla_v20.coco/valid/019121_png.rf.deb86464dd224ac85f75272f851fc0a8.jpg 502,237,564,261,6,0.809315 534,234,580,260,6,0.367550 498,241,528,258,6,0.009892 196,230,206,267,2,0.001353 486,243,543,267,6,0.001121
/home/dysjin/data/CARLA.v20-carla_v20.coco/valid/041811_png.rf.e8d4c17844854d24f9b2bec66a8a8889.jpg 47,225,63,244,4,0.647393 0,248,15,293,1,0.096302 0,250,14,310,0,0.044130 0,236,16,286,6,0.020864 0,219,26,329,0,0.018944 5,236,27,257,6,0.016687 2,228,25,365,0,0.014085 47,216,61,239,4,0.012430 0,231,43,265,6,0.005197 0,238,26,402,0,0.005065 0,233,14,263,6,0.003713 39,216,55,233,4,0.002692 0,250,28,289,6,0.002452 0,200,30,303,2,0.002274 56,220,67,243,4,0.002008 42,224,55,242,4,0.001940 0,261,11,300,1,0.001742 0,251,11,335,0,0.001369
/home/dysjin/data/CARLA.v20-carla_v20.coco/valid/041657_png.rf.e06a4a0ae870ee5d8dbe97fc65b5b666.jpg 306,238,338,324,0,0.534012 305,238,324,289,0,0.001800 0,199,9,271,6,0.001422
/home/dysjin/data/CARLA.v20-carla_v20.coco/valid/001519_png.rf.e42bb854e84b40164ed2795569b2eb6f.jpg 574,220,590,242,3,0.908381 583,181,634,220,3,0.002785 586,220,596,247,3,0.001927 609,215,636,258,6,0.001055
/home/dysjin/data/CARLA.v20-carla_v20.coco/valid/Town02_005280_png.rf.ec981f5d8aec80a53ec1f9961c2321af.jpg 44,191,119,224,6,0.557406 159,196,211,267,1,0.543185 92,192,137,223,6,0.244973 176,196,204,247,0,0.046081 147,202,218,277,0,0.004989 0,194,13,227,6,0.003048 153,205,210,262,6,0.002031 165,202,198,262,0,0.002018 629,201,639,246,6,0.001053
/home/dysjin/data/CARLA.v20-carla_v20.coco/valid/001509_png.rf.ed3baed466e7f65c1a01fb57bf942b65.jpg 573,220,590,242,3,0.877820 582,185,634,228,3,0.003782 606,179,632,218,3,0.002685 586,220,596,247,3,0.002029 609,215,636,258,6,0.001033
/home/dysjin/data/CARLA.v20-carla_v20.coco/valid/033890_png.rf.e368755037cdc345b45b625d64db27a1.jpg 252,239,415,376,6,0.914593 591,220,631,341,2,0.900351 609,230,635,308,2,0.013142 623,250,640,338,2,0.005984 126,232,138,263,2,0.001555 0,244,12,300,6,0.001501
/home/dysjin/data/CARLA.v20-carla_v20.coco/valid/075724_png.rf.e0c3e9a2b7f318c71e76ccdcb0dda6a1.jpg 293,240,331,270,6,0.900238 0,232,75,463,6,0.807053 193,242,245,283,6,0.783649 59,245,215,341,6,0.454908 6,247,80,480,6,0.016944 272,239,288,253,6,0.008168 222,240,248,276,6,0.007470 0,300,83,397,6,0.004859 120,245,231,314,6,0.003674 21,210,245,457,6,0.002762 283,241,297,257,6,0.001996 612,237,632,260,6,0.001325
/home/dysjin/data/CARLA.v20-carla_v20.coco/valid/112477_png.rf.ecf5d82849f8b68362ce65c8d2645a1c.jpg 335,231,358,301,2,0.844282 348,230,367,302,2,0.002177 332,235,367,287,1,0.002064
/home/dysjin/data/CARLA.v20-carla_v20.coco/valid/Town02_001980_png.rf.ee7206fcf98c96c61f2900b25e79ce20.jpg 295,193,338,320,1,0.909015 155,180,177,220,0,0.357515 39,181,72,216,6,0.092294 13,191,72,220,6,0.087211 159,183,175,217,1,0.041723 166,190,181,221,1,0.004877 159,176,198,218,1,0.002901 0,181,13,215,6,0.002861 166,176,218,216,6,0.002834 48,177,66,199,3,0.001765 55,193,70,218,1,0.001351 0,183,48,214,6,0.001235 54,184,73,211,0,0.001185
/home/dysjin/data/CARLA.v20-carla_v20.coco/valid/026829_png.rf.e6f26e62f316568466a95ba7fd18d850.jpg 376,219,390,241,3,0.975716 0,225,14,293,2,0.008906 0,239,13,302,2,0.005433 4,226,28,288,2,0.002262 0,221,26,329,2,0.001143
/home/dysjin/data/CARLA.v20-carla_v20.coco/valid/007076_png.rf.d635d979c35f5dd6da756ef9889aef0b.jpg 397,209,419,248,5,0.637216 392,212,418,242,4,0.071991
/home/dysjin/data/CARLA.v20-carla_v20.coco/valid/112475_png.rf.df928fa484eb08e1454caacc1e194352.jpg 330,233,353,302,2,0.855069 324,242,357,291,1,0.001931
/home/dysjin/data/CARLA.v20-carla_v20.coco/valid/Town02_006960_png.rf.eedfb90c1deb0d66a31341acd2e08f4f.jpg 0,177,31,211,6,0.838783 150,162,166,183,3,0.438184 585,178,639,247,6,0.280744 530,40,592,83,6,0.004617 152,164,175,197,0,0.004588 1,171,17,205,6,0.002315 169,175,188,196,6,0.001877 483,0,572,69,6,0.001332 0,135,33,224,6,0.001191
/home/dysjin/data/CARLA.v20-carla_v20.coco/valid/Town05_010860_png.rf.f31c0584fff1474ad2b0f4132e874f7d.jpg 306,184,330,243,0,0.535205 0,181,59,214,6,0.396174 297,195,337,241,1,0.004278 0,193,15,219,6,0.003911 312,192,325,232,0,0.002157 0,181,13,214,6,0.001850
/home/dysjin/data/CARLA.v20-carla_v20.coco/valid/Town05_004800_png.rf.ee7c080c8716cb366969ca625bb6d68b.jpg 242,186,268,206,6,0.721784 348,184,360,204,1,0.079428 499,212,632,380,6,0.032865 351,184,366,202,6,0.020883 216,186,239,205,6,0.005032 346,175,359,203,6,0.002183
/home/dysjin/data/CARLA.v20-carla_v20.coco/valid/Town05_009840_png.rf.f5040ce45ecca2822cb3b1b4ea8a6f61.jpg 293,192,367,250,6,0.853698
/home/dysjin/data/CARLA.v20-carla_v20.coco/valid/041861_png.rf.f5f3812ca6c536c5c25bea3d596be111.jpg 112,236,242,310,6,0.858318 299,238,321,299,0,0.824169 400,212,428,238,4,0.480921 355,227,366,243,3,0.022305 548,171,640,395,6,0.003841 356,235,365,255,2,0.003228 355,216,368,232,4,0.003227 347,235,360,255,6,0.002322 310,229,330,306,0,0.002035 347,225,360,246,3,0.001385 172,233,241,287,6,0.001247
/home/dysjin/data/CARLA.v20-carla_v20.coco/valid/Town02_003120_png.rf.f36fecf8d2ee4965c1f3bddaaaad5f33.jpg 609,180,639,217,6,0.672850 423,187,494,224,6,0.545446 619,189,640,252,6,0.023440 398,188,456,225,6,0.011716 564,183,630,213,6,0.002056 583,192,640,221,6,0.001198
/home/dysjin/data/CARLA.v20-carla_v20.coco/valid/003755_png.rf.f6343810071c5f5401b5697ef363285d.jpg 403,214,437,240,4,0.453852 405,214,435,243,5,0.420203 306,236,322,254,6,0.002315
/home/dysjin/data/CARLA.v20-carla_v20.coco/valid/Town01_003300_png.rf.fae28071a74fa02928094ff14cdbb3aa.jpg 274,197,367,274,6,0.906940 497,180,567,215,6,0.018519 55,185,81,202,6,0.001959 83,184,99,212,2,0.001815
/home/dysjin/data/CARLA.v20-carla_v20.coco/valid/138255_png.rf.fbf65e3e930393318a8312fdaefcae24.jpg 55,231,81,290,2,0.848173 51,234,87,283,1,0.008884 65,223,86,280,2,0.005471
/home/dysjin/data/CARLA.v20-carla_v20.coco/valid/005373_png.rf.f68e0e113c5193c933cbee38c6a6bc2d.jpg 142,232,164,268,2,0.593700 156,231,168,266,2,0.533071 139,233,150,268,2,0.055045 0,224,12,296,2,0.012253 165,233,181,280,2,0.005931 168,230,178,264,2,0.004849 0,208,11,290,2,0.002153 135,233,172,261,4,0.002064
/home/dysjin/data/CARLA.v20-carla_v20.coco/valid/001630_png.rf.ff5ced110f03f998a7a6998ddf647fd2.jpg 406,211,437,240,3,0.704059 51,230,108,261,6,0.003859
/home/dysjin/data/CARLA.v20-carla_v20.coco/valid/006662_png.rf.fa42143249c7b6a780238796639341d3.jpg 460,228,498,317,2,0.810885 432,233,465,280,2,0.002827 481,237,508,298,2,0.001506
/home/dysjin/data/CARLA.v20-carla_v20.coco/valid/Town05_004860_png.rf.f5c138159cbce172c63fa9a736f9c655.jpg 242,186,269,206,6,0.708758 348,183,360,204,1,0.107569 498,214,631,380,6,0.024194 351,184,365,202,6,0.021378 217,185,239,205,6,0.003134 346,175,359,203,6,0.002537
/home/dysjin/data/CARLA.v20-carla_v20.coco/valid/Town01_008460_png.rf.03f3160d63f090b29499596ec3c8c4b5.jpg 22,193,141,253,6,0.901232 549,186,638,258,6,0.283235 569,191,640,228,6,0.055811 627,190,638,226,6,0.012431 529,196,597,225,6,0.005462 0,175,29,275,6,0.002738 536,165,640,340,6,0.002620 539,199,559,220,6,0.002041 628,168,639,203,6,0.001947 597,189,620,202,6,0.001515 0,212,41,256,6,0.001020
/home/dysjin/data/CARLA.v20-carla_v20.coco/valid/005508_png.rf.0ab3da1b4970047c9b42e5bbe5d4e6f1.jpg 31,231,56,287,2,0.825757 89,227,123,320,2,0.648788 0,250,49,287,6,0.031248 27,235,61,282,1,0.024773 35,242,49,276,2,0.004985 85,232,107,305,2,0.003485 16,247,52,284,2,0.003240 470,244,531,278,6,0.001628 39,225,64,277,2,0.001461 58,234,133,310,6,0.001009
/home/dysjin/data/CARLA.v20-carla_v20.coco/valid/Town01_006180_png.rf.089d25ecaf49fe28c7f3bf0c3614732b.jpg 313,192,323,217,1,0.425757 316,187,326,213,0,0.025208 358,177,371,189,3,0.009523 401,178,416,193,6,0.009157 464,191,534,229,6,0.003542
/home/dysjin/data/CARLA.v20-carla_v20.coco/valid/Town02_008340_png.rf.044a76656e2e2fe428cd425926d9acbe.jpg 555,188,617,222,6,0.886875 160,192,244,243,6,0.492835 271,188,287,201,6,0.126527 609,175,637,220,6,0.002250 546,190,575,220,6,0.001911 144,212,220,250,6,0.001676
/home/dysjin/data/CARLA.v20-carla_v20.coco/valid/075710_png.rf.0b62bb94157d1f2113ac6bbefe158022.jpg 168,238,254,302,6,0.898138 309,237,347,274,6,0.882009 0,230,177,436,6,0.864327 236,240,266,277,6,0.741447 248,238,269,275,1,0.004459 0,83,247,480,6,0.002998 597,194,617,251,2,0.001286
/home/dysjin/data/CARLA.v20-carla_v20.coco/valid/041689_png.rf.0d648fbd58416a80b414e4503d51c42e.jpg 299,242,332,322,0,0.557196
/home/dysjin/data/CARLA.v20-carla_v20.coco/valid/003751_png.rf.0ff9ef7c8c8e4f5eab52437609a3b501.jpg 396,214,421,244,4,0.477425 396,218,420,240,5,0.322698 305,237,322,254,6,0.004606
/home/dysjin/data/CARLA.v20-carla_v20.coco/valid/Town02_008820_png.rf.135414697b8215dc125af6b125d3058c.jpg 277,211,367,344,6,0.887155 512,180,560,214,6,0.855577 556,178,619,216,6,0.190539 385,182,436,209,6,0.008595 392,187,411,208,3,0.001883 0,175,11,246,6,0.001784 486,180,542,208,6,0.001482 182,187,205,203,6,0.001273 511,164,600,212,6,0.001264 342,187,357,203,6,0.001006
/home/dysjin/data/CARLA.v20-carla_v20.coco/valid/006664_png.rf.1466f666c872e94bac27eba56bbdfb5b.jpg 476,228,520,326,2,0.816884 434,234,489,280,6,0.002333
/home/dysjin/data/CARLA.v20-carla_v20.coco/valid/014570_png.rf.1235b2ca71c181a49fda1bb53eaa19cd.jpg 431,234,453,286,2,0.920549 62,238,127,261,6,0.773118 302,238,332,265,6,0.730963 0,223,13,291,2,0.007434 431,234,459,280,1,0.004848 0,216,15,279,2,0.003478 40,233,98,261,6,0.001437 425,219,468,296,2,0.001006
/home/dysjin/data/CARLA.v20-carla_v20.coco/valid/112550_png.rf.1ca2fa82e03653536df85cf5faf5753c.jpg 519,226,550,320,2,0.282978 515,231,540,287,2,0.002815 515,233,556,286,1,0.001038
/home/dysjin/data/CARLA.v20-carla_v20.coco/valid/Town02_000780_png.rf.16d5987bcdc7d08470c1b3e757e128e5.jpg 302,192,344,318,1,0.924028 52,181,109,215,6,0.844119 280,186,299,203,6,0.501412 31,182,88,216,6,0.045814 77,179,123,212,6,0.005709 76,186,103,207,6,0.004415 289,179,307,196,6,0.001787 268,184,382,307,6,0.001205 594,183,640,215,6,0.001048
/home/dysjin/data/CARLA.v20-carla_v20.coco/valid/Town02_001500_png.rf.1e8a22666698f8954863a9939bc59942.jpg 184,189,214,219,1,0.468140 182,189,218,218,6,0.226018 605,230,640,284,6,0.021220 420,170,633,380,6,0.002485 581,204,636,301,6,0.001928 542,225,602,267,6,0.001699 569,223,626,269,6,0.001428 484,196,570,257,6,0.001083 569,165,640,340,6,0.001035
/home/dysjin/data/CARLA.v20-carla_v20.coco/valid/Town05_004620_png.rf.0e4a190ca586e0e90df6b90be2c83f5b.jpg 388,177,455,209,6,0.860511 346,177,358,199,6,0.159222 568,190,632,232,6,0.067225 579,184,640,214,6,0.050014 285,186,297,202,6,0.024169 352,177,368,198,6,0.013328 607,173,640,202,6,0.003343 571,210,640,250,6,0.003095 219,185,238,200,6,0.002932 292,185,302,202,0,0.002653 380,177,396,195,6,0.002334 367,177,382,194,6,0.001872 368,184,380,200,0,0.001710 383,185,396,204,0,0.001592 596,166,640,248,6,0.001133 563,173,584,194,6,0.001119 344,172,382,196,6,0.001092 393,182,412,204,6,0.001032
/home/dysjin/data/CARLA.v20-carla_v20.coco/valid/006578_png.rf.21f08e8ed63ab67b3ef05528af8ef9e6.jpg 371,223,383,240,3,0.822908 262,232,293,257,6,0.799516 622,294,639,346,6,0.001404
/home/dysjin/data/CARLA.v20-carla_v20.coco/valid/Town01_004320_png.rf.1f6552094735eb0bd49b614b7e584c58.jpg 259,203,383,285,6,0.701428 505,203,567,238,6,0.011334 188,181,200,208,0,0.005151 193,184,206,207,0,0.004345 606,208,639,254,6,0.003972 429,172,447,193,4,0.001051
/home/dysjin/data/CARLA.v20-carla_v20.coco/valid/Town02_006720_png.rf.2632fd4f3d65ff215e84d472badfd870.jpg 576,179,640,221,6,0.855713 269,192,288,210,6,0.783944 1,165,12,201,4,0.029640 128,193,180,219,6,0.009999 564,176,581,196,3,0.008351 0,160,9,193,4,0.006372 0,194,16,248,6,0.004192 155,196,176,217,6,0.003981 549,180,600,211,6,0.003038 563,183,585,207,6,0.002062 494,180,551,215,6,0.001677 345,191,357,219,0,0.001093 0,161,12,225,4,0.001037
/home/dysjin/data/CARLA.v20-carla_v20.coco/valid/Town05_006900_png.rf.2eaa1f5f6de8c6bffcd968f78f2f53b4.jpg 235,183,258,235,1,0.621042 237,173,258,231,0,0.594664 578,191,640,380,6,0.013490 482,206,624,378,6,0.009492 604,202,640,380,3,0.008759
/home/dysjin/data/CARLA.v20-carla_v20.coco/valid/005482_png.rf.1eef94cb1d26525ab4b64d28fc9be58d.jpg 0,219,31,328,2,0.884326 5,223,29,298,2,0.003143 469,243,532,278,6,0.002361
/home/dysjin/data/CARLA.v20-carla_v20.coco/valid/138251_png.rf.2622df013f55b1f57387212b95c87241.jpg 79,231,97,289,2,0.800070 77,237,89,284,2,0.004191 73,236,108,281,1,0.003215
/home/dysjin/data/CARLA.v20-carla_v20.coco/valid/007070_png.rf.2316a0a54db7e4a749f421570aadd160.jpg 385,221,405,238,5,0.501435 380,216,403,238,4,0.050589
/home/dysjin/data/CARLA.v20-carla_v20.coco/valid/Town05_010920_png.rf.2325292b5e147dc41c10fe128f6256f9.jpg 303,176,343,293,0,0.901835 310,186,436,294,6,0.002954
/home/dysjin/data/CARLA.v20-carla_v20.coco/valid/Town01_006420_png.rf.2b897cd6227874bc930ae1c7e17e3b3b.jpg 312,187,321,213,1,0.392185 316,193,325,214,1,0.160967 595,145,640,227,6,0.081911 317,187,324,212,0,0.055721 380,182,391,209,2,0.004977 347,175,357,190,3,0.003568 282,187,294,200,6,0.001170 607,199,640,239,6,0.001119 380,176,392,199,6,0.001089
/home/dysjin/data/CARLA.v20-carla_v20.coco/valid/Town05_006780_png.rf.253c814d6e368b92a888141244ca1a16.jpg 172,185,211,263,1,0.730176 169,195,218,251,6,0.052755 185,194,213,245,0,0.014396 196,183,207,211,0,0.001950 195,193,209,228,0,0.001633
/home/dysjin/data/CARLA.v20-carla_v20.coco/valid/Town01_008280_png.rf.2f69ce357d9638b109b359e31c238ab4.jpg 312,192,333,208,6,0.273607 62,187,116,211,6,0.210540 280,192,302,209,6,0.177901 289,189,336,210,6,0.173286 90,189,113,211,6,0.016130 494,197,633,294,6,0.011048 274,190,288,206,6,0.002983
/home/dysjin/data/CARLA.v20-carla_v20.coco/valid/Town01_005100_png.rf.262bb9c3104b14f5fb633de3dafd0a52.jpg 575,189,602,222,1,0.105932 573,182,602,219,6,0.083359 581,174,640,217,6,0.053337 325,178,349,218,0,0.040938 326,186,350,223,1,0.002205 606,167,638,202,6,0.001305 582,183,602,213,0,0.001052
/home/dysjin/data/CARLA.v20-carla_v20.coco/valid/Town01_011940_png.rf.2554f5ab3ce2122d2ef300838472450f.jpg 564,195,605,221,6,0.766364 204,182,271,233,6,0.466257 333,184,346,206,0,0.008307 341,187,357,204,6,0.002552
/home/dysjin/data/CARLA.v20-carla_v20.coco/valid/041684_png.rf.2f70db5ab75442cd11fffa13a776ae97.jpg 306,237,338,327,0,0.642410
/home/dysjin/data/CARLA.v20-carla_v20.coco/valid/Town05_010980_png.rf.2071755951cd753466eb2cc53fd2fe0c.jpg 304,181,339,288,0,0.820470
/home/dysjin/data/CARLA.v20-carla_v20.coco/valid/112459_png.rf.33bdc5bd58f0f631808a95c4ceb9a78f.jpg 290,230,310,293,2,0.891965 283,233,318,287,1,0.001203
/home/dysjin/data/CARLA.v20-carla_v20.coco/valid/041653_png.rf.31aa86a50239c7e6cbc52c66846dac06.jpg 302,238,332,321,0,0.508928 441,233,455,264,2,0.001262
/home/dysjin/data/CARLA.v20-carla_v20.coco/valid/041819_png.rf.374472e0a0868df264a4100cb7734e35.jpg 18,239,71,264,6,0.840585 172,227,187,244,4,0.660686 107,241,132,301,0,0.451030 172,217,186,237,4,0.014765 179,221,190,241,4,0.007758 115,238,137,288,0,0.007622
/home/dysjin/data/CARLA.v20-carla_v20.coco/valid/Town05_010800_png.rf.3489607b659edfbc485537135e06f34b.jpg 0,189,127,264,6,0.821128 310,186,331,251,1,0.798263 125,185,176,208,6,0.013865 306,185,341,258,0,0.012995 348,183,355,201,0,0.007527 106,195,131,245,0,0.005592 116,186,137,234,0,0.004439 346,178,353,196,3,0.003566 305,180,323,196,6,0.001743
/home/dysjin/data/CARLA.v20-carla_v20.coco/valid/Town02_001080_png.rf.2d29b90fb99ccf7727caeaa1914436b4.jpg 302,193,343,318,1,0.916776 89,182,243,300,6,0.823783 279,185,297,203,6,0.817812 0,209,87,379,6,0.783476 57,124,273,353,6,0.010424 9,219,81,380,6,0.004545 288,183,303,204,6,0.002491 307,176,320,192,6,0.001477 594,183,640,215,6,0.001235 0,0,640,380,6,0.001181 276,184,288,206,0,0.001162 0,168,133,339,6,0.001071
/home/dysjin/data/CARLA.v20-carla_v20.coco/valid/Town02_005700_png.rf.39e8547ff43ddaa06ed2b24f114c8a27.jpg 241,184,396,335,6,0.910682 283,187,298,201,6,0.294056 293,170,339,199,6,0.004647 314,173,333,197,6,0.003939 547,184,598,207,6,0.001983 291,177,310,198,6,0.001441 0,54,640,380,6,0.001221
/home/dysjin/data/CARLA.v20-carla_v20.coco/valid/Town02_002040_png.rf.3d0fd4b3b3749ac8ebdf480959eb8e66.jpg 301,191,341,318,1,0.882883 264,184,310,212,6,0.798017 0,196,111,339,6,0.085042 9,187,113,380,6,0.004547 50,175,65,195,3,0.003922 57,174,72,197,3,0.002273 118,182,165,216,6,0.001614 0,112,134,380,6,0.001247 268,193,290,213,6,0.001225 54,174,77,218,0,0.001194
/home/dysjin/data/CARLA.v20-carla_v20.coco/valid/075707_png.rf.2ff4a82560cfe658387e361a6cc43ef0.jpg 168,238,256,302,6,0.894550 308,238,348,274,6,0.890323 0,231,177,435,6,0.859982 236,239,266,277,6,0.733660 0,84,246,480,6,0.003018 597,193,617,249,2,0.002246 251,238,266,276,1,0.001378 222,245,260,285,6,0.001059
/home/dysjin/data/CARLA.v20-carla_v20.coco/valid/138320_png.rf.332f3bdf3abffc7dd973858c3061b801.jpg 55,231,80,287,2,0.837780 50,235,87,282,1,0.017197 0,241,11,303,2,0.001276
/home/dysjin/data/CARLA.v20-carla_v20.coco/valid/003766_png.rf.3dbe103da1003d1fb3bd18ad0d0894b4.jpg 460,199,507,242,4,0.609638 460,198,506,240,5,0.225970 306,237,322,257,6,0.001307
/home/dysjin/data/CARLA.v20-carla_v20.coco/valid/121245_png.rf.3c6765f574e34bb200e320d55fc2ffe7.jpg 274,249,368,320,6,0.888751
/home/dysjin/data/CARLA.v20-carla_v20.coco/valid/Town05_011040_png.rf.3f658b3c60547a5478cb61d6b76eb55c.jpg 308,180,327,216,0,0.479375 439,211,603,350,6,0.082061 564,175,639,380,6,0.002610 344,165,612,380,6,0.001687 343,214,524,330,6,0.001298 477,263,629,380,6,0.001231
/home/dysjin/data/CARLA.v20-carla_v20.coco/valid/Town02_004920_png.rf.3cdedb8ebbe317a63567ec577e3789a8.jpg 308,188,330,244,1,0.708124 168,187,190,199,6,0.004174 369,188,382,203,6,0.002870 346,185,356,203,3,0.001022
/home/dysjin/data/CARLA.v20-carla_v20.coco/valid/Town05_002760_png.rf.41faa57cc70298c90c62fe9f6a3f08c9.jpg 246,177,262,198,6,0.017695 118,187,140,205,6,0.015255 254,185,267,200,0,0.006851 43,161,61,215,2,0.002782
/home/dysjin/data/CARLA.v20-carla_v20.coco/valid/Town02_001740_png.rf.4072bb166a4df4f9403df039e28a73f3.jpg 295,192,338,320,1,0.912346 45,177,62,199,4,0.001656 41,177,66,209,2,0.001640 38,182,52,210,2,0.001386 54,168,109,203,6,0.001274
/home/dysjin/data/CARLA.v20-carla_v20.coco/valid/026849_png.rf.52e90800c02b90489d2521817c6942f7.jpg 421,206,459,241,3,0.926372 428,216,451,233,3,0.003777 94,219,116,273,2,0.001096
/home/dysjin/data/CARLA.v20-carla_v20.coco/valid/Town02_001560_png.rf.44c7e46d6d34263ac9f429ccb2cd2655.jpg 81,196,93,224,1,0.334879 62,190,77,211,6,0.084265 67,184,88,219,1,0.029119 52,190,67,206,6,0.015469 12,189,28,208,6,0.013894 20,189,34,207,6,0.003794 1,184,16,209,6,0.003534 35,190,53,204,6,0.001952 534,64,581,152,2,0.001874 76,183,99,220,6,0.001311 50,187,88,209,6,0.001218 538,93,615,160,6,0.001102
/home/dysjin/data/CARLA.v20-carla_v20.coco/valid/Town02_003420_png.rf.4347a7bee8aec9f5c84eb5295856f9a9.jpg 330,196,379,231,6,0.777328 8,188,104,234,6,0.756478 580,185,638,213,6,0.009473
/home/dysjin/data/CARLA.v20-carla_v20.coco/valid/Town01_006060_png.rf.3d76b002da6076434f028293d0c4a498.jpg 298,192,337,274,1,0.567203 302,191,328,259,0,0.078664 403,194,447,224,6,0.004013 294,187,349,268,6,0.002271
/home/dysjin/data/CARLA.v20-carla_v20.coco/valid/Town02_007800_png.rf.4e6520c0e9dd39a93f5048a2caea0283.jpg 607,190,640,230,6,0.394774 331,191,423,233,6,0.392746 308,190,324,204,6,0.366597 517,189,549,205,6,0.157565 385,194,440,232,6,0.068117 309,193,368,226,6,0.025767 505,185,527,202,6,0.006708 619,207,640,261,6,0.005154 317,194,338,214,6,0.002844 305,187,343,208,6,0.002343 604,156,639,266,6,0.002148 308,193,321,213,0,0.001052
/home/dysjin/data/CARLA.v20-carla_v20.coco/valid/Town01_001860_png.rf.53e5db5983ad00d8986ebdc44e1e76ef.jpg 196,198,441,380,6,0.930102 293,185,308,203,0,0.080485 302,186,324,203,6,0.019772 316,185,332,202,6,0.013263 400,158,499,212,6,0.008656 474,174,522,213,6,0.007224 286,185,302,204,6,0.003920 141,0,477,380,6,0.003668 292,171,338,202,6,0.002876 286,171,313,203,0,0.002512 245,230,386,380,6,0.001485
/home/dysjin/data/CARLA.v20-carla_v20.coco/valid/Town01_006120_png.rf.405fede50ad311216cb9943968a5cdf5.jpg 317,191,330,218,1,0.534888 318,188,328,213,6,0.206068 357,174,368,189,3,0.004301
/home/dysjin/data/CARLA.v20-carla_v20.coco/valid/041864_png.rf.51f1d81198f2e5b7a450f586235760ec.jpg 302,239,326,298,0,0.834702 82,241,229,317,6,0.761138 414,206,444,240,4,0.451378 356,225,366,245,4,0.079807 309,249,322,287,0,0.007813 357,230,366,255,2,0.006022 190,226,245,271,6,0.004849 583,180,639,427,6,0.004721 161,230,242,313,6,0.003888 352,218,369,251,3,0.002196 183,235,233,309,1,0.001917 198,228,233,287,1,0.001817 211,224,237,289,0,0.001177 64,279,120,317,6,0.001143
/home/dysjin/data/CARLA.v20-carla_v20.coco/valid/Town01_012060_png.rf.58e57e1a7e8d4f630323ae1827ca68bc.jpg 564,196,606,221,6,0.765249 334,185,348,205,0,0.004029 341,186,358,204,6,0.002480
/home/dysjin/data/CARLA.v20-carla_v20.coco/valid/009044_png.rf.59d4a83882b4b6af242cbd9e0e31ba80.jpg 561,219,578,240,3,0.888197 0,205,14,240,4,0.211586 0,225,12,295,2,0.004553 0,233,12,307,2,0.002837 0,196,21,312,2,0.002345 121,234,141,281,2,0.002104 0,205,12,284,2,0.001908 131,232,151,282,2,0.001149
/home/dysjin/data/CARLA.v20-carla_v20.coco/valid/Town02_002520_png.rf.55f8a7c01a8e4b86c99a794d7b61cd5d.jpg 223,184,402,334,6,0.925515 158,197,226,237,6,0.849987 531,192,625,258,6,0.029645 0,40,640,380,6,0.001668 148,173,162,196,3,0.001424
/home/dysjin/data/CARLA.v20-carla_v20.coco/valid/Town02_008760_png.rf.5bfb07b6a5fbe6700b4b9c150b9c6576.jpg 277,211,367,345,6,0.885699 513,180,560,214,6,0.840668 565,180,630,213,6,0.309775 274,189,287,204,6,0.256312 279,186,289,204,1,0.027967 386,182,436,210,6,0.011597 593,167,626,208,6,0.006292 485,181,541,209,6,0.003602 392,186,411,208,3,0.003123 530,162,619,212,6,0.001751 0,174,11,246,6,0.001654 555,178,590,209,6,0.001599 342,187,356,203,6,0.001395 182,187,205,202,6,0.001366 382,188,396,209,3,0.001152 602,158,640,245,6,0.001110
/home/dysjin/data/CARLA.v20-carla_v20.coco/valid/Town01_008100_png.rf.5942043a53e2ea3c62572bf7029ed896.jpg 275,189,296,205,6,0.596660 91,187,144,214,6,0.207964 389,192,410,209,6,0.125540 368,188,382,204,3,0.019117 113,191,142,209,6,0.011730 290,186,303,203,6,0.002995 382,197,399,212,6,0.002670 306,186,321,199,6,0.002439 169,188,187,208,6,0.001653 358,188,373,204,3,0.001563
/home/dysjin/data/CARLA.v20-carla_v20.coco/valid/Town01_010680_png.rf.5537782525200ced228c602e6dcc3456.jpg 371,177,380,192,3,0.678981 231,184,242,211,0,0.036679 175,181,207,195,6,0.006672 151,176,208,199,6,0.002804 332,188,341,203,0,0.001840 321,188,332,202,6,0.001389 366,173,386,195,3,0.001022
/home/dysjin/data/CARLA.v20-carla_v20.coco/valid/121155_png.rf.5eeb1497380edc240a771f68b9d34669.jpg 235,254,404,388,6,0.903898 564,215,598,322,2,0.878216 583,220,605,296,2,0.031115 0,90,640,480,6,0.001199
/home/dysjin/data/CARLA.v20-carla_v20.coco/valid/007085_png.rf.5a7141063cfddac158b01dce18de1e48.jpg 423,206,468,245,5,0.610897 428,209,464,241,4,0.501311 519,214,555,251,4,0.026906 528,172,581,276,2,0.005843 531,201,560,246,2,0.001488
/home/dysjin/data/CARLA.v20-carla_v20.coco/valid/Town05_006720_png.rf.717ce1e22225ab6a97befb2b8effcc2a.jpg 175,181,215,258,1,0.385779 347,184,355,202,0,0.023559 10,0,66,202,6,0.009701 186,189,218,238,0,0.006765 177,199,221,257,6,0.003994 334,185,343,201,6,0.003567 370,187,382,201,3,0.003483 346,177,355,196,3,0.003175 357,180,367,194,3,0.002710 91,185,147,207,6,0.002388
/home/dysjin/data/CARLA.v20-carla_v20.coco/valid/Town01_006600_png.rf.612f31973b2db2fda3ee5293fd937a64.jpg 377,186,392,213,1,0.037527 372,183,395,212,0,0.010734
/home/dysjin/data/CARLA.v20-carla_v20.coco/valid/112469_png.rf.4fea3a1e3f0858f468ecb362968a08fb.jpg 312,235,338,301,2,0.885565 307,241,342,294,1,0.003993 317,246,330,290,2,0.001346
/home/dysjin/data/CARLA.v20-carla_v20.coco/valid/Town05_009540_png.rf.67accf9da191af14c5f05da1b6fe1e58.jpg 600,186,638,208,6,0.150602 602,195,623,210,6,0.001384 488,223,640,338,6,0.001175
/home/dysjin/data/CARLA.v20-carla_v20.coco/valid/041820_png.rf.69e77a8e269d90d89efc21e5026a7083.jpg 31,243,78,265,6,0.827914 181,226,196,244,4,0.625816 116,237,140,301,0,0.331365 183,216,198,238,4,0.038010 176,226,188,244,4,0.018466 1,229,13,264,6,0.002338 127,238,149,282,0,0.001903
/home/dysjin/data/CARLA.v20-carla_v20.coco/valid/121278_png.rf.6607158f1164a75baf620dcb66d1b07e.jpg 276,249,367,318,6,0.882378 237,235,264,263,1,0.007915 241,230,287,266,6,0.002941
/home/dysjin/data/CARLA.v20-carla_v20.coco/valid/Town02_004620_png.rf.7280640e1c163e7c4b28010b90659788.jpg 236,185,388,335,6,0.900241 316,178,330,199,6,0.131534 280,184,298,200,6,0.124424 108,184,175,209,6,0.033428 290,179,313,197,6,0.011200 279,182,326,202,6,0.004123 330,173,341,200,0,0.003051 141,184,168,205,6,0.002020 0,46,640,380,6,0.001320
/home/dysjin/data/CARLA.v20-carla_v20.coco/valid/Town05_016500_png.rf.75b431585ae9c755044e81517b796324.jpg 342,188,390,238,6,0.838921 0,197,90,289,6,0.837005 120,194,220,244,6,0.815953 456,177,478,197,3,0.369671 342,188,362,210,6,0.014594 335,188,347,203,0,0.004752 340,180,360,197,6,0.003371 333,181,346,196,6,0.002933 370,190,395,228,1,0.002465 343,199,381,220,6,0.001197
/home/dysjin/data/CARLA.v20-carla_v20.coco/valid/Town02_001020_png.rf.79741d4293c684a4f4e895c08f1290d5.jpg 302,190,343,319,1,0.922941 0,208,87,378,6,0.769466 274,180,325,209,6,0.394570 277,186,301,204,6,0.314560 301,168,335,308,0,0.030919 27,184,81,215,6,0.014147 191,181,244,214,6,0.009254 188,180,213,215,0,0.006798 9,213,81,380,6,0.004183 275,185,288,205,0,0.002249 298,179,348,209,6,0.001256
/home/dysjin/data/CARLA.v20-carla_v20.coco/valid/004996_png.rf.758bfe0873e6cba6e1d99146894cae01.jpg 490,262,510,312,2,0.826527 100,221,132,272,2,0.001889 480,263,518,307,1,0.001300 478,242,518,322,2,0.001164
/home/dysjin/data/CARLA.v20-carla_v20.coco/valid/Town02_001620_png.rf.77cda18f042297c4b15936a35acef602.jpg 303,185,332,253,1,0.622507 306,188,335,254,6,0.387424 169,179,189,215,0,0.014004 394,184,451,210,6,0.002633 181,182,193,215,0,0.001185
/home/dysjin/data/CARLA.v20-carla_v20.coco/valid/112362_png.rf.868e587d8bdd37c81e4872223fbdbeb4.jpg 150,231,166,281,2,0.899221 153,233,169,296,2,0.002307
/home/dysjin/data/CARLA.v20-carla_v20.coco/valid/Town05_010080_png.rf.88fb23d739ffa2beacd3c5735d172d03.jpg 313,182,324,215,1,0.494366 270,184,282,201,6,0.466307 310,180,327,215,0,0.212608 265,173,286,203,6,0.006750 277,185,290,201,6,0.003468 264,175,275,199,0,0.001918
/home/dysjin/data/CARLA.v20-carla_v20.coco/valid/026847_png.rf.7a28094ba474fb2fab06e58f1ebea83c.jpg 413,208,449,239,3,0.936594 0,221,10,300,2,0.005087 421,216,441,234,3,0.002931
/home/dysjin/data/CARLA.v20-carla_v20.coco/valid/075709_png.rf.7dd638ab9af378bf60aaa2fb92a0aea4.jpg 167,237,254,302,6,0.896588 308,238,347,274,6,0.880923 0,230,177,436,6,0.866845 236,239,266,278,6,0.745882 198,237,264,284,6,0.005991 0,81,246,480,6,0.002989 598,194,618,251,2,0.001114
/home/dysjin/data/CARLA.v20-carla_v20.coco/valid/Town02_007380_png.rf.8809896fc46f6266a6729640bbc68e4c.jpg 563,191,631,222,6,0.819384 272,188,287,207,6,0.034456 610,181,639,217,6,0.009213 508,180,538,216,6,0.007047 443,185,501,213,6,0.004159 623,188,636,224,6,0.003456 563,196,589,217,6,0.003039 559,212,585,259,0,0.001331
/home/dysjin/data/CARLA.v20-carla_v20.coco/valid/Town01_007500_png.rf.7e4c2487265d812d93246e09a19aeab2.jpg 549,155,638,219,6,0.872544 255,193,280,213,6,0.814728 524,179,551,213,6,0.592001
/home/dysjin/data/CARLA.v20-carla_v20.coco/valid/Town05_007500_png.rf.8a81a882e564e9e99b5c951d3e18dbbc.jpg 343,181,388,203,6,0.839285 374,183,391,202,6,0.077210 248,177,263,196,6,0.022041 254,176,266,197,0,0.019676 345,177,359,201,6,0.016659 305,177,320,193,6,0.005781
/home/dysjin/data/CARLA.v20-carla_v20.coco/valid/Town02_005520_png.rf.8a9d2ba4122736ea3845c9e405936cce.jpg 604,184,639,231,6,0.714260 74,193,137,225,6,0.525220 44,191,117,226,6,0.230988 0,196,12,226,6,0.013394 599,124,640,246,6,0.003675 101,197,131,217,6,0.003283 570,11,640,244,6,0.001720
/home/dysjin/data/CARLA.v20-carla_v20.coco/valid/041735_png.rf.891d950e6341a379e0a80f54f49c126a.jpg 272,243,309,313,0,0.571855
/home/dysjin/data/CARLA.v20-carla_v20.coco/valid/041669_png.rf.8f16c7cc68671f71ba068edf120b2a61.jpg 301,241,332,324,0,0.592956 289,224,362,338,0,0.001510
/home/dysjin/data/CARLA.v20-carla_v20.coco/valid/003814_png.rf.9123d8ff8e23490d6f5201cb816e4fc2.jpg 287,238,320,261,6,0.737572 547,171,621,250,3,0.530908
/home/dysjin/data/CARLA.v20-carla_v20.coco/valid/005413_png.rf.9000d6e877ce40e1d5bd5387ece453c2.jpg 105,231,123,281,2,0.956271 81,234,105,287,2,0.863972 115,232,132,276,2,0.007558 91,238,113,292,2,0.006172 73,238,96,298,2,0.004763 100,233,129,276,1,0.002985 77,235,114,282,1,0.002652 540,245,621,304,6,0.001759 80,0,281,-13,6,0.001346
/home/dysjin/data/CARLA.v20-carla_v20.coco/valid/Town01_001500_png.rf.9254a251a5c6eb6313adba6a6adf1620.jpg 388,174,402,192,3,0.525557
/home/dysjin/data/CARLA.v20-carla_v20.coco/valid/Town05_004680_png.rf.93664881511a21c1adf050e2e8993477.jpg 246,185,267,205,6,0.896740 322,168,411,224,6,0.845592 496,206,634,380,6,0.050603 280,178,294,196,6,0.013693 185,187,202,207,6,0.002821 255,179,270,200,6,0.002667 376,173,426,219,6,0.001864 269,179,287,194,6,0.001626 397,1,640,291,6,0.001547 399,165,419,210,6,0.001098
/home/dysjin/data/CARLA.v20-carla_v20.coco/valid/138312_png.rf.93c512dad514948e54a85fd6860eba4e.jpg 94,233,114,279,2,0.743194 88,236,122,274,1,0.004875 102,225,121,273,2,0.001481
/home/dysjin/data/CARLA.v20-carla_v20.coco/valid/005160_png.rf.922d9f2da21b5b11121905df87e629d7.jpg 400,210,428,246,5,0.635809 395,214,430,240,4,0.311115
