/home/dysjin/data/CARLA.v20-carla_v20.coco/valid/Town05_011820_png.rf.a721d4435d03a17b63243ff374e790d2.jpg 5,185,111,229,6,0.706915 316,189,329,204,6,0.031734 0,189,59,228,6,0.006387 309,180,318,195,6,0.001839 269,180,281,192,6,0.001643 1,0,79,298,6,0.001312 319,180,328,195,6,0.001147
/home/dysjin/data/CARLA.v20-carla_v20.coco/valid/Town05_005760_png.rf.a5aa9e8688171e7bfb57f36e4a648f69.jpg 310,187,327,205,6,0.328281 347,162,357,177,3,0.004113 412,191,434,229,6,0.004101 346,153,356,170,4,0.002710 277,178,299,192,6,0.002457 354,176,366,192,6,0.001366 271,175,286,190,6,0.001193 630,134,640,159,6,0.001100
/home/dysjin/data/CARLA.v20-carla_v20.coco/valid/075705_png.rf.9f5447b468e0280dc956a534954f8a5e.jpg 0,248,176,435,6,0.752538 309,241,351,274,6,0.729934 173,249,255,302,6,0.628149 240,241,267,278,6,0.461962 249,235,269,276,0,0.038443 215,245,267,286,6,0.028504 313,249,341,265,6,0.008810 219,235,265,268,6,0.006947 146,240,187,315,1,0.005757 355,236,365,253,6,0.003721 342,240,357,270,0,0.003347 356,245,370,268,6,0.002503 0,31,364,480,6,0.001177
/home/dysjin/data/CARLA.v20-carla_v20.coco/valid/Town02_006840_png.rf.a4a970c10202604d1dd8c41fe9097525.jpg 576,180,640,219,6,0.582933 561,173,578,196,3,0.137864 559,175,584,208,6,0.027892 482,182,543,214,6,0.020703 0,166,9,198,4,0.014253 0,187,19,230,6,0.013023 348,196,358,215,1,0.007550 0,169,17,221,6,0.005634 406,180,464,212,6,0.004343 0,158,15,208,6,0.003868 346,189,356,207,0,0.003596 523,183,542,208,6,0.002954 621,168,638,224,6,0.002733 0,203,14,229,6,0.001678 195,188,212,204,6,0.001620 467,172,531,203,6,0.001226
/home/dysjin/data/CARLA.v20-carla_v20.coco/valid/Town02_002640_png.rf.ac6bee6a9e4c4b2a1e149670c97196c1.jpg 299,189,371,245,6,0.699772 264,191,291,217,6,0.491716 391,175,404,191,4,0.402104 388,168,409,198,3,0.007090 289,184,311,204,6,0.002738 257,183,311,214,6,0.002189 303,183,322,206,0,0.001329
/home/dysjin/data/CARLA.v20-carla_v20.coco/valid/007096_png.rf.a26873f70f1467f54f0fd09ea8c1731b.jpg 540,175,622,256,3,0.446352
/home/dysjin/data/CARLA.v20-carla_v20.coco/valid/041683_png.rf.abc13a183255cbb5f9aeca7d55d8b4c0.jpg 301,253,336,315,0,0.307566 306,232,332,316,1,0.022262 127,219,189,253,6,0.019398
/home/dysjin/data/CARLA.v20-carla_v20.coco/valid/041699_png.rf.a4a6f7fb7672ac47b317ec4fe3e21c97.jpg 301,245,336,310,0,0.417860 305,231,331,317,1,0.015905 112,218,172,252,6,0.007582
/home/dysjin/data/CARLA.v20-carla_v20.coco/valid/Town02_006480_png.rf.aec43468267a9993201d034f7031ee5c.jpg 348,175,359,188,3,0.093276 197,185,210,207,0,0.003328 216,187,236,205,6,0.002084 196,169,239,204,6,0.001682 355,167,369,184,3,0.001526
/home/dysjin/data/CARLA.v20-carla_v20.coco/valid/Town02_003060_png.rf.b28380c7e6ad26a4ccdfda39d4db7f85.jpg 545,189,620,222,6,0.324390 526,184,544,211,6,0.053199 576,183,640,218,6,0.020107 606,187,636,224,6,0.006236 521,189,574,219,6,0.005469 624,168,638,222,6,0.004841 626,176,640,213,0,0.003921 630,168,640,201,6,0.002585 445,183,500,212,6,0.001591 551,194,578,218,6,0.001529
/home/dysjin/data/CARLA.v20-carla_v20.coco/valid/Town01_009120_png.rf.b3886317404f3c307752dac4625c4b0e.jpg 306,191,329,211,6,0.464561 364,193,410,216,6,0.006893 331,184,390,213,6,0.005512 335,189,366,204,6,0.002354 267,190,285,201,6,0.001225
/home/dysjin/data/CARLA.v20-carla_v20.coco/valid/051305_png.rf.af3e2dc55ae45fc793f7f25eb6fdf7b4.jpg 423,208,462,243,3,0.444687 430,216,453,235,3,0.001706
/home/dysjin/data/CARLA.v20-carla_v20.coco/valid/007291_png.rf.b33e9d647d42777054dfb5f46d23bbad.jpg 384,221,399,239,3,0.361183
/home/dysjin/data/CARLA.v20-carla_v20.coco/valid/Town05_005820_png.rf.abc3e70595852b4f2320e8b55c805a27.jpg 307,189,336,220,6,0.549632
/home/dysjin/data/CARLA.v20-carla_v20.coco/valid/Town05_006960_png.rf.9d31f2ffd8a1d723122d28555c0e3321.jpg 284,185,294,212,1,0.351137 280,177,296,215,0,0.021885 614,187,637,363,6,0.002686 601,134,640,380,6,0.001011
/home/dysjin/data/CARLA.v20-carla_v20.coco/valid/Town02_009720_png.rf.b20474373a38fe973889a895d5aba03e.jpg 294,197,341,253,6,0.289005 266,185,280,212,1,0.165199 267,192,280,216,0,0.050954 622,156,639,205,6,0.005125 277,188,295,206,6,0.001275
/home/dysjin/data/CARLA.v20-carla_v20.coco/valid/Town01_002220_png.rf.9b6e376c042a4b43cdf2a33f00250d62.jpg 206,208,453,362,6,0.718493 323,175,336,195,6,0.006908 628,207,640,234,6,0.003264 3,0,634,380,6,0.002857 285,187,299,207,6,0.001749 623,79,639,142,6,0.001354 330,175,343,195,0,0.001337 290,189,311,205,6,0.001165
/home/dysjin/data/CARLA.v20-carla_v20.coco/valid/Town01_003900_png.rf.b43a572a2d61a01bb389880cf86179de.jpg 208,208,452,364,6,0.720209 339,190,358,207,6,0.017349 0,194,15,220,6,0.009404 404,169,422,229,2,0.006902 0,182,41,216,6,0.005547 0,175,17,221,6,0.005495 1,0,636,380,6,0.002961 625,186,640,254,6,0.002143 282,185,326,210,6,0.001894
/home/dysjin/data/CARLA.v20-carla_v20.coco/valid/029067_png.rf.b686edaf28a0971571945f7b069613d5.jpg 544,230,580,339,2,0.656494 396,233,404,259,2,0.002397
/home/dysjin/data/CARLA.v20-carla_v20.coco/valid/Town02_004200_png.rf.b4d2f32e1287253b4f35bf521927be39.jpg 268,187,291,210,6,0.590531 367,187,387,203,6,0.006329 368,176,384,193,3,0.002710 371,166,383,183,4,0.001093
/home/dysjin/data/CARLA.v20-carla_v20.coco/valid/Town02_002100_png.rf.b49da10e2c41ab65d4c132e46f15d3e3.jpg 300,195,335,287,1,0.539576 0,185,16,213,6,0.457793 274,184,288,204,6,0.248323 276,182,292,204,0,0.089288 317,185,328,206,0,0.046126 0,162,16,213,6,0.007748 58,170,125,204,6,0.007395 0,144,15,201,6,0.001526 288,197,347,277,6,0.001451 310,178,321,198,6,0.001323 1,184,56,209,6,0.001182
/home/dysjin/data/CARLA.v20-carla_v20.coco/valid/003752_png.rf.bb0716bc5b93fa8b10f41577e20a2f35.jpg 397,213,422,241,3,0.371726 307,238,327,252,6,0.122314
/home/dysjin/data/CARLA.v20-carla_v20.coco/valid/138327_png.rf.b4aecc174d58e25a6e680c2468864172.jpg 11,225,49,299,2,0.262368 243,233,255,255,1,0.006287 238,232,249,257,2,0.001348
/home/dysjin/data/CARLA.v20-carla_v20.coco/valid/Town05_009600_png.rf.b886b3525f44da0ae66796230d91b958.jpg 102,191,214,232,6,0.696111 468,187,499,214,6,0.605852 374,185,419,209,6,0.590900 579,181,638,208,6,0.563522 529,178,541,198,6,0.156286 155,191,223,222,6,0.043823 93,201,156,236,6,0.036524 416,181,430,195,6,0.023979 624,168,638,221,6,0.022750 550,182,597,203,6,0.022520 626,175,639,214,0,0.016657 631,186,640,221,6,0.010208 538,182,550,202,0,0.006827 482,184,503,209,0,0.005485 536,177,550,199,6,0.004988 424,181,444,194,6,0.004983 378,195,405,210,6,0.004744 552,178,570,195,6,0.003424 437,181,457,193,6,0.002462 371,185,391,208,6,0.002183 100,208,132,229,6,0.001603 527,174,544,208,0,0.001116
/home/dysjin/data/CARLA.v20-carla_v20.coco/valid/Town01_002340_png.rf.b8976b6d8f366e29aeb47fb3b3146b33.jpg 206,208,453,362,6,0.717832 323,175,335,196,6,0.013438 280,187,295,208,6,0.008820 3,0,634,380,6,0.002890 628,207,640,234,6,0.002653 329,175,342,195,0,0.002148 280,185,326,211,6,0.001462 624,79,639,141,6,0.001368 271,187,287,209,0,0.001164 287,189,313,204,6,0.001034
/home/dysjin/data/CARLA.v20-carla_v20.coco/valid/Town05_009780_png.rf.c3069a0d7ec82f2e1960c0497cec36fe.jpg 287,201,360,254,6,0.571703 432,207,470,235,6,0.191466 376,187,392,201,6,0.001422 314,189,336,206,6,0.001333 373,184,382,203,2,0.001042
/home/dysjin/data/CARLA.v20-carla_v20.coco/valid/Town05_002700_png.rf.b9dfa75f628efa31633800bb9dfee796.jpg 362,177,392,197,6,0.262641 378,184,394,198,6,0.024857 389,176,403,196,6,0.012453 258,185,271,202,0,0.008497 345,176,359,196,6,0.004053 391,184,402,201,0,0.002976 349,183,359,199,0,0.002366 257,179,269,197,6,0.002133 358,184,375,198,6,0.001097 209,174,222,199,6,0.001053
/home/dysjin/data/CARLA.v20-carla_v20.coco/valid/005173_png.rf.c24ac196d86260d3a384e12093bfa5ef.jpg 477,189,529,244,3,0.129482
/home/dysjin/data/CARLA.v20-carla_v20.coco/valid/Town01_005820_png.rf.c9053a957ff7561268673aaec9e095f0.jpg 294,192,343,312,1,0.528695 293,180,343,295,6,0.286671 175,203,208,221,6,0.125367 400,182,446,216,6,0.034704 175,208,192,226,6,0.006818 311,185,326,206,6,0.002634 317,176,331,199,6,0.001095
/home/dysjin/data/CARLA.v20-carla_v20.coco/valid/Town01_011580_png.rf.c8aa9ea674a7d69974d55bf63b55ddbf.jpg 573,190,640,221,6,0.684526 264,187,290,208,6,0.632473 578,151,632,224,6,0.051707 556,188,582,223,6,0.011352 468,200,523,239,6,0.010907 627,189,640,223,6,0.009322 309,186,325,199,6,0.007494 553,175,570,195,6,0.007290 317,179,332,195,6,0.005456 560,0,635,271,6,0.003288 423,195,442,215,1,0.002994 593,165,640,208,6,0.002847 294,186,308,201,6,0.002400 626,163,639,200,6,0.001567 591,197,633,214,6,0.001245 484,199,510,219,6,0.001164 267,178,286,200,6,0.001076
/home/dysjin/data/CARLA.v20-carla_v20.coco/valid/Town01_007440_png.rf.bed11eeb1dde416bf8789b24a8a5c0f8.jpg 548,173,639,219,6,0.656743 527,176,551,218,6,0.185882 264,195,274,212,0,0.118438 530,176,556,219,0,0.093911 266,190,278,211,1,0.054328 264,191,274,211,6,0.042470 176,210,202,225,6,0.037435 154,208,201,228,6,0.018531 623,163,640,228,6,0.007461 0,221,10,244,6,0.006122 222,202,233,217,6,0.003094 145,214,164,231,6,0.001321 529,171,584,218,6,0.001186
/home/dysjin/data/CARLA.v20-carla_v20.coco/valid/Town05_011760_png.rf.c548e0a947d80bc036151e4db99afcfa.jpg 0,201,192,340,6,0.752265 316,186,328,201,6,0.114673 312,185,323,202,0,0.078068 310,180,318,197,6,0.004845 281,181,294,193,6,0.004216 169,189,208,268,6,0.002496 271,180,283,194,6,0.001089
/home/dysjin/data/CARLA.v20-carla_v20.coco/valid/075708_png.rf.c1818fa586a2b613b2806f928a933d9d.jpg 0,245,173,433,6,0.751108 309,241,350,273,6,0.713300 172,246,257,301,6,0.642799 241,241,267,277,6,0.357845 198,235,263,284,6,0.015952 249,235,269,275,0,0.015783 313,249,342,265,6,0.009963 147,239,187,320,1,0.009711 240,244,265,287,1,0.006909 357,245,370,268,6,0.003084 354,235,365,253,6,0.002690 342,240,356,269,0,0.002096 159,243,213,306,1,0.001756 0,31,366,480,6,0.001117
/home/dysjin/data/CARLA.v20-carla_v20.coco/valid/Town05_009900_png.rf.c90bd5781f975f44de47fd794a1f9ac6.jpg 355,194,436,252,6,0.704981 333,186,346,206,1,0.005471 417,186,429,207,6,0.003422 443,188,457,200,6,0.002548 378,177,398,193,6,0.002041 339,185,355,206,6,0.001812 422,193,435,222,0,0.001728 428,191,444,247,6,0.001218
/home/dysjin/data/CARLA.v20-carla_v20.coco/valid/Town05_009660_png.rf.cc2e0d6a11c64dbe092a6e9321c6a170.jpg 235,208,425,329,6,0.785362 408,181,474,209,6,0.572705 345,182,356,205,0,0.149562 343,177,354,199,6,0.029838 352,178,368,195,6,0.016005 614,187,633,203,6,0.010812 336,183,350,207,0,0.008880 626,182,638,209,6,0.005955 379,174,391,198,0,0.004888 209,187,225,201,6,0.003308 367,177,383,195,6,0.002308 335,177,347,200,6,0.001891 603,187,622,201,6,0.001539 631,188,640,222,0,0.001262
/home/dysjin/data/CARLA.v20-carla_v20.coco/valid/003769_png.rf.c5c0c17fa97551316c57744e9608f796.jpg 494,188,549,246,3,0.104679 307,239,325,257,1,0.020753
/home/dysjin/data/CARLA.v20-carla_v20.coco/valid/121197_png.rf.c99e70822c663f40252f74e6b2ad5094.jpg 243,262,413,380,6,0.789713 498,216,522,280,2,0.017218 307,236,321,261,1,0.003293
/home/dysjin/data/CARLA.v20-carla_v20.coco/valid/004966_png.rf.c9d8d72d0920460b612251c5fddc5770.jpg 426,203,468,242,3,0.388972
/home/dysjin/data/CARLA.v20-carla_v20.coco/valid/Town01_006240_png.rf.cc5628eb556a5a5bd1824a8d19313b41.jpg 315,191,328,217,1,0.324975 315,189,328,212,0,0.209070 310,189,324,210,6,0.146318 623,155,639,212,6,0.074359 362,178,385,190,6,0.032700 607,163,640,242,6,0.028007 300,188,312,205,0,0.018962 366,174,409,197,6,0.001586 0,215,7,246,6,0.001533 0,185,12,254,6,0.001167 625,182,640,255,6,0.001126
/home/dysjin/data/CARLA.v20-carla_v20.coco/valid/001638_png.rf.c98e4c5bc2a68de358073a26469c81b2.jpg 422,209,456,242,3,0.552554
/home/dysjin/data/CARLA.v20-carla_v20.coco/valid/051274_png.rf.d5f64278c64b556983082379a316485f.jpg 559,177,637,255,3,0.428296 359,227,373,243,4,0.034153
/home/dysjin/data/CARLA.v20-carla_v20.coco/valid/Town01_001440_png.rf.e4b4351effd31d5b433710cffb8243e4.jpg 383,176,399,192,3,0.385931 271,187,287,202,6,0.004792 333,188,347,202,6,0.004036 278,190,299,205,6,0.002898 340,185,355,199,6,0.002002 344,179,356,192,3,0.001839 294,190,308,207,6,0.001707
/home/dysjin/data/CARLA.v20-carla_v20.coco/valid/019121_png.rf.deb86464dd224ac85f75272f851fc0a8.jpg 503,236,559,259,6,0.510853 547,239,577,256,6,0.295139 393,247,411,288,2,0.007859 629,228,639,261,6,0.001374
/home/dysjin/data/CARLA.v20-carla_v20.coco/valid/041811_png.rf.e8d4c17844854d24f9b2bec66a8a8889.jpg 45,224,64,244,3,0.406496 0,241,13,298,6,0.091822 0,218,16,277,6,0.005432 0,209,16,259,6,0.003364 0,243,10,313,2,0.003262 33,221,73,251,3,0.002517 0,202,26,307,6,0.001708 0,242,10,281,6,0.001539 6,236,23,258,6,0.001527 0,222,21,329,6,0.001451 49,229,64,252,4,0.001182 0,210,8,237,6,0.001089 0,257,6,299,6,0.001045
/home/dysjin/data/CARLA.v20-carla_v20.coco/valid/041657_png.rf.e06a4a0ae870ee5d8dbe97fc65b5b666.jpg 302,250,336,312,0,0.242317 0,234,7,263,6,0.004229 441,227,459,265,2,0.004044 0,241,8,271,6,0.003573
/home/dysjin/data/CARLA.v20-carla_v20.coco/valid/001519_png.rf.e42bb854e84b40164ed2795569b2eb6f.jpg 571,221,588,245,3,0.506128 628,229,639,260,6,0.003807 610,236,633,254,6,0.001681 558,221,602,251,3,0.001386 603,236,620,255,6,0.001094
/home/dysjin/data/CARLA.v20-carla_v20.coco/valid/Town02_005280_png.rf.ec981f5d8aec80a53ec1f9961c2321af.jpg 43,193,115,221,6,0.668791 70,194,142,222,6,0.551168 155,195,206,267,6,0.234795 154,203,206,277,1,0.071805 0,197,13,220,6,0.034998 630,218,640,247,6,0.004080 100,201,134,219,6,0.003898 627,189,639,254,6,0.001802 4,195,24,218,6,0.001625 0,187,13,213,6,0.001546 135,173,221,292,6,0.001385 176,193,207,252,0,0.001050
/home/dysjin/data/CARLA.v20-carla_v20.coco/valid/001509_png.rf.ed3baed466e7f65c1a01fb57bf942b65.jpg 568,223,585,245,3,0.377931 609,235,634,254,6,0.004760 626,229,638,261,6,0.002830
/home/dysjin/data/CARLA.v20-carla_v20.coco/valid/033890_png.rf.e368755037cdc345b45b625d64db27a1.jpg 255,244,418,369,6,0.786914 594,233,629,326,2,0.640585 613,229,634,313,2,0.025347 623,210,639,306,2,0.009721 403,236,415,261,2,0.002579
/home/dysjin/data/CARLA.v20-carla_v20.coco/valid/075724_png.rf.e0c3e9a2b7f318c71e76ccdcb0dda6a1.jpg 298,241,329,269,6,0.682157 187,242,245,278,6,0.673825 0,249,69,451,6,0.548795 62,251,208,359,6,0.295323 4,262,68,480,6,0.054392 614,237,635,257,6,0.039354 126,244,226,303,6,0.009629 223,237,246,279,0,0.007112 620,223,638,266,6,0.005673 587,233,637,263,6,0.002723 8,241,159,373,6,0.002342 284,238,297,258,6,0.002231 272,239,285,255,6,0.001156
/home/dysjin/data/CARLA.v20-carla_v20.coco/valid/112477_png.rf.ecf5d82849f8b68362ce65c8d2645a1c.jpg 338,235,360,298,2,0.677401 349,226,366,291,2,0.006889 588,234,636,259,6,0.002077 627,230,639,259,6,0.001705 332,236,363,282,6,0.001265
/home/dysjin/data/CARLA.v20-carla_v20.coco/valid/Town02_001980_png.rf.ee7206fcf98c96c61f2900b25e79ce20.jpg 297,194,339,311,1,0.655692 0,189,64,223,6,0.466285 157,181,177,219,0,0.195822 161,190,176,219,1,0.103589 41,196,69,213,6,0.028420 74,170,131,202,6,0.015876 29,184,78,217,6,0.012551 285,209,352,301,6,0.009138 0,184,12,211,6,0.006455 168,183,214,209,6,0.003780 2,183,30,217,6,0.003217 132,181,180,213,6,0.002034 0,193,13,217,6,0.001977 149,184,168,211,6,0.001762 167,190,180,219,0,0.001088 166,183,183,214,6,0.001007
/home/dysjin/data/CARLA.v20-carla_v20.coco/valid/026829_png.rf.e6f26e62f316568466a95ba7fd18d850.jpg 374,221,392,240,3,0.560896 631,266,640,299,6,0.010426 0,226,16,284,6,0.006382 1,234,28,279,2,0.002171
/home/dysjin/data/CARLA.v20-carla_v20.coco/valid/007076_png.rf.d635d979c35f5dd6da756ef9889aef0b.jpg 394,217,417,240,3,0.254308 396,215,420,242,4,0.202113
/home/dysjin/data/CARLA.v20-carla_v20.coco/valid/112475_png.rf.df928fa484eb08e1454caacc1e194352.jpg 335,227,355,297,2,0.649312 587,234,637,260,6,0.002042 321,243,360,290,1,0.001939 627,231,639,259,6,0.001664
/home/dysjin/data/CARLA.v20-carla_v20.coco/valid/Town02_006960_png.rf.eedfb90c1deb0d66a31341acd2e08f4f.jpg 0,177,29,211,6,0.583936 584,179,639,243,6,0.517244 147,164,167,184,6,0.250452 168,173,192,193,6,0.058923 0,172,16,203,6,0.002764 145,162,184,189,6,0.002701 571,185,592,206,6,0.002663 138,161,173,188,3,0.002048 171,182,189,199,6,0.001590 146,173,166,245,0,0.001489 161,161,202,192,6,0.001466
/home/dysjin/data/CARLA.v20-carla_v20.coco/valid/Town05_010860_png.rf.f31c0584fff1474ad2b0f4132e874f7d.jpg 0,181,56,215,6,0.589715 312,184,331,252,0,0.428308 316,182,328,218,0,0.008114 0,194,12,217,6,0.001925 317,178,329,199,6,0.001526 310,178,322,196,6,0.001469
/home/dysjin/data/CARLA.v20-carla_v20.coco/valid/Town05_004800_png.rf.ee7c080c8716cb366969ca625bb6d68b.jpg 243,188,269,206,6,0.613676 213,183,267,205,6,0.096056 347,176,360,201,6,0.094310 213,187,240,202,6,0.040154 362,177,381,195,6,0.024194 491,189,625,378,6,0.003755 630,166,640,201,6,0.003102 252,179,268,200,6,0.002134 393,174,405,195,6,0.001243
/home/dysjin/data/CARLA.v20-carla_v20.coco/valid/Town05_009840_png.rf.f5040ce45ecca2822cb3b1b4ea8a6f61.jpg 292,204,368,253,6,0.675596 357,198,369,224,0,0.025149 281,169,376,289,6,0.001161
/home/dysjin/data/CARLA.v20-carla_v20.coco/valid/041861_png.rf.f5f3812ca6c536c5c25bea3d596be111.jpg 302,241,321,295,0,0.496704 118,240,243,304,6,0.486624 400,209,431,242,3,0.423913 296,245,319,292,1,0.011893 87,251,199,306,6,0.007954 214,229,237,284,0,0.006113 353,221,365,243,4,0.002402 229,234,245,253,6,0.002392 93,278,140,308,6,0.001792 220,232,236,259,0,0.001749 95,241,130,320,1,0.001068
/home/dysjin/data/CARLA.v20-carla_v20.coco/valid/Town02_003120_png.rf.f36fecf8d2ee4965c1f3bddaaaad5f33.jpg 612,182,638,215,6,0.564993 407,187,492,222,6,0.546864 623,191,640,246,6,0.026311 620,179,637,218,0,0.004314 395,167,502,212,6,0.003580 528,186,545,207,6,0.002216 608,166,640,242,6,0.001991 566,185,623,210,6,0.001325
/home/dysjin/data/CARLA.v20-carla_v20.coco/valid/003755_png.rf.f6343810071c5f5401b5697ef363285d.jpg 406,213,430,241,3,0.468567 309,238,325,253,6,0.053108
/home/dysjin/data/CARLA.v20-carla_v20.coco/valid/Town01_003300_png.rf.fae28071a74fa02928094ff14cdbb3aa.jpg 275,204,369,268,6,0.715721 160,185,217,212,6,0.102898 276,191,298,210,6,0.032273 191,189,216,211,6,0.015805 318,188,334,206,6,0.007719 302,191,327,204,6,0.003800 196,194,216,212,1,0.002844 631,215,640,246,6,0.002651 80,186,98,213,2,0.002324 273,191,299,221,0,0.001916 72,187,94,209,6,0.001801 287,191,310,207,6,0.001737 162,191,195,209,6,0.001475 272,190,304,268,1,0.001375 328,189,342,209,6,0.001102
/home/dysjin/data/CARLA.v20-carla_v20.coco/valid/138255_png.rf.fbf65e3e930393318a8312fdaefcae24.jpg 56,231,81,292,2,0.466931 220,224,264,253,6,0.030448 233,234,268,249,6,0.003012 519,330,532,364,2,0.002771 442,293,456,322,2,0.002453 50,237,83,281,6,0.002172
/home/dysjin/data/CARLA.v20-carla_v20.coco/valid/005373_png.rf.f68e0e113c5193c933cbee38c6a6bc2d.jpg 158,234,171,264,2,0.726704 147,239,161,267,2,0.493238 139,240,151,269,2,0.038660 168,232,178,261,2,0.021389 0,253,9,289,6,0.012709 170,236,179,274,2,0.007685
/home/dysjin/data/CARLA.v20-carla_v20.coco/valid/001630_png.rf.ff5ced110f03f998a7a6998ddf647fd2.jpg 407,212,437,244,3,0.512464
/home/dysjin/data/CARLA.v20-carla_v20.coco/valid/006662_png.rf.fa42143249c7b6a780238796639341d3.jpg 465,239,496,315,2,0.286653
/home/dysjin/data/CARLA.v20-carla_v20.coco/valid/Town05_004860_png.rf.f5c138159cbce172c63fa9a736f9c655.jpg 243,189,269,207,6,0.596082 213,182,267,205,6,0.080697 347,176,360,201,6,0.079976 362,176,382,194,6,0.027164 214,188,241,203,6,0.023333 352,182,367,201,0,0.015388 630,167,640,201,6,0.003480 243,181,263,198,6,0.003438 491,189,625,377,6,0.003034
/home/dysjin/data/CARLA.v20-carla_v20.coco/valid/Town01_008460_png.rf.03f3160d63f090b29499596ec3c8c4b5.jpg 26,204,151,248,6,0.703547 554,193,638,223,6,0.571522 539,192,580,225,6,0.146982 423,186,479,215,6,0.056628 626,167,639,225,6,0.016251 540,188,557,212,6,0.004643 567,185,623,252,6,0.002995 632,201,640,232,6,0.001411
/home/dysjin/data/CARLA.v20-carla_v20.coco/valid/005508_png.rf.0ab3da1b4970047c9b42e5bbe5d4e6f1.jpg 31,227,56,285,2,0.632491 91,231,125,313,2,0.402837 24,231,59,278,1,0.003754
/home/dysjin/data/CARLA.v20-carla_v20.coco/valid/Town01_006180_png.rf.089d25ecaf49fe28c7f3bf0c3614732b.jpg 314,191,328,218,1,0.248813 354,169,400,193,6,0.215107 315,186,327,213,0,0.205344 386,174,414,190,6,0.032847 357,173,375,188,6,0.026155 0,209,13,236,6,0.002685 407,176,437,191,6,0.002161 0,218,13,244,6,0.001410 7,209,24,233,6,0.001109
/home/dysjin/data/CARLA.v20-carla_v20.coco/valid/Town02_008340_png.rf.044a76656e2e2fe428cd425926d9acbe.jpg 552,190,616,223,6,0.731619 158,198,244,244,6,0.628862 272,184,287,198,6,0.177763 278,185,293,202,0,0.039260 293,188,312,199,6,0.007551 303,187,322,200,6,0.006818 551,186,571,208,6,0.005070 627,166,640,225,6,0.004459 267,173,286,203,6,0.002410 244,185,256,202,6,0.002118 239,184,247,208,0,0.001941 305,180,320,194,6,0.001182 294,180,309,194,6,0.001118 602,170,638,238,6,0.001101 628,201,640,239,6,0.001030
/home/dysjin/data/CARLA.v20-carla_v20.coco/valid/075710_png.rf.0b62bb94157d1f2113ac6bbefe158022.jpg 0,246,174,434,6,0.750392 312,241,345,271,6,0.713568 174,246,255,301,6,0.630975 240,240,267,278,6,0.370929 198,236,263,284,6,0.025843 248,235,270,275,0,0.013427 239,244,265,287,1,0.009377 146,239,187,320,1,0.005981 167,250,219,297,6,0.001692 159,243,212,307,1,0.001514 355,235,366,252,6,0.001268 0,33,363,480,6,0.001154 359,245,371,269,6,0.001145
/home/dysjin/data/CARLA.v20-carla_v20.coco/valid/041689_png.rf.0d648fbd58416a80b414e4503d51c42e.jpg 301,249,336,312,0,0.210758 126,218,183,254,6,0.002173
/home/dysjin/data/CARLA.v20-carla_v20.coco/valid/003751_png.rf.0ff9ef7c8c8e4f5eab52437609a3b501.jpg 395,216,421,238,3,0.280638 395,217,420,240,4,0.273892 310,237,325,253,1,0.075046
/home/dysjin/data/CARLA.v20-carla_v20.coco/valid/Town02_008820_png.rf.135414697b8215dc125af6b125d3058c.jpg 280,209,362,338,6,0.775138 511,178,557,210,6,0.374471 387,185,435,210,6,0.208835 550,179,618,215,6,0.070020 139,173,159,192,4,0.024706 0,178,15,240,6,0.006059 426,175,443,191,6,0.004966 383,187,398,204,6,0.003118 476,172,523,201,6,0.001526 342,187,356,203,6,0.001448 138,169,161,197,5,0.001336 437,170,488,201,6,0.001213 499,177,522,193,6,0.001195
/home/dysjin/data/CARLA.v20-carla_v20.coco/valid/006664_png.rf.1466f666c872e94bac27eba56bbdfb5b.jpg 478,235,513,318,2,0.621356
/home/dysjin/data/CARLA.v20-carla_v20.coco/valid/014570_png.rf.1235b2ca71c181a49fda1bb53eaa19cd.jpg 60,233,128,259,6,0.729536 434,231,454,289,2,0.667725 301,242,333,260,6,0.605230 431,234,457,278,6,0.002037 0,221,11,295,2,0.001346
/home/dysjin/data/CARLA.v20-carla_v20.coco/valid/112550_png.rf.1ca2fa82e03653536df85cf5faf5753c.jpg 522,225,547,296,2,0.184674 587,235,636,258,6,0.005185 626,230,639,258,6,0.002262
/home/dysjin/data/CARLA.v20-carla_v20.coco/valid/Town02_000780_png.rf.16d5987bcdc7d08470c1b3e757e128e5.jpg 278,184,301,202,6,0.641209 47,181,118,215,6,0.616183 299,193,340,318,1,0.484543 301,204,351,325,6,0.388677 34,181,84,212,6,0.010330 304,178,321,192,6,0.008335 285,183,307,203,0,0.006733 76,188,110,208,6,0.005897 287,178,308,199,6,0.002791 342,177,357,196,6,0.002471 319,185,333,206,6,0.002193
/home/dysjin/data/CARLA.v20-carla_v20.coco/valid/Town02_001500_png.rf.1e8a22666698f8954863a9939bc59942.jpg 184,191,214,218,6,0.383364 183,190,210,217,1,0.200582 484,194,580,246,6,0.003117 622,224,639,288,6,0.002888 606,194,640,305,6,0.001127
/home/dysjin/data/CARLA.v20-carla_v20.coco/valid/Town05_004620_png.rf.0e4a190ca586e0e90df6b90be2c83f5b.jpg 389,178,458,210,6,0.641259 350,179,367,197,6,0.146388 567,194,640,244,6,0.138667 286,185,298,199,6,0.062808 349,183,361,199,0,0.044389 583,184,637,213,6,0.008874 291,184,303,202,0,0.002848 627,178,640,210,6,0.001697 363,177,382,194,6,0.001496 396,185,434,203,6,0.001284 379,173,392,194,6,0.001247 595,189,626,205,6,0.001019
/home/dysjin/data/CARLA.v20-carla_v20.coco/valid/006578_png.rf.21f08e8ed63ab67b3ef05528af8ef9e6.jpg 262,235,292,258,6,0.531247 370,223,385,240,3,0.317304 290,234,305,255,0,0.002256
/home/dysjin/data/CARLA.v20-carla_v20.coco/valid/Town01_004320_png.rf.1f6552094735eb0bd49b614b7e584c58.jpg 259,207,387,285,6,0.509941 364,151,379,170,4,0.011110 320,177,335,194,6,0.004879 303,187,324,203,6,0.002392 331,176,342,197,0,0.002203 295,187,312,203,6,0.002188 0,193,10,218,6,0.002159 0,188,9,209,6,0.001977 629,205,640,236,6,0.001927 306,178,321,196,6,0.001459 317,184,335,204,6,0.001398
/home/dysjin/data/CARLA.v20-carla_v20.coco/valid/Town02_006720_png.rf.2632fd4f3d65ff215e84d472badfd870.jpg 575,180,640,219,6,0.588295 269,188,290,209,6,0.515990 561,173,578,196,3,0.129449 273,189,294,208,1,0.083912 559,175,584,208,6,0.029349 483,181,542,213,6,0.027954 0,166,9,197,4,0.015713 0,187,19,229,6,0.012448 0,169,17,221,6,0.005111 512,188,538,205,6,0.004572 272,185,296,209,0,0.004079 0,159,15,208,6,0.003853 349,196,358,216,1,0.003678 407,180,464,213,6,0.002884 521,179,544,211,6,0.002511 621,167,638,225,6,0.002364 347,188,357,207,0,0.001996 195,188,212,205,6,0.001652 0,203,14,229,6,0.001550 537,164,640,212,6,0.001127 569,175,591,197,0,0.001084
/home/dysjin/data/CARLA.v20-carla_v20.coco/valid/Town05_006900_png.rf.2eaa1f5f6de8c6bffcd968f78f2f53b4.jpg 238,181,260,232,0,0.431079 614,187,637,363,6,0.002803 601,136,640,380,6,0.001069
/home/dysjin/data/CARLA.v20-carla_v20.coco/valid/005482_png.rf.1eef94cb1d26525ab4b64d28fc9be58d.jpg 0,222,32,317,2,0.480373 0,207,25,373,2,0.010626 3,209,17,312,2,0.001984
/home/dysjin/data/CARLA.v20-carla_v20.coco/valid/138251_png.rf.2622df013f55b1f57387212b95c87241.jpg 76,232,101,291,2,0.480556 72,237,105,279,6,0.004562 221,225,263,252,6,0.004432 234,235,266,249,6,0.003913
/home/dysjin/data/CARLA.v20-carla_v20.coco/valid/007070_png.rf.2316a0a54db7e4a749f421570aadd160.jpg 383,220,402,238,4,0.292080 382,217,402,242,3,0.046245 384,217,405,243,5,0.042767
/home/dysjin/data/CARLA.v20-carla_v20.coco/valid/Town05_010920_png.rf.2325292b5e147dc41c10fe128f6256f9.jpg 303,176,342,294,0,0.534586 315,176,334,196,6,0.019800 296,175,313,194,6,0.002943 290,185,354,278,6,0.002893 579,166,640,200,6,0.001193
/home/dysjin/data/CARLA.v20-carla_v20.coco/valid/Town01_006420_png.rf.2b897cd6227874bc930ae1c7e17e3b3b.jpg 311,190,323,211,1,0.305665 306,183,325,216,6,0.003294 583,156,636,194,6,0.002184 300,187,313,204,6,0.002117 312,183,329,214,0,0.002023 628,203,640,235,6,0.001584 349,174,357,191,4,0.001084
/home/dysjin/data/CARLA.v20-carla_v20.coco/valid/Town05_006780_png.rf.253c814d6e368b92a888141244ca1a16.jpg 171,187,213,253,1,0.201665 169,196,213,248,6,0.028569 187,183,214,239,0,0.004488 195,185,208,210,0,0.001479 356,186,370,201,6,0.001392
/home/dysjin/data/CARLA.v20-carla_v20.coco/valid/Town01_008280_png.rf.2f69ce357d9638b109b359e31c238ab4.jpg 63,179,115,211,6,0.418715 275,191,306,207,6,0.332912 311,191,335,207,6,0.263776 378,200,391,223,2,0.036753 191,188,206,213,1,0.029309 285,187,339,207,6,0.019917 190,184,202,214,2,0.016212 444,194,494,219,6,0.008096 12,178,112,215,6,0.007413 0,180,60,217,6,0.005196 289,196,309,210,6,0.003819 190,182,206,215,0,0.002658 402,197,449,224,6,0.002021 91,184,114,208,6,0.001816 99,177,128,216,6,0.001799 68,186,99,204,6,0.001610 326,191,344,205,6,0.001098 437,201,492,238,6,0.001017
/home/dysjin/data/CARLA.v20-carla_v20.coco/valid/Town01_005100_png.rf.262bb9c3104b14f5fb633de3dafd0a52.jpg 576,186,602,221,6,0.248349 575,178,636,218,6,0.134045 329,188,353,209,6,0.020148 628,167,640,197,6,0.005650 296,183,357,216,6,0.002664 6,189,27,207,6,0.001626 301,200,323,217,6,0.001324 0,186,12,210,6,0.001119
/home/dysjin/data/CARLA.v20-carla_v20.coco/valid/Town01_011940_png.rf.2554f5ab3ce2122d2ef300838472450f.jpg 566,195,605,219,6,0.561315 203,182,272,232,6,0.333689 305,189,324,204,6,0.061938 269,183,288,201,6,0.013695 339,186,357,201,6,0.006193 278,185,297,200,6,0.005722 581,185,637,216,6,0.002249 566,189,585,212,6,0.001284 316,186,335,206,6,0.001242 331,178,345,196,6,0.001104
/home/dysjin/data/CARLA.v20-carla_v20.coco/valid/041684_png.rf.2f70db5ab75442cd11fffa13a776ae97.jpg 302,253,336,314,0,0.164220 306,231,332,316,1,0.041368 80,218,126,253,6,0.001520 138,219,189,255,6,0.001274
/home/dysjin/data/CARLA.v20-carla_v20.coco/valid/Town05_010980_png.rf.2071755951cd753466eb2cc53fd2fe0c.jpg 301,183,341,282,0,0.674373 364,172,411,197,6,0.001540 198,191,333,368,6,0.001204
/home/dysjin/data/CARLA.v20-carla_v20.coco/valid/112459_png.rf.33bdc5bd58f0f631808a95c4ceb9a78f.jpg 289,234,312,298,2,0.673796 587,234,637,259,6,0.001816 626,231,639,259,6,0.001295
/home/dysjin/data/CARLA.v20-carla_v20.coco/valid/041653_png.rf.31aa86a50239c7e6cbc52c66846dac06.jpg 309,237,333,311,0,0.282779 306,231,332,314,1,0.221670
/home/dysjin/data/CARLA.v20-carla_v20.coco/valid/041819_png.rf.374472e0a0868df264a4100cb7734e35.jpg 18,237,71,266,6,0.641993 171,225,188,245,3,0.523943 112,238,135,303,0,0.313636 111,243,131,312,1,0.007762 0,228,8,259,6,0.003891 0,206,13,265,6,0.001894
/home/dysjin/data/CARLA.v20-carla_v20.coco/valid/Town05_010800_png.rf.3489607b659edfbc485537135e06f34b.jpg 14,201,138,258,6,0.680108 312,185,331,252,0,0.421979 134,189,171,206,6,0.157341 0,212,95,272,6,0.080518 122,187,139,208,6,0.009447 344,179,357,195,6,0.007807 316,183,328,215,0,0.005412 115,193,137,245,0,0.003866 130,174,177,204,6,0.003733 308,179,321,197,6,0.002640 299,177,309,196,0,0.002033 317,178,331,198,6,0.001456 140,180,169,196,6,0.001310 353,177,367,195,6,0.001306 332,179,345,195,6,0.001305
/home/dysjin/data/CARLA.v20-carla_v20.coco/valid/Town02_001080_png.rf.2d29b90fb99ccf7727caeaa1914436b4.jpg 276,183,298,202,6,0.628486 0,213,83,380,6,0.598961 302,199,348,313,1,0.446567 302,206,351,323,6,0.398642 87,197,246,269,6,0.200970 308,176,325,191,6,0.103941 318,184,331,204,0,0.034157 309,183,327,202,6,0.007470 0,181,9,212,6,0.005634 342,177,358,195,6,0.004681 29,185,79,215,6,0.003319 0,191,9,225,6,0.002828 0,189,13,249,6,0.002212 286,178,310,196,6,0.002026 232,177,250,189,6,0.001698 330,178,345,197,6,0.001426 0,168,8,204,6,0.001212 0,181,138,334,6,0.001209 89,191,133,265,1,0.001092
/home/dysjin/data/CARLA.v20-carla_v20.coco/valid/Town02_005700_png.rf.39e8547ff43ddaa06ed2b24f114c8a27.jpg 243,208,406,333,6,0.765898 283,183,298,200,6,0.513435 307,177,325,196,6,0.058610 555,190,587,205,6,0.051401 317,182,332,201,6,0.024971 289,182,305,202,0,0.014335 470,186,502,199,6,0.004900 275,183,288,203,6,0.002102 585,186,605,203,6,0.001590 198,163,212,179,4,0.001047
/home/dysjin/data/CARLA.v20-carla_v20.coco/valid/Town02_002040_png.rf.3d0fd4b3b3749ac8ebdf480959eb8e66.jpg 296,194,340,313,1,0.639146 267,184,311,210,6,0.420246 6,194,102,349,6,0.298607 292,182,341,294,6,0.228811 142,191,160,217,6,0.030157 122,193,165,220,6,0.019408 76,180,133,212,6,0.018082 139,188,161,220,0,0.010557 0,182,14,261,0,0.010197 303,187,323,208,6,0.006048 52,174,66,192,3,0.005341 268,194,290,211,6,0.004909 6,190,82,380,6,0.004677 97,182,162,214,6,0.004382 54,178,79,215,6,0.004089 63,190,120,222,6,0.003981 0,195,12,269,0,0.003858 262,184,277,213,0,0.002567 103,186,129,204,6,0.002223 0,167,8,200,6,0.001443 0,155,9,185,6,0.001375 91,178,120,195,6,0.001363 90,172,140,203,6,0.001321 404,172,415,193,4,0.001318 0,137,128,380,6,0.001261 0,173,13,245,6,0.001246 64,187,91,207,6,0.001223 0,175,22,284,6,0.001140 0,179,8,211,6,0.001016 0,205,12,281,6,0.001003
/home/dysjin/data/CARLA.v20-carla_v20.coco/valid/075707_png.rf.2ff4a82560cfe658387e361a6cc43ef0.jpg 1,245,173,435,6,0.750131 308,241,351,273,6,0.712231 175,247,257,301,6,0.638908 241,240,267,277,6,0.354138 249,235,269,275,0,0.026266 198,236,262,285,6,0.018750 145,240,187,320,1,0.008741 240,244,265,287,1,0.004603 356,246,369,267,6,0.004429 354,235,365,253,6,0.002840 342,240,357,269,0,0.002397 166,250,218,296,6,0.001689 159,244,211,307,1,0.001375 0,30,365,480,6,0.001070
/home/dysjin/data/CARLA.v20-carla_v20.coco/valid/138320_png.rf.332f3bdf3abffc7dd973858c3061b801.jpg 58,231,83,287,2,0.485014 247,233,258,254,1,0.011218 51,234,84,279,1,0.003096 1,238,14,301,2,0.001285 61,248,76,283,2,0.001071
/home/dysjin/data/CARLA.v20-carla_v20.coco/valid/003766_png.rf.3dbe103da1003d1fb3bd18ad0d0894b4.jpg 460,196,509,244,3,0.317539 309,238,325,255,1,0.025856 313,237,331,257,6,0.002725
/home/dysjin/data/CARLA.v20-carla_v20.coco/valid/121245_png.rf.3c6765f574e34bb200e320d55fc2ffe7.jpg 277,255,365,314,6,0.760229 628,268,640,293,6,0.003628 631,195,640,223,6,0.001125 405,235,446,255,6,0.001027
/home/dysjin/data/CARLA.v20-carla_v20.coco/valid/Town05_011040_png.rf.3f658b3c60547a5478cb61d6b76eb55c.jpg 312,180,334,216,0,0.340060 313,183,332,212,1,0.170944 629,159,640,190,3,0.060573 310,182,342,211,6,0.012942 375,174,425,198,6,0.002435 315,177,333,202,6,0.001010
/home/dysjin/data/CARLA.v20-carla_v20.coco/valid/Town02_004920_png.rf.3cdedb8ebbe317a63567ec577e3789a8.jpg 308,184,328,239,0,0.301583 309,190,329,246,1,0.231900 161,184,190,199,6,0.056624 206,186,228,202,6,0.012312 367,184,382,202,2,0.005425 310,185,323,213,6,0.005364 317,186,330,212,0,0.004007 332,176,344,191,6,0.002506 630,170,640,198,6,0.001800 333,166,345,181,3,0.001642 367,179,381,196,6,0.001294 343,166,356,180,3,0.001234 196,184,215,204,6,0.001210 612,175,637,283,6,0.001158 320,178,334,195,6,0.001149 161,181,212,203,6,0.001088 567,11,638,339,6,0.001055 343,174,357,189,6,0.001040
/home/dysjin/data/CARLA.v20-carla_v20.coco/valid/Town05_002760_png.rf.41faa57cc70298c90c62fe9f6a3f08c9.jpg 114,186,144,204,6,0.576860 250,183,262,201,0,0.050211 256,176,266,197,0,0.013144 127,183,145,203,0,0.008727 250,179,260,197,6,0.006999 46,185,64,212,1,0.005428 102,184,115,207,1,0.003087 193,176,210,194,6,0.002406 270,177,281,194,6,0.001686 281,179,295,193,6,0.001639 292,179,308,192,6,0.001465 236,186,250,202,6,0.001154 186,175,203,191,6,0.001020
/home/dysjin/data/CARLA.v20-carla_v20.coco/valid/Town02_001740_png.rf.4072bb166a4df4f9403df039e28a73f3.jpg 297,195,339,312,1,0.661965 58,169,128,203,6,0.184722 35,187,53,212,1,0.020084 285,210,352,301,6,0.009215 34,182,54,213,0,0.006684 46,176,65,195,3,0.001907 283,185,299,200,6,0.001570
/home/dysjin/data/CARLA.v20-carla_v20.coco/valid/026849_png.rf.52e90800c02b90489d2521817c6942f7.jpg 427,201,459,238,3,0.477968 418,205,443,243,3,0.002062
/home/dysjin/data/CARLA.v20-carla_v20.coco/valid/Town02_001560_png.rf.44c7e46d6d34263ac9f429ccb2cd2655.jpg 79,186,96,226,0,0.300439 80,192,95,222,1,0.221649 63,187,80,209,6,0.133634 5,184,27,204,6,0.083575 72,186,91,215,0,0.034487 0,183,17,206,6,0.015465 29,188,53,203,6,0.002883 47,187,70,208,6,0.002460 16,186,39,204,6,0.001378
/home/dysjin/data/CARLA.v20-carla_v20.coco/valid/Town02_003420_png.rf.4347a7bee8aec9f5c84eb5295856f9a9.jpg 1,191,113,230,6,0.515594 324,191,383,235,6,0.469975 319,200,367,232,3,0.007968 611,187,635,204,6,0.004879 627,180,640,208,6,0.004278 325,192,358,231,1,0.003842 528,186,544,206,6,0.003321 583,186,636,210,6,0.001610 444,183,501,212,6,0.001081
/home/dysjin/data/CARLA.v20-carla_v20.coco/valid/Town01_006060_png.rf.3d76b002da6076434f028293d0c4a498.jpg 300,196,336,262,6,0.223830 302,195,332,268,1,0.156560 419,193,452,227,6,0.095685 309,190,336,257,0,0.022137 181,211,203,226,6,0.011716 206,202,224,219,6,0.003668 191,204,214,220,6,0.003607 219,201,235,217,6,0.002997 229,202,248,214,6,0.002032 154,213,174,228,6,0.001361 412,179,498,224,6,0.001097
/home/dysjin/data/CARLA.v20-carla_v20.coco/valid/Town02_007800_png.rf.4e6520c0e9dd39a93f5048a2caea0283.jpg 610,190,637,232,6,0.417214 321,199,431,234,6,0.386205 517,186,549,203,6,0.162403 305,188,326,202,6,0.161132 317,194,361,227,6,0.037784 387,195,440,228,6,0.018753 620,198,639,263,6,0.008505 581,183,640,215,6,0.003748 295,189,312,202,6,0.003679 322,190,348,211,6,0.002824 392,201,437,231,1,0.002485 1,178,16,242,6,0.002044 0,205,10,236,6,0.001315 294,185,334,207,6,0.001272 532,188,560,206,6,0.001207 622,204,639,279,2,0.001100
/home/dysjin/data/CARLA.v20-carla_v20.coco/valid/Town01_001860_png.rf.53e5db5983ad00d8986ebdc44e1e76ef.jpg 211,203,446,358,6,0.730553 284,184,302,201,6,0.299041 304,183,326,202,6,0.138326 317,179,330,199,6,0.036084 292,176,308,202,6,0.012308 328,182,342,204,0,0.009274 142,186,163,209,6,0.004835 0,0,640,380,6,0.002341 477,180,518,211,6,0.001432 343,187,361,203,6,0.001353 270,180,307,206,6,0.001197
/home/dysjin/data/CARLA.v20-carla_v20.coco/valid/Town01_006120_png.rf.405fede50ad311216cb9943968a5cdf5.jpg 315,192,330,217,1,0.323647 314,189,331,221,0,0.048986 353,173,365,189,3,0.048339 479,175,514,188,6,0.022362 311,188,326,209,6,0.010708 318,179,329,199,6,0.005408 365,165,379,182,3,0.003125 0,191,14,251,6,0.002017 349,163,359,184,4,0.001799
/home/dysjin/data/CARLA.v20-carla_v20.coco/valid/041864_png.rf.51f1d81198f2e5b7a450f586235760ec.jpg 417,209,445,242,3,0.569216 302,240,322,294,0,0.493675 116,242,233,306,6,0.295688 63,240,217,347,6,0.033667 212,230,236,283,0,0.004923 190,229,239,290,6,0.004430 355,214,368,234,4,0.004209 295,243,319,295,1,0.002386 64,251,171,310,6,0.002020 203,227,233,267,6,0.001800 354,221,367,246,3,0.001707 354,237,368,258,2,0.001410 217,231,234,258,0,0.001161
/home/dysjin/data/CARLA.v20-carla_v20.coco/valid/Town01_012060_png.rf.58e57e1a7e8d4f630323ae1827ca68bc.jpg 570,196,600,219,6,0.512235 305,189,322,205,6,0.060009 268,187,288,201,6,0.006304 339,187,358,201,6,0.004032 574,193,640,219,6,0.003397 298,189,311,206,6,0.001964 279,188,297,203,6,0.001563 316,187,335,206,6,0.001386 567,189,586,212,6,0.001034
/home/dysjin/data/CARLA.v20-carla_v20.coco/valid/009044_png.rf.59d4a83882b4b6af242cbd9e0e31ba80.jpg 560,221,578,245,3,0.576466 0,207,8,240,4,0.012537 388,234,437,260,6,0.002424 0,201,14,259,6,0.002118 0,197,15,250,3,0.001802 583,220,637,254,6,0.001454 342,226,353,244,4,0.001423 0,211,8,249,4,0.001170 474,222,520,251,6,0.001120 627,201,639,267,6,0.001076
/home/dysjin/data/CARLA.v20-carla_v20.coco/valid/Town02_002520_png.rf.55f8a7c01a8e4b86c99a794d7b61cd5d.jpg 244,186,410,330,6,0.757777 165,192,225,234,6,0.652374 525,185,631,230,6,0.030973 370,181,381,206,0,0.012388 368,178,380,198,6,0.005082 235,207,280,343,6,0.003212 146,177,165,196,4,0.003173 362,175,372,197,6,0.001643
/home/dysjin/data/CARLA.v20-carla_v20.coco/valid/Town02_008760_png.rf.5bfb07b6a5fbe6700b4b9c150b9c6576.jpg 280,209,362,339,6,0.780681 270,186,290,204,6,0.262358 385,185,436,210,6,0.234988 549,179,596,211,6,0.130050 514,178,557,209,6,0.119392 276,187,293,205,1,0.085620 569,180,626,210,6,0.023723 139,173,159,191,4,0.021352 476,172,521,203,6,0.009466 0,178,15,241,6,0.008050 597,186,620,207,6,0.007934 524,164,620,211,6,0.006273 425,175,443,190,6,0.004022 341,187,358,202,6,0.003167 484,184,509,204,6,0.003160 381,187,398,205,6,0.003028 272,183,296,208,0,0.002094 137,169,161,196,6,0.001253 399,181,424,195,6,0.001073
/home/dysjin/data/CARLA.v20-carla_v20.coco/valid/Town01_008100_png.rf.5942043a53e2ea3c62572bf7029ed896.jpg 276,192,297,205,6,0.494857 383,197,411,211,6,0.303840 86,182,148,210,6,0.038247 423,190,448,207,6,0.017319 289,188,305,204,6,0.002230 395,193,425,207,6,0.002209 366,189,381,205,6,0.001443 304,189,321,201,6,0.001186 373,195,384,212,2,0.001178 171,187,189,207,1,0.001143
/home/dysjin/data/CARLA.v20-carla_v20.coco/valid/Town01_010680_png.rf.5537782525200ced228c602e6dcc3456.jpg 369,178,381,192,4,0.435966 320,189,335,201,6,0.006800 364,171,384,200,3,0.005394 376,176,389,197,4,0.003050 330,189,344,203,6,0.002832 222,188,237,205,6,0.001570 230,187,245,203,6,0.001340 282,191,298,205,6,0.001297 309,190,322,203,6,0.001090
/home/dysjin/data/CARLA.v20-carla_v20.coco/valid/121155_png.rf.5eeb1497380edc240a771f68b9d34669.jpg 243,261,413,380,6,0.789757 564,223,595,311,2,0.466409 307,238,322,260,1,0.005567 497,218,522,278,2,0.003559
/home/dysjin/data/CARLA.v20-carla_v20.coco/valid/007085_png.rf.5a7141063cfddac158b01dce18de1e48.jpg 427,206,469,243,3,0.304604 430,205,466,242,4,0.254341 562,194,640,254,6,0.001462 433,215,460,233,3,0.001075
/home/dysjin/data/CARLA.v20-carla_v20.coco/valid/Town05_006720_png.rf.717ce1e22225ab6a97befb2b8effcc2a.jpg 177,189,213,250,1,0.151966 183,193,217,246,6,0.059080 83,185,148,207,6,0.049718 126,189,151,204,6,0.044843 186,186,216,239,0,0.027752 346,179,358,195,6,0.010899 353,179,368,193,6,0.008864 347,184,359,199,0,0.002235 318,180,333,194,6,0.001590 364,177,382,191,6,0.001298
/home/dysjin/data/CARLA.v20-carla_v20.coco/valid/Town01_006600_png.rf.612f31973b2db2fda3ee5293fd937a64.jpg 375,188,392,213,1,0.199261 374,185,392,213,0,0.020971 292,192,308,207,6,0.008807 230,201,251,212,6,0.005845 286,197,300,212,6,0.001030
/home/dysjin/data/CARLA.v20-carla_v20.coco/valid/112469_png.rf.4fea3a1e3f0858f468ecb362968a08fb.jpg 314,234,339,298,2,0.495044 627,230,639,258,6,0.002429 587,234,637,259,6,0.002248 306,240,343,291,1,0.001958 309,238,339,282,0,0.001248 609,238,637,253,6,0.001091
/home/dysjin/data/CARLA.v20-carla_v20.coco/valid/Town05_009540_png.rf.67accf9da191af14c5f05da1b6fe1e58.jpg 599,187,639,210,6,0.376733 450,204,600,358,6,0.001256
/home/dysjin/data/CARLA.v20-carla_v20.coco/valid/041820_png.rf.69e77a8e269d90d89efc21e5026a7083.jpg 28,238,81,265,6,0.658385 177,226,196,243,3,0.440428 117,237,140,303,0,0.429942 178,231,195,250,4,0.006651 167,223,208,250,3,0.002345 0,229,8,260,6,0.001228 115,240,145,354,0,0.001118
/home/dysjin/data/CARLA.v20-carla_v20.coco/valid/121278_png.rf.6607158f1164a75baf620dcb66d1b07e.jpg 279,256,365,313,6,0.753627 239,241,267,259,6,0.322954 238,246,253,261,1,0.007566
/home/dysjin/data/CARLA.v20-carla_v20.coco/valid/Town02_004620_png.rf.7280640e1c163e7c4b28010b90659788.jpg 244,193,399,330,6,0.748146 307,177,325,198,6,0.440248 279,181,300,201,6,0.396984 289,177,315,199,6,0.029304 330,174,344,200,6,0.027694 112,182,174,208,6,0.024753 140,185,171,202,6,0.023329 340,173,353,201,6,0.007111 275,182,289,205,0,0.003684
/home/dysjin/data/CARLA.v20-carla_v20.coco/valid/Town05_016500_png.rf.75b431585ae9c755044e81517b796324.jpg 0,203,85,287,6,0.706159 120,200,232,241,6,0.660931 342,191,392,232,6,0.612414 458,178,474,197,4,0.420218 372,192,395,230,6,0.078749 459,173,478,202,3,0.022819 427,191,439,210,6,0.015309 430,195,441,213,2,0.014594 118,203,167,240,6,0.006602 235,188,248,199,6,0.006418 376,190,392,212,0,0.005589 244,188,256,201,6,0.003738 219,195,232,222,0,0.003520 0,192,10,221,6,0.003432 342,200,366,237,0,0.002910 0,168,14,225,6,0.002752 0,156,15,215,6,0.001980 343,185,361,209,6,0.001960 221,190,232,209,6,0.001432 210,198,228,222,6,0.001352 350,199,380,222,6,0.001351 176,201,229,237,6,0.001045
/home/dysjin/data/CARLA.v20-carla_v20.coco/valid/Town02_001020_png.rf.79741d4293c684a4f4e895c08f1290d5.jpg 301,196,349,315,1,0.570729 0,210,82,380,6,0.569410 273,180,328,209,6,0.397565 302,204,351,325,6,0.361940 276,185,304,203,6,0.203149 190,183,210,216,0,0.157154 190,187,210,214,1,0.100773 28,182,78,216,6,0.048482 298,186,327,206,6,0.010460 0,229,81,380,6,0.008885 274,184,290,207,0,0.006008 187,185,220,213,6,0.003737 343,177,358,195,6,0.002432 31,188,57,208,6,0.001409 332,178,346,196,6,0.001282
/home/dysjin/data/CARLA.v20-carla_v20.coco/valid/004996_png.rf.758bfe0873e6cba6e1d99146894cae01.jpg 491,261,511,320,2,0.550473 98,209,131,287,2,0.005285 112,215,142,271,2,0.001650 481,264,516,315,1,0.001487
/home/dysjin/data/CARLA.v20-carla_v20.coco/valid/Town02_001620_png.rf.77cda18f042297c4b15936a35acef602.jpg 304,186,331,252,1,0.169066 309,186,334,257,0,0.102415 181,189,194,211,1,0.060216 176,187,191,211,0,0.010498 316,185,332,213,0,0.009634 297,182,335,242,6,0.008016 308,184,327,214,6,0.001872 222,186,235,205,6,0.001657 399,184,446,208,6,0.001280
/home/dysjin/data/CARLA.v20-carla_v20.coco/valid/112362_png.rf.868e587d8bdd37c81e4872223fbdbeb4.jpg 150,228,168,282,2,0.559603 152,232,165,298,2,0.004999 626,231,639,259,6,0.001416 587,234,637,260,6,0.001099
/home/dysjin/data/CARLA.v20-carla_v20.coco/valid/Town05_010080_png.rf.88fb23d739ffa2beacd3c5735d172d03.jpg 270,183,286,200,6,0.352998 315,184,328,213,0,0.309855 316,188,328,219,1,0.105806 276,183,292,202,0,0.011808 246,177,258,195,6,0.002797 311,177,323,201,0,0.002234 331,176,342,195,6,0.002061
/home/dysjin/data/CARLA.v20-carla_v20.coco/valid/026847_png.rf.7a28094ba474fb2fab06e58f1ebea83c.jpg 413,210,445,241,3,0.551242
/home/dysjin/data/CARLA.v20-carla_v20.coco/valid/075709_png.rf.7dd638ab9af378bf60aaa2fb92a0aea4.jpg 0,246,173,433,6,0.751918 309,241,350,273,6,0.699544 173,246,257,301,6,0.635980 240,241,268,277,6,0.322545 198,236,264,284,6,0.025081 248,235,269,276,0,0.015057 313,249,342,265,6,0.008594 146,239,187,320,1,0.007221 239,244,265,287,1,0.006243 355,234,365,252,6,0.001893 359,245,370,268,6,0.001789 159,243,212,307,1,0.001688 345,235,356,257,0,0.001590 0,32,366,480,6,0.001163
/home/dysjin/data/CARLA.v20-carla_v20.coco/valid/Town02_007380_png.rf.8809896fc46f6266a6729640bbc68e4c.jpg 568,194,640,221,6,0.392721 274,189,297,204,6,0.057327 554,195,597,222,6,0.033072 627,178,640,214,6,0.002675 511,186,535,206,6,0.002072 559,191,584,210,6,0.001962 609,182,636,218,6,0.001622 557,209,587,257,1,0.001608 580,199,620,217,6,0.001597 547,194,621,241,6,0.001559 557,13,637,288,6,0.001293 553,176,567,189,6,0.001260 273,195,288,212,0,0.001048
/home/dysjin/data/CARLA.v20-carla_v20.coco/valid/Town01_007500_png.rf.7e4c2487265d812d93246e09a19aeab2.jpg 534,173,639,221,6,0.663270 255,195,280,212,6,0.545962 527,177,551,217,6,0.147397 141,209,192,232,6,0.029316 163,211,196,226,6,0.011919 275,189,294,205,6,0.004938 624,161,640,229,6,0.004230 0,222,10,246,6,0.003401 195,204,209,220,6,0.001501
/home/dysjin/data/CARLA.v20-carla_v20.coco/valid/Town05_007500_png.rf.8a81a882e564e9e99b5c951d3e18dbbc.jpg 349,181,394,204,6,0.535079 304,178,321,190,6,0.090884 249,176,265,196,6,0.069382 252,177,267,197,1,0.051485 347,181,365,203,6,0.013363 376,177,393,199,6,0.010787 391,178,402,196,6,0.004083 299,177,313,194,1,0.001598 391,182,403,201,0,0.001525 256,181,268,203,0,0.001354 314,178,331,193,6,0.001288 139,188,172,202,6,0.001074
/home/dysjin/data/CARLA.v20-carla_v20.coco/valid/Town02_005520_png.rf.8a9d2ba4122736ea3845c9e405936cce.jpg 609,188,637,231,6,0.564200 41,195,116,222,6,0.512790 75,197,139,224,6,0.347042 0,198,13,221,6,0.044926 99,203,136,220,6,0.013567 49,202,87,218,6,0.003149 591,165,633,242,6,0.003145 626,216,640,245,6,0.001802 3,198,25,219,6,0.001660 623,201,637,235,6,0.001157
/home/dysjin/data/CARLA.v20-carla_v20.coco/valid/041735_png.rf.891d950e6341a379e0a80f54f49c126a.jpg 274,246,310,309,0,0.185768 277,242,304,316,1,0.037406 0,239,7,277,2,0.001971
/home/dysjin/data/CARLA.v20-carla_v20.coco/valid/041669_png.rf.8f16c7cc68671f71ba068edf120b2a61.jpg 301,251,336,312,0,0.257800 305,230,332,318,1,0.086902 139,220,197,253,6,0.001108
/home/dysjin/data/CARLA.v20-carla_v20.coco/valid/003814_png.rf.9123d8ff8e23490d6f5201cb816e4fc2.jpg 291,239,320,258,6,0.655550 547,181,621,251,3,0.434504
/home/dysjin/data/CARLA.v20-carla_v20.coco/valid/005413_png.rf.9000d6e877ce40e1d5bd5387ece453c2.jpg 106,231,125,282,2,0.702003 83,233,108,285,2,0.638562 115,231,132,278,2,0.009346 95,222,117,283,2,0.003290 94,240,115,290,2,0.002789 78,236,109,277,6,0.002444 98,234,129,274,1,0.002041 544,254,597,290,6,0.001195 131,241,146,270,2,0.001066
/home/dysjin/data/CARLA.v20-carla_v20.coco/valid/Town01_001500_png.rf.9254a251a5c6eb6313adba6a6adf1620.jpg 385,178,400,192,3,0.450648 299,196,310,211,0,0.006998 304,191,321,208,6,0.005346 295,191,309,209,6,0.004915 230,199,249,212,6,0.002474 248,175,259,189,4,0.001637 629,181,640,210,6,0.001391 389,183,405,198,3,0.001129
/home/dysjin/data/CARLA.v20-carla_v20.coco/valid/Town05_004680_png.rf.93664881511a21c1adf050e2e8993477.jpg 245,186,268,206,6,0.638568 314,182,418,218,6,0.513181 280,178,295,197,6,0.307293 371,177,424,217,6,0.010431 321,175,356,215,6,0.009876 269,180,286,197,6,0.006640 288,177,304,197,6,0.005031 492,188,625,377,6,0.003884 630,167,640,201,6,0.003493 319,174,336,197,6,0.002681 184,187,199,204,6,0.001157 414,173,430,192,6,0.001045
/home/dysjin/data/CARLA.v20-carla_v20.coco/valid/138312_png.rf.93c512dad514948e54a85fd6860eba4e.jpg 97,233,116,278,2,0.399598 247,233,259,255,1,0.021982 90,234,121,273,1,0.002464 357,246,367,272,2,0.001066
/home/dysjin/data/CARLA.v20-carla_v20.coco/valid/005160_png.rf.922d9f2da21b5b11121905df87e629d7.jpg 400,212,430,241,3,0.370867 400,216,428,237,4,0.094822
