/home/dysjin/data/CARLA.v20-carla_v20.coco/valid/Town05_011820_png.rf.a721d4435d03a17b63243ff374e790d2.jpg 0,190,112,229,6,0.245786 316,185,331,199,6,0.108406 257,176,273,187,6,0.010853 68,190,115,227,6,0.007103 326,185,344,199,6,0.005664 265,179,285,190,6,0.004264 0,187,17,233,6,0.003970 3,200,63,231,6,0.003250 255,169,271,182,6,0.002783 0,193,11,225,1,0.002691 2,158,115,220,6,0.002541 4,193,34,226,6,0.002500 292,181,314,193,6,0.002409 247,176,264,188,6,0.001735 0,199,10,233,6,0.001661 278,181,298,191,6,0.001499 3,182,64,219,6,0.001369 392,184,405,205,2,0.001283 343,180,360,191,6,0.001282 0,167,13,227,6,0.001155 7,206,25,226,6,0.001099 628,107,640,138,6,0.001063 303,186,351,197,2,0.001037 252,177,303,191,6,0.001013
/home/dysjin/data/CARLA.v20-carla_v20.coco/valid/Town05_005760_png.rf.a5aa9e8688171e7bfb57f36e4a648f69.jpg 309,182,328,204,6,0.133891 411,191,440,224,6,0.011083 296,184,332,203,2,0.002963 394,174,411,217,2,0.002518 401,178,422,220,2,0.002475 342,165,355,181,3,0.002052 257,175,274,189,6,0.001997 297,184,314,199,6,0.001949 313,193,330,212,6,0.001921 242,176,263,191,6,0.001895 331,167,346,182,3,0.001708 0,163,6,198,0,0.001694 0,149,10,215,6,0.001673 0,146,13,198,6,0.001541 0,156,9,186,0,0.001382 356,163,368,180,6,0.001243 343,175,358,191,6,0.001155 0,185,5,225,0,0.001146 323,185,345,201,6,0.001137 0,174,5,212,0,0.001108 0,156,8,233,2,0.001029
/home/dysjin/data/CARLA.v20-carla_v20.coco/valid/075705_png.rf.9f5447b468e0280dc956a534954f8a5e.jpg 163,246,266,297,6,0.332883 308,241,350,274,6,0.318233 0,250,183,439,6,0.113206 218,239,269,283,6,0.034609 242,242,263,274,6,0.004834 253,245,268,271,6,0.004799 250,237,270,275,0,0.003475 292,238,310,256,6,0.002913 282,239,302,257,6,0.002874 0,29,240,480,1,0.002297 352,235,369,255,6,0.002127 338,247,355,268,0,0.002095 343,237,359,259,0,0.001927 629,219,640,294,2,0.001594 210,244,245,292,6,0.001347 37,252,181,311,6,0.001276 631,238,640,275,6,0.001188 316,245,351,270,0,0.001131 1,272,79,472,6,0.001036
/home/dysjin/data/CARLA.v20-carla_v20.coco/valid/Town02_006840_png.rf.a4a970c10202604d1dd8c41fe9097525.jpg 581,178,640,221,6,0.123416 394,183,460,211,6,0.045684 499,183,547,211,6,0.026052 0,151,11,214,2,0.022254 559,178,588,209,6,0.019868 0,161,8,203,1,0.012987 124,195,181,213,6,0.012877 0,162,13,228,2,0.011672 435,187,457,208,6,0.010049 345,186,358,207,0,0.008608 0,182,16,235,6,0.007526 628,170,640,201,6,0.005038 0,191,11,224,1,0.004859 0,174,10,215,1,0.004758 350,187,368,204,6,0.004045 197,189,213,205,6,0.002761 0,190,15,247,6,0.002646 0,156,8,191,2,0.002392 555,183,572,207,6,0.002156 521,180,574,210,6,0.001972 152,191,179,210,6,0.001813 536,163,640,212,6,0.001794 169,196,184,215,0,0.001731 0,200,10,235,3,0.001727 515,193,538,214,6,0.001684 522,171,548,205,6,0.001535 622,177,639,234,6,0.001527 558,160,584,192,6,0.001432 604,185,636,212,6,0.001385 571,185,594,208,0,0.001377 535,184,554,207,6,0.001302 0,162,32,201,5,0.001301 234,188,249,201,6,0.001265 561,165,581,187,3,0.001260 168,189,185,209,2,0.001236 525,175,543,200,3,0.001174 216,191,239,204,6,0.001004
/home/dysjin/data/CARLA.v20-carla_v20.coco/valid/Town02_002640_png.rf.ac6bee6a9e4c4b2a1e149670c97196c1.jpg 298,190,369,244,6,0.183306 391,174,407,193,3,0.182596 262,195,292,215,6,0.038392 390,171,411,195,4,0.017197 623,159,640,205,6,0.006847 381,173,418,192,2,0.004092 425,182,474,213,6,0.002603 299,188,328,232,6,0.002603 302,187,323,207,6,0.002536 275,189,299,212,6,0.002219 451,179,473,213,2,0.001902 291,188,310,206,6,0.001669 260,190,277,210,6,0.001612 453,185,471,211,0,0.001544 304,183,353,217,6,0.001303 330,189,363,244,3,0.001268 400,182,418,203,2,0.001250 628,145,640,176,6,0.001220 235,186,248,202,6,0.001103
/home/dysjin/data/CARLA.v20-carla_v20.coco/valid/007096_png.rf.a26873f70f1467f54f0fd09ea8c1731b.jpg 536,174,623,243,3,0.344697 544,170,615,245,4,0.017398 545,184,578,234,4,0.001175 604,151,640,257,4,0.001043
/home/dysjin/data/CARLA.v20-carla_v20.coco/valid/041683_png.rf.abc13a183255cbb5f9aeca7d55d8b4c0.jpg 302,242,335,315,0,0.077217 305,240,332,308,1,0.035152 82,223,129,250,6,0.002216 285,245,347,307,6,0.001572 305,247,342,299,5,0.001416 291,242,358,310,2,0.001086
/home/dysjin/data/CARLA.v20-carla_v20.coco/valid/041699_png.rf.a4a6f7fb7672ac47b317ec4fe3e21c97.jpg 305,239,331,308,1,0.068989 301,244,333,314,0,0.065866 0,207,13,262,6,0.002824 0,216,8,251,0,0.002595 54,222,106,250,6,0.001695 309,252,327,291,2,0.001415 4,216,30,250,6,0.001243 0,224,7,261,0,0.001012
/home/dysjin/data/CARLA.v20-carla_v20.coco/valid/Town02_006480_png.rf.aec43468267a9993201d034f7031ee5c.jpg 354,179,369,191,6,0.025315 346,178,360,191,6,0.009587 356,168,371,184,4,0.001800 1,158,59,182,6,0.001682 363,176,378,190,6,0.001606 197,186,212,208,1,0.001509 256,188,274,201,6,0.001386 343,168,358,184,4,0.001282 365,165,379,181,4,0.001122 221,185,238,204,6,0.001031
/home/dysjin/data/CARLA.v20-carla_v20.coco/valid/Town02_003060_png.rf.b28380c7e6ad26a4ccdfda39d4db7f85.jpg 548,192,621,222,6,0.091667 608,186,637,230,6,0.024854 530,184,544,214,1,0.013824 529,193,544,217,6,0.012579 528,180,547,215,2,0.011782 532,181,558,214,6,0.008439 623,195,638,226,6,0.007169 551,187,577,222,0,0.004930 556,182,589,219,6,0.003683 553,186,571,211,6,0.002827 625,153,640,220,6,0.002549 613,203,640,253,6,0.002168 531,175,542,199,0,0.001662 0,198,77,380,6,0.001496 630,169,639,203,6,0.001482 626,213,639,247,6,0.001351 612,201,640,241,1,0.001286 2,207,32,380,6,0.001162 46,187,114,212,6,0.001023
/home/dysjin/data/CARLA.v20-carla_v20.coco/valid/Town01_009120_png.rf.b3886317404f3c307752dac4625c4b0e.jpg 306,191,331,210,6,0.067307 325,188,348,205,6,0.020910 374,196,397,214,6,0.010219 323,185,379,206,6,0.008506 13,207,72,237,6,0.003328 297,193,335,213,2,0.003217 385,199,410,213,6,0.002916 630,195,640,221,6,0.002914 297,190,314,204,6,0.002662 0,185,11,255,2,0.002118 372,185,426,215,6,0.001577 244,188,262,202,6,0.001383 332,193,392,214,6,0.001255 280,187,297,201,6,0.001143 368,189,387,209,0,0.001109
/home/dysjin/data/CARLA.v20-carla_v20.coco/valid/051305_png.rf.af3e2dc55ae45fc793f7f25eb6fdf7b4.jpg 427,209,463,241,3,0.120735 430,214,462,241,4,0.008072
/home/dysjin/data/CARLA.v20-carla_v20.coco/valid/007291_png.rf.b33e9d647d42777054dfb5f46d23bbad.jpg 382,221,402,238,3,0.103611 381,218,401,237,6,0.030815 381,219,404,241,4,0.016698 373,221,406,238,2,0.004402 372,215,387,233,6,0.001180
/home/dysjin/data/CARLA.v20-carla_v20.coco/valid/Town05_005820_png.rf.abc3e70595852b4f2320e8b55c805a27.jpg 300,192,336,216,6,0.064048 324,187,344,208,6,0.005303 0,13,9,82,2,0.002202 0,27,6,66,0,0.002140 0,40,7,75,0,0.001619 618,256,640,380,6,0.001229 309,184,358,210,6,0.001190
/home/dysjin/data/CARLA.v20-carla_v20.coco/valid/Town05_006960_png.rf.9d31f2ffd8a1d723122d28555c0e3321.jpg 283,183,297,206,1,0.054203 281,178,301,207,0,0.010496 287,184,306,203,6,0.004995 601,178,640,380,6,0.001532 375,172,429,197,6,0.001274 632,193,640,224,6,0.001034 285,192,298,214,0,0.001004
/home/dysjin/data/CARLA.v20-carla_v20.coco/valid/Town02_009720_png.rf.b20474373a38fe973889a895d5aba03e.jpg 297,193,341,254,6,0.078651 266,189,280,211,1,0.032573 267,192,279,215,0,0.014736 621,152,640,194,6,0.006578 610,170,635,192,6,0.004304 261,189,279,209,6,0.002982 629,148,640,177,6,0.001171
/home/dysjin/data/CARLA.v20-carla_v20.coco/valid/Town01_002220_png.rf.9b6e376c042a4b43cdf2a33f00250d62.jpg 188,190,448,380,6,0.158080 278,188,327,208,6,0.012234 626,207,640,237,6,0.006042 183,0,455,380,4,0.005363 0,165,6,199,0,0.001851 269,186,286,203,6,0.001767 255,184,272,201,6,0.001693 315,188,336,203,6,0.001613 3,133,56,166,6,0.001576 628,109,640,137,6,0.001366 204,176,226,192,6,0.001257 0,179,11,238,6,0.001245 626,128,640,189,6,0.001232 246,185,264,201,0,0.001198 597,207,640,238,6,0.001196 0,190,7,225,0,0.001148 282,194,298,213,0,0.001142 288,196,313,212,6,0.001070 0,176,6,211,0,0.001036
/home/dysjin/data/CARLA.v20-carla_v20.coco/valid/Town01_003900_png.rf.b43a572a2d61a01bb389880cf86179de.jpg 181,188,456,380,6,0.187394 403,173,421,224,2,0.028651 179,0,459,380,4,0.005527 2,190,34,223,6,0.003957 336,191,360,207,6,0.003445 0,183,14,234,6,0.003396 282,186,344,207,6,0.002155 289,190,314,205,6,0.001941 312,189,366,209,6,0.001892 0,175,12,223,6,0.001714 630,192,640,224,6,0.001583
/home/dysjin/data/CARLA.v20-carla_v20.coco/valid/029067_png.rf.b686edaf28a0971571945f7b069613d5.jpg 538,222,583,346,2,0.351532
/home/dysjin/data/CARLA.v20-carla_v20.coco/valid/Town02_004200_png.rf.b4d2f32e1287253b4f35bf521927be39.jpg 269,188,291,208,6,0.162354 375,189,396,208,6,0.059138 291,187,309,199,6,0.008834 354,185,370,199,6,0.006071 304,186,321,199,6,0.004430 386,188,407,206,6,0.003828 261,187,278,204,6,0.003021 346,180,360,193,6,0.002561 347,185,360,198,0,0.001851 631,190,640,224,6,0.001694 629,172,640,241,0,0.001633 404,186,421,205,6,0.001268 414,182,464,213,6,0.001191 370,195,388,212,6,0.001118 0,169,14,222,6,0.001059
/home/dysjin/data/CARLA.v20-carla_v20.coco/valid/Town02_002100_png.rf.b49da10e2c41ab65d4c132e46f15d3e3.jpg 276,184,293,203,6,0.110735 300,185,337,287,1,0.072225 0,181,17,216,6,0.035293 309,186,325,205,6,0.018158 304,188,329,232,6,0.007136 0,183,30,213,0,0.004316 289,185,308,201,6,0.004169 0,183,13,251,6,0.002262 316,180,330,195,6,0.002226 299,200,331,265,6,0.002165 259,187,296,203,2,0.001625 272,193,288,212,6,0.001605 4,190,22,217,0,0.001443 0,158,24,250,6,0.001352 259,188,277,201,6,0.001126
/home/dysjin/data/CARLA.v20-carla_v20.coco/valid/003752_png.rf.bb0716bc5b93fa8b10f41577e20a2f35.jpg 399,217,424,240,3,0.103970 305,237,326,253,6,0.025908 399,215,425,239,4,0.025844 293,236,316,251,6,0.002130 0,197,12,268,2,0.001017
/home/dysjin/data/CARLA.v20-carla_v20.coco/valid/138327_png.rf.b4aecc174d58e25a6e680c2468864172.jpg 14,233,44,299,2,0.122598 0,233,16,304,2,0.003808 9,238,52,296,5,0.003568 0,245,41,291,6,0.001592 15,226,41,278,0,0.001069 0,226,69,296,0,0.001068
/home/dysjin/data/CARLA.v20-carla_v20.coco/valid/Town05_009600_png.rf.b886b3525f44da0ae66796230d91b958.jpg 95,192,230,230,6,0.203557 372,186,411,209,6,0.122506 582,182,639,207,6,0.108454 466,188,499,212,6,0.056322 98,197,162,236,6,0.049787 529,183,546,199,6,0.033691 558,184,584,200,6,0.024608 160,188,225,225,6,0.021149 584,187,605,204,6,0.020235 627,182,640,213,6,0.014415 626,178,640,233,0,0.013128 399,186,419,203,6,0.012251 415,178,436,195,6,0.011464 485,189,503,210,6,0.006521 551,180,572,196,6,0.005765 515,185,536,201,6,0.005680 191,196,214,223,6,0.004370 630,159,640,188,6,0.003369 368,188,388,205,6,0.002337 437,178,460,192,6,0.002335 499,188,520,205,6,0.002305 630,200,640,234,1,0.001776 141,185,200,211,6,0.001418 533,175,557,200,6,0.001348 424,184,444,198,6,0.001221 571,181,599,203,6,0.001202 405,178,424,199,6,0.001039 610,176,636,198,6,0.001023
/home/dysjin/data/CARLA.v20-carla_v20.coco/valid/Town01_002340_png.rf.b8976b6d8f366e29aeb47fb3b3146b33.jpg 187,190,449,380,6,0.158588 276,190,298,206,6,0.042910 277,188,325,209,6,0.017881 625,207,640,237,6,0.006264 182,0,455,380,4,0.005359 280,194,296,212,0,0.002809 254,185,272,202,6,0.002685 315,187,335,202,6,0.002043 3,132,56,167,6,0.001866 247,185,263,201,0,0.001576 626,128,640,190,6,0.001321 0,179,10,238,6,0.001268 0,190,7,225,0,0.001213 0,165,6,198,0,0.001210 629,109,640,137,6,0.001204 205,176,227,192,6,0.001138 597,208,640,238,6,0.001060 287,196,312,212,6,0.001019
/home/dysjin/data/CARLA.v20-carla_v20.coco/valid/Town05_009780_png.rf.c3069a0d7ec82f2e1960c0497cec36fe.jpg 281,198,354,253,6,0.169073 435,205,466,234,6,0.015515 372,186,383,200,0,0.007858 375,187,397,200,6,0.004999 316,189,337,204,6,0.003891 303,191,327,204,6,0.002973 291,190,340,209,6,0.001378 357,178,373,192,6,0.001362 327,189,344,204,0,0.001190
/home/dysjin/data/CARLA.v20-carla_v20.coco/valid/Town05_002700_png.rf.b9dfa75f628efa31633800bb9dfee796.jpg 366,179,390,197,6,0.033937 387,177,408,192,6,0.010891 0,172,15,223,6,0.010485 402,176,418,190,6,0.006853 0,178,11,216,1,0.005625 0,185,9,223,6,0.005069 355,178,376,194,6,0.004195 3,179,28,214,6,0.002364 414,177,431,191,6,0.001738 343,176,361,192,6,0.001447 332,175,346,192,0,0.001353 0,179,34,215,0,0.001195
/home/dysjin/data/CARLA.v20-carla_v20.coco/valid/005173_png.rf.c24ac196d86260d3a384e12093bfa5ef.jpg 471,190,526,245,3,0.069331 477,193,516,241,4,0.005768 469,194,513,245,5,0.002840
/home/dysjin/data/CARLA.v20-carla_v20.coco/valid/Town01_005820_png.rf.c9053a957ff7561268673aaec9e095f0.jpg 294,187,343,315,6,0.126092 298,186,344,316,1,0.108336 175,203,207,220,6,0.011509 343,176,357,192,6,0.005942 315,185,333,205,6,0.004329 556,163,584,181,6,0.004148 403,192,443,218,6,0.004039 387,137,410,159,6,0.003668 624,123,640,173,6,0.003162 0,177,11,241,6,0.001792 330,178,349,194,6,0.001783 0,191,10,248,6,0.001501 0,200,7,237,1,0.001448 401,162,419,179,4,0.001356 556,146,611,177,6,0.001336 173,208,189,224,6,0.001307 369,184,381,202,0,0.001288 0,189,7,226,1,0.001238 351,178,370,192,6,0.001131 572,160,593,179,6,0.001090 401,186,423,211,6,0.001042 306,179,326,193,6,0.001033 400,150,421,169,4,0.001007
/home/dysjin/data/CARLA.v20-carla_v20.coco/valid/Town01_011580_png.rf.c8aa9ea674a7d69974d55bf63b55ddbf.jpg 263,187,289,206,6,0.242809 580,188,640,221,6,0.099992 471,198,522,243,6,0.054359 584,168,640,208,6,0.025528 52,191,81,226,6,0.024785 416,195,438,213,6,0.020263 553,184,572,208,6,0.019819 622,183,640,229,6,0.012554 318,181,336,194,6,0.010942 380,188,399,205,6,0.004805 308,185,325,198,6,0.004519 243,189,261,203,6,0.004482 551,179,594,213,6,0.004467 555,178,570,196,3,0.003856 0,155,16,212,6,0.003777 0,170,11,247,2,0.003679 627,170,640,201,6,0.003515 402,189,448,212,6,0.003323 232,189,250,202,6,0.003178 0,161,13,231,6,0.002953 0,185,8,256,2,0.002740 479,185,523,211,6,0.002447 289,185,307,199,6,0.002370 0,200,6,239,0,0.002297 277,179,295,200,6,0.002147 540,185,558,204,6,0.001946 0,166,10,198,3,0.001907 482,201,509,221,6,0.001842 259,195,277,210,6,0.001816 2,170,58,200,6,0.001804 575,176,600,216,2,0.001788 328,185,343,198,6,0.001743 218,188,237,202,6,0.001681 559,178,577,198,6,0.001662 485,174,535,199,6,0.001580 420,187,477,208,6,0.001498 607,190,640,223,4,0.001473 0,188,7,225,0,0.001428 437,190,461,206,6,0.001392 578,193,594,218,0,0.001366 170,188,187,209,6,0.001237 0,210,5,250,2,0.001207 496,179,523,195,6,0.001174 69,188,90,206,6,0.001161 480,209,511,232,0,0.001153 627,188,640,244,1,0.001140 0,176,9,211,3,0.001100 452,186,470,200,6,0.001097 604,194,636,217,6,0.001064 31,184,81,214,6,0.001037 479,189,497,206,0,0.001036
/home/dysjin/data/CARLA.v20-carla_v20.coco/valid/Town01_007440_png.rf.bed11eeb1dde416bf8789b24a8a5c0f8.jpg 525,176,640,216,6,0.156311 262,193,276,214,6,0.069517 526,178,552,214,6,0.063200 178,212,201,224,6,0.015634 259,186,280,213,0,0.008657 170,214,192,228,6,0.008055 622,168,639,226,6,0.007620 517,179,557,216,0,0.007492 293,188,310,199,6,0.004208 376,185,399,207,6,0.003816 219,203,237,217,6,0.003472 278,189,298,202,6,0.002657 392,186,410,210,2,0.002626 396,187,456,211,6,0.002612 191,211,211,222,6,0.002506 525,184,593,228,6,0.002355 305,187,319,199,0,0.002102 629,170,640,203,6,0.002023 206,204,226,218,6,0.001526 613,193,633,220,6,0.001378 345,187,359,203,0,0.001338 256,192,297,206,6,0.001234 246,195,283,212,2,0.001168 398,182,424,213,2,0.001099 597,186,640,226,6,0.001026
/home/dysjin/data/CARLA.v20-carla_v20.coco/valid/Town05_011760_png.rf.c548e0a947d80bc036151e4db99afcfa.jpg 22,207,203,337,6,0.235262 315,183,330,199,6,0.094027 312,182,324,199,0,0.043482 292,181,314,192,6,0.005594 280,180,299,190,6,0.003396 258,175,273,186,6,0.003087 326,184,343,199,6,0.002414 344,178,358,190,6,0.002409 0,206,122,377,6,0.002227 0,0,264,380,2,0.001917 268,177,286,188,6,0.001885 0,165,192,380,6,0.001587 257,168,272,181,6,0.001540 379,175,397,187,6,0.001238 354,176,368,188,6,0.001057 0,68,226,380,3,0.001001 631,131,640,163,6,0.001000
/home/dysjin/data/CARLA.v20-carla_v20.coco/valid/075708_png.rf.c1818fa586a2b613b2806f928a933d9d.jpg 162,246,264,296,6,0.339401 309,241,350,272,6,0.283440 0,248,182,436,6,0.132352 237,237,266,277,6,0.033338 214,247,268,287,6,0.005473 352,233,368,254,6,0.005031 344,236,359,257,6,0.003825 253,246,269,271,6,0.003303 0,16,239,480,1,0.002569 255,239,270,260,0,0.002529 346,226,363,247,3,0.001514 294,238,311,256,6,0.001492 338,247,355,267,0,0.001328 37,252,182,312,6,0.001299 316,245,351,269,0,0.001287
/home/dysjin/data/CARLA.v20-carla_v20.coco/valid/Town05_009900_png.rf.c90bd5781f975f44de47fd794a1f9ac6.jpg 349,193,432,248,6,0.250527 333,185,350,199,6,0.039765 389,180,410,192,6,0.010715 471,180,500,193,6,0.009782 442,180,460,194,6,0.009108 319,187,340,200,6,0.005809 379,179,399,192,6,0.005476 489,185,507,197,6,0.002690 374,183,426,211,6,0.002498 501,180,517,192,6,0.002351 416,179,431,193,6,0.002333 427,180,444,194,6,0.002042 452,184,469,198,6,0.001892 404,178,420,193,6,0.001878 417,187,434,207,0,0.001706 555,179,571,193,6,0.001704 572,0,640,236,6,0.001666 330,180,354,203,0,0.001478 425,186,445,203,6,0.001320 390,186,412,203,6,0.001316 528,186,541,198,0,0.001308 525,180,542,193,6,0.001257 538,186,555,198,6,0.001240 515,179,530,192,6,0.001106 414,191,436,247,2,0.001086 367,177,385,190,6,0.001067 414,186,437,230,0,0.001035
/home/dysjin/data/CARLA.v20-carla_v20.coco/valid/Town05_009660_png.rf.cc2e0d6a11c64dbe092a6e9321c6a170.jpg 242,208,403,327,6,0.289166 410,187,472,211,6,0.205788 379,174,391,194,6,0.062217 625,182,640,208,6,0.027379 259,178,274,193,6,0.020473 342,183,356,204,6,0.014984 611,185,634,201,6,0.013457 350,177,372,193,6,0.006277 210,185,227,198,6,0.004659 377,168,394,197,0,0.004559 219,149,425,361,4,0.002751 339,178,359,209,0,0.002603 243,178,267,192,6,0.002534 446,189,468,207,6,0.002175 378,166,393,187,2,0.001639 257,184,271,198,0,0.001606 602,187,622,200,6,0.001575 126,0,512,380,2,0.001552 414,190,437,206,6,0.001507 256,171,279,197,0,0.001272 217,54,422,380,2,0.001238 293,188,311,203,6,0.001164 385,175,405,194,6,0.001120 196,185,213,199,6,0.001042 213,179,433,380,6,0.001037
/home/dysjin/data/CARLA.v20-carla_v20.coco/valid/003769_png.rf.c5c0c17fa97551316c57744e9608f796.jpg 493,192,551,242,3,0.093347 305,239,325,254,6,0.018749 491,191,552,242,4,0.011557 290,237,315,252,6,0.005007 281,237,300,251,6,0.001472 357,226,371,241,3,0.001056
/home/dysjin/data/CARLA.v20-carla_v20.coco/valid/121197_png.rf.c99e70822c663f40252f74e6b2ad5094.jpg 252,266,400,373,6,0.342225 392,237,404,253,6,0.004304 490,246,535,274,6,0.003407 233,221,421,436,0,0.001860 308,240,325,258,6,0.001470 225,199,418,411,6,0.001315 203,56,436,480,2,0.001087 264,238,283,254,6,0.001049
/home/dysjin/data/CARLA.v20-carla_v20.coco/valid/004966_png.rf.c9d8d72d0920460b612251c5fddc5770.jpg 427,204,467,241,3,0.216696 426,206,459,240,4,0.008443 626,203,640,261,6,0.001545
/home/dysjin/data/CARLA.v20-carla_v20.coco/valid/Town01_006240_png.rf.cc5628eb556a5a5bd1824a8d19313b41.jpg 308,188,326,209,6,0.084215 315,191,328,216,1,0.027785 0,185,12,253,2,0.025507 622,160,640,209,6,0.011304 596,197,640,240,6,0.010297 0,199,9,239,1,0.009207 620,183,640,236,6,0.006849 297,187,313,201,6,0.006549 387,176,416,191,6,0.005665 357,177,375,189,6,0.004966 624,149,640,196,3,0.004143 312,189,331,217,0,0.003975 2,186,29,233,6,0.003578 0,189,8,227,1,0.002730 0,209,7,249,1,0.002040 390,168,413,183,6,0.001962 0,199,10,260,2,0.001941 376,177,400,191,6,0.001857 0,196,32,242,5,0.001847 2,192,28,242,2,0.001702 325,186,343,204,6,0.001681 1,156,31,259,2,0.001364 626,215,639,246,6,0.001349 598,177,640,220,6,0.001286 0,164,11,234,6,0.001210 589,184,640,233,6,0.001107 296,193,334,214,2,0.001060
/home/dysjin/data/CARLA.v20-carla_v20.coco/valid/001638_png.rf.c98e4c5bc2a68de358073a26469c81b2.jpg 424,209,454,239,3,0.162553 153,224,172,242,3,0.054757 41,231,95,257,6,0.020743 421,211,453,238,4,0.015500 153,220,173,245,4,0.008729 608,126,639,279,2,0.002447 422,214,438,235,3,0.001288
/home/dysjin/data/CARLA.v20-carla_v20.coco/valid/051274_png.rf.d5f64278c64b556983082379a316485f.jpg 554,169,637,247,3,0.254283 359,227,375,241,3,0.030948 563,167,634,247,4,0.022657 355,223,380,244,4,0.001874
/home/dysjin/data/CARLA.v20-carla_v20.coco/valid/Town01_001440_png.rf.e4b4351effd31d5b433710cffb8243e4.jpg 384,175,400,192,3,0.231427 0,198,30,241,6,0.006987 383,173,405,194,4,0.005763 373,174,407,191,2,0.004462 0,179,15,240,6,0.003339 114,200,170,223,6,0.002211 371,175,388,189,3,0.002141 342,175,357,192,6,0.002077 0,199,10,238,1,0.001613 0,157,30,258,2,0.001371 0,198,36,240,0,0.001091
/home/dysjin/data/CARLA.v20-carla_v20.coco/valid/019121_png.rf.deb86464dd224ac85f75272f851fc0a8.jpg 504,237,566,259,6,0.162039 539,235,578,257,6,0.090622 500,240,525,258,6,0.012115 586,224,607,268,2,0.004531 631,230,640,263,6,0.002663 547,244,569,261,6,0.002623 559,244,580,262,6,0.001588 576,245,593,265,6,0.001284 393,248,410,271,6,0.001179 195,232,208,257,2,0.001038
/home/dysjin/data/CARLA.v20-carla_v20.coco/valid/041811_png.rf.e8d4c17844854d24f9b2bec66a8a8889.jpg 47,225,65,243,3,0.109499 0,234,17,282,6,0.031493 1,228,27,264,6,0.022351 0,211,17,258,6,0.018935 0,240,15,297,2,0.017458 0,250,10,286,1,0.012214 51,225,75,243,6,0.011367 0,242,12,273,1,0.009959 46,216,62,238,3,0.006805 0,217,12,250,1,0.004767 3,242,24,270,6,0.004074 0,236,31,279,5,0.003663 0,231,12,261,6,0.003613 4,220,23,251,0,0.003490 0,243,11,316,0,0.003327 1,203,26,308,6,0.003263 0,207,22,345,6,0.003011 36,216,51,234,4,0.002823 38,222,75,244,2,0.002568 0,215,38,256,6,0.002535 46,231,67,253,3,0.002525 413,205,461,234,6,0.002330 39,222,55,241,3,0.002276 45,226,70,257,6,0.002240 1,244,27,288,6,0.001962 0,260,7,298,2,0.001929 3,198,23,455,6,0.001798 2,178,20,422,6,0.001631 631,231,640,264,6,0.001555 0,231,32,263,0,0.001503 4,206,28,244,6,0.001499 99,224,111,245,0,0.001292 0,205,11,239,1,0.001291 627,228,640,284,2,0.001245 44,214,67,240,4,0.001242 0,178,29,286,6,0.001157 66,225,86,242,6,0.001152 0,241,59,275,6,0.001114
/home/dysjin/data/CARLA.v20-carla_v20.coco/valid/041657_png.rf.e06a4a0ae870ee5d8dbe97fc65b5b666.jpg 302,242,334,316,0,0.070554 307,240,335,303,1,0.066297 0,196,10,272,2,0.003485 0,213,10,280,2,0.003484 0,226,7,264,0,0.003261 305,246,341,298,5,0.002602 110,222,152,251,6,0.002587 0,237,7,273,0,0.002245 0,224,10,289,2,0.002151 151,222,203,247,6,0.001953 0,211,6,254,0,0.001889 314,254,330,287,0,0.001720 439,226,459,265,2,0.001365
/home/dysjin/data/CARLA.v20-carla_v20.coco/valid/001519_png.rf.e42bb854e84b40164ed2795569b2eb6f.jpg 571,223,587,243,3,0.127768 606,234,620,257,6,0.023224 566,233,586,252,3,0.010802 571,220,589,247,4,0.010773 340,234,355,251,6,0.009900 606,218,637,253,6,0.009783 628,229,640,260,6,0.005650 166,237,214,262,6,0.002778 167,245,188,263,6,0.002404 335,235,351,253,2,0.002171 305,239,323,251,6,0.001782 590,235,634,256,6,0.001497 631,207,640,239,6,0.001388 630,293,640,324,6,0.001167 350,236,371,251,6,0.001137 563,224,603,241,2,0.001123
/home/dysjin/data/CARLA.v20-carla_v20.coco/valid/Town02_005280_png.rf.ec981f5d8aec80a53ec1f9961c2321af.jpg 69,196,141,222,6,0.164632 148,198,219,263,6,0.118773 40,199,102,223,6,0.041897 0,192,12,224,6,0.013493 174,196,208,250,6,0.006567 42,202,67,222,6,0.004304 0,175,16,224,6,0.004219 629,218,640,247,6,0.003815 113,201,137,219,6,0.003212 2,197,25,217,6,0.002925 0,190,14,243,6,0.002799 627,195,640,246,0,0.002286 154,204,210,275,0,0.002139 148,176,220,280,1,0.002134 0,182,11,216,0,0.002020 0,193,30,221,0,0.001879 90,197,191,248,6,0.001738 51,186,112,217,6,0.001448 74,201,110,218,6,0.001229 39,208,54,224,0,0.001135
/home/dysjin/data/CARLA.v20-carla_v20.coco/valid/001509_png.rf.ed3baed466e7f65c1a01fb57bf942b65.jpg 571,223,587,243,3,0.109598 605,235,620,257,6,0.013460 566,233,585,252,3,0.012642 571,220,588,247,4,0.009444 340,234,354,252,6,0.008247 607,218,637,253,6,0.006227 629,229,640,260,6,0.004968 166,237,213,262,6,0.003202 167,245,188,263,6,0.003073 304,239,323,251,6,0.002356 335,235,351,252,0,0.001987 631,206,640,238,6,0.001419 630,293,640,324,6,0.001307 590,235,634,256,6,0.001104 562,224,603,241,2,0.001011
/home/dysjin/data/CARLA.v20-carla_v20.coco/valid/033890_png.rf.e368755037cdc345b45b625d64db27a1.jpg 591,230,631,328,2,0.315076 249,247,423,367,6,0.250431 0,240,14,300,6,0.011928 130,237,144,257,6,0.005621 0,250,10,287,1,0.005197 0,228,12,292,6,0.005080 245,242,287,364,1,0.003687 622,240,639,327,2,0.003650 0,251,13,309,6,0.003341 0,240,8,274,0,0.002905 236,201,439,399,4,0.002608 126,235,141,259,2,0.002606 585,229,640,321,0,0.002458 0,262,9,297,1,0.002339 377,246,418,373,1,0.002027 136,0,502,480,3,0.001665 0,250,30,287,0,0.001157 624,269,640,342,6,0.001050
/home/dysjin/data/CARLA.v20-carla_v20.coco/valid/075724_png.rf.e0c3e9a2b7f318c71e76ccdcb0dda6a1.jpg 295,241,330,268,6,0.162335 0,254,75,443,6,0.127449 194,248,242,287,6,0.057893 37,261,197,325,6,0.053947 118,252,238,305,6,0.014610 0,222,68,399,6,0.011690 625,231,639,259,6,0.008949 223,241,248,280,0,0.007858 3,261,78,480,6,0.006745 279,239,298,256,6,0.003721 613,235,634,255,6,0.003019 626,191,639,254,6,0.002794 216,254,239,283,6,0.002648 223,247,248,285,1,0.002019 0,230,41,339,6,0.001422 616,223,634,247,3,0.001373 139,246,197,275,6,0.001351 0,252,72,318,6,0.001272 205,238,246,302,0,0.001180 9,258,144,391,6,0.001173 192,235,243,268,6,0.001102
/home/dysjin/data/CARLA.v20-carla_v20.coco/valid/112477_png.rf.ecf5d82849f8b68362ce65c8d2645a1c.jpg 337,232,362,294,2,0.086087 588,236,640,255,6,0.010072 628,232,640,259,6,0.003223 331,241,372,292,5,0.001657 327,233,359,306,6,0.001524 341,244,358,290,1,0.001323 327,225,359,301,0,0.001182
/home/dysjin/data/CARLA.v20-carla_v20.coco/valid/Town02_001980_png.rf.ee7206fcf98c96c61f2900b25e79ce20.jpg 295,188,341,315,6,0.155890 0,190,63,223,6,0.124335 300,185,341,319,1,0.072466 157,180,179,215,0,0.053290 159,183,176,215,1,0.022090 39,195,66,214,6,0.016741 133,184,178,213,6,0.007747 162,178,185,214,2,0.007233 0,177,15,218,6,0.006123 0,182,16,233,6,0.005232 29,190,56,218,6,0.004459 4,183,34,217,6,0.003159 144,182,185,215,5,0.001887 156,181,200,213,6,0.001599 11,199,49,219,6,0.001512 3,196,37,235,6,0.001502 166,192,181,217,0,0.001465 54,198,73,214,6,0.001401 332,177,344,191,6,0.001392 55,187,74,208,6,0.001221 400,138,417,158,3,0.001219 318,188,331,203,6,0.001136 131,185,154,206,6,0.001128 306,178,322,190,6,0.001100 319,179,333,192,6,0.001020
/home/dysjin/data/CARLA.v20-carla_v20.coco/valid/026829_png.rf.e6f26e62f316568466a95ba7fd18d850.jpg 373,221,393,240,3,0.206865 1,230,28,282,2,0.028385 373,218,394,241,4,0.024285 0,219,14,278,2,0.011570 29,230,83,264,6,0.004388 0,233,13,301,2,0.004351 630,267,640,299,6,0.004245 0,237,11,278,1,0.004178 629,254,640,309,0,0.002727 2,233,39,281,6,0.002598 629,241,640,302,2,0.002564 0,227,10,267,1,0.002347 368,220,403,239,2,0.001963 0,248,9,285,1,0.001801 0,233,34,281,5,0.001347 1,209,26,335,6,0.001266
/home/dysjin/data/CARLA.v20-carla_v20.coco/valid/007076_png.rf.d635d979c35f5dd6da756ef9889aef0b.jpg 395,215,422,241,3,0.085816 393,215,424,242,4,0.008356
/home/dysjin/data/CARLA.v20-carla_v20.coco/valid/112475_png.rf.df928fa484eb08e1454caacc1e194352.jpg 335,232,357,291,2,0.081630 587,236,640,256,6,0.009136 327,233,357,304,0,0.005227 628,231,640,260,6,0.003235
/home/dysjin/data/CARLA.v20-carla_v20.coco/valid/Town02_006960_png.rf.eedfb90c1deb0d66a31341acd2e08f4f.jpg 147,164,166,182,3,0.172774 578,188,640,234,6,0.077320 3,176,32,210,6,0.076318 224,175,251,190,6,0.013215 168,176,189,194,6,0.010646 176,177,202,193,6,0.008580 154,169,173,190,6,0.008335 0,164,16,210,6,0.006138 139,162,172,182,2,0.004737 0,160,30,239,6,0.002942 0,177,13,212,1,0.002512 149,162,172,185,4,0.002458 0,168,41,204,6,0.002420 623,181,640,235,6,0.002409 268,172,314,197,6,0.002397 0,166,10,205,1,0.001745 625,186,640,249,2,0.001687 576,153,640,260,6,0.001680 618,199,640,380,6,0.001625 3,168,28,380,6,0.001488 0,144,9,205,6,0.001292 146,165,181,183,6,0.001223 0,215,152,341,6,0.001008
/home/dysjin/data/CARLA.v20-carla_v20.coco/valid/Town05_010860_png.rf.f31c0584fff1474ad2b0f4132e874f7d.jpg 0,181,62,215,6,0.105725 310,182,332,241,0,0.079755 309,186,333,246,1,0.056814 0,170,16,222,2,0.007174 0,187,8,224,6,0.005602 0,178,10,215,1,0.003366 0,153,13,217,6,0.002700 0,183,12,227,0,0.002511 314,187,329,215,0,0.001918 345,178,358,191,6,0.001282 6,195,26,213,6,0.001255 12,196,46,212,6,0.001247 353,178,371,190,6,0.001199 0,164,8,201,0,0.001032
/home/dysjin/data/CARLA.v20-carla_v20.coco/valid/Town05_004800_png.rf.ee7c080c8716cb366969ca625bb6d68b.jpg 240,184,270,202,6,0.140347 216,185,238,202,6,0.044719 350,182,367,201,6,0.034404 225,186,254,201,6,0.017420 527,206,640,380,6,0.011486 626,171,640,199,6,0.005619 346,178,364,200,1,0.004197 392,173,407,191,6,0.002299 344,179,367,204,0,0.002278 360,184,384,199,6,0.001992 474,137,625,380,6,0.001825 241,194,266,211,6,0.001759 352,175,399,199,6,0.001738 266,180,287,194,6,0.001322 244,351,307,380,6,0.001162 0,157,14,212,6,0.001027
/home/dysjin/data/CARLA.v20-carla_v20.coco/valid/Town05_009840_png.rf.f5040ce45ecca2822cb3b1b4ea8a6f61.jpg 290,198,368,251,6,0.288872 269,188,282,200,6,0.002323 337,194,366,245,6,0.001850 291,187,307,202,6,0.001586 260,188,273,200,6,0.001560 353,189,372,206,6,0.001429 404,180,424,192,6,0.001366 627,158,640,187,6,0.001306 353,198,369,220,0,0.001240 365,187,382,203,6,0.001204 405,187,423,198,6,0.001198 290,209,319,252,0,0.001140 364,179,384,194,6,0.001138 291,198,309,218,6,0.001136 291,200,317,243,6,0.001114 442,196,457,217,2,0.001102 630,207,640,279,2,0.001030
/home/dysjin/data/CARLA.v20-carla_v20.coco/valid/041861_png.rf.f5f3812ca6c536c5c25bea3d596be111.jpg 92,250,234,306,6,0.222639 300,236,324,288,0,0.136478 401,214,429,239,6,0.057198 400,217,429,240,3,0.054007 213,230,241,283,2,0.006567 212,227,240,270,6,0.006118 305,248,321,284,1,0.004440 300,226,328,276,6,0.004036 305,220,338,299,0,0.002480 396,215,411,235,6,0.002135 195,236,241,282,6,0.001785 396,220,413,239,3,0.001744 148,239,252,299,6,0.001531 545,245,640,311,6,0.001397 216,234,238,261,0,0.001180 213,239,240,293,0,0.001131 356,212,368,230,0,0.001069 215,228,237,248,6,0.001030 246,230,334,283,6,0.001000
/home/dysjin/data/CARLA.v20-carla_v20.coco/valid/Town02_003120_png.rf.f36fecf8d2ee4965c1f3bddaaaad5f33.jpg 407,191,494,221,6,0.120818 578,183,640,214,6,0.046472 618,179,640,218,6,0.041387 623,203,639,236,6,0.009937 549,186,605,212,6,0.006297 612,172,640,266,6,0.005583 409,192,439,222,6,0.002972 404,199,425,219,1,0.002873 460,199,485,220,6,0.002761 613,204,640,252,0,0.001926 627,170,639,205,6,0.001816 615,197,640,241,1,0.001742 570,196,598,211,6,0.001573 0,178,6,214,0,0.001490 1,197,76,380,6,0.001482 403,193,429,221,0,0.001462 442,199,478,218,0,0.001381 376,198,398,213,6,0.001301 0,185,6,225,0,0.001212 595,189,624,209,6,0.001176 2,207,32,380,6,0.001080 390,198,411,214,6,0.001063
/home/dysjin/data/CARLA.v20-carla_v20.coco/valid/003755_png.rf.f6343810071c5f5401b5697ef363285d.jpg 408,217,435,240,3,0.076050 408,217,436,240,4,0.036810 304,238,324,253,6,0.008572 293,237,315,252,6,0.002052
/home/dysjin/data/CARLA.v20-carla_v20.coco/valid/Town01_003300_png.rf.fae28071a74fa02928094ff14cdbb3aa.jpg 265,199,363,269,6,0.433029 383,196,395,217,0,0.012260 316,190,336,205,6,0.009175 277,190,295,207,6,0.008408 629,207,640,237,6,0.006885 83,187,100,209,6,0.006710 166,189,219,210,6,0.006471 71,188,93,208,6,0.006210 511,185,560,210,6,0.006193 194,197,213,211,6,0.005545 627,195,640,246,0,0.003981 548,206,594,239,6,0.003372 422,192,450,224,6,0.003347 82,180,103,212,2,0.002890 178,197,204,210,6,0.002298 386,197,407,216,6,0.002033 24,209,39,231,6,0.001693 417,197,434,221,6,0.001535 285,191,346,224,6,0.001504 0,196,5,239,0,0.001441 48,209,67,228,6,0.001371 241,153,262,170,6,0.001339 58,188,78,208,6,0.001313 289,189,309,205,6,0.001263 274,191,301,223,6,0.001134 0,207,5,252,0,0.001132 57,197,75,220,6,0.001114 169,196,186,210,6,0.001045 485,200,509,219,6,0.001044
/home/dysjin/data/CARLA.v20-carla_v20.coco/valid/138255_png.rf.fbf65e3e930393318a8312fdaefcae24.jpg 55,236,82,288,2,0.132035 0,236,11,304,2,0.007128 52,238,87,286,5,0.005030 56,235,97,285,6,0.003607 60,217,91,304,2,0.002156 0,250,8,288,1,0.002038 225,233,277,256,6,0.001612 56,247,76,285,1,0.001432 66,242,85,277,0,0.001413 0,249,9,313,2,0.001412 0,260,6,300,1,0.001169
/home/dysjin/data/CARLA.v20-carla_v20.coco/valid/005373_png.rf.f68e0e113c5193c933cbee38c6a6bc2d.jpg 142,235,161,274,2,0.078425 157,231,175,278,2,0.034004 139,236,153,262,2,0.022503 0,250,10,288,1,0.016114 167,234,184,281,2,0.015985 0,245,13,293,2,0.015517 0,241,10,278,2,0.006785 109,233,123,257,2,0.004191 170,238,188,295,2,0.002777 0,264,159,410,6,0.002683 582,184,627,276,2,0.002366 0,259,7,297,0,0.002292 138,241,171,268,5,0.002031 6,254,21,284,2,0.001733 121,236,139,256,2,0.001471 110,241,124,267,2,0.001383 160,228,173,248,2,0.001151 148,228,161,246,2,0.001094 168,227,183,248,2,0.001062 383,234,441,261,6,0.001042 547,213,576,249,3,0.001039 0,183,179,480,6,0.001017 0,252,32,285,5,0.001010
/home/dysjin/data/CARLA.v20-carla_v20.coco/valid/001630_png.rf.ff5ced110f03f998a7a6998ddf647fd2.jpg 408,213,436,238,3,0.114564 406,214,438,238,4,0.029975 52,234,107,255,6,0.014045 166,224,182,242,3,0.007416 630,154,640,239,3,0.001551 166,218,184,248,4,0.001473
/home/dysjin/data/CARLA.v20-carla_v20.coco/valid/006662_png.rf.fa42143249c7b6a780238796639341d3.jpg 465,230,498,311,2,0.173257 463,239,508,300,5,0.004597 477,211,514,313,2,0.004359 543,215,599,253,6,0.001643 453,232,519,305,0,0.001429 452,241,501,301,1,0.001118 448,226,522,296,6,0.001108
/home/dysjin/data/CARLA.v20-carla_v20.coco/valid/Town05_004860_png.rf.f5c138159cbce172c63fa9a736f9c655.jpg 240,184,270,203,6,0.134923 217,185,238,202,6,0.043698 350,182,367,201,6,0.033867 528,207,640,380,6,0.010679 627,171,640,199,6,0.004739 346,177,364,200,1,0.004521 227,182,254,204,6,0.003140 344,173,367,202,0,0.002385 360,184,384,199,6,0.002124 473,139,627,380,6,0.001937 241,194,265,211,6,0.001892 352,175,398,200,6,0.001406 265,181,287,194,6,0.001405 244,351,306,380,6,0.001333 392,174,407,191,6,0.001175
/home/dysjin/data/CARLA.v20-carla_v20.coco/valid/Town01_008460_png.rf.03f3160d63f090b29499596ec3c8c4b5.jpg 18,198,147,245,6,0.296866 576,190,640,220,6,0.090972 537,193,606,225,6,0.062766 626,180,640,211,6,0.018192 425,196,478,213,6,0.012906 543,191,640,241,6,0.011048 538,196,557,219,6,0.010737 538,190,562,223,0,0.007756 625,162,640,211,0,0.006782 5,209,157,334,6,0.004823 342,191,361,203,6,0.003046 0,189,13,250,6,0.002967 527,195,548,215,6,0.002851 543,200,572,221,6,0.002648 593,190,621,209,6,0.002510 628,202,640,233,6,0.002325 0,201,46,241,6,0.002093 236,196,249,213,0,0.001835 0,202,14,262,6,0.001779 609,194,633,217,6,0.001730 353,192,370,206,6,0.001489 0,181,11,236,6,0.001420 0,190,7,222,0,0.001337 2,211,32,253,6,0.001322 516,186,558,214,6,0.001305 0,216,13,272,6,0.001280 0,201,9,235,0,0.001158 250,187,302,207,6,0.001147 0,226,8,260,1,0.001103 73,193,135,229,6,0.001101 514,187,533,209,6,0.001067
/home/dysjin/data/CARLA.v20-carla_v20.coco/valid/005508_png.rf.0ab3da1b4970047c9b42e5bbe5d4e6f1.jpg 31,231,58,285,2,0.258356 92,234,126,311,2,0.055133 24,234,62,283,5,0.004760 105,249,130,307,2,0.003691 92,243,137,296,5,0.002239 0,239,48,279,6,0.002222 34,230,73,305,2,0.002149 469,246,532,278,6,0.001812 0,230,10,288,6,0.001523 75,220,115,305,2,0.001385 42,240,60,278,2,0.001300 94,227,116,275,2,0.001263
/home/dysjin/data/CARLA.v20-carla_v20.coco/valid/Town01_006180_png.rf.089d25ecaf49fe28c7f3bf0c3614732b.jpg 391,175,417,191,6,0.047792 309,187,326,212,6,0.037873 357,173,423,193,6,0.027632 306,188,330,218,0,0.011885 0,196,17,247,6,0.008497 355,175,372,188,6,0.008427 373,176,402,192,6,0.004505 0,213,11,247,6,0.002972 411,177,432,192,6,0.002723 398,167,418,185,6,0.002722 400,183,419,200,6,0.001724 344,174,361,188,6,0.001611 297,187,313,203,6,0.001333 0,202,30,240,0,0.001254 296,192,334,216,2,0.001127
/home/dysjin/data/CARLA.v20-carla_v20.coco/valid/Town02_008340_png.rf.044a76656e2e2fe428cd425926d9acbe.jpg 548,192,622,221,6,0.190597 156,197,242,239,6,0.127963 270,187,288,200,6,0.028628 548,190,576,218,6,0.007758 629,180,640,212,6,0.005005 258,186,276,201,6,0.004896 290,188,310,199,6,0.003604 151,212,215,247,6,0.002474 627,176,640,238,6,0.002440 243,188,259,207,6,0.001721 593,190,619,225,6,0.001607 580,201,640,231,6,0.001346 303,187,320,199,6,0.001341 606,178,638,216,6,0.001166 564,200,603,218,6,0.001090 554,196,585,214,0,0.001036
/home/dysjin/data/CARLA.v20-carla_v20.coco/valid/075710_png.rf.0b62bb94157d1f2113ac6bbefe158022.jpg 163,245,264,296,6,0.337236 309,241,349,271,6,0.244531 0,248,182,436,6,0.128640 217,238,270,283,6,0.026386 344,237,359,257,6,0.003966 352,234,368,254,6,0.003934 242,242,263,275,6,0.003487 0,24,235,480,1,0.002560 253,245,268,271,6,0.002244 255,238,270,260,0,0.002119 293,238,311,256,6,0.001858 34,251,182,311,6,0.001385 339,247,355,266,0,0.001375 0,271,79,471,6,0.001347 632,238,640,275,6,0.001318 317,245,351,269,0,0.001289 282,238,301,256,6,0.001122 629,219,640,293,2,0.001117 211,245,245,292,6,0.001079 307,239,325,262,6,0.001073
/home/dysjin/data/CARLA.v20-carla_v20.coco/valid/041689_png.rf.0d648fbd58416a80b414e4503d51c42e.jpg 302,244,334,315,0,0.063160 305,247,342,299,1,0.001409
/home/dysjin/data/CARLA.v20-carla_v20.coco/valid/003751_png.rf.0ff9ef7c8c8e4f5eab52437609a3b501.jpg 396,218,422,240,3,0.090263 306,237,325,253,6,0.022540 396,216,420,239,4,0.014739 294,236,315,251,6,0.001355
/home/dysjin/data/CARLA.v20-carla_v20.coco/valid/Town02_008820_png.rf.135414697b8215dc125af6b125d3058c.jpg 510,181,555,213,6,0.179258 277,208,364,336,6,0.105732 139,174,161,192,3,0.095571 393,185,409,205,6,0.043275 564,181,625,217,6,0.024360 140,171,161,194,4,0.012582 176,188,204,202,6,0.008264 399,182,424,206,6,0.006740 380,187,398,204,6,0.006421 222,190,234,207,0,0.005348 340,187,358,200,6,0.003794 229,190,249,204,6,0.002870 0,164,12,229,6,0.002671 413,179,432,195,6,0.002531 0,175,13,242,6,0.002356 500,178,520,197,6,0.002264 134,172,171,191,5,0.002023 136,181,153,203,3,0.001890 0,192,14,249,6,0.001860 150,186,211,205,6,0.001752 246,187,260,201,6,0.001709 411,186,434,204,6,0.001704 332,187,349,201,6,0.001571 0,98,13,149,6,0.001538 557,176,591,216,6,0.001526 489,175,539,201,6,0.001415 630,193,640,223,6,0.001376 0,105,8,140,1,0.001302 370,188,383,203,6,0.001186 351,187,370,201,6,0.001142 0,188,8,225,0,0.001124 531,161,637,213,6,0.001096 429,196,442,216,0,0.001068 169,187,191,203,0,0.001023 0,214,9,245,6,0.001020 0,106,13,162,6,0.001014 136,174,155,209,2,0.001010
/home/dysjin/data/CARLA.v20-carla_v20.coco/valid/006664_png.rf.1466f666c872e94bac27eba56bbdfb5b.jpg 478,232,515,323,2,0.270243 474,244,523,302,6,0.005594 466,230,541,317,0,0.003578 501,217,541,330,2,0.003163 474,250,522,309,3,0.001930 0,257,164,415,6,0.001743
/home/dysjin/data/CARLA.v20-carla_v20.coco/valid/014570_png.rf.1235b2ca71c181a49fda1bb53eaa19cd.jpg 434,235,454,284,2,0.186337 59,238,130,262,6,0.184202 302,237,332,263,6,0.046902 102,239,125,257,6,0.004923 326,239,345,255,6,0.003338 0,209,11,283,2,0.002228 432,241,461,282,5,0.002224 0,222,10,292,2,0.001314
/home/dysjin/data/CARLA.v20-carla_v20.coco/valid/112550_png.rf.1ca2fa82e03653536df85cf5faf5753c.jpg 522,227,546,287,2,0.172761 587,235,639,256,6,0.010835 519,232,553,283,5,0.002750 628,232,640,260,6,0.002596
/home/dysjin/data/CARLA.v20-carla_v20.coco/valid/Town02_000780_png.rf.16d5987bcdc7d08470c1b3e757e128e5.jpg 279,184,301,204,6,0.235829 301,190,345,313,1,0.220105 49,185,113,216,6,0.059739 328,180,347,195,6,0.012920 294,183,344,322,6,0.012688 316,177,333,193,6,0.010448 75,189,107,211,6,0.010367 302,176,324,190,6,0.009492 34,186,86,215,6,0.009049 355,167,371,182,3,0.007800 625,194,640,221,6,0.006061 0,180,12,237,6,0.004662 287,178,309,199,6,0.004286 273,186,291,200,6,0.003989 228,179,250,193,6,0.003573 596,183,640,216,6,0.003509 339,180,357,195,6,0.003365 0,188,8,226,1,0.003280 367,174,380,191,3,0.002780 317,183,336,203,6,0.002441 0,165,11,230,6,0.002155 354,175,373,190,4,0.001973 0,200,8,235,6,0.001529 34,181,59,213,0,0.001413 315,168,333,183,6,0.001399 35,187,55,211,1,0.001373 363,166,380,183,4,0.001267 301,185,322,201,6,0.001254 380,174,392,194,3,0.001241 0,177,7,215,0,0.001231 287,173,337,193,6,0.001133 537,160,573,253,2,0.001025
/home/dysjin/data/CARLA.v20-carla_v20.coco/valid/Town02_001500_png.rf.1e8a22666698f8954863a9939bc59942.jpg 186,184,214,213,6,0.103245 479,194,580,247,6,0.012100 626,255,640,285,6,0.003618 625,213,640,281,6,0.001299 139,181,202,209,6,0.001205 583,171,634,287,2,0.001100 598,238,640,279,6,0.001082
/home/dysjin/data/CARLA.v20-carla_v20.coco/valid/Town05_004620_png.rf.0e4a190ca586e0e90df6b90be2c83f5b.jpg 389,180,456,207,6,0.257440 584,182,639,210,6,0.076247 343,180,364,197,6,0.039955 379,175,394,193,6,0.015130 284,185,301,198,6,0.013542 625,183,640,211,6,0.007631 579,171,632,239,6,0.003404 394,183,413,201,6,0.003037 368,176,386,191,6,0.002939 331,180,353,193,6,0.002246 383,181,398,200,0,0.001897 343,179,365,203,0,0.001835 417,186,448,206,0,0.001634 629,217,640,248,6,0.001464 404,181,441,206,4,0.001341 609,161,640,247,6,0.001114 583,156,635,195,6,0.001046
/home/dysjin/data/CARLA.v20-carla_v20.coco/valid/006578_png.rf.21f08e8ed63ab67b3ef05528af8ef9e6.jpg 370,222,385,239,3,0.245017 261,235,293,253,6,0.114650 374,221,390,241,4,0.011941 361,221,394,239,2,0.004417 362,223,376,240,3,0.003462 627,306,640,335,6,0.002933 290,236,305,252,6,0.001429 257,241,301,264,6,0.001387 0,203,15,263,6,0.001052
/home/dysjin/data/CARLA.v20-carla_v20.coco/valid/Town01_004320_png.rf.1f6552094735eb0bd49b614b7e584c58.jpg 261,194,370,280,6,0.178435 557,108,597,191,2,0.017765 607,64,640,193,2,0.013150 214,167,236,183,6,0.006107 358,151,376,167,3,0.006091 0,182,16,234,6,0.004162 192,185,209,200,6,0.003437 537,93,626,167,6,0.003359 582,102,630,192,2,0.003155 628,207,640,237,6,0.002768 558,135,587,177,3,0.002368 0,190,16,249,6,0.001899 559,136,609,177,6,0.001822 188,186,202,200,0,0.001800 255,177,277,196,6,0.001766 223,175,283,198,6,0.001744 626,104,640,187,2,0.001685 284,190,347,224,6,0.001554 581,138,636,180,6,0.001485 568,135,600,177,2,0.001416 265,176,283,192,6,0.001412 198,171,257,191,6,0.001323 293,186,312,203,6,0.001220 0,182,10,212,0,0.001179 328,186,343,205,6,0.001148 535,131,588,168,6,0.001106
/home/dysjin/data/CARLA.v20-carla_v20.coco/valid/Town02_006720_png.rf.2632fd4f3d65ff215e84d472badfd870.jpg 268,190,291,208,6,0.158924 581,178,640,221,6,0.119390 558,178,588,209,6,0.027740 499,183,547,211,6,0.026210 393,183,460,211,6,0.024267 0,151,11,214,2,0.022103 0,161,8,203,1,0.013039 0,162,13,228,2,0.011381 435,188,457,208,6,0.009300 0,182,16,235,6,0.007556 123,195,181,213,6,0.007033 346,186,359,207,0,0.006713 621,172,640,221,6,0.005049 0,191,11,224,1,0.004952 0,174,10,215,1,0.004676 260,188,278,203,6,0.004293 350,188,369,204,6,0.003420 0,156,8,191,2,0.002422 521,180,575,210,6,0.002209 556,176,571,198,6,0.002105 197,189,213,205,6,0.002059 536,163,640,212,6,0.001966 515,194,538,214,6,0.001948 0,201,10,234,3,0.001787 170,196,185,216,2,0.001558 570,185,594,208,0,0.001524 604,185,636,212,6,0.001480 106,195,158,217,6,0.001464 234,188,249,201,6,0.001424 289,188,308,201,6,0.001411 535,184,555,207,6,0.001325 522,171,547,205,6,0.001306 0,162,32,201,5,0.001306 152,191,179,210,6,0.001265 558,159,584,192,6,0.001149 525,176,543,200,3,0.001147 241,184,259,201,6,0.001028
/home/dysjin/data/CARLA.v20-carla_v20.coco/valid/Town05_006900_png.rf.2eaa1f5f6de8c6bffcd968f78f2f53b4.jpg 236,182,261,228,1,0.113809 235,181,262,223,0,0.029276 602,178,640,380,6,0.001536 375,172,429,197,6,0.001395 632,193,640,223,6,0.001089
/home/dysjin/data/CARLA.v20-carla_v20.coco/valid/005482_png.rf.1eef94cb1d26525ab4b64d28fc9be58d.jpg 2,225,30,321,2,0.222802 0,225,20,293,2,0.008921 0,221,17,277,6,0.003712 469,246,532,278,6,0.003485 10,219,42,307,2,0.003274 0,244,18,313,2,0.003048 1,190,25,392,6,0.002757 0,213,14,259,6,0.001736 0,238,43,298,5,0.001580 0,228,55,312,0,0.001487 0,166,40,343,2,0.001405 0,232,41,284,6,0.001282 0,232,43,290,1,0.001220
/home/dysjin/data/CARLA.v20-carla_v20.coco/valid/138251_png.rf.2622df013f55b1f57387212b95c87241.jpg 76,236,100,282,2,0.036017 75,238,109,281,0,0.001177
/home/dysjin/data/CARLA.v20-carla_v20.coco/valid/007070_png.rf.2316a0a54db7e4a749f421570aadd160.jpg 381,219,404,241,3,0.089855 384,216,405,242,4,0.020270 379,217,405,238,6,0.005937 379,218,413,241,5,0.002907 0,218,11,274,6,0.001161 466,182,507,274,2,0.001069 200,224,221,242,3,0.001032
/home/dysjin/data/CARLA.v20-carla_v20.coco/valid/Town05_010920_png.rf.2325292b5e147dc41c10fe128f6256f9.jpg 303,178,341,293,0,0.221063 297,170,341,299,1,0.062377 303,178,328,194,6,0.011953 292,176,312,191,6,0.006257 576,160,640,189,6,0.002005 285,179,361,287,2,0.001729 629,158,640,187,6,0.001600 0,153,7,186,0,0.001367 0,174,6,213,0,0.001184 0,142,10,202,6,0.001140 313,182,332,204,6,0.001136
/home/dysjin/data/CARLA.v20-carla_v20.coco/valid/Town01_006420_png.rf.2b897cd6227874bc930ae1c7e17e3b3b.jpg 310,189,325,209,6,0.093939 297,187,313,200,6,0.018705 0,189,15,250,2,0.014968 292,181,308,195,6,0.006283 627,208,640,236,6,0.006051 0,212,9,246,6,0.005050 4,186,26,234,2,0.004360 0,199,10,240,1,0.004100 379,183,393,204,6,0.003886 380,176,392,195,0,0.003302 588,189,640,228,6,0.003219 284,185,297,198,6,0.003004 26,195,83,222,6,0.002904 308,190,329,216,0,0.002656 586,167,639,205,6,0.002425 499,161,548,189,6,0.001913 295,189,333,207,2,0.001706 0,188,10,226,1,0.001524 269,187,285,200,6,0.001492 624,162,640,229,2,0.001337 0,158,29,256,2,0.001244 342,177,356,193,6,0.001192 208,178,223,193,3,0.001105 0,197,31,240,0,0.001092
/home/dysjin/data/CARLA.v20-carla_v20.coco/valid/Town05_006780_png.rf.253c814d6e368b92a888141244ca1a16.jpg 171,187,216,259,6,0.261146 176,184,219,263,0,0.011556 353,180,376,194,6,0.010420 166,168,220,283,1,0.002521 316,186,336,203,6,0.002055 343,185,359,199,6,0.001731 165,198,199,246,6,0.001467 629,242,640,274,6,0.001378 327,186,348,203,6,0.001342 179,205,202,237,6,0.001253 366,184,380,198,0,0.001162 299,185,354,204,6,0.001093
/home/dysjin/data/CARLA.v20-carla_v20.coco/valid/Town01_008280_png.rf.2f69ce357d9638b109b359e31c238ab4.jpg 312,190,332,208,6,0.089080 383,198,395,217,6,0.076965 278,191,329,209,6,0.059972 64,184,114,209,6,0.044660 438,202,492,238,6,0.012082 283,194,303,211,6,0.011202 323,191,347,205,6,0.006746 268,187,289,202,6,0.006205 628,169,639,199,6,0.005264 404,201,422,220,6,0.004972 139,185,191,202,6,0.003916 626,180,640,236,6,0.003781 2,193,59,220,6,0.003527 381,193,399,221,0,0.003446 344,188,359,201,6,0.003206 90,188,112,206,6,0.003135 504,199,567,222,6,0.002896 5,181,117,217,6,0.002476 474,201,499,218,6,0.002386 488,201,510,219,6,0.002381 412,209,432,225,6,0.002161 629,216,640,247,6,0.002065 500,202,522,219,6,0.001971 353,188,367,201,6,0.001937 386,195,409,221,6,0.001879 185,188,201,210,2,0.001764 534,210,558,226,6,0.001470 167,186,188,203,6,0.001396 6,195,28,217,6,0.001386 568,207,626,236,6,0.001217 192,196,207,215,6,0.001168 627,199,640,261,0,0.001130 365,201,413,216,2,0.001028
/home/dysjin/data/CARLA.v20-carla_v20.coco/valid/Town01_005100_png.rf.262bb9c3104b14f5fb633de3dafd0a52.jpg 576,190,602,219,6,0.080928 573,177,640,212,6,0.024425 0,181,11,210,6,0.007285 622,163,640,205,6,0.006677 4,186,27,206,6,0.006455 326,181,349,214,2,0.004297 477,185,494,204,6,0.004100 629,147,640,174,6,0.002600 0,185,61,208,6,0.002434 579,158,640,193,6,0.001875 607,210,634,253,6,0.001869 578,205,598,225,6,0.001702 301,199,325,215,6,0.001700 44,190,68,205,6,0.001594 573,171,602,208,6,0.001497 0,182,36,211,0,0.001426 629,189,640,223,6,0.001392 24,187,86,206,6,0.001367 0,172,8,200,3,0.001325 0,161,14,212,6,0.001293 609,184,635,207,6,0.001270 0,189,10,219,6,0.001251 49,188,111,207,6,0.001097 314,197,338,214,6,0.001081
/home/dysjin/data/CARLA.v20-carla_v20.coco/valid/Town01_011940_png.rf.2554f5ab3ce2122d2ef300838472450f.jpg 568,196,606,221,6,0.129700 329,184,351,201,6,0.067591 200,184,273,231,6,0.064775 319,186,340,203,6,0.007073 247,183,275,228,6,0.004982 348,186,368,201,6,0.004049 266,183,287,205,6,0.003894 0,161,16,209,6,0.003554 0,152,15,197,6,0.003216 392,186,407,206,0,0.002840 0,167,30,202,6,0.002166 277,185,296,201,6,0.001861 556,190,640,225,6,0.001843 330,184,390,201,6,0.001563 630,192,640,224,6,0.001393 594,200,614,220,6,0.001343 255,185,275,212,0,0.001124
/home/dysjin/data/CARLA.v20-carla_v20.coco/valid/041684_png.rf.2f70db5ab75442cd11fffa13a776ae97.jpg 306,244,337,320,0,0.071319 305,240,332,308,1,0.030046 83,224,129,251,6,0.004915 305,248,343,300,5,0.001073
/home/dysjin/data/CARLA.v20-carla_v20.coco/valid/Town05_010980_png.rf.2071755951cd753466eb2cc53fd2fe0c.jpg 305,184,337,285,0,0.156242 299,178,337,302,1,0.007420 313,186,334,206,6,0.001436 599,157,640,190,6,0.001049 310,182,336,240,6,0.001043
/home/dysjin/data/CARLA.v20-carla_v20.coco/valid/112459_png.rf.33bdc5bd58f0f631808a95c4ceb9a78f.jpg 291,229,313,292,2,0.147887 587,236,640,255,6,0.010065 286,226,315,299,1,0.005150 627,231,640,260,6,0.003943 285,231,314,302,0,0.001636 285,234,319,287,5,0.001215 374,209,424,235,6,0.001089
/home/dysjin/data/CARLA.v20-carla_v20.coco/valid/041653_png.rf.31aa86a50239c7e6cbc52c66846dac06.jpg 306,239,330,304,1,0.134590 302,242,332,314,0,0.063019 0,205,16,261,6,0.008856 0,214,10,250,1,0.002712 305,245,341,298,5,0.002306 0,212,32,253,0,0.001732 314,254,329,287,0,0.001603 109,222,154,251,6,0.001139 150,221,205,248,6,0.001045
/home/dysjin/data/CARLA.v20-carla_v20.coco/valid/041819_png.rf.374472e0a0868df264a4100cb7734e35.jpg 173,225,187,244,3,0.160802 17,238,73,265,6,0.151900 108,239,134,295,0,0.090208 110,241,137,294,1,0.056081 104,237,137,302,6,0.013539 171,220,191,248,4,0.011220 172,232,189,250,6,0.006981 0,225,6,262,1,0.006230 171,217,185,236,3,0.005674 0,216,6,252,0,0.003331 0,217,10,272,0,0.002817 110,246,142,290,5,0.002725 160,217,174,233,4,0.002595 159,224,199,242,2,0.002438 115,252,134,284,2,0.002422 163,223,178,241,3,0.002377 0,204,10,266,2,0.002362 20,245,43,261,6,0.001503 180,217,194,235,3,0.001499 2,238,86,296,6,0.001478 4,229,32,262,6,0.001384 54,238,74,258,6,0.001197 147,215,161,229,6,0.001179 170,227,191,254,0,0.001079 193,226,208,241,6,0.001014
/home/dysjin/data/CARLA.v20-carla_v20.coco/valid/Town05_010800_png.rf.3489607b659edfbc485537135e06f34b.jpg 0,199,135,266,6,0.244831 306,185,331,248,1,0.082108 128,186,175,204,6,0.050666 309,184,332,242,0,0.046498 2,186,39,275,6,0.004119 306,181,330,222,6,0.002977 77,199,137,238,6,0.001864 296,181,310,193,6,0.001622 0,215,60,255,6,0.001526 8,203,153,333,6,0.001434 343,179,357,193,6,0.001259 305,181,321,195,6,0.001251 297,182,310,202,0,0.001214 354,178,372,192,6,0.001134 120,196,136,217,0,0.001104 313,187,329,214,0,0.001023
/home/dysjin/data/CARLA.v20-carla_v20.coco/valid/Town02_001080_png.rf.2d29b90fb99ccf7727caeaa1914436b4.jpg 277,186,299,204,6,0.249467 302,191,345,311,1,0.217118 85,196,246,267,6,0.126649 0,208,87,380,6,0.110880 316,178,332,195,6,0.022526 28,186,79,214,6,0.014930 326,180,347,196,6,0.014620 306,177,326,191,6,0.011844 355,167,371,182,3,0.009558 5,206,80,380,6,0.008534 295,182,344,322,6,0.007529 227,179,250,195,6,0.006684 625,194,640,221,6,0.006248 0,189,64,221,6,0.005683 0,193,83,263,6,0.005295 304,186,325,203,6,0.004312 596,183,640,216,6,0.004053 339,184,357,200,6,0.003462 0,182,13,234,6,0.003261 287,178,310,198,6,0.002768 366,175,380,192,3,0.002168 354,175,373,190,4,0.002144 0,213,88,306,6,0.001670 237,178,261,192,6,0.001546 363,166,380,183,4,0.001362 0,172,12,224,6,0.001302 3,181,32,216,6,0.001298 55,190,78,211,6,0.001261 0,184,12,253,6,0.001124 381,174,392,194,3,0.001099 538,160,573,254,2,0.001078
/home/dysjin/data/CARLA.v20-carla_v20.coco/valid/Town02_005700_png.rf.39e8547ff43ddaa06ed2b24f114c8a27.jpg 280,185,301,202,6,0.252029 254,206,396,328,6,0.206388 553,191,586,206,6,0.034171 317,180,334,196,6,0.015475 476,179,497,196,6,0.008056 273,187,291,200,6,0.007531 535,189,560,205,6,0.005475 327,179,344,193,6,0.005399 485,185,508,197,6,0.005033 457,196,469,218,6,0.003304 279,193,300,213,6,0.002967 303,185,324,199,6,0.002264 231,179,251,192,6,0.002240 475,177,522,199,6,0.001852 229,146,414,363,4,0.001799 235,161,415,380,0,0.001790 94,187,148,212,6,0.001640 0,120,8,150,6,0.001521 553,195,569,211,6,0.001405 507,186,569,203,6,0.001400 525,187,547,203,6,0.001391 179,177,202,191,6,0.001256 3,218,28,380,6,0.001023
/home/dysjin/data/CARLA.v20-carla_v20.coco/valid/Town02_002040_png.rf.3d0fd4b3b3749ac8ebdf480959eb8e66.jpg 295,192,341,317,6,0.105916 301,192,341,319,1,0.099480 0,175,117,376,6,0.088400 265,188,289,211,6,0.085733 271,183,323,211,6,0.033092 75,180,133,216,6,0.030581 106,183,158,217,6,0.018216 47,176,68,194,3,0.014266 129,193,155,217,6,0.010098 55,190,84,223,6,0.009589 0,206,91,380,6,0.008288 54,177,80,213,6,0.007656 54,180,110,218,6,0.005187 140,189,160,211,6,0.004156 301,188,320,206,6,0.003404 47,182,67,202,6,0.003274 53,176,73,196,6,0.002733 292,201,338,241,6,0.002617 0,172,12,242,6,0.002549 0,155,153,380,6,0.002544 44,165,64,186,3,0.002236 0,131,14,187,6,0.002091 300,198,322,219,6,0.002010 286,195,313,214,6,0.001921 117,194,141,217,6,0.001772 2,196,118,269,6,0.001771 90,187,120,209,6,0.001664 0,137,13,203,6,0.001627 0,179,10,261,2,0.001493 66,196,88,219,0,0.001447 0,119,15,175,6,0.001276 0,168,11,224,6,0.001275 0,210,6,250,2,0.001257 107,184,128,210,0,0.001170 44,160,67,190,4,0.001129 400,138,417,158,3,0.001084 0,178,8,210,0,0.001037 0,151,7,187,3,0.001017 37,172,75,197,2,0.001008 168,160,185,179,3,0.001005 3,120,55,153,6,0.001005
/home/dysjin/data/CARLA.v20-carla_v20.coco/valid/075707_png.rf.2ff4a82560cfe658387e361a6cc43ef0.jpg 163,246,263,296,6,0.334664 309,241,351,273,6,0.299135 0,247,181,435,6,0.131298 237,237,266,277,6,0.033939 214,247,268,286,6,0.005075 352,234,368,254,6,0.004795 344,237,359,258,6,0.003952 253,246,268,271,6,0.003267 0,13,241,480,1,0.002535 255,239,270,261,0,0.002501 294,238,311,255,6,0.001967 338,247,355,266,0,0.001597 346,226,362,247,3,0.001255 38,252,182,312,6,0.001204 316,245,352,269,0,0.001139
/home/dysjin/data/CARLA.v20-carla_v20.coco/valid/138320_png.rf.332f3bdf3abffc7dd973858c3061b801.jpg 55,230,82,284,2,0.192342 50,234,86,281,5,0.005282 54,233,99,282,1,0.001309 0,236,12,303,2,0.001070 63,238,88,293,2,0.001039
/home/dysjin/data/CARLA.v20-carla_v20.coco/valid/003766_png.rf.3dbe103da1003d1fb3bd18ad0d0894b4.jpg 461,198,511,243,3,0.243114 306,238,325,253,6,0.007174 463,202,493,242,4,0.006069 291,237,313,252,6,0.001685 471,207,499,235,0,0.001409
/home/dysjin/data/CARLA.v20-carla_v20.coco/valid/121245_png.rf.3c6765f574e34bb200e320d55fc2ffe7.jpg 264,253,362,317,6,0.447091 626,269,640,296,6,0.008274 403,236,417,253,6,0.006742 540,254,584,282,6,0.001862
/home/dysjin/data/CARLA.v20-carla_v20.coco/valid/Town05_011040_png.rf.3f658b3c60547a5478cb61d6b76eb55c.jpg 312,178,332,214,0,0.058907 312,181,331,212,1,0.041216 628,158,640,187,3,0.011749 626,150,640,193,6,0.004463 309,182,360,207,6,0.004265 314,188,329,218,2,0.002088 369,183,386,207,2,0.001372
/home/dysjin/data/CARLA.v20-carla_v20.coco/valid/Town02_004920_png.rf.3cdedb8ebbe317a63567ec577e3789a8.jpg 307,188,329,236,0,0.100680 308,195,333,238,1,0.046314 369,187,384,200,6,0.015292 331,175,347,191,3,0.007560 216,188,234,202,6,0.004296 355,187,372,200,6,0.003937 329,168,344,184,3,0.003889 339,177,356,192,6,0.003680 310,184,333,218,6,0.003481 415,185,431,208,2,0.002443 341,185,358,202,6,0.002204 299,178,333,244,6,0.001480 168,186,187,200,6,0.001470 377,188,424,208,6,0.001302 331,186,348,203,6,0.001256 207,187,226,203,6,0.001170 631,178,640,212,6,0.001051
/home/dysjin/data/CARLA.v20-carla_v20.coco/valid/Town05_002760_png.rf.41faa57cc70298c90c62fe9f6a3f08c9.jpg 113,187,142,205,6,0.065144 104,186,129,205,6,0.019268 44,176,67,212,2,0.016381 247,177,264,197,6,0.011913 254,182,267,201,0,0.007426 190,177,214,192,6,0.006154 230,177,255,194,6,0.002840 383,183,396,202,0,0.002664 99,185,117,203,6,0.002223 36,181,73,210,6,0.001485 252,172,272,199,2,0.001274
/home/dysjin/data/CARLA.v20-carla_v20.coco/valid/Town02_001740_png.rf.4072bb166a4df4f9403df039e28a73f3.jpg 295,188,341,315,1,0.153878 36,186,54,207,6,0.018538 44,176,64,197,3,0.004322 294,174,341,303,6,0.003772 41,183,63,204,6,0.003016 0,178,8,210,6,0.002379 64,171,125,200,6,0.001729 33,194,52,214,6,0.001705 0,171,10,242,6,0.001318 0,136,12,205,6,0.001249 291,177,309,191,6,0.001164 333,177,344,191,6,0.001151 305,178,321,190,6,0.001086 0,156,12,213,6,0.001082 0,130,13,190,6,0.001078 0,169,8,200,3,0.001037 318,188,332,204,6,0.001010 401,138,417,158,3,0.001005
/home/dysjin/data/CARLA.v20-carla_v20.coco/valid/026849_png.rf.52e90800c02b90489d2521817c6942f7.jpg 423,208,455,239,3,0.146394 422,210,453,236,4,0.011592
/home/dysjin/data/CARLA.v20-carla_v20.coco/valid/Town02_001560_png.rf.44c7e46d6d34263ac9f429ccb2cd2655.jpg 69,184,95,215,6,0.059100 80,193,96,219,1,0.044416 58,189,80,208,6,0.024510 10,181,29,205,6,0.024236 7,166,33,204,6,0.020979 78,188,98,220,0,0.015864 19,183,34,203,6,0.010161 0,162,16,208,6,0.008534 50,186,68,205,6,0.007081 0,178,11,207,6,0.005673 59,192,98,216,1,0.004213 3,195,30,380,6,0.004074 0,168,10,201,1,0.003571 120,187,138,202,6,0.003342 10,172,28,202,1,0.003101 2,187,31,374,6,0.002247 105,189,127,206,6,0.002056 0,141,15,205,6,0.001845 72,194,109,216,2,0.001803 0,133,31,225,6,0.001540 31,187,84,205,6,0.001340 132,186,146,202,0,0.001318 618,254,640,380,6,0.001315 0,98,29,215,6,0.001177 1,182,36,203,2,0.001168 29,184,53,201,6,0.001155 0,179,33,206,0,0.001086 145,184,161,202,6,0.001028 17,177,36,207,0,0.001026
/home/dysjin/data/CARLA.v20-carla_v20.coco/valid/Town02_003420_png.rf.4347a7bee8aec9f5c84eb5295856f9a9.jpg 329,196,378,231,6,0.131553 0,193,119,231,6,0.066875 558,187,634,213,6,0.043477 0,202,69,234,6,0.004872 625,189,640,252,2,0.004168 47,204,118,233,6,0.003835 362,207,381,228,6,0.003714 0,182,13,237,6,0.003643 329,205,349,226,6,0.003497 628,204,640,239,6,0.002888 0,167,87,380,6,0.002722 3,193,33,228,6,0.002522 628,180,640,212,6,0.002440 360,199,383,233,0,0.002403 0,191,9,226,1,0.002024 531,172,543,198,0,0.001826 582,196,610,212,6,0.001798 0,199,8,237,0,0.001671 616,171,640,277,6,0.001592 606,178,637,213,6,0.001557 626,196,640,265,0,0.001523 81,209,107,229,6,0.001483 592,190,624,209,6,0.001209 567,190,600,209,6,0.001165 560,194,584,212,6,0.001059
/home/dysjin/data/CARLA.v20-carla_v20.coco/valid/Town01_006060_png.rf.3d76b002da6076434f028293d0c4a498.jpg 303,191,339,267,0,0.088509 300,189,337,267,6,0.083795 202,205,226,219,6,0.015699 570,165,594,183,6,0.013354 178,210,202,224,6,0.012945 305,198,338,262,1,0.010034 188,209,216,223,6,0.008273 155,209,207,228,6,0.007920 626,168,640,196,6,0.006174 421,193,449,226,6,0.004384 213,204,238,217,6,0.004011 0,169,10,247,2,0.003742 154,211,177,230,6,0.003257 0,187,9,253,2,0.003169 609,163,636,183,6,0.003138 624,132,640,186,6,0.002381 229,201,248,214,6,0.002077 0,198,6,241,1,0.002059 293,189,353,263,2,0.001847 0,186,6,226,1,0.001557 0,165,10,231,6,0.001393 0,209,6,250,1,0.001378 0,179,6,213,3,0.001334 601,168,640,196,6,0.001219 419,196,437,221,0,0.001123 417,186,433,210,6,0.001022
/home/dysjin/data/CARLA.v20-carla_v20.coco/valid/Town02_007800_png.rf.4e6520c0e9dd39a93f5048a2caea0283.jpg 509,184,556,203,6,0.100861 333,196,415,228,6,0.074532 608,191,640,231,6,0.051859 303,186,322,202,6,0.048644 315,186,332,206,6,0.022897 318,192,366,225,6,0.017872 620,201,640,261,6,0.014919 401,205,439,230,6,0.014746 296,187,310,199,6,0.013454 576,183,594,206,6,0.012722 572,183,624,209,6,0.012389 548,185,565,209,6,0.009918 502,178,522,197,6,0.008932 575,178,598,209,0,0.006097 281,187,299,199,6,0.004339 547,179,566,211,2,0.003053 535,179,560,208,6,0.002922 189,176,238,197,6,0.002602 324,197,349,220,6,0.002537 604,197,640,238,0,0.002475 625,184,640,216,6,0.002468 611,196,640,243,1,0.002275 319,193,337,217,1,0.002157 614,159,640,331,6,0.001907 201,185,227,200,6,0.001737 0,203,8,238,1,0.001441 561,186,586,207,6,0.001409 0,192,12,248,0,0.001287 332,187,392,216,6,0.001263 593,172,634,245,6,0.001182 215,180,237,194,6,0.001177 0,209,6,248,0,0.001121
/home/dysjin/data/CARLA.v20-carla_v20.coco/valid/Town01_001860_png.rf.53e5db5983ad00d8986ebdc44e1e76ef.jpg 210,198,432,380,6,0.223807 279,185,302,201,6,0.081114 297,187,329,201,6,0.058186 0,171,18,221,6,0.009278 230,184,249,200,6,0.005943 248,186,311,202,6,0.005840 143,186,163,208,6,0.005368 238,185,264,200,6,0.005290 217,180,238,194,6,0.005186 0,178,12,213,1,0.005011 326,186,343,202,6,0.004904 190,0,448,380,4,0.004884 289,181,313,203,6,0.004179 0,157,16,214,6,0.003962 291,191,342,216,6,0.003281 252,185,276,200,6,0.003233 138,184,151,209,0,0.002620 156,186,170,205,0,0.002580 312,181,339,206,6,0.002430 7,182,21,210,1,0.002023 5,176,25,212,0,0.002008 202,178,255,196,6,0.001941 267,182,289,195,6,0.001910 206,178,227,191,6,0.001900 0,167,10,201,1,0.001458 280,194,299,212,6,0.001421 0,186,9,222,6,0.001382 194,147,436,380,6,0.001285 292,195,309,211,6,0.001111 0,178,31,213,0,0.001088 4,165,26,207,6,0.001062
/home/dysjin/data/CARLA.v20-carla_v20.coco/valid/Town01_006120_png.rf.405fede50ad311216cb9943968a5cdf5.jpg 317,189,331,220,1,0.060667 314,186,333,221,0,0.038247 314,183,334,216,6,0.028446 357,177,370,194,6,0.019105 0,215,10,249,6,0.005624 324,186,343,207,6,0.003389 364,177,379,193,6,0.003078 479,173,521,197,6,0.002985 346,180,362,194,6,0.002800 358,183,371,199,0,0.002615 0,213,14,272,6,0.002357 530,172,590,195,6,0.002117 363,173,415,194,6,0.001924 311,183,363,209,6,0.001764 0,196,11,250,6,0.001490 388,176,411,189,6,0.001476 354,168,369,184,4,0.001441 309,192,344,217,2,0.001299 0,216,30,247,0,0.001261 354,171,375,196,0,0.001250 0,224,10,258,1,0.001157 0,205,8,240,1,0.001059
/home/dysjin/data/CARLA.v20-carla_v20.coco/valid/041864_png.rf.51f1d81198f2e5b7a450f586235760ec.jpg 302,237,326,286,0,0.162621 415,211,444,239,3,0.112590 63,246,243,316,6,0.084560 197,229,239,266,6,0.029550 299,226,331,294,6,0.020087 306,244,323,278,1,0.012229 415,211,443,240,6,0.012160 418,215,445,237,0,0.010321 156,239,248,305,6,0.002908 216,227,238,249,6,0.002790 420,216,443,241,4,0.002148 213,231,239,279,2,0.002116 180,236,236,280,6,0.001859 356,213,367,231,0,0.001452 207,220,245,292,0,0.001284 229,228,246,245,6,0.001205 228,236,244,255,6,0.001190 204,228,230,248,6,0.001162
/home/dysjin/data/CARLA.v20-carla_v20.coco/valid/Town01_012060_png.rf.58e57e1a7e8d4f630323ae1827ca68bc.jpg 567,196,606,221,6,0.127737 328,184,353,201,6,0.080151 266,188,289,202,6,0.016705 318,187,338,203,6,0.009886 0,161,15,209,6,0.002733 0,151,14,197,6,0.002606 349,186,368,201,6,0.002599 392,185,406,207,0,0.002218 555,190,640,225,6,0.002114 0,167,30,202,6,0.001595 257,188,277,204,6,0.001525 304,189,325,205,6,0.001488 630,192,640,224,6,0.001419 593,200,615,220,6,0.001147 2,155,31,191,6,0.001016 292,188,311,200,6,0.001011
/home/dysjin/data/CARLA.v20-carla_v20.coco/valid/009044_png.rf.59d4a83882b4b6af242cbd9e0e31ba80.jpg 558,219,579,242,3,0.158234 0,206,10,238,3,0.024231 584,229,637,258,6,0.022270 0,197,13,250,2,0.021849 0,212,9,248,3,0.012273 559,213,640,256,6,0.007805 558,215,579,239,4,0.007374 527,211,541,230,3,0.005607 0,203,31,241,5,0.004498 0,208,11,280,2,0.004301 627,203,640,263,0,0.003860 401,235,423,252,6,0.003338 629,217,640,251,6,0.003208 554,217,588,242,2,0.003147 339,230,357,245,6,0.002111 196,236,212,253,6,0.002103 0,224,8,262,3,0.002030 96,234,143,264,6,0.001896 340,234,354,251,0,0.001714 141,237,162,259,6,0.001552 116,236,140,258,6,0.001478 528,221,541,244,3,0.001353 628,188,640,258,2,0.001294 132,236,151,261,2,0.001277 554,231,572,251,3,0.001249 0,219,11,294,2,0.001204 538,213,553,230,4,0.001122 389,229,410,245,6,0.001065 478,231,523,256,6,0.001002
/home/dysjin/data/CARLA.v20-carla_v20.coco/valid/Town02_002520_png.rf.55f8a7c01a8e4b86c99a794d7b61cd5d.jpg 240,193,414,327,6,0.180256 165,199,225,234,6,0.115752 145,176,165,193,3,0.015806 365,183,382,203,6,0.015126 365,179,382,198,3,0.007240 145,172,167,197,4,0.003460 0,201,8,234,6,0.002694 230,189,251,206,6,0.002432 524,190,640,258,6,0.002223 114,0,525,380,3,0.002159 27,208,83,229,6,0.001780 4,209,27,228,6,0.001639 237,205,292,335,6,0.001594 364,179,384,207,4,0.001577 377,178,392,196,6,0.001523 239,187,260,202,6,0.001502 358,178,373,196,6,0.001481 0,186,12,236,6,0.001283 0,194,8,227,1,0.001091 3,217,28,380,6,0.001067 31,208,53,227,6,0.001034
/home/dysjin/data/CARLA.v20-carla_v20.coco/valid/Town02_008760_png.rf.5bfb07b6a5fbe6700b4b9c150b9c6576.jpg 511,179,556,212,6,0.151462 271,185,292,203,6,0.137497 277,207,364,337,6,0.115802 139,174,161,192,3,0.098274 392,185,410,204,6,0.034337 548,177,595,209,6,0.028214 567,181,629,209,6,0.023556 393,183,434,207,6,0.013199 140,171,161,194,4,0.013125 176,188,204,202,6,0.012094 379,186,398,204,6,0.008627 260,186,276,199,6,0.005268 341,187,358,200,6,0.004931 222,190,235,207,6,0.004522 595,185,621,208,6,0.003765 611,162,640,245,6,0.003476 604,175,635,214,6,0.003420 0,194,14,247,6,0.003395 228,189,248,204,6,0.003110 525,166,640,210,6,0.003106 0,164,11,229,6,0.003020 628,181,640,212,6,0.002858 0,175,12,242,6,0.002764 0,100,13,148,6,0.002551 272,193,289,212,6,0.002335 0,214,10,245,6,0.002282 399,181,423,197,6,0.002247 134,172,171,191,2,0.002158 332,187,348,201,6,0.002042 351,187,370,200,6,0.001751 135,181,153,202,3,0.001716 371,187,384,202,6,0.001710 0,106,13,161,6,0.001656 244,186,260,200,6,0.001633 532,184,555,209,0,0.001596 486,182,507,205,6,0.001544 412,179,433,195,6,0.001532 222,195,233,212,0,0.001323 0,189,7,226,0,0.001300 499,184,523,203,6,0.001283 625,185,640,252,6,0.001273 0,116,9,148,3,0.001065 0,177,7,213,0,0.001062 488,175,539,203,6,0.001012
/home/dysjin/data/CARLA.v20-carla_v20.coco/valid/Town01_008100_png.rf.5942043a53e2ea3c62572bf7029ed896.jpg 276,186,298,201,6,0.280407 384,195,411,213,6,0.114225 424,191,447,207,6,0.050081 91,187,146,213,6,0.025972 338,190,362,204,6,0.024797 329,186,345,200,6,0.023011 354,189,370,203,6,0.022862 287,185,306,199,6,0.018498 438,190,460,209,6,0.017627 365,189,384,207,6,0.016316 583,175,640,198,6,0.010994 321,185,337,198,6,0.008452 625,171,640,198,6,0.007067 382,189,439,208,6,0.006906 562,175,613,199,6,0.006537 433,187,490,209,6,0.005117 218,187,237,203,6,0.004286 115,191,144,210,6,0.004026 442,195,458,211,0,0.003389 572,185,597,198,6,0.003314 276,195,297,211,6,0.003266 170,186,187,202,6,0.002968 155,185,180,201,6,0.002536 228,188,247,204,6,0.002410 609,184,634,200,6,0.002165 67,184,123,213,6,0.001875 130,196,148,213,6,0.001799 307,186,323,198,6,0.001676 191,174,238,198,6,0.001575 595,184,618,199,6,0.001467 417,195,436,210,6,0.001333 91,188,117,208,6,0.001313 103,195,130,212,6,0.001257 156,177,178,194,6,0.001204 563,187,581,199,6,0.001080 606,157,640,193,6,0.001072 550,188,569,201,6,0.001058
/home/dysjin/data/CARLA.v20-carla_v20.coco/valid/Town01_010680_png.rf.5537782525200ced228c602e6dcc3456.jpg 372,179,385,191,3,0.122274 229,187,246,204,6,0.010622 175,180,207,197,6,0.010470 150,177,176,195,6,0.008473 331,187,344,202,6,0.007072 371,183,384,198,0,0.005033 169,180,190,195,6,0.004850 375,183,391,201,6,0.004005 368,173,391,195,4,0.003722 319,187,336,200,6,0.003713 189,184,213,199,6,0.003374 359,178,376,190,4,0.001539 306,186,322,200,0,0.001350 358,178,392,191,2,0.001291 399,196,452,219,6,0.001006
/home/dysjin/data/CARLA.v20-carla_v20.coco/valid/121155_png.rf.5eeb1497380edc240a771f68b9d34669.jpg 251,266,401,374,6,0.346267 564,216,600,306,2,0.242830 392,237,405,253,6,0.003845 547,220,620,297,0,0.003723 561,228,606,289,3,0.002390 232,221,421,436,0,0.001972 489,247,535,274,6,0.001594 581,223,606,294,2,0.001499 540,214,583,307,2,0.001389 224,200,418,411,6,0.001299 200,53,439,480,2,0.001132
/home/dysjin/data/CARLA.v20-carla_v20.coco/valid/007085_png.rf.5a7141063cfddac158b01dce18de1e48.jpg 428,206,465,243,3,0.189321 433,212,461,236,4,0.006291 168,223,191,240,3,0.003266 168,219,193,244,4,0.001458
/home/dysjin/data/CARLA.v20-carla_v20.coco/valid/Town05_006720_png.rf.717ce1e22225ab6a97befb2b8effcc2a.jpg 174,188,217,254,6,0.074784 89,188,148,207,6,0.070253 179,187,218,253,0,0.061075 342,179,360,194,6,0.014154 350,178,370,194,6,0.007719 364,178,387,192,6,0.004697 126,187,151,203,6,0.004573 199,192,223,244,0,0.003540 92,195,117,210,6,0.003119 190,204,213,238,0,0.002542 199,189,225,237,6,0.002174 333,180,350,193,6,0.001862 84,189,107,206,6,0.001717 191,197,214,228,6,0.001232 180,205,202,237,6,0.001167 100,175,157,203,6,0.001128 3,0,73,227,6,0.001106 184,196,238,241,1,0.001098 316,181,335,192,6,0.001077 332,184,347,198,0,0.001075 366,166,383,184,6,0.001052
/home/dysjin/data/CARLA.v20-carla_v20.coco/valid/Town01_006600_png.rf.612f31973b2db2fda3ee5293fd937a64.jpg 373,186,394,212,6,0.071147 564,0,640,64,6,0.016280 579,0,637,72,2,0.006810 291,192,310,204,6,0.005951 602,0,639,101,6,0.002852 623,5,640,69,6,0.002515 607,39,638,74,3,0.002181 331,187,346,204,6,0.002025 301,189,321,203,6,0.001751 600,26,640,71,4,0.001467 630,8,640,42,6,0.001237 474,110,520,139,6,0.001045 129,212,149,230,6,0.001016
/home/dysjin/data/CARLA.v20-carla_v20.coco/valid/112469_png.rf.4fea3a1e3f0858f468ecb362968a08fb.jpg 313,230,341,291,2,0.137676 588,236,640,255,6,0.006388 308,234,344,288,5,0.004141 628,231,640,259,6,0.003447 313,228,339,276,0,0.001033
/home/dysjin/data/CARLA.v20-carla_v20.coco/valid/Town05_009540_png.rf.67accf9da191af14c5f05da1b6fe1e58.jpg 598,186,638,209,6,0.105953 535,187,553,199,6,0.007188 619,176,639,215,6,0.004061 591,187,610,203,6,0.002930 551,187,570,199,6,0.002332 520,217,637,380,6,0.001429
/home/dysjin/data/CARLA.v20-carla_v20.coco/valid/041820_png.rf.69e77a8e269d90d89efc21e5026a7083.jpg 29,238,82,265,6,0.130377 116,240,142,294,0,0.104685 181,226,196,243,3,0.046227 0,228,10,261,6,0.015559 193,227,206,241,6,0.006526 119,250,138,285,1,0.004587 183,217,197,235,3,0.004302 0,207,16,266,6,0.004126 179,234,198,251,6,0.003627 179,223,199,247,4,0.002382 0,237,7,271,6,0.002232 5,234,22,257,6,0.001879 102,238,140,303,6,0.001785 193,215,207,233,4,0.001526 171,217,186,234,4,0.001484 0,219,11,253,0,0.001449 31,246,56,261,6,0.001421 618,307,640,480,6,0.001288 0,230,33,259,2,0.001113 159,215,172,230,4,0.001095 6,236,65,261,6,0.001087 204,227,221,242,6,0.001040 69,238,85,257,6,0.001022
/home/dysjin/data/CARLA.v20-carla_v20.coco/valid/121278_png.rf.6607158f1164a75baf620dcb66d1b07e.jpg 269,254,362,312,6,0.393966 240,242,266,260,6,0.048539 478,248,490,269,0,0.002523 232,247,253,262,6,0.001071
/home/dysjin/data/CARLA.v20-carla_v20.coco/valid/Town02_004620_png.rf.7280640e1c163e7c4b28010b90659788.jpg 246,207,396,329,6,0.245152 276,184,298,202,6,0.176641 309,182,328,201,6,0.105282 112,185,177,205,6,0.061165 286,184,313,200,6,0.023128 326,184,346,202,6,0.010376 149,185,174,203,6,0.009786 459,223,492,260,6,0.006040 340,175,353,198,6,0.003117 27,158,61,191,3,0.002951 279,194,297,212,6,0.002566 116,187,141,205,6,0.001704 81,185,104,225,0,0.001143 220,39,419,380,2,0.001091 129,0,510,380,2,0.001052
/home/dysjin/data/CARLA.v20-carla_v20.coco/valid/Town05_016500_png.rf.75b431585ae9c755044e81517b796324.jpg 117,199,219,240,6,0.172081 0,199,92,290,6,0.155418 342,186,394,235,6,0.100944 455,180,478,196,3,0.096462 428,186,442,211,1,0.033882 457,182,480,199,6,0.018725 369,191,396,230,6,0.017203 456,177,481,198,4,0.011900 432,193,443,214,0,0.011059 342,189,360,209,6,0.008305 427,180,445,211,0,0.005371 335,187,347,203,0,0.004095 372,196,393,225,0,0.003625 341,192,369,239,0,0.003415 421,187,438,206,6,0.003394 2,176,80,380,6,0.003340 204,201,225,220,6,0.002047 176,200,232,234,6,0.002035 453,179,487,197,2,0.001994 231,190,251,203,6,0.001556 245,188,260,201,6,0.001535 441,187,457,204,6,0.001394 118,199,146,239,0,0.001333 443,179,461,195,6,0.001154 126,201,162,239,6,0.001059
/home/dysjin/data/CARLA.v20-carla_v20.coco/valid/Town02_001020_png.rf.79741d4293c684a4f4e895c08f1290d5.jpg 302,190,344,313,1,0.217258 277,183,329,206,6,0.133002 0,210,86,380,6,0.114841 276,187,301,202,6,0.068621 25,192,80,218,6,0.039069 191,181,217,213,0,0.019462 294,180,344,323,6,0.016148 191,180,240,210,6,0.013233 355,166,371,182,3,0.010459 5,201,81,380,6,0.008836 193,184,212,213,1,0.006851 625,194,640,221,6,0.005371 312,183,335,207,6,0.005002 0,195,83,255,6,0.003890 328,184,345,202,6,0.003661 596,183,640,216,6,0.003202 200,184,223,207,6,0.003129 226,180,250,194,6,0.002994 294,172,337,249,6,0.002798 366,174,380,192,3,0.002684 192,193,212,214,6,0.002457 339,185,357,200,6,0.002083 354,174,373,190,4,0.002038 4,142,80,328,6,0.001588 0,179,12,237,6,0.001456 213,185,241,201,6,0.001357 0,190,13,248,6,0.001316 279,193,297,213,6,0.001284 537,161,572,253,2,0.001279 0,214,89,305,6,0.001225 363,166,380,183,4,0.001208 28,191,58,211,6,0.001083 288,187,318,218,6,0.001071 547,185,571,228,6,0.001065 380,174,392,194,3,0.001063 0,163,11,228,6,0.001032
/home/dysjin/data/CARLA.v20-carla_v20.coco/valid/004996_png.rf.758bfe0873e6cba6e1d99146894cae01.jpg 491,257,511,316,2,0.183634 494,270,509,313,1,0.001678 79,184,136,215,6,0.001118
/home/dysjin/data/CARLA.v20-carla_v20.coco/valid/Town02_001620_png.rf.77cda18f042297c4b15936a35acef602.jpg 303,186,332,251,6,0.051383 171,187,187,210,0,0.010278 305,186,337,256,0,0.008730 179,189,197,211,6,0.006279 221,187,237,202,6,0.005783 308,183,337,219,6,0.005473 129,198,150,217,6,0.003637 529,161,635,239,6,0.002478 0,219,152,369,6,0.002465 304,192,341,249,1,0.002274 230,187,247,201,6,0.002193 304,195,325,227,6,0.001940 125,185,183,213,6,0.001826 331,187,342,209,0,0.001609 178,183,200,214,2,0.001487 190,196,210,212,6,0.001436 244,187,261,200,6,0.001367 306,200,326,238,5,0.001216 140,198,161,215,6,0.001178 392,187,410,208,6,0.001094 312,204,332,235,0,0.001054 157,188,178,209,6,0.001011 254,186,272,198,6,0.001003
/home/dysjin/data/CARLA.v20-carla_v20.coco/valid/112362_png.rf.868e587d8bdd37c81e4872223fbdbeb4.jpg 152,231,170,279,2,0.125689 596,233,640,256,6,0.011915 627,231,640,260,6,0.004418 149,237,183,277,5,0.001612
/home/dysjin/data/CARLA.v20-carla_v20.coco/valid/Town05_010080_png.rf.88fb23d739ffa2beacd3c5735d172d03.jpg 313,182,329,211,6,0.079735 270,182,286,201,6,0.047111 312,181,326,212,1,0.046970 309,179,329,211,0,0.040662 267,173,290,200,0,0.006724 0,21,15,74,6,0.006060 326,184,344,203,6,0.003565 257,176,277,195,6,0.002731 0,29,10,62,1,0.002101 275,178,294,196,6,0.002062 293,184,335,211,2,0.001759 0,173,10,240,0,0.001527 0,20,9,53,6,0.001464 0,29,35,65,6,0.001432 0,161,9,230,2,0.001376 0,174,6,212,0,0.001278 244,174,263,192,6,0.001130 0,9,128,63,6,0.001032 255,184,297,199,2,0.001000
/home/dysjin/data/CARLA.v20-carla_v20.coco/valid/026847_png.rf.7a28094ba474fb2fab06e58f1ebea83c.jpg 414,211,444,238,3,0.124363 412,212,444,236,4,0.015119
/home/dysjin/data/CARLA.v20-carla_v20.coco/valid/075709_png.rf.7dd638ab9af378bf60aaa2fb92a0aea4.jpg 162,245,264,296,6,0.336062 310,241,349,272,6,0.265830 0,247,181,436,6,0.137915 237,238,267,277,6,0.031484 352,234,368,253,6,0.006978 344,236,359,257,6,0.006394 214,247,269,287,6,0.005108 252,245,268,271,6,0.003147 0,17,236,480,1,0.002641 255,239,270,261,0,0.002257 36,252,182,311,6,0.001557 346,227,362,248,3,0.001526 294,238,311,255,6,0.001429 339,246,355,265,0,0.001333 316,245,352,269,0,0.001261 632,238,640,275,6,0.001179 342,230,363,261,0,0.001171 1,268,80,473,6,0.001129 307,239,324,262,6,0.001034 629,219,640,294,2,0.001011
/home/dysjin/data/CARLA.v20-carla_v20.coco/valid/Town02_007380_png.rf.8809896fc46f6266a6729640bbc68e4c.jpg 571,195,640,219,6,0.126006 274,184,296,202,6,0.065547 555,191,597,219,6,0.015485 627,194,640,221,6,0.008534 0,181,11,234,6,0.005005 0,188,8,224,1,0.004405 387,191,411,206,6,0.002900 289,185,308,199,6,0.002600 0,180,6,215,1,0.002366 553,187,571,210,6,0.002193 0,186,12,251,6,0.001858 0,169,10,227,6,0.001736 509,183,538,213,6,0.001583 607,183,640,217,6,0.001451 476,186,498,227,2,0.001388 332,186,345,203,0,0.001373 317,187,336,201,6,0.001217 304,186,321,199,6,0.001098 274,196,287,210,0,0.001091
/home/dysjin/data/CARLA.v20-carla_v20.coco/valid/Town01_007500_png.rf.7e4c2487265d812d93246e09a19aeab2.jpg 254,193,282,214,6,0.155341 527,171,640,216,6,0.143861 526,176,552,212,6,0.082542 518,177,556,214,0,0.009168 374,187,398,208,6,0.005394 623,167,640,225,6,0.004482 183,211,201,224,6,0.003998 169,214,190,229,6,0.003649 193,210,211,222,6,0.003231 278,190,296,204,6,0.003098 391,187,411,210,0,0.002116 395,186,455,210,6,0.001989 250,197,265,211,6,0.001873 292,188,310,201,6,0.001360 305,188,323,200,6,0.001293 220,202,237,218,6,0.001276 496,182,561,210,6,0.001104 155,214,179,230,6,0.001098 204,204,226,218,6,0.001073 371,187,386,204,0,0.001014
/home/dysjin/data/CARLA.v20-carla_v20.coco/valid/Town05_007500_png.rf.8a81a882e564e9e99b5c951d3e18dbbc.jpg 348,180,393,202,6,0.175781 346,183,364,199,6,0.006802 194,107,235,138,6,0.004893 200,108,232,136,4,0.004078 252,178,273,195,6,0.003903 201,112,229,133,3,0.002842 126,184,183,204,6,0.001936 390,184,405,201,6,0.001698 303,175,322,190,6,0.001526 353,168,393,226,6,0.001314 297,176,312,189,0,0.001174 0,158,12,211,6,0.001097 0,168,8,199,0,0.001052
/home/dysjin/data/CARLA.v20-carla_v20.coco/valid/Town02_005520_png.rf.8a9d2ba4122736ea3845c9e405936cce.jpg 606,189,639,229,6,0.134741 73,197,140,223,6,0.123099 0,192,12,223,6,0.016401 40,197,98,223,6,0.007680 114,200,136,219,6,0.005487 41,208,65,224,6,0.004564 622,202,640,233,6,0.003744 3,198,24,217,6,0.002884 626,184,640,217,6,0.002788 53,201,80,220,6,0.002393 0,190,13,244,6,0.002318 370,197,382,213,0,0.002127 600,189,628,232,2,0.002119 40,197,133,241,6,0.001856 0,194,30,220,0,0.001725 63,201,95,217,6,0.001687 101,206,129,224,6,0.001241 577,191,640,246,6,0.001212 76,201,110,219,6,0.001074 0,183,10,216,0,0.001056
/home/dysjin/data/CARLA.v20-carla_v20.coco/valid/041735_png.rf.891d950e6341a379e0a80f54f49c126a.jpg 276,244,304,303,0,0.109833 275,222,309,306,1,0.001553 632,243,640,274,6,0.001372 0,162,6,201,3,0.001310 0,152,6,188,3,0.001165 0,138,10,205,0,0.001089 0,149,10,217,2,0.001021
/home/dysjin/data/CARLA.v20-carla_v20.coco/valid/041669_png.rf.8f16c7cc68671f71ba068edf120b2a61.jpg 301,241,334,318,0,0.100684 98,223,140,251,6,0.006573 305,246,341,299,5,0.001457 284,245,348,309,1,0.001381 291,240,358,310,6,0.001109
/home/dysjin/data/CARLA.v20-carla_v20.coco/valid/003814_png.rf.9123d8ff8e23490d6f5201cb816e4fc2.jpg 541,178,624,243,3,0.299182 287,240,318,258,6,0.105880 282,238,301,256,6,0.017502 268,237,290,254,6,0.004012 401,236,424,250,6,0.003964 312,238,330,254,6,0.002198 411,228,434,244,6,0.001393 605,172,640,267,3,0.001252 603,155,640,257,4,0.001223 591,178,621,234,4,0.001008
/home/dysjin/data/CARLA.v20-carla_v20.coco/valid/005413_png.rf.9000d6e877ce40e1d5bd5387ece453c2.jpg 106,230,125,280,2,0.223032 84,234,107,289,2,0.168160 114,234,133,276,2,0.011067 75,230,94,290,2,0.010142 94,240,115,281,2,0.004741 88,239,119,282,5,0.003467 326,240,351,254,6,0.001550 372,247,384,270,2,0.001357 110,249,122,282,2,0.001349 414,238,435,257,6,0.001005
/home/dysjin/data/CARLA.v20-carla_v20.coco/valid/Town01_001500_png.rf.9254a251a5c6eb6313adba6a6adf1620.jpg 384,174,406,193,3,0.170604 384,170,407,194,4,0.028251 380,172,415,193,2,0.003896 628,182,640,210,6,0.002791 0,126,17,191,6,0.002729 0,189,6,223,0,0.001803 0,138,14,202,6,0.001488 304,191,323,205,6,0.001237 630,155,640,187,6,0.001231 173,200,191,217,6,0.001134 0,115,14,181,6,0.001087
/home/dysjin/data/CARLA.v20-carla_v20.coco/valid/Town05_004680_png.rf.93664881511a21c1adf050e2e8993477.jpg 314,178,415,219,6,0.205787 243,182,267,203,6,0.161772 279,180,298,197,6,0.024744 527,206,640,380,6,0.010753 316,179,344,211,6,0.009036 264,184,287,198,6,0.007746 626,171,640,199,6,0.005851 321,174,380,204,6,0.004617 242,194,267,212,6,0.003748 254,178,299,199,6,0.003102 475,135,625,380,6,0.001782 234,185,254,200,6,0.001705 278,173,300,200,0,0.001377 220,178,270,200,6,0.001329 288,184,306,199,6,0.001164 0,157,15,212,6,0.001056 316,183,343,223,0,0.001032 403,176,419,196,0,0.001019
/home/dysjin/data/CARLA.v20-carla_v20.coco/valid/138312_png.rf.93c512dad514948e54a85fd6860eba4e.jpg 93,236,116,273,2,0.054688 0,247,12,317,2,0.014579 0,256,11,328,2,0.005784 0,262,8,299,2,0.003687 87,239,123,271,5,0.001993 105,237,122,261,0,0.001211 1,225,28,334,2,0.001099
/home/dysjin/data/CARLA.v20-carla_v20.coco/valid/005160_png.rf.922d9f2da21b5b11121905df87e629d7.jpg 401,214,430,239,3,0.071273 402,215,429,238,4,0.023315
