/home/dysjin/data/CARLA.v20-carla_v20.coco/valid/Town02_006840_png.rf.a4a970c10202604d1dd8c41fe9097525.jpg 566,175,582,193,0,0.475566 562,155,585,198,0,0.018131 343,177,361,194,0,0.007513 439,186,457,205,0,0.006293 564,183,582,204,0,0.004083 0,169,16,199,1,0.002125 555,177,572,195,0,0.001740 0,156,14,213,0,0.001361 0,160,16,190,1,0.001345 514,139,531,159,0,0.001094 439,178,457,195,0,0.001017
/home/dysjin/data/CARLA.v20-carla_v20.coco/valid/Town02_002640_png.rf.ac6bee6a9e4c4b2a1e149670c97196c1.jpg 392,175,408,191,0,0.153949 341,162,358,183,0,0.001613
/home/dysjin/data/CARLA.v20-carla_v20.coco/valid/007096_png.rf.a26873f70f1467f54f0fd09ea8c1731b.jpg 549,177,609,246,2,0.454114 555,187,618,246,1,0.076494 539,152,622,256,0,0.026678
/home/dysjin/data/CARLA.v20-carla_v20.coco/valid/Town02_006480_png.rf.aec43468267a9993201d034f7031ee5c.jpg 346,176,358,191,0,0.499313 352,167,368,186,0,0.020555 333,177,348,192,0,0.003690 341,185,358,202,0,0.003057 335,169,349,184,0,0.003021 269,174,287,194,0,0.001907 342,168,363,198,0,0.001682 348,185,369,204,0,0.001226
/home/dysjin/data/CARLA.v20-carla_v20.coco/valid/051305_png.rf.af3e2dc55ae45fc793f7f25eb6fdf7b4.jpg 424,207,460,244,0,0.407848 431,212,451,232,0,0.004291
/home/dysjin/data/CARLA.v20-carla_v20.coco/valid/007291_png.rf.b33e9d647d42777054dfb5f46d23bbad.jpg 385,225,399,239,0,0.675696 380,216,403,246,0,0.003530 379,232,396,254,0,0.002435 370,218,389,236,0,0.001262
/home/dysjin/data/CARLA.v20-carla_v20.coco/valid/003752_png.rf.bb0716bc5b93fa8b10f41577e20a2f35.jpg 400,217,422,243,1,0.259690 399,216,425,241,2,0.088214 395,210,424,238,0,0.004756
/home/dysjin/data/CARLA.v20-carla_v20.coco/valid/005173_png.rf.c24ac196d86260d3a384e12093bfa5ef.jpg 474,191,524,247,2,0.367459 476,202,535,250,1,0.027561
/home/dysjin/data/CARLA.v20-carla_v20.coco/valid/003769_png.rf.c5c0c17fa97551316c57744e9608f796.jpg 493,191,547,250,1,0.288955 498,192,558,252,2,0.016809 508,194,552,248,0,0.001534
/home/dysjin/data/CARLA.v20-carla_v20.coco/valid/004966_png.rf.c9d8d72d0920460b612251c5fddc5770.jpg 428,203,465,243,1,0.478238 423,197,458,246,2,0.006261
/home/dysjin/data/CARLA.v20-carla_v20.coco/valid/001638_png.rf.c98e4c5bc2a68de358073a26469c81b2.jpg 421,213,454,241,0,0.902374 156,224,174,244,0,0.008422
/home/dysjin/data/CARLA.v20-carla_v20.coco/valid/051274_png.rf.d5f64278c64b556983082379a316485f.jpg 565,172,630,249,1,0.452646 559,167,637,253,2,0.305306 557,153,640,253,0,0.046330 355,226,374,244,0,0.003731
/home/dysjin/data/CARLA.v20-carla_v20.coco/valid/Town01_001440_png.rf.e4b4351effd31d5b433710cffb8243e4.jpg 383,178,400,193,0,0.555404 342,176,358,192,0,0.122330 382,170,396,185,0,0.003914 390,127,410,175,0,0.002176 330,177,350,193,0,0.002118 381,169,407,200,0,0.001920 329,166,349,185,0,0.001752 394,139,408,161,1,0.001722 371,178,388,195,0,0.001502 247,139,263,159,0,0.001423 230,175,250,195,0,0.001406 340,185,360,206,0,0.001174 281,164,298,183,0,0.001020
/home/dysjin/data/CARLA.v20-carla_v20.coco/valid/041811_png.rf.e8d4c17844854d24f9b2bec66a8a8889.jpg 50,226,65,241,1,0.572724 51,217,64,238,0,0.060540 45,220,68,247,0,0.007782 40,226,57,245,0,0.001532 45,230,64,253,1,0.001529
/home/dysjin/data/CARLA.v20-carla_v20.coco/valid/001519_png.rf.e42bb854e84b40164ed2795569b2eb6f.jpg 570,219,591,243,0,0.703700 573,230,593,254,0,0.006889 341,226,361,245,0,0.002393 562,230,581,255,0,0.002027
/home/dysjin/data/CARLA.v20-carla_v20.coco/valid/001509_png.rf.ed3baed466e7f65c1a01fb57bf942b65.jpg 569,220,590,244,0,0.654494 563,229,581,255,0,0.006755 341,227,361,245,0,0.001891
/home/dysjin/data/CARLA.v20-carla_v20.coco/valid/026829_png.rf.e6f26e62f316568466a95ba7fd18d850.jpg 373,221,391,240,0,0.901036 375,233,394,250,0,0.002692 364,233,384,252,0,0.001291
/home/dysjin/data/CARLA.v20-carla_v20.coco/valid/007076_png.rf.d635d979c35f5dd6da756ef9889aef0b.jpg 395,216,420,241,2,0.467905 398,213,418,244,1,0.047344
/home/dysjin/data/CARLA.v20-carla_v20.coco/valid/Town02_006960_png.rf.eedfb90c1deb0d66a31341acd2e08f4f.jpg 148,161,166,180,0,0.776196 525,151,542,171,0,0.007812 466,160,483,182,0,0.007039 577,177,594,195,0,0.006065 603,147,617,168,0,0.005355 603,102,621,122,1,0.003186 554,175,569,194,0,0.003027 516,161,531,182,0,0.001622 609,100,629,125,0,0.001049 470,151,494,192,0,0.001014
/home/dysjin/data/CARLA.v20-carla_v20.coco/valid/041861_png.rf.f5f3812ca6c536c5c25bea3d596be111.jpg 400,210,428,241,0,0.601869
/home/dysjin/data/CARLA.v20-carla_v20.coco/valid/003755_png.rf.f6343810071c5f5401b5697ef363285d.jpg 408,208,434,244,1,0.295551 408,214,437,245,0,0.053610 409,215,437,241,2,0.005682
/home/dysjin/data/CARLA.v20-carla_v20.coco/valid/001630_png.rf.ff5ced110f03f998a7a6998ddf647fd2.jpg 407,213,435,240,0,0.846754 169,223,186,243,0,0.003839
/home/dysjin/data/CARLA.v20-carla_v20.coco/valid/003751_png.rf.0ff9ef7c8c8e4f5eab52437609a3b501.jpg 397,216,419,244,1,0.104474 396,217,421,242,2,0.059965 394,216,423,244,0,0.006584
/home/dysjin/data/CARLA.v20-carla_v20.coco/valid/Town02_008820_png.rf.135414697b8215dc125af6b125d3058c.jpg 389,186,408,205,0,0.002824 502,164,520,185,0,0.002482 426,175,446,192,0,0.001339 426,165,444,184,0,0.001301 415,165,433,183,0,0.001144 525,139,544,159,0,0.001062
/home/dysjin/data/CARLA.v20-carla_v20.coco/valid/006578_png.rf.21f08e8ed63ab67b3ef05528af8ef9e6.jpg 371,223,386,238,0,0.641646 368,210,392,244,0,0.004467 366,231,384,256,0,0.001384
/home/dysjin/data/CARLA.v20-carla_v20.coco/valid/Town02_006720_png.rf.2632fd4f3d65ff215e84d472badfd870.jpg 565,175,582,193,0,0.485993 344,177,361,194,0,0.013756 560,155,585,198,0,0.012995 439,186,457,205,0,0.004910 564,183,582,204,0,0.004144 556,177,572,195,0,0.002243 0,169,16,199,1,0.002197 0,156,14,213,0,0.001425 0,160,16,190,1,0.001316 439,178,457,195,0,0.001196
/home/dysjin/data/CARLA.v20-carla_v20.coco/valid/007070_png.rf.2316a0a54db7e4a749f421570aadd160.jpg 382,219,403,241,2,0.498979 379,217,404,243,1,0.179042 373,214,407,238,0,0.002099
/home/dysjin/data/CARLA.v20-carla_v20.coco/valid/041819_png.rf.374472e0a0868df264a4100cb7734e35.jpg 173,226,188,241,1,0.442559 174,219,187,236,0,0.148655 167,219,193,247,0,0.009364 164,217,178,237,0,0.002695 164,225,178,245,0,0.001998 169,230,188,254,0,0.001470
/home/dysjin/data/CARLA.v20-carla_v20.coco/valid/003766_png.rf.3dbe103da1003d1fb3bd18ad0d0894b4.jpg 462,199,505,246,1,0.482755 461,197,505,249,2,0.285548 468,205,498,229,1,0.001426
/home/dysjin/data/CARLA.v20-carla_v20.coco/valid/026849_png.rf.52e90800c02b90489d2521817c6942f7.jpg 418,212,460,241,0,0.942451 428,213,448,234,0,0.015161
/home/dysjin/data/CARLA.v20-carla_v20.coco/valid/041864_png.rf.51f1d81198f2e5b7a450f586235760ec.jpg 413,207,443,244,1,0.339978 410,208,445,242,0,0.179463 417,213,437,231,0,0.008052
/home/dysjin/data/CARLA.v20-carla_v20.coco/valid/009044_png.rf.59d4a83882b4b6af242cbd9e0e31ba80.jpg 559,220,578,243,0,0.803194 343,227,360,244,0,0.014936 0,209,16,239,1,0.002237 561,231,582,253,0,0.002039 551,203,574,249,0,0.001031
/home/dysjin/data/CARLA.v20-carla_v20.coco/valid/Town01_010680_png.rf.5537782525200ced228c602e6dcc3456.jpg 371,180,385,193,0,0.536276 233,179,248,192,0,0.189478 306,177,322,192,0,0.020355 240,178,257,195,0,0.012537 315,176,332,193,0,0.009471 364,171,392,200,0,0.004695 221,178,236,193,0,0.004579 207,176,224,193,0,0.003596 370,169,385,185,0,0.003447 253,177,271,196,0,0.003145 291,177,311,194,0,0.001856 326,175,345,195,0,0.001543 359,177,376,194,0,0.001506 231,168,252,201,0,0.001342 267,177,284,195,0,0.001311 278,176,296,193,0,0.001114
/home/dysjin/data/CARLA.v20-carla_v20.coco/valid/007085_png.rf.5a7141063cfddac158b01dce18de1e48.jpg 430,204,461,243,2,0.620340 423,201,462,246,1,0.031593
/home/dysjin/data/CARLA.v20-carla_v20.coco/valid/041820_png.rf.69e77a8e269d90d89efc21e5026a7083.jpg 179,225,193,242,0,0.388794 183,218,196,236,0,0.066551 175,219,200,248,0,0.008946 176,219,188,236,0,0.004884 180,233,199,253,0,0.001921
/home/dysjin/data/CARLA.v20-carla_v20.coco/valid/Town05_016500_png.rf.75b431585ae9c755044e81517b796324.jpg 456,179,477,197,0,0.442496 17,135,59,217,0,0.001552
/home/dysjin/data/CARLA.v20-carla_v20.coco/valid/026847_png.rf.7a28094ba474fb2fab06e58f1ebea83c.jpg 411,214,448,240,0,0.942823
/home/dysjin/data/CARLA.v20-carla_v20.coco/valid/003814_png.rf.9123d8ff8e23490d6f5201cb816e4fc2.jpg 547,179,614,244,0,0.376566 558,175,623,242,1,0.013778 531,160,632,273,0,0.010863 328,215,345,234,0,0.001546 317,214,334,234,0,0.001472
/home/dysjin/data/CARLA.v20-carla_v20.coco/valid/Town01_001500_png.rf.9254a251a5c6eb6313adba6a6adf1620.jpg 386,178,404,197,0,0.870924 378,180,396,203,0,0.007491 244,166,261,184,0,0.002056 389,169,410,186,0,0.001639 244,175,262,194,0,0.001217 266,177,284,195,0,0.001120 279,174,297,194,0,0.001022 254,176,272,194,0,0.001011
/home/dysjin/data/CARLA.v20-carla_v20.coco/valid/005160_png.rf.922d9f2da21b5b11121905df87e629d7.jpg 399,210,425,243,2,0.428932 402,213,427,246,1,0.214329
