/home/dysjin/data/CARLA.v20-carla_v20.coco/valid/Town05_011820_png.rf.a721d4435d03a17b63243ff374e790d2.jpg 9,184,108,233,6,0.940363 0,195,69,227,6,0.135490 46,192,117,226,6,0.082554 318,187,332,199,6,0.008527 1,195,15,224,6,0.006065 3,193,32,228,6,0.003292 277,178,298,190,6,0.002477 256,175,273,188,6,0.001934 2,205,17,230,6,0.001816 308,180,323,192,6,0.001731 0,157,15,237,6,0.001613 264,177,284,189,6,0.001578 291,178,312,190,6,0.001154
/home/dysjin/data/CARLA.v20-carla_v20.coco/valid/Town05_005760_png.rf.a5aa9e8688171e7bfb57f36e4a648f69.jpg 308,186,328,204,6,0.965575 253,177,273,191,6,0.020796 407,199,444,225,6,0.005051 333,163,345,181,3,0.004427 327,179,342,192,6,0.003235 263,178,285,189,6,0.002698 426,191,444,231,2,0.002152 0,205,11,235,6,0.001933 342,153,358,169,3,0.001665 355,161,369,176,3,0.001261 352,154,369,169,3,0.001255 0,190,13,250,0,0.001201 343,163,354,179,3,0.001074
/home/dysjin/data/CARLA.v20-carla_v20.coco/valid/075705_png.rf.9f5447b468e0280dc956a534954f8a5e.jpg 308,245,349,275,6,0.996836 172,247,254,302,6,0.967979 237,244,267,274,6,0.926806 0,224,186,458,6,0.905963 219,241,265,290,6,0.084355 0,0,640,480,6,0.003902 222,239,263,264,6,0.003784 143,238,181,352,6,0.003004 99,300,543,480,6,0.001405 231,253,257,279,6,0.001316 250,254,270,276,6,0.001228
/home/dysjin/data/CARLA.v20-carla_v20.coco/valid/Town02_006840_png.rf.a4a970c10202604d1dd8c41fe9097525.jpg 576,191,637,219,6,0.831586 563,177,580,195,3,0.776643 0,169,13,195,4,0.186219 1,185,17,254,2,0.021123 429,187,450,203,3,0.013360 0,150,23,257,2,0.011232 525,175,541,195,3,0.005603 523,187,542,202,6,0.004898 556,184,573,200,3,0.004204 565,152,629,212,3,0.003289 527,165,543,185,3,0.003241 2,188,29,231,2,0.002833 2,153,16,231,2,0.002646 1,191,16,224,2,0.002601 396,187,454,208,6,0.002292 0,161,12,190,3,0.001737 109,196,177,220,6,0.001710 438,181,452,195,3,0.001685 571,173,640,205,6,0.001647 440,196,458,211,6,0.001600 343,179,358,193,3,0.001592 554,183,614,211,6,0.001228
/home/dysjin/data/CARLA.v20-carla_v20.coco/valid/Town02_002640_png.rf.ac6bee6a9e4c4b2a1e149670c97196c1.jpg 299,191,370,246,6,0.968648 262,195,292,215,6,0.922409 393,178,406,192,3,0.265398 392,169,407,185,3,0.025220 395,181,406,200,2,0.008049 307,176,321,195,6,0.001393 292,186,309,206,6,0.001347 315,177,332,193,6,0.001025
/home/dysjin/data/CARLA.v20-carla_v20.coco/valid/007096_png.rf.a26873f70f1467f54f0fd09ea8c1731b.jpg 546,163,610,255,5,0.925557 393,221,403,242,5,0.001565
/home/dysjin/data/CARLA.v20-carla_v20.coco/valid/041683_png.rf.abc13a183255cbb5f9aeca7d55d8b4c0.jpg 304,244,338,318,0,0.786524
/home/dysjin/data/CARLA.v20-carla_v20.coco/valid/041699_png.rf.a4a6f7fb7672ac47b317ec4fe3e21c97.jpg 303,240,339,316,0,0.560704 1,143,37,264,6,0.001771
/home/dysjin/data/CARLA.v20-carla_v20.coco/valid/Town02_006480_png.rf.aec43468267a9993201d034f7031ee5c.jpg 342,168,359,182,3,0.163888 350,173,367,187,3,0.028426 366,162,381,179,3,0.009951 219,186,239,204,1,0.001284
/home/dysjin/data/CARLA.v20-carla_v20.coco/valid/Town02_003060_png.rf.b28380c7e6ad26a4ccdfda39d4db7f85.jpg 540,190,626,220,6,0.864588 594,190,640,223,6,0.038389 555,185,586,218,6,0.019671 550,190,578,217,1,0.012487 524,188,571,213,6,0.005614
/home/dysjin/data/CARLA.v20-carla_v20.coco/valid/Town01_009120_png.rf.b3886317404f3c307752dac4625c4b0e.jpg 307,195,330,215,6,0.947854 366,201,432,218,6,0.054600 371,199,400,214,6,0.042550 0,184,14,256,2,0.019580 0,160,35,248,2,0.008501 541,198,560,214,6,0.005679 0,206,66,233,6,0.004346 552,173,566,192,3,0.002917 22,187,43,206,3,0.001872 320,191,347,205,6,0.001725 352,189,378,204,6,0.001649 539,184,555,206,3,0.001447 527,177,545,195,3,0.001420 336,191,364,205,6,0.001391 548,185,565,205,6,0.001246 424,174,448,188,3,0.001001
/home/dysjin/data/CARLA.v20-carla_v20.coco/valid/051305_png.rf.af3e2dc55ae45fc793f7f25eb6fdf7b4.jpg 424,210,464,243,3,0.990052
/home/dysjin/data/CARLA.v20-carla_v20.coco/valid/007291_png.rf.b33e9d647d42777054dfb5f46d23bbad.jpg 382,220,401,239,3,0.972554 2,0,78,326,6,0.006358 188,250,224,342,0,0.001674
/home/dysjin/data/CARLA.v20-carla_v20.coco/valid/Town05_005820_png.rf.abc3e70595852b4f2320e8b55c805a27.jpg 299,194,336,214,6,0.948790 345,164,356,179,3,0.110435 342,154,357,171,3,0.011873 345,172,355,186,3,0.003568 334,175,347,189,3,0.001304 0,0,310,249,6,0.001274
/home/dysjin/data/CARLA.v20-carla_v20.coco/valid/Town05_006960_png.rf.9d31f2ffd8a1d723122d28555c0e3321.jpg 283,183,297,211,0,0.374919 610,203,639,380,6,0.007376 445,203,640,376,6,0.005933 571,170,640,380,6,0.002436 610,184,640,374,0,0.002211 606,197,640,380,6,0.001188
/home/dysjin/data/CARLA.v20-carla_v20.coco/valid/Town02_009720_png.rf.b20474373a38fe973889a895d5aba03e.jpg 287,202,346,256,6,0.540022 266,191,279,218,1,0.183212 265,187,282,222,0,0.005603 609,170,632,192,4,0.002280 169,209,188,228,1,0.001341
/home/dysjin/data/CARLA.v20-carla_v20.coco/valid/Town01_002220_png.rf.9b6e376c042a4b43cdf2a33f00250d62.jpg 186,205,454,380,6,0.987568 284,188,316,204,6,0.015622 556,200,640,255,6,0.009896 300,186,331,200,6,0.004635 0,0,640,380,6,0.003599 614,148,633,170,4,0.003446 369,144,387,169,4,0.002913 0,0,640,380,6,0.002236 366,141,387,162,3,0.001651
/home/dysjin/data/CARLA.v20-carla_v20.coco/valid/Town01_003900_png.rf.b43a572a2d61a01bb389880cf86179de.jpg 183,203,454,380,6,0.991503 612,173,640,324,2,0.014845 337,189,359,206,6,0.005545 0,0,640,380,6,0.003728 392,136,411,162,3,0.002347 554,153,585,186,3,0.001935 537,155,588,186,6,0.001842 0,0,640,380,6,0.001837 0,195,36,224,6,0.001058
/home/dysjin/data/CARLA.v20-carla_v20.coco/valid/029067_png.rf.b686edaf28a0971571945f7b069613d5.jpg 541,228,580,346,2,0.990396 397,235,408,260,2,0.007329 344,210,360,228,4,0.006372
/home/dysjin/data/CARLA.v20-carla_v20.coco/valid/Town02_004200_png.rf.b4d2f32e1287253b4f35bf521927be39.jpg 264,190,291,211,6,0.984489 367,175,382,195,3,0.069431 368,185,382,199,6,0.025710 447,191,526,224,6,0.023860 369,164,383,184,3,0.005002 344,177,358,190,3,0.004039 286,185,309,200,6,0.002324 358,185,373,201,6,0.001757 375,188,393,203,6,0.001637
/home/dysjin/data/CARLA.v20-carla_v20.coco/valid/Town02_002100_png.rf.b49da10e2c41ab65d4c132e46f15d3e3.jpg 297,191,337,297,1,0.931096 273,186,291,202,6,0.512232 0,184,18,212,6,0.220317 130,186,158,204,6,0.012068 309,186,322,205,6,0.004733 57,185,127,206,6,0.003933 316,187,331,204,6,0.001637
/home/dysjin/data/CARLA.v20-carla_v20.coco/valid/003752_png.rf.bb0716bc5b93fa8b10f41577e20a2f35.jpg 397,216,423,241,4,0.960008 305,239,324,252,6,0.012502
/home/dysjin/data/CARLA.v20-carla_v20.coco/valid/138327_png.rf.b4aecc174d58e25a6e680c2468864172.jpg 15,235,44,302,2,0.548443 1,225,16,314,2,0.028432 236,235,249,256,1,0.001011
/home/dysjin/data/CARLA.v20-carla_v20.coco/valid/Town05_009600_png.rf.b886b3525f44da0ae66796230d91b958.jpg 464,188,500,218,6,0.962595 100,190,213,234,6,0.937863 371,186,410,208,6,0.847222 582,183,634,209,6,0.543305 91,199,162,236,6,0.282627 160,190,219,224,6,0.179467 527,183,546,201,6,0.047721 188,195,218,222,6,0.028864 545,184,601,204,6,0.017405 395,185,422,202,6,0.006796 549,185,573,200,6,0.002938 202,195,219,222,0,0.002468 411,184,433,198,6,0.002299 605,186,638,203,6,0.002123 624,182,639,209,6,0.001660 498,186,515,203,6,0.001626 516,185,534,201,6,0.001227
/home/dysjin/data/CARLA.v20-carla_v20.coco/valid/Town01_002340_png.rf.b8976b6d8f366e29aeb47fb3b3146b33.jpg 186,205,453,380,6,0.987100 278,187,297,208,1,0.016265 555,200,640,255,6,0.008976 311,185,336,200,6,0.005192 614,148,633,170,4,0.004366 0,0,640,380,6,0.003596 369,144,387,169,4,0.003249 0,0,640,380,6,0.002250 283,185,346,205,6,0.001781 286,187,314,202,6,0.001464
/home/dysjin/data/CARLA.v20-carla_v20.coco/valid/Town05_009780_png.rf.c3069a0d7ec82f2e1960c0497cec36fe.jpg 285,197,350,252,6,0.566234 299,190,327,205,6,0.001281 370,188,384,204,2,0.001047
/home/dysjin/data/CARLA.v20-carla_v20.coco/valid/Town05_002700_png.rf.b9dfa75f628efa31633800bb9dfee796.jpg 360,179,391,197,6,0.726135 342,180,360,195,6,0.027132 388,180,405,194,6,0.013126 352,181,373,197,6,0.010891 0,171,18,221,6,0.003655 416,176,430,191,6,0.002287 329,177,351,191,6,0.002247
/home/dysjin/data/CARLA.v20-carla_v20.coco/valid/005173_png.rf.c24ac196d86260d3a384e12093bfa5ef.jpg 477,181,523,253,5,0.874590 407,208,419,231,5,0.001192
/home/dysjin/data/CARLA.v20-carla_v20.coco/valid/Town01_005820_png.rf.c9053a957ff7561268673aaec9e095f0.jpg 295,190,341,320,1,0.978983 343,175,359,186,3,0.141616 403,187,426,204,6,0.022350 406,163,421,183,3,0.015429 177,205,203,221,6,0.012452 406,174,422,194,3,0.011218 188,203,214,218,6,0.008089 409,196,436,214,6,0.001584 171,210,189,224,1,0.001467 628,133,640,163,3,0.001379 0,206,13,233,6,0.001198
/home/dysjin/data/CARLA.v20-carla_v20.coco/valid/Town01_011580_png.rf.c8aa9ea674a7d69974d55bf63b55ddbf.jpg 577,190,640,218,6,0.931396 266,188,290,207,6,0.928400 553,184,574,207,6,0.023890 470,203,520,239,6,0.023062 546,191,597,221,6,0.021408 578,170,639,206,6,0.020468 554,176,570,194,3,0.013889 420,200,438,214,6,0.007420 628,195,640,222,6,0.003270 558,196,585,215,6,0.002823 586,153,609,171,3,0.002813 598,138,640,222,6,0.002272 571,181,602,215,6,0.001783 481,200,513,219,6,0.001630 602,196,637,214,6,0.001556 584,151,630,175,6,0.001440 562,167,579,183,3,0.001220 258,196,279,210,6,0.001130
/home/dysjin/data/CARLA.v20-carla_v20.coco/valid/Town01_007440_png.rf.bed11eeb1dde416bf8789b24a8a5c0f8.jpg 553,173,639,223,6,0.824130 263,193,275,213,1,0.316213 523,181,566,220,6,0.315621 261,190,278,211,6,0.226483 271,191,301,204,6,0.006549 538,186,600,222,6,0.001489 523,177,550,199,6,0.001351
/home/dysjin/data/CARLA.v20-carla_v20.coco/valid/Town05_011760_png.rf.c548e0a947d80bc036151e4db99afcfa.jpg 7,206,196,334,6,0.943751 315,186,329,199,6,0.085782 312,184,324,200,1,0.049230 308,181,322,196,6,0.005925 294,180,313,192,6,0.002044 0,0,640,380,6,0.001687 329,180,344,192,6,0.001487
/home/dysjin/data/CARLA.v20-carla_v20.coco/valid/075708_png.rf.c1818fa586a2b613b2806f928a933d9d.jpg 309,246,349,275,6,0.996986 171,245,258,301,6,0.985865 238,245,267,275,6,0.894730 0,223,186,455,6,0.893801 218,240,264,291,6,0.022735 0,0,640,480,6,0.004515 144,236,181,354,6,0.001731 111,301,531,480,6,0.001040
/home/dysjin/data/CARLA.v20-carla_v20.coco/valid/Town05_009900_png.rf.c90bd5781f975f44de47fd794a1f9ac6.jpg 349,195,432,253,6,0.983798 331,186,346,206,1,0.062246 373,185,424,209,6,0.012156 412,191,440,246,0,0.009995 338,185,356,201,6,0.006358 387,180,411,193,6,0.005474 412,178,430,194,3,0.002610 322,186,338,205,6,0.001473 439,178,459,190,6,0.001060
/home/dysjin/data/CARLA.v20-carla_v20.coco/valid/Town05_009660_png.rf.cc2e0d6a11c64dbe092a6e9321c6a170.jpg 232,206,413,331,6,0.986019 406,191,466,211,6,0.834207 342,180,356,205,0,0.053198 352,178,371,192,6,0.043444 207,187,227,202,6,0.021039 612,184,635,200,6,0.015721 627,183,640,207,6,0.007858 366,176,383,189,6,0.002108 378,177,393,191,6,0.001652 350,184,370,200,6,0.001591 339,185,360,226,0,0.001229
/home/dysjin/data/CARLA.v20-carla_v20.coco/valid/003769_png.rf.c5c0c17fa97551316c57744e9608f796.jpg 497,190,550,250,4,0.729881 306,239,325,254,6,0.188215
/home/dysjin/data/CARLA.v20-carla_v20.coco/valid/121197_png.rf.c99e70822c663f40252f74e6b2ad5094.jpg 237,264,413,377,6,0.987992 309,237,325,255,1,0.001597
/home/dysjin/data/CARLA.v20-carla_v20.coco/valid/004966_png.rf.c9d8d72d0920460b612251c5fddc5770.jpg 431,200,464,245,4,0.976860 22,230,108,278,6,0.001379
/home/dysjin/data/CARLA.v20-carla_v20.coco/valid/Town01_006240_png.rf.cc5628eb556a5a5bd1824a8d19313b41.jpg 315,195,327,216,1,0.532742 295,186,315,200,6,0.099397 314,190,328,210,6,0.093813 629,159,640,183,3,0.028082 0,193,14,248,6,0.009402 292,181,307,195,6,0.006998 358,180,374,191,3,0.006225 613,149,640,255,2,0.004226 0,173,13,250,2,0.003900 0,216,12,243,6,0.002274 298,195,315,212,6,0.001185 616,160,634,181,3,0.001184 592,201,640,238,6,0.001166
/home/dysjin/data/CARLA.v20-carla_v20.coco/valid/001638_png.rf.c98e4c5bc2a68de358073a26469c81b2.jpg 420,212,455,240,3,0.996176 154,225,174,242,3,0.072433 38,236,97,258,6,0.006477
/home/dysjin/data/CARLA.v20-carla_v20.coco/valid/051274_png.rf.d5f64278c64b556983082379a316485f.jpg 560,163,633,257,4,0.904328 356,228,371,242,3,0.144411 359,228,371,253,2,0.002458
/home/dysjin/data/CARLA.v20-carla_v20.coco/valid/Town01_001440_png.rf.e4b4351effd31d5b433710cffb8243e4.jpg 383,176,401,192,3,0.938650 389,142,413,179,3,0.014569 343,177,354,190,3,0.012737 354,147,373,167,3,0.005183 6,221,28,241,6,0.001400 2,218,15,242,6,0.001328 345,166,356,184,3,0.001208
/home/dysjin/data/CARLA.v20-carla_v20.coco/valid/019121_png.rf.deb86464dd224ac85f75272f851fc0a8.jpg 499,239,551,257,6,0.898856 536,237,583,257,6,0.072098 395,248,408,276,2,0.006729 396,252,410,282,1,0.003324 584,247,606,266,6,0.001306
/home/dysjin/data/CARLA.v20-carla_v20.coco/valid/041811_png.rf.e8d4c17844854d24f9b2bec66a8a8889.jpg 45,222,62,242,4,0.898718 0,241,17,299,0,0.497247 5,238,27,258,6,0.042510 608,127,640,234,3,0.010969 0,207,29,300,0,0.005846 2,240,15,281,0,0.004665 0,239,28,281,6,0.003127 625,145,640,225,2,0.002497 3,233,16,266,6,0.001764 450,212,471,230,4,0.001358
/home/dysjin/data/CARLA.v20-carla_v20.coco/valid/041657_png.rf.e06a4a0ae870ee5d8dbe97fc65b5b666.jpg 304,245,338,313,0,0.420263 0,227,13,313,6,0.005489 0,221,13,295,6,0.003185 1,235,13,325,6,0.002240
/home/dysjin/data/CARLA.v20-carla_v20.coco/valid/001519_png.rf.e42bb854e84b40164ed2795569b2eb6f.jpg 569,223,586,241,3,0.930813 611,234,630,253,6,0.169153 612,228,625,248,3,0.009010 577,27,640,288,6,0.005565 598,230,623,257,6,0.003073 613,199,629,221,3,0.002943 602,226,617,247,3,0.002502 627,234,637,261,6,0.002012 580,95,640,210,3,0.001849 571,189,634,250,3,0.001623 480,236,495,254,2,0.001202 557,234,571,252,2,0.001145 168,240,191,255,6,0.001143 290,240,312,252,6,0.001005
/home/dysjin/data/CARLA.v20-carla_v20.coco/valid/Town02_005280_png.rf.ec981f5d8aec80a53ec1f9961c2321af.jpg 40,195,118,222,6,0.938232 159,194,211,267,1,0.600453 91,198,137,222,6,0.261293 0,194,16,220,6,0.073336 0,197,42,219,6,0.002937 0,174,16,223,6,0.001273 174,192,205,236,0,0.001162
/home/dysjin/data/CARLA.v20-carla_v20.coco/valid/001509_png.rf.ed3baed466e7f65c1a01fb57bf942b65.jpg 569,223,589,241,3,0.927731 611,234,629,253,6,0.257469 612,228,625,248,3,0.017856 577,32,640,284,6,0.005951 602,226,617,247,3,0.004497 569,231,583,249,3,0.003788 598,229,623,257,6,0.003444 580,96,640,210,3,0.002659 613,199,629,221,3,0.001198 571,189,635,250,3,0.001117 290,239,312,252,6,0.001001
/home/dysjin/data/CARLA.v20-carla_v20.coco/valid/033890_png.rf.e368755037cdc345b45b625d64db27a1.jpg 235,245,433,364,6,0.981497 591,229,629,326,2,0.898835 611,232,636,313,2,0.029302 575,237,599,301,2,0.008245 624,238,640,346,2,0.001957 24,249,92,274,6,0.001506 0,240,15,301,6,0.001338 152,213,522,314,6,0.001305
/home/dysjin/data/CARLA.v20-carla_v20.coco/valid/075724_png.rf.e0c3e9a2b7f318c71e76ccdcb0dda6a1.jpg 293,246,331,268,6,0.985575 190,243,244,281,6,0.908407 0,243,74,464,6,0.731030 31,244,235,338,6,0.430479 126,250,240,308,6,0.030837 223,244,247,277,6,0.026780 272,240,288,251,6,0.003798 0,308,79,396,6,0.002347 0,236,45,480,6,0.002069 129,286,541,480,6,0.001440 0,248,76,480,6,0.001405
/home/dysjin/data/CARLA.v20-carla_v20.coco/valid/112477_png.rf.ecf5d82849f8b68362ce65c8d2645a1c.jpg 338,236,360,297,2,0.944393 368,228,385,244,4,0.004721
/home/dysjin/data/CARLA.v20-carla_v20.coco/valid/Town02_001980_png.rf.ee7206fcf98c96c61f2900b25e79ce20.jpg 296,193,340,323,1,0.982094 160,189,176,219,1,0.272192 0,187,65,215,6,0.270324 42,182,74,213,1,0.140397 53,171,133,203,6,0.135666 152,186,185,212,0,0.004451 144,188,172,209,6,0.002757 0,186,18,208,6,0.002680 163,187,185,210,1,0.001663
/home/dysjin/data/CARLA.v20-carla_v20.coco/valid/026829_png.rf.e6f26e62f316568466a95ba7fd18d850.jpg 368,224,395,241,3,0.993625 0,224,16,292,2,0.131882 4,229,26,289,2,0.005864 334,224,349,237,3,0.002537 0,227,10,268,2,0.002055
/home/dysjin/data/CARLA.v20-carla_v20.coco/valid/007076_png.rf.d635d979c35f5dd6da756ef9889aef0b.jpg 393,220,420,240,5,0.957883
/home/dysjin/data/CARLA.v20-carla_v20.coco/valid/112475_png.rf.df928fa484eb08e1454caacc1e194352.jpg 333,237,354,296,2,0.954419 583,449,639,480,6,0.001321 608,238,636,254,6,0.001295
/home/dysjin/data/CARLA.v20-carla_v20.coco/valid/Town02_006960_png.rf.eedfb90c1deb0d66a31341acd2e08f4f.jpg 147,164,167,182,3,0.987711 1,181,30,209,6,0.933599 573,186,640,234,6,0.271643 176,175,207,192,6,0.018084 0,174,17,204,6,0.004647 0,138,33,221,6,0.002700 262,170,318,197,6,0.002148 201,172,256,194,6,0.002127 0,179,21,227,6,0.002036 582,210,633,248,6,0.001463 149,157,165,174,3,0.001433 548,0,590,36,5,0.001073
/home/dysjin/data/CARLA.v20-carla_v20.coco/valid/Town05_010860_png.rf.f31c0584fff1474ad2b0f4132e874f7d.jpg 0,194,61,214,6,0.819225 308,185,333,250,0,0.763138 0,196,17,217,6,0.013851 306,180,323,196,6,0.006470 310,190,327,245,1,0.004963 355,179,370,191,3,0.001875
/home/dysjin/data/CARLA.v20-carla_v20.coco/valid/Town05_004800_png.rf.ee7c080c8716cb366969ca625bb6d68b.jpg 240,185,271,205,6,0.402167 345,183,361,202,6,0.112201 351,178,371,196,6,0.018859 361,177,383,193,6,0.012103 215,185,240,203,6,0.002861
/home/dysjin/data/CARLA.v20-carla_v20.coco/valid/Town05_009840_png.rf.f5040ce45ecca2822cb3b1b4ea8a6f61.jpg 292,197,368,253,6,0.969523 351,199,369,224,0,0.005378 293,187,309,206,6,0.004274 281,187,296,203,6,0.002323 304,189,320,207,6,0.002129 443,201,459,216,6,0.001571 271,188,285,204,6,0.001249 290,198,314,246,0,0.001167 295,195,311,222,0,0.001103
/home/dysjin/data/CARLA.v20-carla_v20.coco/valid/041861_png.rf.f5f3812ca6c536c5c25bea3d596be111.jpg 116,246,245,300,6,0.983019 401,209,429,239,4,0.940998 299,242,324,290,0,0.924807 214,232,242,287,0,0.054911 92,254,191,305,6,0.046887 346,213,361,233,4,0.010385 101,278,155,308,6,0.003354 202,235,236,284,1,0.002967 352,221,366,244,4,0.002265 190,243,237,293,6,0.002008
/home/dysjin/data/CARLA.v20-carla_v20.coco/valid/Town02_003120_png.rf.f36fecf8d2ee4965c1f3bddaaaad5f33.jpg 400,189,500,223,6,0.959016 607,186,637,212,6,0.469783 556,189,612,210,6,0.124747 621,181,640,231,6,0.026772 408,193,442,220,6,0.004742 571,192,640,216,6,0.004511 472,179,493,219,2,0.003564 446,190,497,220,1,0.002674
/home/dysjin/data/CARLA.v20-carla_v20.coco/valid/003755_png.rf.f6343810071c5f5401b5697ef363285d.jpg 406,215,434,241,4,0.970324 305,239,324,253,6,0.047493
/home/dysjin/data/CARLA.v20-carla_v20.coco/valid/Town01_003300_png.rf.fae28071a74fa02928094ff14cdbb3aa.jpg 266,210,363,274,6,0.987313 278,196,301,213,6,0.066516 507,182,561,211,6,0.050186 303,193,326,205,6,0.013468 319,190,335,203,6,0.010895 69,189,96,206,6,0.006791 271,195,330,221,6,0.004808 83,188,99,209,2,0.004542 286,194,312,206,6,0.002872 159,197,226,216,6,0.002411 270,192,288,206,6,0.002310 57,189,83,206,6,0.001629 630,220,640,246,6,0.001257 531,179,633,226,6,0.001206
/home/dysjin/data/CARLA.v20-carla_v20.coco/valid/138255_png.rf.fbf65e3e930393318a8312fdaefcae24.jpg 57,233,80,289,2,0.947440 517,332,531,361,2,0.005568
/home/dysjin/data/CARLA.v20-carla_v20.coco/valid/005373_png.rf.f68e0e113c5193c933cbee38c6a6bc2d.jpg 145,239,158,273,2,0.867619 154,240,168,263,2,0.768674 141,238,152,274,2,0.684370 1,224,14,295,2,0.141713 0,249,11,286,2,0.017419 0,197,12,302,2,0.005262 169,240,180,270,2,0.001857
/home/dysjin/data/CARLA.v20-carla_v20.coco/valid/001630_png.rf.ff5ced110f03f998a7a6998ddf647fd2.jpg 406,214,436,239,3,0.989780 166,227,184,242,3,0.091306 54,235,109,256,6,0.008454 600,138,638,258,3,0.002354 347,245,362,270,1,0.001923 67,236,97,256,1,0.001807
/home/dysjin/data/CARLA.v20-carla_v20.coco/valid/006662_png.rf.fa42143249c7b6a780238796639341d3.jpg 462,226,496,313,2,0.927527 0,215,12,301,2,0.002482 0,200,12,295,2,0.001370
/home/dysjin/data/CARLA.v20-carla_v20.coco/valid/Town05_004860_png.rf.f5c138159cbce172c63fa9a736f9c655.jpg 240,186,271,204,6,0.404080 345,183,361,203,6,0.125435 351,178,371,195,6,0.023376 361,177,383,193,6,0.019768 215,185,241,203,6,0.003687
/home/dysjin/data/CARLA.v20-carla_v20.coco/valid/Town01_008460_png.rf.03f3160d63f090b29499596ec3c8c4b5.jpg 15,197,153,247,6,0.990838 551,187,635,233,6,0.293422 534,198,587,222,6,0.077090 535,181,561,218,6,0.003879 505,162,521,181,3,0.002925 417,197,484,218,6,0.002517 591,189,622,205,6,0.001004
/home/dysjin/data/CARLA.v20-carla_v20.coco/valid/005508_png.rf.0ab3da1b4970047c9b42e5bbe5d4e6f1.jpg 31,232,54,286,2,0.961117 90,236,120,317,2,0.537718 23,241,47,291,2,0.007048 41,226,59,292,2,0.002647 468,247,532,272,6,0.001066
/home/dysjin/data/CARLA.v20-carla_v20.coco/valid/Town01_006180_png.rf.089d25ecaf49fe28c7f3bf0c3614732b.jpg 311,192,324,219,1,0.881655 389,176,412,190,6,0.034153 312,189,330,210,6,0.018085 402,174,418,188,3,0.008108 353,176,369,186,3,0.003081 1,217,14,245,6,0.001937 392,167,411,184,3,0.001441 347,175,360,187,3,0.001166
/home/dysjin/data/CARLA.v20-carla_v20.coco/valid/Town02_008340_png.rf.044a76656e2e2fe428cd425926d9acbe.jpg 544,190,621,224,6,0.971447 157,196,247,240,6,0.942176 269,185,289,201,6,0.354887 528,193,572,220,6,0.034270 0,0,195,380,6,0.008940 245,186,259,203,6,0.003178 628,147,639,174,3,0.002754 408,185,425,211,2,0.002438 257,185,274,200,6,0.002158 570,204,640,230,6,0.001584 258,179,272,194,3,0.001069
/home/dysjin/data/CARLA.v20-carla_v20.coco/valid/075710_png.rf.0b62bb94157d1f2113ac6bbefe158022.jpg 309,244,349,273,6,0.995710 171,246,257,302,6,0.980089 237,245,266,275,6,0.908528 0,224,187,454,6,0.894223 219,240,265,291,6,0.033204 0,0,640,480,6,0.004394 144,238,183,352,6,0.001712
/home/dysjin/data/CARLA.v20-carla_v20.coco/valid/041689_png.rf.0d648fbd58416a80b414e4503d51c42e.jpg 304,244,338,317,0,0.620351 457,461,512,480,6,0.006551
/home/dysjin/data/CARLA.v20-carla_v20.coco/valid/003751_png.rf.0ff9ef7c8c8e4f5eab52437609a3b501.jpg 395,216,419,241,4,0.940798 307,238,324,252,6,0.022505
/home/dysjin/data/CARLA.v20-carla_v20.coco/valid/Town02_008820_png.rf.135414697b8215dc125af6b125d3058c.jpg 265,202,371,354,6,0.980861 505,182,561,212,6,0.928152 388,185,435,209,6,0.107893 547,184,623,214,6,0.087785 380,188,397,205,6,0.040546 140,174,161,192,3,0.038100 416,176,434,191,3,0.004112 425,175,443,190,3,0.002919 400,179,420,196,3,0.002076 3,117,28,137,3,0.001976 428,195,443,216,1,0.001348 340,188,360,199,6,0.001306 390,194,409,213,6,0.001281
/home/dysjin/data/CARLA.v20-carla_v20.coco/valid/006664_png.rf.1466f666c872e94bac27eba56bbdfb5b.jpg 477,231,519,320,2,0.952462 494,235,543,322,2,0.006296 465,241,492,305,2,0.004169
/home/dysjin/data/CARLA.v20-carla_v20.coco/valid/014570_png.rf.1235b2ca71c181a49fda1bb53eaa19cd.jpg 435,232,454,286,2,0.974242 58,237,121,262,6,0.962759 299,239,329,262,6,0.801143 0,219,13,298,2,0.001909
/home/dysjin/data/CARLA.v20-carla_v20.coco/valid/112550_png.rf.1ca2fa82e03653536df85cf5faf5753c.jpg 523,229,544,282,2,0.860799 584,235,640,256,6,0.003823 514,226,550,314,2,0.002288 627,234,640,262,6,0.001468
/home/dysjin/data/CARLA.v20-carla_v20.coco/valid/Town02_000780_png.rf.16d5987bcdc7d08470c1b3e757e128e5.jpg 303,185,343,324,1,0.981134 277,184,301,202,6,0.939678 66,187,114,211,6,0.775816 28,186,84,214,6,0.183546 578,186,639,209,6,0.005909 329,177,347,191,6,0.003708 318,176,336,190,6,0.003475 304,177,324,190,6,0.003290 357,165,372,183,3,0.002333 364,175,381,194,3,0.002270 85,186,120,204,6,0.001907 340,176,359,192,6,0.001798 286,179,309,195,6,0.001164
/home/dysjin/data/CARLA.v20-carla_v20.coco/valid/Town02_001500_png.rf.1e8a22666698f8954863a9939bc59942.jpg 185,188,214,215,6,0.835280 182,194,208,214,1,0.434449 598,238,640,278,6,0.004974 607,201,640,302,2,0.002939 529,229,589,263,6,0.002472
/home/dysjin/data/CARLA.v20-carla_v20.coco/valid/Town05_004620_png.rf.0e4a190ca586e0e90df6b90be2c83f5b.jpg 386,179,455,212,6,0.989225 341,179,362,198,6,0.158730 283,184,301,201,6,0.082908 586,187,634,208,6,0.051347 570,176,629,236,6,0.029694 363,180,383,194,6,0.011057 574,217,640,246,6,0.006540 218,187,239,201,6,0.004131 563,196,611,227,6,0.001858 607,180,634,198,6,0.001267 416,186,453,205,6,0.001201
/home/dysjin/data/CARLA.v20-carla_v20.coco/valid/006578_png.rf.21f08e8ed63ab67b3ef05528af8ef9e6.jpg 368,223,385,238,3,0.977020 258,235,293,255,6,0.963661 363,229,372,255,2,0.002710 346,237,357,256,2,0.001923 550,231,600,326,2,0.001227
/home/dysjin/data/CARLA.v20-carla_v20.coco/valid/Town01_004320_png.rf.1f6552094735eb0bd49b614b7e584c58.jpg 254,199,375,287,6,0.944366 358,151,375,171,3,0.193456 299,185,327,199,6,0.008343 314,177,337,191,6,0.005865 288,183,340,205,6,0.003681 613,61,640,199,4,0.002721 612,80,639,217,2,0.001396 504,205,563,237,6,0.001031
/home/dysjin/data/CARLA.v20-carla_v20.coco/valid/Town02_006720_png.rf.2632fd4f3d65ff215e84d472badfd870.jpg 269,189,290,211,6,0.961422 576,190,637,220,6,0.818735 563,177,580,195,3,0.757238 0,169,13,195,4,0.185763 1,185,17,255,2,0.022468 0,150,23,257,2,0.010934 429,187,449,203,3,0.006795 525,176,541,195,3,0.005485 523,186,542,201,6,0.004326 556,184,573,200,3,0.004014 564,151,628,212,3,0.003665 2,188,29,231,2,0.002679 1,191,16,224,2,0.002612 2,153,16,231,2,0.002280 527,165,543,185,3,0.002211 343,179,358,193,3,0.001849 0,161,12,190,3,0.001763 439,181,453,195,3,0.001655 554,183,613,211,6,0.001575 109,196,178,220,6,0.001574 561,154,629,214,6,0.001094 440,196,458,212,6,0.001052
/home/dysjin/data/CARLA.v20-carla_v20.coco/valid/Town05_006900_png.rf.2eaa1f5f6de8c6bffcd968f78f2f53b4.jpg 236,190,259,227,1,0.917718 609,205,639,380,6,0.006713 447,202,640,375,6,0.006466 570,171,640,380,6,0.002404 609,187,640,372,0,0.001780 606,197,640,380,6,0.001056
/home/dysjin/data/CARLA.v20-carla_v20.coco/valid/005482_png.rf.1eef94cb1d26525ab4b64d28fc9be58d.jpg 0,220,27,323,2,0.942098 0,207,17,311,2,0.025624 0,222,23,358,2,0.017999 468,246,533,272,6,0.003264 6,227,46,313,2,0.002804
/home/dysjin/data/CARLA.v20-carla_v20.coco/valid/138251_png.rf.2622df013f55b1f57387212b95c87241.jpg 79,230,98,288,2,0.914814 2,235,14,308,2,0.001314 0,215,13,303,2,0.001021
/home/dysjin/data/CARLA.v20-carla_v20.coco/valid/007070_png.rf.2316a0a54db7e4a749f421570aadd160.jpg 383,217,403,245,5,0.968133 432,220,443,244,5,0.001368
/home/dysjin/data/CARLA.v20-carla_v20.coco/valid/Town05_010920_png.rf.2325292b5e147dc41c10fe128f6256f9.jpg 304,175,344,295,0,0.990411 313,178,333,196,6,0.039352 293,178,313,193,6,0.004344
/home/dysjin/data/CARLA.v20-carla_v20.coco/valid/Town01_006420_png.rf.2b897cd6227874bc930ae1c7e17e3b3b.jpg 310,187,323,213,1,0.646363 377,177,395,193,3,0.003766 0,194,16,245,2,0.003270 0,205,14,236,6,0.002637 346,174,357,189,3,0.002185 376,185,395,200,6,0.001999 0,147,30,258,2,0.001594 1,217,14,241,6,0.001530 282,187,299,199,6,0.001397 4,199,28,242,2,0.001334 582,168,635,204,6,0.001313 343,165,355,182,3,0.001151
/home/dysjin/data/CARLA.v20-carla_v20.coco/valid/Town05_006780_png.rf.253c814d6e368b92a888141244ca1a16.jpg 168,191,212,263,1,0.671050 354,177,370,192,3,0.002165 185,194,212,233,1,0.002164
/home/dysjin/data/CARLA.v20-carla_v20.coco/valid/Town01_008280_png.rf.2f69ce357d9638b109b359e31c238ab4.jpg 56,186,108,207,6,0.579514 311,190,334,207,6,0.067190 285,194,312,208,6,0.060109 523,208,629,259,6,0.053820 89,188,116,206,6,0.009507 426,195,499,220,6,0.009083 299,197,329,209,6,0.005116 627,162,640,187,3,0.001709 284,195,343,214,6,0.001175 182,191,198,208,2,0.001127 269,188,290,202,6,0.001093
/home/dysjin/data/CARLA.v20-carla_v20.coco/valid/Town01_005100_png.rf.262bb9c3104b14f5fb633de3dafd0a52.jpg 580,188,606,224,0,0.120008 579,181,606,218,6,0.035860 327,187,350,213,1,0.011702 574,173,639,224,6,0.004701 323,187,356,212,6,0.004155
/home/dysjin/data/CARLA.v20-carla_v20.coco/valid/Town01_011940_png.rf.2554f5ab3ce2122d2ef300838472450f.jpg 566,195,605,223,1,0.634853 197,182,264,231,6,0.592687 576,184,614,252,0,0.009709 5,180,35,212,6,0.007296 558,197,598,219,6,0.006893 17,187,36,205,3,0.005740 327,179,349,195,6,0.003817 246,189,275,226,6,0.002060 11,193,32,218,6,0.001814 586,192,631,223,6,0.001455 16,176,38,198,3,0.001391 268,175,288,194,6,0.001031
/home/dysjin/data/CARLA.v20-carla_v20.coco/valid/041684_png.rf.2f70db5ab75442cd11fffa13a776ae97.jpg 304,244,338,319,0,0.723973
/home/dysjin/data/CARLA.v20-carla_v20.coco/valid/Town05_010980_png.rf.2071755951cd753466eb2cc53fd2fe0c.jpg 304,182,339,287,0,0.983152
/home/dysjin/data/CARLA.v20-carla_v20.coco/valid/112459_png.rf.33bdc5bd58f0f631808a95c4ceb9a78f.jpg 293,231,314,293,2,0.967035 584,235,639,256,6,0.001026
/home/dysjin/data/CARLA.v20-carla_v20.coco/valid/041653_png.rf.31aa86a50239c7e6cbc52c66846dac06.jpg 303,236,334,305,0,0.572623 9,237,30,253,6,0.001005
/home/dysjin/data/CARLA.v20-carla_v20.coco/valid/041819_png.rf.374472e0a0868df264a4100cb7734e35.jpg 170,223,185,243,4,0.921326 106,243,134,295,0,0.801551 10,242,76,267,6,0.584206 37,241,73,259,6,0.011160 17,247,45,263,6,0.002322 570,140,632,372,6,0.001620 148,214,163,234,4,0.001583 577,192,640,223,6,0.001527 178,224,192,243,4,0.001168
/home/dysjin/data/CARLA.v20-carla_v20.coco/valid/Town05_010800_png.rf.3489607b659edfbc485537135e06f34b.jpg 0,194,140,267,6,0.920480 305,188,331,247,0,0.727235 113,189,175,207,6,0.071044 114,198,140,241,0,0.006503 0,135,163,261,6,0.006115 345,177,357,189,3,0.005460 60,197,128,224,6,0.004932 301,180,320,197,6,0.003464 354,175,368,189,3,0.001702 103,190,134,229,0,0.001522 0,227,61,266,6,0.001355 297,182,313,207,6,0.001166 331,179,347,191,6,0.001109
/home/dysjin/data/CARLA.v20-carla_v20.coco/valid/Town02_001080_png.rf.2d29b90fb99ccf7727caeaa1914436b4.jpg 303,185,342,323,1,0.972628 275,184,300,203,6,0.937868 69,187,247,298,6,0.843550 0,211,83,380,6,0.805349 303,177,324,192,6,0.013561 14,187,75,211,6,0.005775 579,187,638,210,6,0.004915 356,165,372,183,3,0.003994 316,175,337,190,6,0.003402 327,176,347,192,6,0.002594 117,179,237,248,6,0.002421 340,176,360,192,6,0.002018 41,157,274,380,6,0.001416 0,155,294,265,6,0.001141 285,179,311,195,6,0.001117
/home/dysjin/data/CARLA.v20-carla_v20.coco/valid/Town02_005700_png.rf.39e8547ff43ddaa06ed2b24f114c8a27.jpg 239,208,403,328,6,0.972832 279,184,301,200,6,0.740529 197,166,444,373,6,0.012989 458,184,519,204,6,0.011243 314,177,336,194,6,0.003528 573,187,600,203,6,0.002931 579,183,636,212,6,0.001602 557,190,587,205,6,0.001562 471,179,500,193,6,0.001363 302,185,326,198,6,0.001230 29,107,80,142,6,0.001229 286,176,336,198,6,0.001097
/home/dysjin/data/CARLA.v20-carla_v20.coco/valid/Town02_002040_png.rf.3d0fd4b3b3749ac8ebdf480959eb8e66.jpg 295,196,340,320,1,0.979879 265,190,306,210,6,0.861513 0,188,123,362,6,0.345314 121,192,163,218,6,0.190205 55,187,85,226,1,0.077829 0,185,81,380,6,0.036853 65,189,152,228,6,0.023748 53,187,104,226,6,0.019520 138,188,163,210,6,0.008163 55,194,87,237,0,0.006314 39,188,117,323,0,0.004988 48,175,67,195,4,0.002924 261,188,278,210,6,0.002119 52,181,87,217,0,0.001792
/home/dysjin/data/CARLA.v20-carla_v20.coco/valid/075707_png.rf.2ff4a82560cfe658387e361a6cc43ef0.jpg 309,247,349,274,6,0.996058 171,246,257,301,6,0.981546 0,222,186,456,6,0.894445 238,244,266,275,6,0.862650 218,240,264,291,6,0.026639 0,0,640,480,6,0.004423 143,237,181,354,6,0.002651 107,298,537,480,6,0.001230
/home/dysjin/data/CARLA.v20-carla_v20.coco/valid/138320_png.rf.332f3bdf3abffc7dd973858c3061b801.jpg 57,233,79,287,2,0.978508 0,239,14,304,2,0.010272
/home/dysjin/data/CARLA.v20-carla_v20.coco/valid/003766_png.rf.3dbe103da1003d1fb3bd18ad0d0894b4.jpg 459,194,509,246,4,0.952667 308,239,325,254,6,0.025152
/home/dysjin/data/CARLA.v20-carla_v20.coco/valid/121245_png.rf.3c6765f574e34bb200e320d55fc2ffe7.jpg 269,256,360,317,6,0.994549 534,255,587,282,6,0.001560
/home/dysjin/data/CARLA.v20-carla_v20.coco/valid/Town05_011040_png.rf.3f658b3c60547a5478cb61d6b76eb55c.jpg 310,186,327,221,0,0.555634 627,163,640,188,3,0.024815 629,167,640,194,4,0.010128 312,196,340,213,0,0.001479
/home/dysjin/data/CARLA.v20-carla_v20.coco/valid/Town02_004920_png.rf.3cdedb8ebbe317a63567ec577e3789a8.jpg 307,187,330,240,1,0.912739 329,178,345,190,3,0.021669 366,189,383,202,6,0.016288 612,168,640,283,2,0.010491 165,187,187,199,6,0.009007 341,187,360,200,6,0.004693 351,188,375,202,6,0.003893 319,180,336,194,6,0.003377 159,179,174,192,3,0.003279 338,179,356,194,6,0.001874 629,171,640,272,2,0.001304 205,191,225,203,6,0.001299 408,185,422,208,2,0.001190
/home/dysjin/data/CARLA.v20-carla_v20.coco/valid/Town05_002760_png.rf.41faa57cc70298c90c62fe9f6a3f08c9.jpg 241,175,264,198,6,0.369000 252,181,267,201,6,0.029123 42,185,62,213,1,0.017339 117,186,140,203,6,0.015014 317,179,335,191,6,0.013484 286,178,314,191,6,0.010621 106,187,124,207,1,0.004598 301,179,327,192,6,0.003947 327,180,343,193,6,0.003003 279,175,301,189,6,0.002866 357,162,370,180,3,0.002818 101,184,117,205,0,0.002082 354,178,370,191,6,0.001276 191,176,214,190,6,0.001052
/home/dysjin/data/CARLA.v20-carla_v20.coco/valid/Town02_001740_png.rf.4072bb166a4df4f9403df039e28a73f3.jpg 296,193,340,323,1,0.983676 51,171,133,203,6,0.511977 36,183,58,210,1,0.086145 2,183,64,209,6,0.007362 33,180,108,206,6,0.001060
/home/dysjin/data/CARLA.v20-carla_v20.coco/valid/026849_png.rf.52e90800c02b90489d2521817c6942f7.jpg 419,211,458,240,3,0.998192 334,224,348,239,3,0.001011
/home/dysjin/data/CARLA.v20-carla_v20.coco/valid/Town02_001560_png.rf.44c7e46d6d34263ac9f429ccb2cd2655.jpg 79,191,94,222,1,0.601490 58,189,86,211,6,0.300739 0,117,29,227,6,0.022114 67,193,96,215,0,0.018543 10,185,29,202,6,0.015964 0,92,28,217,3,0.007666 0,185,16,204,6,0.005297 77,185,96,218,6,0.003633 18,186,37,201,6,0.003561 71,179,88,200,3,0.002724 42,189,72,205,6,0.002685 424,199,475,240,6,0.002000 427,168,474,243,2,0.001890 30,187,53,204,6,0.001712 5,146,30,197,3,0.001641 430,199,464,239,1,0.001109
/home/dysjin/data/CARLA.v20-carla_v20.coco/valid/Town02_003420_png.rf.4347a7bee8aec9f5c84eb5295856f9a9.jpg 339,195,379,230,1,0.856911 5,194,119,231,6,0.500406 561,189,630,211,6,0.226661 64,203,114,232,6,0.015975 559,187,585,208,6,0.010745 331,193,356,232,1,0.004591 608,188,634,206,6,0.003864 0,195,49,226,6,0.002848 565,196,600,212,6,0.001951 361,204,384,227,1,0.001588 0,193,17,243,6,0.001348 555,183,571,204,2,0.001052
/home/dysjin/data/CARLA.v20-carla_v20.coco/valid/Town01_006060_png.rf.3d76b002da6076434f028293d0c4a498.jpg 298,192,336,269,1,0.441379 201,204,227,218,6,0.016630 417,197,452,225,6,0.007569 190,210,216,222,6,0.006024 163,213,191,229,6,0.004751 178,211,202,225,6,0.002575 613,159,634,179,4,0.002531 0,172,15,245,2,0.001725 154,213,177,231,6,0.001626 0,190,14,251,2,0.001021
/home/dysjin/data/CARLA.v20-carla_v20.coco/valid/Town02_007800_png.rf.4e6520c0e9dd39a93f5048a2caea0283.jpg 321,194,406,228,6,0.767382 608,198,639,227,6,0.760353 513,185,555,206,6,0.497141 305,187,325,203,6,0.241699 561,187,584,205,6,0.027165 611,178,639,260,6,0.023867 391,204,436,229,6,0.023462 401,208,429,228,1,0.010549 324,193,354,224,6,0.010369 551,186,570,203,6,0.009040 0,192,17,246,6,0.004366 553,178,568,196,3,0.002360 315,193,338,217,6,0.002151 0,193,45,227,6,0.001934 508,180,535,198,6,0.001710 562,175,580,197,3,0.001661
/home/dysjin/data/CARLA.v20-carla_v20.coco/valid/Town01_001860_png.rf.53e5db5983ad00d8986ebdc44e1e76ef.jpg 189,197,445,380,6,0.981120 283,183,304,202,6,0.244194 290,183,309,202,1,0.174099 316,183,338,201,6,0.150575 297,185,329,200,6,0.101059 279,175,322,200,6,0.004864 0,0,640,380,6,0.002528 2,181,16,208,6,0.002278 142,188,166,207,6,0.001693 327,177,342,197,0,0.001622 472,180,524,211,6,0.001077 239,186,263,199,6,0.001059
/home/dysjin/data/CARLA.v20-carla_v20.coco/valid/Town01_006120_png.rf.405fede50ad311216cb9943968a5cdf5.jpg 315,194,329,218,1,0.858120 314,190,329,214,6,0.162620 352,167,367,182,3,0.053767 347,173,361,186,3,0.013326 363,166,378,181,3,0.007649
/home/dysjin/data/CARLA.v20-carla_v20.coco/valid/041864_png.rf.51f1d81198f2e5b7a450f586235760ec.jpg 412,212,444,239,4,0.962793 300,242,326,291,0,0.922998 79,246,241,310,6,0.783458 62,254,169,315,6,0.033582 353,212,366,233,4,0.010452 217,226,239,290,0,0.010234 40,192,264,311,6,0.007836 346,215,360,233,4,0.004787 401,194,447,256,4,0.004514 158,231,245,293,6,0.001105
/home/dysjin/data/CARLA.v20-carla_v20.coco/valid/Town01_012060_png.rf.58e57e1a7e8d4f630323ae1827ca68bc.jpg 567,196,604,222,1,0.580930 558,198,597,219,6,0.009262 576,184,614,253,0,0.007534 5,180,35,212,6,0.005533 17,187,36,206,3,0.005442 329,180,350,194,6,0.004587 583,193,632,223,6,0.002392 269,186,288,201,6,0.002005 11,193,32,218,6,0.001937
/home/dysjin/data/CARLA.v20-carla_v20.coco/valid/009044_png.rf.59d4a83882b4b6af242cbd9e0e31ba80.jpg 556,222,579,246,3,0.957624 0,215,15,301,2,0.103407 0,206,13,236,3,0.102621 0,198,14,295,2,0.007610 489,227,510,241,3,0.005496 0,188,15,271,2,0.004069 592,239,621,254,6,0.003505 382,121,439,196,3,0.002688 341,228,356,242,3,0.001439
/home/dysjin/data/CARLA.v20-carla_v20.coco/valid/Town02_002520_png.rf.55f8a7c01a8e4b86c99a794d7b61cd5d.jpg 222,193,408,319,6,0.983863 162,196,228,235,6,0.982875 226,179,304,341,6,0.003807 367,176,382,193,3,0.002215 146,177,163,193,3,0.001997
/home/dysjin/data/CARLA.v20-carla_v20.coco/valid/Town02_008760_png.rf.5bfb07b6a5fbe6700b4b9c150b9c6576.jpg 266,204,371,353,6,0.977491 271,186,290,203,6,0.912662 508,185,564,211,6,0.475967 524,178,597,211,6,0.140623 387,185,435,209,6,0.077589 140,174,161,191,3,0.070470 565,184,628,210,6,0.022522 557,180,588,207,6,0.022072 379,186,397,205,6,0.019667 416,175,432,190,3,0.002421 340,187,360,199,6,0.002063 594,196,621,212,6,0.001975 3,117,28,137,3,0.001923 400,179,421,195,3,0.001664 368,179,381,192,3,0.001587 474,178,495,191,6,0.001164 427,196,443,217,1,0.001155
/home/dysjin/data/CARLA.v20-carla_v20.coco/valid/Town01_008100_png.rf.5942043a53e2ea3c62572bf7029ed896.jpg 275,189,298,206,6,0.730437 385,197,411,212,6,0.101675 338,189,361,202,6,0.054119 329,188,347,202,6,0.013717 419,192,450,207,6,0.008050 352,188,371,202,6,0.005626 379,191,398,208,6,0.004970 286,186,308,201,6,0.001857 366,189,384,204,6,0.001556 0,126,13,146,3,0.001058
/home/dysjin/data/CARLA.v20-carla_v20.coco/valid/Town01_010680_png.rf.5537782525200ced228c602e6dcc3456.jpg 369,181,383,193,3,0.737490 230,187,246,205,6,0.002037
/home/dysjin/data/CARLA.v20-carla_v20.coco/valid/121155_png.rf.5eeb1497380edc240a771f68b9d34669.jpg 237,264,413,377,6,0.988640 559,220,595,303,2,0.822625 552,226,577,293,2,0.007209
/home/dysjin/data/CARLA.v20-carla_v20.coco/valid/007085_png.rf.5a7141063cfddac158b01dce18de1e48.jpg 429,202,463,251,5,0.967198
/home/dysjin/data/CARLA.v20-carla_v20.coco/valid/Town05_006720_png.rf.717ce1e22225ab6a97befb2b8effcc2a.jpg 179,196,220,247,1,0.348482 80,191,153,207,6,0.069979 342,175,358,192,3,0.015290 352,175,367,191,3,0.001477
/home/dysjin/data/CARLA.v20-carla_v20.coco/valid/Town01_006600_png.rf.612f31973b2db2fda3ee5293fd937a64.jpg 370,189,395,211,6,0.619546
/home/dysjin/data/CARLA.v20-carla_v20.coco/valid/112469_png.rf.4fea3a1e3f0858f468ecb362968a08fb.jpg 315,233,340,292,2,0.956336 320,232,333,272,2,0.001756
/home/dysjin/data/CARLA.v20-carla_v20.coco/valid/Town05_009540_png.rf.67accf9da191af14c5f05da1b6fe1e58.jpg 603,190,637,208,6,0.053671
/home/dysjin/data/CARLA.v20-carla_v20.coco/valid/041820_png.rf.69e77a8e269d90d89efc21e5026a7083.jpg 178,223,194,244,4,0.873601 27,243,81,266,6,0.815394 114,241,144,294,0,0.747080 177,231,190,251,4,0.004403 49,240,80,258,6,0.002846 172,215,191,240,4,0.002304 180,209,200,245,4,0.001583
/home/dysjin/data/CARLA.v20-carla_v20.coco/valid/121278_png.rf.6607158f1164a75baf620dcb66d1b07e.jpg 273,254,359,314,6,0.993335 243,240,261,263,1,0.541396 238,244,253,266,1,0.002431
/home/dysjin/data/CARLA.v20-carla_v20.coco/valid/Town02_004620_png.rf.7280640e1c163e7c4b28010b90659788.jpg 234,206,399,330,6,0.976345 278,185,300,201,6,0.804282 129,186,174,206,6,0.626506 314,179,333,197,6,0.265635 371,151,387,170,3,0.061479 326,175,344,195,6,0.004626 169,159,182,176,3,0.002968 367,142,386,163,3,0.002828 82,177,101,218,2,0.002108 284,180,314,197,6,0.001814 162,163,177,179,3,0.001404 84,183,100,215,1,0.001114
/home/dysjin/data/CARLA.v20-carla_v20.coco/valid/Town05_016500_png.rf.75b431585ae9c755044e81517b796324.jpg 112,197,220,242,6,0.979214 455,178,476,198,3,0.959201 0,204,94,291,6,0.893043 339,194,392,233,6,0.877899 370,194,398,236,6,0.047153 340,190,362,208,6,0.013451 334,183,348,205,0,0.006435 113,213,174,245,6,0.005847 343,201,365,231,6,0.002100 0,152,85,380,6,0.001687 337,180,358,197,6,0.001485 427,181,443,194,3,0.001314 0,194,13,219,6,0.001259 428,191,442,203,3,0.001208 0,185,170,286,6,0.001029
/home/dysjin/data/CARLA.v20-carla_v20.coco/valid/Town02_001020_png.rf.79741d4293c684a4f4e895c08f1290d5.jpg 302,182,343,324,1,0.977659 0,214,83,380,6,0.825520 275,183,328,208,6,0.501733 27,188,80,212,6,0.089278 192,182,215,215,1,0.053466 273,185,289,200,6,0.007724 578,186,638,209,6,0.003638 299,178,328,197,6,0.003451 190,184,221,213,6,0.002982 11,215,252,338,6,0.002279 364,176,381,194,3,0.001628 357,165,371,183,3,0.001585
/home/dysjin/data/CARLA.v20-carla_v20.coco/valid/004996_png.rf.758bfe0873e6cba6e1d99146894cae01.jpg 491,261,513,313,2,0.954790 355,249,367,272,2,0.021481 349,251,362,267,2,0.002358
/home/dysjin/data/CARLA.v20-carla_v20.coco/valid/Town02_001620_png.rf.77cda18f042297c4b15936a35acef602.jpg 301,185,331,257,1,0.716979 173,195,189,216,1,0.006030 297,181,339,247,6,0.003986 181,196,197,217,1,0.003685 314,187,332,212,6,0.001841
/home/dysjin/data/CARLA.v20-carla_v20.coco/valid/112362_png.rf.868e587d8bdd37c81e4872223fbdbeb4.jpg 150,230,168,281,2,0.960974 609,238,636,253,6,0.001282
/home/dysjin/data/CARLA.v20-carla_v20.coco/valid/Town05_010080_png.rf.88fb23d739ffa2beacd3c5735d172d03.jpg 272,182,287,200,6,0.845428 313,188,328,220,0,0.595327 345,161,356,176,3,0.055927 331,178,343,193,6,0.005105 292,184,312,204,6,0.002656 0,0,321,243,6,0.001840 337,164,347,182,3,0.001067
/home/dysjin/data/CARLA.v20-carla_v20.coco/valid/026847_png.rf.7a28094ba474fb2fab06e58f1ebea83c.jpg 411,213,447,239,3,0.996025 0,217,13,302,2,0.031454 335,225,349,238,3,0.002705 0,249,10,289,2,0.002655 0,161,11,187,3,0.002396 1,0,73,206,6,0.001925 0,167,12,196,3,0.001431
/home/dysjin/data/CARLA.v20-carla_v20.coco/valid/075709_png.rf.7dd638ab9af378bf60aaa2fb92a0aea4.jpg 309,245,349,273,6,0.996125 170,245,257,301,6,0.983996 238,245,267,275,6,0.902379 0,224,188,453,6,0.894092 218,240,265,291,6,0.028240 0,0,640,480,6,0.004581 143,236,181,354,6,0.002241
/home/dysjin/data/CARLA.v20-carla_v20.coco/valid/Town02_007380_png.rf.8809896fc46f6266a6729640bbc68e4c.jpg 558,192,632,221,6,0.897280 270,190,290,208,6,0.117401 564,184,604,251,1,0.012040 562,190,592,226,6,0.006255 355,151,373,170,3,0.006144 607,198,637,216,6,0.001503 0,182,13,204,6,0.001265 292,178,307,191,6,0.001152 0,170,12,195,3,0.001037
/home/dysjin/data/CARLA.v20-carla_v20.coco/valid/Town01_007500_png.rf.7e4c2487265d812d93246e09a19aeab2.jpg 255,193,282,215,6,0.961174 552,169,638,224,6,0.906777 526,181,554,211,6,0.359791 525,178,588,220,6,0.022973 272,188,296,204,6,0.001366
/home/dysjin/data/CARLA.v20-carla_v20.coco/valid/Town05_007500_png.rf.8a81a882e564e9e99b5c951d3e18dbbc.jpg 347,180,396,204,6,0.945186 251,176,270,200,0,0.145659 182,105,227,141,3,0.002651 344,176,365,201,6,0.001761 300,176,324,189,6,0.001019
/home/dysjin/data/CARLA.v20-carla_v20.coco/valid/Town02_005520_png.rf.8a9d2ba4122736ea3845c9e405936cce.jpg 46,199,113,221,6,0.727491 72,200,141,223,6,0.166592 608,193,639,226,6,0.139114 0,196,17,221,6,0.087333 0,200,40,220,6,0.010994 625,189,640,249,6,0.005126 572,0,632,257,6,0.004702 575,70,635,176,3,0.002794 606,154,640,247,6,0.001686
/home/dysjin/data/CARLA.v20-carla_v20.coco/valid/041735_png.rf.891d950e6341a379e0a80f54f49c126a.jpg 271,240,308,310,0,0.647122
/home/dysjin/data/CARLA.v20-carla_v20.coco/valid/041669_png.rf.8f16c7cc68671f71ba068edf120b2a61.jpg 304,244,338,317,0,0.712781
/home/dysjin/data/CARLA.v20-carla_v20.coco/valid/003814_png.rf.9123d8ff8e23490d6f5201cb816e4fc2.jpg 287,240,319,260,6,0.985255 552,170,612,255,3,0.976244 376,239,393,255,6,0.003662 370,226,382,241,3,0.002322
/home/dysjin/data/CARLA.v20-carla_v20.coco/valid/005413_png.rf.9000d6e877ce40e1d5bd5387ece453c2.jpg 108,234,124,278,2,0.865442 87,235,106,286,2,0.770048 97,233,118,284,2,0.131952 360,212,374,226,3,0.006475
/home/dysjin/data/CARLA.v20-carla_v20.coco/valid/Town01_001500_png.rf.9254a251a5c6eb6313adba6a6adf1620.jpg 383,176,406,194,3,0.987124 220,201,236,214,6,0.008089 400,130,424,167,3,0.002851 173,197,244,380,6,0.001923
/home/dysjin/data/CARLA.v20-carla_v20.coco/valid/Town05_004680_png.rf.93664881511a21c1adf050e2e8993477.jpg 320,176,412,224,6,0.929490 242,184,270,206,6,0.822709 312,178,364,219,6,0.008493 391,186,415,208,3,0.004718 379,181,421,214,6,0.003286 391,178,415,196,3,0.003170 275,179,298,195,6,0.002985 389,195,413,213,6,0.002789 263,183,283,200,6,0.002002 393,0,640,214,6,0.001286 181,186,201,203,6,0.001092
/home/dysjin/data/CARLA.v20-carla_v20.coco/valid/138312_png.rf.93c512dad514948e54a85fd6860eba4e.jpg 96,236,114,279,2,0.652838 543,342,557,374,2,0.001816 468,307,479,334,2,0.001479
/home/dysjin/data/CARLA.v20-carla_v20.coco/valid/005160_png.rf.922d9f2da21b5b11121905df87e629d7.jpg 398,216,429,241,5,0.943189 391,190,431,250,5,0.001245
