/home/dysjin/data/CARLA.v20-carla_v20.coco/valid/Town02_006840_png.rf.a4a970c10202604d1dd8c41fe9097525.jpg 566,173,580,192,0,0.452106 0,173,12,196,1,0.012169 556,81,603,167,0,0.005823 0,157,11,214,0,0.003278 0,163,11,188,1,0.001910 528,161,542,182,0,0.001608 540,163,554,186,0,0.001435 572,172,586,196,0,0.001335 541,175,555,196,0,0.001120
/home/dysjin/data/CARLA.v20-carla_v20.coco/valid/Town02_002640_png.rf.ac6bee6a9e4c4b2a1e149670c97196c1.jpg 390,175,405,193,0,0.385698 539,123,554,142,0,0.002578 390,167,403,188,1,0.001049 334,200,363,236,0,0.001031
/home/dysjin/data/CARLA.v20-carla_v20.coco/valid/007096_png.rf.a26873f70f1467f54f0fd09ea8c1731b.jpg 540,170,621,250,0,0.418246 526,152,633,257,1,0.048448
/home/dysjin/data/CARLA.v20-carla_v20.coco/valid/Town02_006480_png.rf.aec43468267a9993201d034f7031ee5c.jpg 346,176,359,192,0,0.432111 342,158,360,191,0,0.004420 352,166,366,187,0,0.003532 353,182,366,199,0,0.002541 380,185,391,204,0,0.001131 391,184,403,205,0,0.001015
/home/dysjin/data/CARLA.v20-carla_v20.coco/valid/051305_png.rf.af3e2dc55ae45fc793f7f25eb6fdf7b4.jpg 426,206,463,243,0,0.469391 419,215,465,244,1,0.001648
/home/dysjin/data/CARLA.v20-carla_v20.coco/valid/007291_png.rf.b33e9d647d42777054dfb5f46d23bbad.jpg 385,223,404,239,0,0.471005 383,217,399,238,1,0.001608
/home/dysjin/data/CARLA.v20-carla_v20.coco/valid/003752_png.rf.bb0716bc5b93fa8b10f41577e20a2f35.jpg 399,217,422,242,0,0.550906
/home/dysjin/data/CARLA.v20-carla_v20.coco/valid/005173_png.rf.c24ac196d86260d3a384e12093bfa5ef.jpg 473,188,530,245,0,0.305976 470,194,524,247,2,0.232264 467,186,512,237,1,0.001099
/home/dysjin/data/CARLA.v20-carla_v20.coco/valid/003769_png.rf.c5c0c17fa97551316c57744e9608f796.jpg 492,187,550,242,0,0.379929 493,195,548,247,2,0.123651 486,188,547,246,1,0.064099
/home/dysjin/data/CARLA.v20-carla_v20.coco/valid/004966_png.rf.c9d8d72d0920460b612251c5fddc5770.jpg 429,202,467,241,0,0.497630 417,195,468,245,1,0.027380
/home/dysjin/data/CARLA.v20-carla_v20.coco/valid/001638_png.rf.c98e4c5bc2a68de358073a26469c81b2.jpg 423,208,454,240,0,0.501310
/home/dysjin/data/CARLA.v20-carla_v20.coco/valid/051274_png.rf.d5f64278c64b556983082379a316485f.jpg 560,165,636,250,0,0.440188 552,178,629,245,1,0.052357
/home/dysjin/data/CARLA.v20-carla_v20.coco/valid/Town01_001440_png.rf.e4b4351effd31d5b433710cffb8243e4.jpg 384,176,400,191,0,0.520285 341,174,355,192,0,0.003716
/home/dysjin/data/CARLA.v20-carla_v20.coco/valid/041811_png.rf.e8d4c17844854d24f9b2bec66a8a8889.jpg 49,225,66,243,0,0.430827 48,230,62,251,0,0.006510 48,216,61,238,1,0.003307 257,233,270,254,0,0.002527 258,222,271,245,0,0.001771 452,211,465,232,0,0.001570
/home/dysjin/data/CARLA.v20-carla_v20.coco/valid/001519_png.rf.e42bb854e84b40164ed2795569b2eb6f.jpg 573,222,589,239,0,0.447911 566,214,590,249,0,0.018806 586,223,598,244,0,0.002992 608,191,633,229,0,0.001196 600,209,614,234,0,0.001034
/home/dysjin/data/CARLA.v20-carla_v20.coco/valid/001509_png.rf.ed3baed466e7f65c1a01fb57bf942b65.jpg 573,222,589,240,0,0.448615 586,223,598,245,0,0.001691 608,191,633,230,0,0.001278
/home/dysjin/data/CARLA.v20-carla_v20.coco/valid/026829_png.rf.e6f26e62f316568466a95ba7fd18d850.jpg 373,222,389,240,0,0.439044
/home/dysjin/data/CARLA.v20-carla_v20.coco/valid/007076_png.rf.d635d979c35f5dd6da756ef9889aef0b.jpg 396,216,420,243,0,0.493336 389,206,421,248,1,0.017979
/home/dysjin/data/CARLA.v20-carla_v20.coco/valid/Town02_006960_png.rf.eedfb90c1deb0d66a31341acd2e08f4f.jpg 148,163,167,181,0,0.445788 143,154,173,191,0,0.001887
/home/dysjin/data/CARLA.v20-carla_v20.coco/valid/041861_png.rf.f5f3812ca6c536c5c25bea3d596be111.jpg 401,209,428,241,0,0.615870
/home/dysjin/data/CARLA.v20-carla_v20.coco/valid/003755_png.rf.f6343810071c5f5401b5697ef363285d.jpg 407,217,435,242,0,0.527749 397,207,439,246,1,0.054209
/home/dysjin/data/CARLA.v20-carla_v20.coco/valid/001630_png.rf.ff5ced110f03f998a7a6998ddf647fd2.jpg 409,211,436,240,0,0.525440 396,199,440,246,1,0.002142
/home/dysjin/data/CARLA.v20-carla_v20.coco/valid/003751_png.rf.0ff9ef7c8c8e4f5eab52437609a3b501.jpg 396,218,419,242,0,0.536956 395,213,417,241,1,0.002542
/home/dysjin/data/CARLA.v20-carla_v20.coco/valid/Town02_008820_png.rf.135414697b8215dc125af6b125d3058c.jpg 393,187,409,203,0,0.358028 402,185,415,204,0,0.018052 428,175,442,193,0,0.008452 417,175,430,195,0,0.006021 143,173,157,195,0,0.003402 390,166,411,202,0,0.001897 0,134,14,159,0,0.001683 386,186,399,206,0,0.001453 0,76,11,97,0,0.001256 0,87,14,109,0,0.001089
/home/dysjin/data/CARLA.v20-carla_v20.coco/valid/006578_png.rf.21f08e8ed63ab67b3ef05528af8ef9e6.jpg 371,223,387,240,0,0.516488 367,205,384,247,0,0.001057
/home/dysjin/data/CARLA.v20-carla_v20.coco/valid/Town02_006720_png.rf.2632fd4f3d65ff215e84d472badfd870.jpg 565,173,580,191,0,0.459665 555,81,604,166,0,0.020132 0,173,12,196,1,0.012023 0,158,11,213,0,0.003215 0,162,11,188,1,0.001820 558,175,572,195,0,0.001590 540,163,554,186,0,0.001434 572,171,587,196,0,0.001417 542,176,555,195,0,0.001185
/home/dysjin/data/CARLA.v20-carla_v20.coco/valid/007070_png.rf.2316a0a54db7e4a749f421570aadd160.jpg 379,221,406,241,0,0.463029 382,215,400,239,1,0.003236
/home/dysjin/data/CARLA.v20-carla_v20.coco/valid/041819_png.rf.374472e0a0868df264a4100cb7734e35.jpg 173,224,188,242,0,0.476322 367,234,380,255,0,0.001176 368,224,382,246,0,0.001151
/home/dysjin/data/CARLA.v20-carla_v20.coco/valid/003766_png.rf.3dbe103da1003d1fb3bd18ad0d0894b4.jpg 461,193,506,245,0,0.364401 455,194,502,243,1,0.034654 462,195,506,233,2,0.024371
/home/dysjin/data/CARLA.v20-carla_v20.coco/valid/026849_png.rf.52e90800c02b90489d2521817c6942f7.jpg 421,201,455,242,0,0.497311 424,214,450,230,0,0.005148
/home/dysjin/data/CARLA.v20-carla_v20.coco/valid/041864_png.rf.51f1d81198f2e5b7a450f586235760ec.jpg 415,210,442,240,0,0.585611
/home/dysjin/data/CARLA.v20-carla_v20.coco/valid/009044_png.rf.59d4a83882b4b6af242cbd9e0e31ba80.jpg 559,219,578,241,0,0.457555 0,213,13,237,1,0.047674 0,199,10,251,0,0.008319 0,219,13,244,0,0.002379
/home/dysjin/data/CARLA.v20-carla_v20.coco/valid/Town01_010680_png.rf.5537782525200ced228c602e6dcc3456.jpg 370,176,385,191,0,0.472894 402,185,418,205,0,0.001083
/home/dysjin/data/CARLA.v20-carla_v20.coco/valid/007085_png.rf.5a7141063cfddac158b01dce18de1e48.jpg 429,203,464,244,0,0.459801 417,200,468,245,1,0.071266
/home/dysjin/data/CARLA.v20-carla_v20.coco/valid/041820_png.rf.69e77a8e269d90d89efc21e5026a7083.jpg 180,224,195,242,0,0.412075 182,214,193,241,1,0.005641 173,210,196,252,0,0.003679 379,224,392,245,0,0.002291 378,234,391,255,0,0.001202
/home/dysjin/data/CARLA.v20-carla_v20.coco/valid/Town05_016500_png.rf.75b431585ae9c755044e81517b796324.jpg 456,176,481,194,0,0.486779
/home/dysjin/data/CARLA.v20-carla_v20.coco/valid/026847_png.rf.7a28094ba474fb2fab06e58f1ebea83c.jpg 414,211,444,238,0,0.516846
/home/dysjin/data/CARLA.v20-carla_v20.coco/valid/003814_png.rf.9123d8ff8e23490d6f5201cb816e4fc2.jpg 540,173,623,249,0,0.419358 525,154,635,256,1,0.033563 539,181,594,244,1,0.001873
/home/dysjin/data/CARLA.v20-carla_v20.coco/valid/Town01_001500_png.rf.9254a251a5c6eb6313adba6a6adf1620.jpg 387,175,404,192,0,0.411945
/home/dysjin/data/CARLA.v20-carla_v20.coco/valid/005160_png.rf.922d9f2da21b5b11121905df87e629d7.jpg 400,210,428,243,0,0.480857 404,209,435,243,2,0.008075
