/home/dysjin/data/CARLA.v20-carla_v20.coco/valid/Town05_011820_png.rf.a721d4435d03a17b63243ff374e790d2.jpg 15,180,103,227,6,0.578822 307,187,321,204,0,0.060818 0,193,68,228,6,0.050495 315,188,328,204,0,0.024387 3,194,29,226,6,0.008058 62,189,117,225,6,0.001530 293,185,313,204,0,0.001273
/home/dysjin/data/CARLA.v20-carla_v20.coco/valid/Town05_005760_png.rf.a5aa9e8688171e7bfb57f36e4a648f69.jpg 312,189,325,204,6,0.626759 0,174,10,237,0,0.056590 341,160,354,177,3,0.011651 0,188,11,247,0,0.010413 333,160,345,179,3,0.005890 0,163,10,230,0,0.005207 340,152,356,171,4,0.004360 343,172,354,188,3,0.001415
/home/dysjin/data/CARLA.v20-carla_v20.coco/valid/075705_png.rf.9f5447b468e0280dc956a534954f8a5e.jpg 307,242,353,272,6,0.885349 173,239,252,299,6,0.818510 8,219,175,437,6,0.668714 216,239,266,280,6,0.175712 241,248,266,272,6,0.017834 252,243,266,272,0,0.006601 17,253,71,291,6,0.004172 5,71,166,225,6,0.003706 0,166,408,480,6,0.002508 237,253,263,280,1,0.002400 216,249,244,288,6,0.001988 22,242,107,314,6,0.001477 118,239,204,319,6,0.001227 228,240,257,260,6,0.001207
/home/dysjin/data/CARLA.v20-carla_v20.coco/valid/Town02_006840_png.rf.a4a970c10202604d1dd8c41fe9097525.jpg 572,179,640,216,6,0.695800 0,193,16,247,6,0.001757 557,167,614,207,6,0.001175 0,170,8,195,3,0.001108
/home/dysjin/data/CARLA.v20-carla_v20.coco/valid/Town02_002640_png.rf.ac6bee6a9e4c4b2a1e149670c97196c1.jpg 259,193,296,217,6,0.664363 392,174,405,188,4,0.544255 302,186,366,248,6,0.478191 388,167,411,192,4,0.002249 423,151,447,168,4,0.001819
/home/dysjin/data/CARLA.v20-carla_v20.coco/valid/007096_png.rf.a26873f70f1467f54f0fd09ea8c1731b.jpg 535,166,621,257,5,0.816049
/home/dysjin/data/CARLA.v20-carla_v20.coco/valid/041683_png.rf.abc13a183255cbb5f9aeca7d55d8b4c0.jpg 306,241,329,308,0,0.543457
/home/dysjin/data/CARLA.v20-carla_v20.coco/valid/041699_png.rf.a4a6f7fb7672ac47b317ec4fe3e21c97.jpg 309,251,329,308,0,0.771519 299,226,326,353,0,0.002081 316,236,333,292,0,0.001114
/home/dysjin/data/CARLA.v20-carla_v20.coco/valid/Town02_006480_png.rf.aec43468267a9993201d034f7031ee5c.jpg 354,173,368,187,4,0.291487 346,172,361,187,4,0.044390 350,156,372,194,4,0.004901 363,172,381,186,4,0.004029
/home/dysjin/data/CARLA.v20-carla_v20.coco/valid/Town02_003060_png.rf.b28380c7e6ad26a4ccdfda39d4db7f85.jpg 543,188,629,224,6,0.394383 0,194,8,219,0,0.024567 0,182,12,231,0,0.003247 523,188,578,222,6,0.001720 594,187,640,225,6,0.001493 0,166,12,228,6,0.001155
/home/dysjin/data/CARLA.v20-carla_v20.coco/valid/Town01_009120_png.rf.b3886317404f3c307752dac4625c4b0e.jpg 305,194,331,214,6,0.338933 304,187,372,207,6,0.006314 0,215,6,250,0,0.005128 0,201,10,260,0,0.004888 0,206,62,235,6,0.003602 0,207,10,276,0,0.001868 0,189,12,252,6,0.001347 285,186,329,210,6,0.001341 371,192,432,218,6,0.001270 497,50,517,70,6,0.001171
/home/dysjin/data/CARLA.v20-carla_v20.coco/valid/051305_png.rf.af3e2dc55ae45fc793f7f25eb6fdf7b4.jpg 423,208,467,244,3,0.965710
/home/dysjin/data/CARLA.v20-carla_v20.coco/valid/007291_png.rf.b33e9d647d42777054dfb5f46d23bbad.jpg 384,222,400,235,3,0.833058 382,211,406,240,3,0.212059
/home/dysjin/data/CARLA.v20-carla_v20.coco/valid/Town05_005820_png.rf.abc3e70595852b4f2320e8b55c805a27.jpg 300,189,337,218,6,0.785622 354,173,366,189,3,0.001354
/home/dysjin/data/CARLA.v20-carla_v20.coco/valid/Town05_006960_png.rf.9d31f2ffd8a1d723122d28555c0e3321.jpg 280,187,294,210,0,0.044848 610,170,634,327,0,0.006416
/home/dysjin/data/CARLA.v20-carla_v20.coco/valid/Town02_009720_png.rf.b20474373a38fe973889a895d5aba03e.jpg 292,206,344,252,6,0.294028 267,188,278,210,0,0.037877 416,209,426,240,0,0.009721 608,169,631,189,3,0.009033 262,186,276,209,1,0.003711 355,201,369,220,0,0.001162 450,173,471,190,4,0.001036
/home/dysjin/data/CARLA.v20-carla_v20.coco/valid/Town01_002220_png.rf.9b6e376c042a4b43cdf2a33f00250d62.jpg 218,169,425,380,6,0.890986 0,130,640,380,6,0.005291 317,185,334,204,1,0.004959 288,182,342,205,6,0.001642 56,193,79,227,0,0.001564 0,162,9,183,3,0.001200
/home/dysjin/data/CARLA.v20-carla_v20.coco/valid/Town01_003900_png.rf.b43a572a2d61a01bb389880cf86179de.jpg 212,177,435,380,6,0.849939 0,153,640,380,6,0.006732 403,187,421,228,0,0.004893 558,157,578,177,4,0.004364 340,195,359,215,0,0.002978 439,195,579,349,6,0.001426
/home/dysjin/data/CARLA.v20-carla_v20.coco/valid/029067_png.rf.b686edaf28a0971571945f7b069613d5.jpg 539,205,578,350,2,0.904345 0,247,9,273,6,0.006695 0,231,12,285,6,0.001533 0,253,7,283,6,0.001087
/home/dysjin/data/CARLA.v20-carla_v20.coco/valid/Town02_004200_png.rf.b4d2f32e1287253b4f35bf521927be39.jpg 265,191,293,209,6,0.730701 369,171,384,191,4,0.004187 376,160,393,180,4,0.003683
/home/dysjin/data/CARLA.v20-carla_v20.coco/valid/Town02_002100_png.rf.b49da10e2c41ab65d4c132e46f15d3e3.jpg 300,188,333,277,1,0.568428 0,186,14,210,6,0.448254 272,190,288,203,6,0.108820 277,189,290,202,1,0.041624 308,189,318,206,0,0.002964 0,174,10,203,6,0.002272 306,189,326,236,0,0.001137
/home/dysjin/data/CARLA.v20-carla_v20.coco/valid/003752_png.rf.bb0716bc5b93fa8b10f41577e20a2f35.jpg 393,213,423,243,4,0.835673 306,236,318,251,1,0.013071
/home/dysjin/data/CARLA.v20-carla_v20.coco/valid/138327_png.rf.b4aecc174d58e25a6e680c2468864172.jpg 17,234,41,302,2,0.583602 5,214,37,309,2,0.016946 29,236,47,302,2,0.002051 1,214,15,300,2,0.001462 0,235,49,298,1,0.001140
/home/dysjin/data/CARLA.v20-carla_v20.coco/valid/Town05_009600_png.rf.b886b3525f44da0ae66796230d91b958.jpg 111,183,215,233,6,0.854370 458,190,506,213,6,0.763159 369,186,413,208,6,0.744544 556,182,615,205,6,0.206944 93,200,159,237,6,0.152745 525,185,541,200,6,0.010005 422,181,482,209,6,0.009861 394,189,421,208,6,0.006985 579,167,639,206,6,0.006071 411,186,429,203,0,0.003468 306,198,318,218,0,0.002225 516,185,533,203,6,0.001930 318,190,329,207,0,0.001509 434,186,466,203,6,0.001497
/home/dysjin/data/CARLA.v20-carla_v20.coco/valid/Town01_002340_png.rf.b8976b6d8f366e29aeb47fb3b3146b33.jpg 219,169,424,380,6,0.889774 276,188,299,210,1,0.005880 0,130,640,380,6,0.005180 318,184,335,204,1,0.003615 57,193,80,227,0,0.002286 0,162,9,183,3,0.001265 275,183,329,209,6,0.001162 321,176,335,198,0,0.001041
/home/dysjin/data/CARLA.v20-carla_v20.coco/valid/Town05_009780_png.rf.c3069a0d7ec82f2e1960c0497cec36fe.jpg 276,198,358,245,6,0.191536 429,207,473,234,6,0.002441 300,191,324,205,6,0.002085 0,195,13,269,0,0.001141
/home/dysjin/data/CARLA.v20-carla_v20.coco/valid/Town05_002700_png.rf.b9dfa75f628efa31633800bb9dfee796.jpg 367,187,385,199,6,0.143078 377,185,390,200,6,0.036727 255,187,269,202,0,0.005917 0,167,16,224,6,0.003464 354,186,370,200,0,0.003457 123,194,133,219,0,0.003069 218,187,228,205,0,0.002596 344,187,355,202,0,0.002273 123,185,133,213,0,0.002021 267,187,277,206,0,0.001675 0,191,10,221,6,0.001588 1,177,15,233,0,0.001412 0,184,12,215,6,0.001342 357,182,397,200,6,0.001247 389,186,401,201,0,0.001176 245,184,258,202,0,0.001140
/home/dysjin/data/CARLA.v20-carla_v20.coco/valid/005173_png.rf.c24ac196d86260d3a384e12093bfa5ef.jpg 473,191,525,244,5,0.743815 474,201,505,234,5,0.018459
/home/dysjin/data/CARLA.v20-carla_v20.coco/valid/Town01_005820_png.rf.c9053a957ff7561268673aaec9e095f0.jpg 300,188,342,308,1,0.786557 389,191,439,220,6,0.001360 339,175,358,189,4,0.001247 401,175,421,190,3,0.001195 0,174,12,242,6,0.001150
/home/dysjin/data/CARLA.v20-carla_v20.coco/valid/Town01_011580_png.rf.c8aa9ea674a7d69974d55bf63b55ddbf.jpg 262,191,292,207,6,0.703163 572,189,640,222,6,0.487222 578,163,640,210,6,0.061207 551,176,567,194,3,0.004362 538,172,625,225,6,0.004218 0,176,64,211,6,0.003310 480,58,608,220,6,0.003216 627,196,639,223,6,0.003062 559,174,579,194,3,0.001904
/home/dysjin/data/CARLA.v20-carla_v20.coco/valid/Town01_007440_png.rf.bed11eeb1dde416bf8789b24a8a5c0f8.jpg 553,170,635,223,6,0.648518 260,195,272,213,1,0.329812 527,180,551,212,6,0.014682 529,174,595,219,6,0.003102 397,179,420,214,0,0.001938 0,221,8,243,6,0.001070
/home/dysjin/data/CARLA.v20-carla_v20.coco/valid/Town05_011760_png.rf.c548e0a947d80bc036151e4db99afcfa.jpg 22,173,185,367,6,0.826627 310,186,321,204,0,0.499990 315,188,326,205,0,0.026548 41,22,215,179,6,0.002556 295,183,313,202,0,0.002155 242,203,388,337,6,0.001477 0,0,331,380,6,0.001466 151,177,501,361,6,0.001279
/home/dysjin/data/CARLA.v20-carla_v20.coco/valid/075708_png.rf.c1818fa586a2b613b2806f928a933d9d.jpg 307,242,352,271,6,0.887326 174,238,254,299,6,0.833919 9,216,173,435,6,0.706353 215,238,267,282,6,0.095499 239,241,266,275,6,0.029133 252,242,266,272,0,0.010218 4,71,164,224,6,0.003999 2,264,62,298,6,0.002379 0,162,402,480,6,0.002283 226,251,254,285,6,0.002259 17,241,105,316,6,0.001431 354,231,364,256,2,0.001280
/home/dysjin/data/CARLA.v20-carla_v20.coco/valid/Town05_009900_png.rf.c90bd5781f975f44de47fd794a1f9ac6.jpg 351,193,429,250,6,0.692513 330,186,343,202,0,0.089992 320,186,335,203,0,0.005921 338,186,353,203,0,0.002182 375,190,400,202,6,0.001614
/home/dysjin/data/CARLA.v20-carla_v20.coco/valid/Town05_009660_png.rf.cc2e0d6a11c64dbe092a6e9321c6a170.jpg 230,175,409,341,6,0.856293 407,185,472,211,6,0.283050 342,187,354,210,0,0.091016 343,189,362,225,0,0.009988 613,185,632,202,6,0.008130 207,186,222,203,0,0.005912 216,186,229,206,0,0.004047 377,175,390,196,3,0.001075
/home/dysjin/data/CARLA.v20-carla_v20.coco/valid/003769_png.rf.c5c0c17fa97551316c57744e9608f796.jpg 492,192,552,242,4,0.489374 305,240,319,254,1,0.098804 501,191,558,242,5,0.002097
/home/dysjin/data/CARLA.v20-carla_v20.coco/valid/121197_png.rf.c99e70822c663f40252f74e6b2ad5094.jpg 244,232,394,400,6,0.779209 316,237,327,260,0,0.009372 476,77,630,227,6,0.001675
/home/dysjin/data/CARLA.v20-carla_v20.coco/valid/004966_png.rf.c9d8d72d0920460b612251c5fddc5770.jpg 428,201,466,243,4,0.793478 429,202,482,243,5,0.003851
/home/dysjin/data/CARLA.v20-carla_v20.coco/valid/Town01_006240_png.rf.cc5628eb556a5a5bd1824a8d19313b41.jpg 315,191,328,216,1,0.373685 315,186,327,218,0,0.161172 0,190,11,248,6,0.030365 360,180,387,191,6,0.008681 0,214,8,247,6,0.004613 297,187,314,204,1,0.004487 0,172,11,246,6,0.003367 401,164,419,182,3,0.002392 0,144,25,261,2,0.002022 362,173,410,197,6,0.001172 302,186,333,210,6,0.001097 626,160,640,183,3,0.001061
/home/dysjin/data/CARLA.v20-carla_v20.coco/valid/001638_png.rf.c98e4c5bc2a68de358073a26469c81b2.jpg 424,208,455,241,3,0.957038 417,191,458,260,3,0.003714 151,222,171,238,4,0.002281
/home/dysjin/data/CARLA.v20-carla_v20.coco/valid/051274_png.rf.d5f64278c64b556983082379a316485f.jpg 555,168,638,254,4,0.726830 544,156,640,257,5,0.057655 356,225,373,240,4,0.004774
/home/dysjin/data/CARLA.v20-carla_v20.coco/valid/Town01_001440_png.rf.e4b4351effd31d5b433710cffb8243e4.jpg 383,178,397,190,3,0.829809 380,182,398,198,3,0.002907 342,175,354,189,3,0.001808 362,126,388,166,4,0.001593 353,148,373,167,4,0.001535 114,193,174,222,6,0.001251
/home/dysjin/data/CARLA.v20-carla_v20.coco/valid/019121_png.rf.deb86464dd224ac85f75272f851fc0a8.jpg 494,230,573,256,6,0.480737 394,251,411,289,2,0.138515 538,231,583,254,6,0.104208 498,241,553,265,6,0.004295
/home/dysjin/data/CARLA.v20-carla_v20.coco/valid/041811_png.rf.e8d4c17844854d24f9b2bec66a8a8889.jpg 46,221,63,242,4,0.486700 0,242,15,297,0,0.403388 254,228,268,246,4,0.082648 244,225,260,243,4,0.039434 52,223,72,239,4,0.013291 0,222,25,325,0,0.012237 0,259,9,302,0,0.004991 240,217,260,234,4,0.003827 227,202,247,225,4,0.003496 0,244,10,278,0,0.003261 252,218,269,234,4,0.003226 264,230,282,245,4,0.003208 0,223,20,368,0,0.002945 229,213,250,233,4,0.002908 1,255,13,329,0,0.002880 37,216,57,236,4,0.002772 53,202,75,244,4,0.002248 303,223,321,241,4,0.001552 232,222,250,240,4,0.001517
/home/dysjin/data/CARLA.v20-carla_v20.coco/valid/041657_png.rf.e06a4a0ae870ee5d8dbe97fc65b5b666.jpg 313,242,332,306,0,0.797759 297,249,337,285,0,0.001638 464,254,478,284,1,0.001154
/home/dysjin/data/CARLA.v20-carla_v20.coco/valid/001519_png.rf.e42bb854e84b40164ed2795569b2eb6f.jpg 572,221,588,242,3,0.785019 228,233,245,257,1,0.001565 581,224,602,241,3,0.001185 569,191,592,234,3,0.001017
/home/dysjin/data/CARLA.v20-carla_v20.coco/valid/Town02_005280_png.rf.ec981f5d8aec80a53ec1f9961c2321af.jpg 42,196,123,224,6,0.572710 153,198,203,263,1,0.280516 90,196,137,221,6,0.243696 177,203,206,244,0,0.180088 174,210,208,250,1,0.078269 0,196,10,221,6,0.027540 69,75,89,95,6,0.002164 0,185,9,215,6,0.001980 43,147,128,220,6,0.001425 574,166,592,182,3,0.001223 156,207,182,262,0,0.001206 58,57,192,208,6,0.001184 70,64,89,86,6,0.001103
/home/dysjin/data/CARLA.v20-carla_v20.coco/valid/001509_png.rf.ed3baed466e7f65c1a01fb57bf942b65.jpg 573,222,587,242,3,0.823915 569,204,589,249,3,0.010144 581,223,601,240,3,0.001594 229,232,245,257,1,0.001334 567,230,585,251,3,0.001137 0,225,10,291,2,0.001004
/home/dysjin/data/CARLA.v20-carla_v20.coco/valid/033890_png.rf.e368755037cdc345b45b625d64db27a1.jpg 249,216,421,386,6,0.914646 590,224,630,333,2,0.870201 21,247,93,276,6,0.027043 0,254,13,284,6,0.021010 613,231,633,309,2,0.009486 0,235,13,284,6,0.008283 402,247,419,263,1,0.002838
/home/dysjin/data/CARLA.v20-carla_v20.coco/valid/075724_png.rf.e0c3e9a2b7f318c71e76ccdcb0dda6a1.jpg 290,243,335,268,6,0.823518 0,244,78,455,6,0.699808 43,223,204,344,6,0.577880 191,242,245,280,6,0.516186 207,249,246,282,1,0.066268 130,239,237,304,6,0.041356 226,240,243,284,0,0.013081 43,246,136,319,6,0.003176 0,251,76,367,6,0.002533 7,74,166,219,6,0.001620 278,240,299,253,6,0.001556 268,238,286,251,6,0.001312 0,263,43,303,6,0.001258 100,249,174,334,6,0.001245 34,246,80,361,6,0.001143 152,248,208,291,6,0.001128 0,238,110,480,6,0.001060
/home/dysjin/data/CARLA.v20-carla_v20.coco/valid/112477_png.rf.ecf5d82849f8b68362ce65c8d2645a1c.jpg 339,240,361,295,2,0.808071 330,242,373,288,1,0.002959
/home/dysjin/data/CARLA.v20-carla_v20.coco/valid/Town02_001980_png.rf.ee7206fcf98c96c61f2900b25e79ce20.jpg 301,190,336,307,1,0.832693 0,188,67,223,6,0.572238 157,180,180,218,0,0.099379 33,192,72,216,6,0.075984 35,196,72,217,1,0.008960 0,183,14,208,6,0.007745 353,159,369,176,4,0.001914 364,147,381,168,4,0.001144
/home/dysjin/data/CARLA.v20-carla_v20.coco/valid/026829_png.rf.e6f26e62f316568466a95ba7fd18d850.jpg 374,219,390,239,3,0.985669 0,223,12,289,6,0.028596 0,234,13,301,6,0.011298 0,216,12,276,6,0.007697 0,198,26,310,2,0.004319 26,231,85,264,6,0.002593 0,207,24,337,2,0.001691 3,235,26,279,6,0.001351 0,229,41,265,6,0.001108
/home/dysjin/data/CARLA.v20-carla_v20.coco/valid/007076_png.rf.d635d979c35f5dd6da756ef9889aef0b.jpg 398,218,418,240,5,0.844034
/home/dysjin/data/CARLA.v20-carla_v20.coco/valid/112475_png.rf.df928fa484eb08e1454caacc1e194352.jpg 336,239,355,301,2,0.585306 332,237,355,296,1,0.395889
/home/dysjin/data/CARLA.v20-carla_v20.coco/valid/Town02_006960_png.rf.eedfb90c1deb0d66a31341acd2e08f4f.jpg 147,162,168,179,3,0.792991 2,178,29,208,6,0.210704 581,175,636,239,6,0.201652 0,172,17,203,6,0.005824 144,169,167,188,3,0.002095 625,220,640,246,6,0.001887 43,25,197,173,6,0.001494 595,211,640,251,6,0.001139
/home/dysjin/data/CARLA.v20-carla_v20.coco/valid/Town05_010860_png.rf.f31c0584fff1474ad2b0f4132e874f7d.jpg 308,189,329,248,0,0.926554 0,179,66,214,6,0.484950 315,188,327,213,0,0.007347 55,168,78,181,6,0.003051 0,166,14,223,6,0.001357 0,179,14,230,0,0.001153
/home/dysjin/data/CARLA.v20-carla_v20.coco/valid/Town05_004800_png.rf.ee7c080c8716cb366969ca625bb6d68b.jpg 239,187,270,204,6,0.708844 346,184,359,205,0,0.409266 210,188,246,204,6,0.043439 214,174,268,204,6,0.017674 331,185,349,204,0,0.007489 353,180,365,197,3,0.004861 180,187,197,202,0,0.002279 344,191,356,218,0,0.002082 363,177,379,191,4,0.001021
/home/dysjin/data/CARLA.v20-carla_v20.coco/valid/Town05_009840_png.rf.f5040ce45ecca2822cb3b1b4ea8a6f61.jpg 294,196,366,248,6,0.632299
/home/dysjin/data/CARLA.v20-carla_v20.coco/valid/041861_png.rf.f5f3812ca6c536c5c25bea3d596be111.jpg 303,242,323,294,0,0.941230 400,206,431,247,4,0.837424 115,236,239,303,6,0.610719 215,232,237,286,0,0.061480 353,225,366,241,4,0.042923 365,215,384,233,4,0.006921 196,231,239,286,6,0.004905 93,251,185,307,6,0.004405 99,273,161,311,6,0.002463 376,192,401,231,4,0.001704 376,214,397,234,4,0.001231
/home/dysjin/data/CARLA.v20-carla_v20.coco/valid/Town02_003120_png.rf.f36fecf8d2ee4965c1f3bddaaaad5f33.jpg 406,191,492,223,6,0.585542 0,193,8,220,0,0.057058 600,182,640,212,6,0.038430 611,195,638,219,6,0.007576 0,167,11,228,6,0.001777 0,183,10,250,0,0.001522 624,204,640,234,6,0.001348 605,168,638,244,6,0.001340
/home/dysjin/data/CARLA.v20-carla_v20.coco/valid/003755_png.rf.f6343810071c5f5401b5697ef363285d.jpg 406,211,432,244,4,0.835869 306,237,319,251,1,0.009447
/home/dysjin/data/CARLA.v20-carla_v20.coco/valid/Town01_003300_png.rf.fae28071a74fa02928094ff14cdbb3aa.jpg 273,199,362,266,6,0.824606 505,176,565,212,6,0.005401 278,195,298,215,0,0.004949 435,69,572,197,6,0.004103 57,205,71,230,1,0.003718 276,191,297,209,6,0.002521 19,210,39,230,1,0.002292 273,190,332,222,6,0.002245 502,152,598,208,6,0.002195 55,197,76,223,1,0.001717 33,203,79,230,6,0.001435 162,182,220,212,6,0.001096 191,197,210,215,1,0.001004
/home/dysjin/data/CARLA.v20-carla_v20.coco/valid/138255_png.rf.fbf65e3e930393318a8312fdaefcae24.jpg 59,232,79,292,2,0.673669 0,231,11,307,2,0.001590 239,99,260,118,6,0.001023
/home/dysjin/data/CARLA.v20-carla_v20.coco/valid/005373_png.rf.f68e0e113c5193c933cbee38c6a6bc2d.jpg 154,238,170,265,2,0.423202 144,237,158,271,2,0.239013 0,253,10,288,6,0.057726 0,226,9,294,2,0.012478 0,241,7,285,6,0.002336 164,237,181,265,2,0.001823 130,237,171,268,2,0.001615 0,261,9,296,6,0.001361 1,250,12,307,2,0.001317
/home/dysjin/data/CARLA.v20-carla_v20.coco/valid/001630_png.rf.ff5ced110f03f998a7a6998ddf647fd2.jpg 409,211,438,240,3,0.968323 167,224,183,238,4,0.005352 52,227,108,258,6,0.001017
/home/dysjin/data/CARLA.v20-carla_v20.coco/valid/006662_png.rf.fa42143249c7b6a780238796639341d3.jpg 461,230,499,311,2,0.247181 452,241,502,293,1,0.003587
/home/dysjin/data/CARLA.v20-carla_v20.coco/valid/Town05_004860_png.rf.f5c138159cbce172c63fa9a736f9c655.jpg 240,187,270,205,6,0.734008 215,181,268,203,6,0.618309 346,184,359,204,0,0.373227 331,185,349,204,0,0.009790 353,180,366,197,3,0.005200 344,191,356,219,0,0.002079 180,186,197,201,0,0.001524 363,177,379,191,4,0.001286 319,184,332,203,0,0.001141 203,186,232,202,6,0.001127
/home/dysjin/data/CARLA.v20-carla_v20.coco/valid/Town01_008460_png.rf.03f3160d63f090b29499596ec3c8c4b5.jpg 27,193,142,248,6,0.880935 530,189,617,224,6,0.514171 566,195,640,221,6,0.105645 0,207,50,254,6,0.019353 22,202,90,241,6,0.019188 108,186,124,209,0,0.010705 512,190,566,222,6,0.008082 0,178,34,267,6,0.007453 85,200,151,241,6,0.006607 110,194,126,219,0,0.004026 543,194,574,218,6,0.003304 488,64,507,84,6,0.002956 1,197,16,265,6,0.002016 432,192,489,220,6,0.001997 1,183,15,257,6,0.001799 433,73,564,212,6,0.001547 488,52,505,73,6,0.001094 553,29,640,269,6,0.001064
/home/dysjin/data/CARLA.v20-carla_v20.coco/valid/005508_png.rf.0ab3da1b4970047c9b42e5bbe5d4e6f1.jpg 35,231,56,284,2,0.766105 92,228,124,317,2,0.131481 98,236,117,288,2,0.004327 22,219,57,318,2,0.001456
/home/dysjin/data/CARLA.v20-carla_v20.coco/valid/Town01_006180_png.rf.089d25ecaf49fe28c7f3bf0c3614732b.jpg 311,191,324,218,1,0.333086 314,186,327,217,0,0.024553 399,172,416,189,3,0.002565 0,201,63,237,6,0.002217 352,174,371,188,3,0.001004
/home/dysjin/data/CARLA.v20-carla_v20.coco/valid/Town02_008340_png.rf.044a76656e2e2fe428cd425926d9acbe.jpg 546,190,621,221,6,0.847369 161,197,242,243,6,0.433324 274,189,287,206,6,0.009280 278,194,291,214,1,0.001255 241,76,258,93,6,0.001144 243,186,255,205,1,0.001063
/home/dysjin/data/CARLA.v20-carla_v20.coco/valid/075710_png.rf.0b62bb94157d1f2113ac6bbefe158022.jpg 308,241,351,271,6,0.862068 176,238,254,299,6,0.802976 9,217,173,435,6,0.710524 215,238,267,282,6,0.096965 252,241,265,273,0,0.005889 4,72,166,224,6,0.003223 241,247,265,273,6,0.003177 15,254,71,291,6,0.003119 0,159,397,480,6,0.002383 215,249,245,288,6,0.001734 520,240,548,258,6,0.001177 292,237,310,255,6,0.001145 20,241,105,316,6,0.001105 238,251,263,282,1,0.001091 140,230,188,325,6,0.001031
/home/dysjin/data/CARLA.v20-carla_v20.coco/valid/041689_png.rf.0d648fbd58416a80b414e4503d51c42e.jpg 307,245,329,305,0,0.813400 125,215,186,248,6,0.001318 301,221,325,358,0,0.001160
/home/dysjin/data/CARLA.v20-carla_v20.coco/valid/003751_png.rf.0ff9ef7c8c8e4f5eab52437609a3b501.jpg 394,218,420,240,4,0.793153 306,237,319,251,1,0.059374
/home/dysjin/data/CARLA.v20-carla_v20.coco/valid/Town02_008820_png.rf.135414697b8215dc125af6b125d3058c.jpg 268,208,373,349,6,0.785960 511,179,564,213,6,0.422086 386,179,441,209,6,0.016850 527,177,611,221,6,0.006984 2,185,14,251,6,0.004229 2,169,13,245,6,0.002881 136,175,163,191,3,0.001106 1,161,13,228,6,0.001006
/home/dysjin/data/CARLA.v20-carla_v20.coco/valid/006664_png.rf.1466f666c872e94bac27eba56bbdfb5b.jpg 479,226,522,319,2,0.469108 476,254,502,307,2,0.008932 498,225,541,321,2,0.004792 468,241,525,299,1,0.001578
/home/dysjin/data/CARLA.v20-carla_v20.coco/valid/014570_png.rf.1235b2ca71c181a49fda1bb53eaa19cd.jpg 435,231,454,284,2,0.834487 58,238,131,262,6,0.824319 299,240,335,261,6,0.333795 305,239,338,262,1,0.031313 0,256,8,285,6,0.010264 423,229,469,278,1,0.007317 0,244,10,314,2,0.001392
/home/dysjin/data/CARLA.v20-carla_v20.coco/valid/112550_png.rf.1ca2fa82e03653536df85cf5faf5753c.jpg 523,232,545,285,2,0.418683 517,218,549,325,2,0.011973
/home/dysjin/data/CARLA.v20-carla_v20.coco/valid/Town02_000780_png.rf.16d5987bcdc7d08470c1b3e757e128e5.jpg 305,191,339,309,1,0.834005 41,182,119,214,6,0.709876 278,189,299,201,6,0.451630 355,164,367,181,3,0.047142 1,181,15,234,6,0.009730 353,172,370,186,3,0.009367 76,185,108,210,6,0.008085 306,185,337,294,0,0.006845 289,187,303,204,0,0.003464 5,188,23,231,0,0.003452 304,88,324,108,6,0.001874 274,183,307,206,6,0.001578 305,76,324,98,6,0.001363 341,176,359,190,4,0.001118 344,164,361,182,4,0.001089 35,183,54,208,0,0.001003
/home/dysjin/data/CARLA.v20-carla_v20.coco/valid/Town02_001500_png.rf.1e8a22666698f8954863a9939bc59942.jpg 177,192,213,215,6,0.458966 182,194,217,216,1,0.094918 497,192,606,256,6,0.052777 585,166,627,289,2,0.006189 518,208,630,287,6,0.002350 470,196,550,250,6,0.001349
/home/dysjin/data/CARLA.v20-carla_v20.coco/valid/Town05_004620_png.rf.0e4a190ca586e0e90df6b90be2c83f5b.jpg 387,178,458,208,6,0.862689 347,182,356,202,0,0.216168 581,179,640,205,6,0.090388 352,183,365,201,0,0.006225 282,187,295,202,6,0.003385 350,180,365,197,3,0.002196 344,183,360,234,0,0.001673
/home/dysjin/data/CARLA.v20-carla_v20.coco/valid/006578_png.rf.21f08e8ed63ab67b3ef05528af8ef9e6.jpg 370,223,383,236,3,0.860242 258,239,298,256,6,0.441589 367,217,388,242,3,0.003749 367,231,381,250,3,0.002028
/home/dysjin/data/CARLA.v20-carla_v20.coco/valid/Town01_004320_png.rf.1f6552094735eb0bd49b614b7e584c58.jpg 264,193,367,273,6,0.618467 292,186,306,204,0,0.003055 318,178,331,197,0,0.002470 300,186,322,201,6,0.001507
/home/dysjin/data/CARLA.v20-carla_v20.coco/valid/Town02_006720_png.rf.2632fd4f3d65ff215e84d472badfd870.jpg 572,179,640,216,6,0.735632 263,193,292,207,6,0.530325 551,176,598,210,6,0.001560 0,193,16,247,6,0.001528 0,170,8,195,4,0.001163 241,63,261,82,6,0.001008
/home/dysjin/data/CARLA.v20-carla_v20.coco/valid/Town05_006900_png.rf.2eaa1f5f6de8c6bffcd968f78f2f53b4.jpg 239,186,257,226,0,0.723227 610,170,634,327,0,0.006578 235,187,256,230,1,0.003436
/home/dysjin/data/CARLA.v20-carla_v20.coco/valid/005482_png.rf.1eef94cb1d26525ab4b64d28fc9be58d.jpg 0,212,26,328,2,0.515427 8,240,25,318,2,0.083310 0,212,22,369,2,0.007938 6,225,26,296,2,0.007301 0,214,17,302,2,0.002043 0,213,16,277,6,0.001476
/home/dysjin/data/CARLA.v20-carla_v20.coco/valid/138251_png.rf.2622df013f55b1f57387212b95c87241.jpg 80,227,95,293,2,0.389529 535,253,590,282,6,0.001453
/home/dysjin/data/CARLA.v20-carla_v20.coco/valid/007070_png.rf.2316a0a54db7e4a749f421570aadd160.jpg 384,221,402,239,5,0.894894
/home/dysjin/data/CARLA.v20-carla_v20.coco/valid/Town05_010920_png.rf.2325292b5e147dc41c10fe128f6256f9.jpg 303,176,340,284,0,0.958453 318,183,329,204,0,0.004945 303,178,323,195,0,0.002522
/home/dysjin/data/CARLA.v20-carla_v20.coco/valid/Town01_006420_png.rf.2b897cd6227874bc930ae1c7e17e3b3b.jpg 311,188,322,215,1,0.711090 314,186,327,216,0,0.004783 344,177,356,190,3,0.003388 297,183,314,206,1,0.002659 0,189,15,247,6,0.002658 1,172,14,243,6,0.001991 0,142,26,260,2,0.001635 351,175,367,187,3,0.001307 132,196,149,218,1,0.001021
/home/dysjin/data/CARLA.v20-carla_v20.coco/valid/Town05_006780_png.rf.253c814d6e368b92a888141244ca1a16.jpg 173,178,210,260,1,0.454186 188,196,212,247,0,0.178816 172,172,211,254,0,0.015114
/home/dysjin/data/CARLA.v20-carla_v20.coco/valid/Town01_008280_png.rf.2f69ce357d9638b109b359e31c238ab4.jpg 278,192,308,208,6,0.287027 288,191,335,209,6,0.153633 56,184,123,208,6,0.111779 427,206,497,233,6,0.081387 396,196,454,224,6,0.020273 315,197,330,210,6,0.017560 20,177,109,223,6,0.004881 193,192,205,216,1,0.002898 193,186,208,212,2,0.002636 136,181,194,211,6,0.001136 536,198,628,262,6,0.001062
/home/dysjin/data/CARLA.v20-carla_v20.coco/valid/Town01_005100_png.rf.262bb9c3104b14f5fb633de3dafd0a52.jpg 576,190,599,220,0,0.031101 569,181,620,217,6,0.022464 107,64,126,83,6,0.002705 325,180,351,212,0,0.001747 108,53,125,72,6,0.001494
/home/dysjin/data/CARLA.v20-carla_v20.coco/valid/Town01_011940_png.rf.2554f5ab3ce2122d2ef300838472450f.jpg 567,194,606,218,6,0.503485 201,183,272,230,6,0.422130 578,196,605,225,0,0.016287 330,184,347,202,1,0.005745 391,193,403,217,1,0.004344 572,202,617,229,6,0.001372 577,193,640,220,6,0.001031
/home/dysjin/data/CARLA.v20-carla_v20.coco/valid/041684_png.rf.2f70db5ab75442cd11fffa13a776ae97.jpg 306,242,329,307,0,0.671243
/home/dysjin/data/CARLA.v20-carla_v20.coco/valid/Town05_010980_png.rf.2071755951cd753466eb2cc53fd2fe0c.jpg 303,184,339,278,0,0.912707 315,186,329,205,0,0.005117
/home/dysjin/data/CARLA.v20-carla_v20.coco/valid/112459_png.rf.33bdc5bd58f0f631808a95c4ceb9a78f.jpg 292,233,311,292,2,0.605195
/home/dysjin/data/CARLA.v20-carla_v20.coco/valid/041653_png.rf.31aa86a50239c7e6cbc52c66846dac06.jpg 307,242,330,306,0,0.852496
/home/dysjin/data/CARLA.v20-carla_v20.coco/valid/041819_png.rf.374472e0a0868df264a4100cb7734e35.jpg 111,245,132,293,0,0.930013 14,243,70,265,6,0.718195 171,221,185,240,4,0.520172 365,225,378,240,4,0.122095 166,213,191,244,4,0.011606 175,222,195,237,4,0.006208 355,216,374,234,4,0.005765 375,225,391,238,4,0.004722 118,252,134,303,0,0.003118 450,215,465,234,4,0.002572 402,226,420,243,4,0.002140 499,222,518,240,4,0.001889 521,212,544,233,4,0.001821 102,223,132,301,0,0.001639 440,221,457,239,4,0.001541 487,215,508,236,4,0.001266
/home/dysjin/data/CARLA.v20-carla_v20.coco/valid/Town05_010800_png.rf.3489607b659edfbc485537135e06f34b.jpg 307,187,330,249,0,0.847695 18,190,138,256,6,0.630267 127,182,178,204,6,0.015758 308,188,321,211,0,0.011636 345,183,354,203,0,0.005125 366,160,380,179,3,0.004717 3,0,122,354,6,0.003879 298,184,311,206,0,0.003720 1,121,132,261,6,0.003478 353,162,369,178,3,0.003387 119,183,135,237,0,0.003185 71,197,138,240,6,0.003176 4,209,81,276,6,0.001375 5,24,168,183,6,0.001328 366,171,380,189,3,0.001217 376,161,391,177,3,0.001067 346,176,357,195,3,0.001061 351,174,367,190,3,0.001059
/home/dysjin/data/CARLA.v20-carla_v20.coco/valid/Town02_001080_png.rf.2d29b90fb99ccf7727caeaa1914436b4.jpg 305,191,339,308,1,0.822931 0,200,89,380,6,0.786035 97,194,233,265,6,0.526105 278,189,295,201,6,0.347125 355,164,367,181,3,0.039318 0,247,82,380,6,0.019566 305,185,338,293,0,0.010671 353,172,370,186,4,0.010618 0,193,11,221,6,0.006178 0,189,44,222,6,0.005114 13,188,71,220,6,0.003312 82,188,237,343,6,0.003171 0,184,11,211,6,0.002847 124,156,278,288,6,0.002802 5,195,27,218,6,0.002761 108,211,172,251,6,0.002712 304,88,324,108,6,0.002310 59,195,78,221,0,0.002253 20,188,41,207,6,0.001658 68,189,83,230,0,0.001645 17,197,41,216,6,0.001624 305,76,324,98,6,0.001541 5,188,28,208,6,0.001227 77,197,156,267,6,0.001111
/home/dysjin/data/CARLA.v20-carla_v20.coco/valid/Town02_005700_png.rf.39e8547ff43ddaa06ed2b24f114c8a27.jpg 237,172,397,337,6,0.749933 283,186,297,201,6,0.142065 318,185,329,201,0,0.005168 289,184,304,200,0,0.003507 440,61,570,205,6,0.003060 372,193,383,222,0,0.001783
/home/dysjin/data/CARLA.v20-carla_v20.coco/valid/Town02_002040_png.rf.3d0fd4b3b3749ac8ebdf480959eb8e66.jpg 301,190,336,308,1,0.771499 0,180,113,366,6,0.625560 263,186,310,211,6,0.364486 59,191,81,224,0,0.146856 118,191,162,218,6,0.041116 49,174,65,196,3,0.027707 75,190,137,219,6,0.020305 140,193,160,217,0,0.007054 2,212,109,380,6,0.006420 58,204,80,231,0,0.006072 57,184,75,214,0,0.005286 11,117,145,380,6,0.004685 262,194,291,213,1,0.003970 0,198,14,264,6,0.002196 36,189,83,221,6,0.002161 2,207,13,277,6,0.001759 0,173,8,197,6,0.001720 68,197,85,236,0,0.001455 394,160,409,179,3,0.001426 48,169,69,201,0,0.001408 0,180,12,260,6,0.001131 282,190,325,223,6,0.001089 50,180,69,208,0,0.001082 48,162,65,187,3,0.001009
/home/dysjin/data/CARLA.v20-carla_v20.coco/valid/075707_png.rf.2ff4a82560cfe658387e361a6cc43ef0.jpg 307,241,353,271,6,0.894923 176,238,255,299,6,0.806036 8,216,174,437,6,0.699280 215,239,266,282,6,0.085015 240,242,266,275,0,0.015240 4,72,165,223,6,0.003295 225,251,254,286,6,0.003030 164,247,226,292,6,0.002835 0,165,407,480,6,0.002517 16,252,71,290,6,0.001717 241,234,267,267,6,0.001653 519,240,549,259,6,0.001294 17,241,105,316,6,0.001268 140,230,188,324,6,0.001052
/home/dysjin/data/CARLA.v20-carla_v20.coco/valid/138320_png.rf.332f3bdf3abffc7dd973858c3061b801.jpg 60,232,78,289,2,0.582781 0,239,13,299,2,0.004064 288,100,310,118,6,0.001344
/home/dysjin/data/CARLA.v20-carla_v20.coco/valid/003766_png.rf.3dbe103da1003d1fb3bd18ad0d0894b4.jpg 462,200,511,244,4,0.677481 305,239,319,253,1,0.057880 465,199,520,246,5,0.019312 352,226,369,241,4,0.002883 431,117,446,180,0,0.001462
/home/dysjin/data/CARLA.v20-carla_v20.coco/valid/121245_png.rf.3c6765f574e34bb200e320d55fc2ffe7.jpg 274,251,356,310,6,0.851615 535,211,572,300,2,0.002587 256,236,271,258,1,0.001807 489,228,576,281,6,0.001022
/home/dysjin/data/CARLA.v20-carla_v20.coco/valid/Town05_011040_png.rf.3f658b3c60547a5478cb61d6b76eb55c.jpg 313,181,330,216,0,0.333053 299,179,337,205,0,0.001256
/home/dysjin/data/CARLA.v20-carla_v20.coco/valid/Town02_004920_png.rf.3cdedb8ebbe317a63567ec577e3789a8.jpg 311,193,331,242,0,0.476648 338,176,358,191,6,0.001682 309,195,327,245,1,0.001660
/home/dysjin/data/CARLA.v20-carla_v20.coco/valid/Town05_002760_png.rf.41faa57cc70298c90c62fe9f6a3f08c9.jpg 109,189,126,209,0,0.311336 45,181,66,216,0,0.091331 117,189,134,206,0,0.086401 107,193,120,216,0,0.015521 255,184,266,202,0,0.014440 101,185,114,209,0,0.009518 247,183,259,202,0,0.004375 379,185,391,204,1,0.003333 98,183,137,203,0,0.001623 109,184,149,204,6,0.001111
/home/dysjin/data/CARLA.v20-carla_v20.coco/valid/Town02_001740_png.rf.4072bb166a4df4f9403df039e28a73f3.jpg 301,190,336,307,1,0.837391 353,159,369,176,4,0.002629 42,177,61,195,3,0.002525 0,174,8,197,6,0.002346 0,181,7,206,6,0.001078 393,159,409,179,3,0.001075
/home/dysjin/data/CARLA.v20-carla_v20.coco/valid/026849_png.rf.52e90800c02b90489d2521817c6942f7.jpg 418,206,460,242,3,0.978314
/home/dysjin/data/CARLA.v20-carla_v20.coco/valid/Town02_001560_png.rf.44c7e46d6d34263ac9f429ccb2cd2655.jpg 79,191,94,221,1,0.207701 79,189,95,220,0,0.121395 67,184,92,215,1,0.101987 18,181,33,206,0,0.023890 9,183,27,205,0,0.020785 54,183,90,209,6,0.004831 0,184,13,206,6,0.004721 434,177,472,266,2,0.001384 1,177,37,206,6,0.001197
/home/dysjin/data/CARLA.v20-carla_v20.coco/valid/Town02_003420_png.rf.4347a7bee8aec9f5c84eb5295856f9a9.jpg 14,188,106,230,6,0.423640 325,194,379,230,1,0.415835 325,199,381,231,6,0.346554 66,202,113,231,6,0.017006 0,198,75,236,6,0.010579 1,183,16,235,6,0.007471 0,194,14,243,6,0.006288
/home/dysjin/data/CARLA.v20-carla_v20.coco/valid/Town01_006060_png.rf.3d76b002da6076434f028293d0c4a498.jpg 311,199,332,265,0,0.267684 303,201,332,260,1,0.200133 411,191,458,226,6,0.058023 0,174,13,243,0,0.003249 0,190,13,246,6,0.002851 314,198,327,227,0,0.001442 560,164,610,197,6,0.001188 443,180,505,210,6,0.001059
/home/dysjin/data/CARLA.v20-carla_v20.coco/valid/Town02_007800_png.rf.4e6520c0e9dd39a93f5048a2caea0283.jpg 327,196,425,226,6,0.316878 314,194,368,223,6,0.177883 600,190,640,231,6,0.029495 401,204,442,229,6,0.016508 510,182,557,208,6,0.012489 619,198,640,244,6,0.008390 0,191,12,248,6,0.004245 0,207,8,238,6,0.003647 481,53,609,220,6,0.002929 401,210,441,229,1,0.002215 301,190,322,202,6,0.001991 0,173,12,243,6,0.001178 444,0,601,294,6,0.001137 549,187,564,205,0,0.001001
/home/dysjin/data/CARLA.v20-carla_v20.coco/valid/Town01_001860_png.rf.53e5db5983ad00d8986ebdc44e1e76ef.jpg 224,166,414,380,6,0.944937 292,185,309,201,0,0.195104 313,186,335,202,0,0.051401 299,186,322,200,0,0.038583 327,187,342,207,0,0.023715 290,182,336,202,6,0.004634 26,79,614,380,6,0.003893 432,195,575,348,6,0.003122 42,175,71,194,4,0.001896 8,163,22,183,3,0.001714
/home/dysjin/data/CARLA.v20-carla_v20.coco/valid/Town01_006120_png.rf.405fede50ad311216cb9943968a5cdf5.jpg 317,191,328,218,1,0.695794 351,174,368,187,3,0.014072 105,219,121,243,1,0.001683 351,166,370,184,4,0.001015
/home/dysjin/data/CARLA.v20-carla_v20.coco/valid/041864_png.rf.51f1d81198f2e5b7a450f586235760ec.jpg 304,242,325,292,0,0.905030 411,210,446,243,4,0.877759 82,205,227,335,6,0.292251 80,252,200,309,6,0.040247 352,227,367,243,4,0.039338 218,231,236,283,0,0.011806 378,213,397,232,4,0.006072 72,275,138,313,6,0.005372 364,216,384,232,4,0.003676 353,218,369,235,4,0.003048 193,226,240,266,6,0.002313 150,233,252,305,6,0.001794
/home/dysjin/data/CARLA.v20-carla_v20.coco/valid/Town01_012060_png.rf.58e57e1a7e8d4f630323ae1827ca68bc.jpg 566,194,606,218,6,0.461111 579,196,605,225,0,0.015139 391,193,403,217,1,0.006881 572,202,617,228,6,0.001325 337,185,355,202,1,0.001283
/home/dysjin/data/CARLA.v20-carla_v20.coco/valid/009044_png.rf.59d4a83882b4b6af242cbd9e0e31ba80.jpg 559,218,576,241,3,0.938966 0,208,10,236,4,0.092260 0,194,15,248,4,0.048909 526,212,543,231,3,0.002240 0,218,11,242,4,0.002178 214,64,239,82,6,0.001611
/home/dysjin/data/CARLA.v20-carla_v20.coco/valid/Town02_002520_png.rf.55f8a7c01a8e4b86c99a794d7b61cd5d.jpg 229,163,405,350,6,0.892872 160,198,226,236,6,0.803142 145,178,163,193,3,0.030452 235,216,274,337,6,0.003832 366,185,379,203,0,0.003723 366,177,380,194,3,0.003408 0,197,11,224,6,0.002562 534,192,626,258,6,0.001936 0,206,11,230,6,0.001827 367,301,410,338,6,0.001337 1,181,15,234,6,0.001226
/home/dysjin/data/CARLA.v20-carla_v20.coco/valid/Town02_008760_png.rf.5bfb07b6a5fbe6700b4b9c150b9c6576.jpg 269,208,373,348,6,0.790082 510,178,564,212,6,0.293835 272,187,287,204,1,0.158744 277,187,290,203,0,0.038356 386,179,440,209,6,0.018339 537,179,603,209,6,0.016514 568,180,626,208,6,0.005321 2,186,14,251,6,0.003202 594,190,625,208,6,0.003075 2,169,13,245,6,0.002151 137,175,163,191,3,0.001794
/home/dysjin/data/CARLA.v20-carla_v20.coco/valid/Town01_008100_png.rf.5942043a53e2ea3c62572bf7029ed896.jpg 275,191,298,203,6,0.396031 383,198,409,212,6,0.196310 83,182,148,211,6,0.019792 380,192,401,207,6,0.013336 380,188,441,210,6,0.011991 365,188,386,202,3,0.001524 287,186,306,201,6,0.001270 414,183,462,209,6,0.001225 582,170,637,200,6,0.001118 61,180,122,213,6,0.001043
/home/dysjin/data/CARLA.v20-carla_v20.coco/valid/Town01_010680_png.rf.5537782525200ced228c602e6dcc3456.jpg 367,179,381,191,4,0.249340 228,183,243,206,0,0.003728 373,178,391,191,4,0.002371
/home/dysjin/data/CARLA.v20-carla_v20.coco/valid/121155_png.rf.5eeb1497380edc240a771f68b9d34669.jpg 244,232,393,400,6,0.783855 556,216,594,301,2,0.540960 316,237,327,259,0,0.004104 307,237,321,260,0,0.003213 437,74,589,226,6,0.003114 574,205,609,306,2,0.001112 487,232,576,286,6,0.001093
/home/dysjin/data/CARLA.v20-carla_v20.coco/valid/007085_png.rf.5a7141063cfddac158b01dce18de1e48.jpg 426,208,465,244,5,0.968133 165,225,189,239,4,0.001076
/home/dysjin/data/CARLA.v20-carla_v20.coco/valid/Town05_006720_png.rf.717ce1e22225ab6a97befb2b8effcc2a.jpg 176,179,214,256,1,0.299498 85,183,150,206,6,0.023908 179,175,217,250,0,0.005491 378,162,392,179,3,0.003173 88,190,118,207,6,0.002895 1,193,13,268,0,0.002603 0,186,12,255,0,0.001956 350,176,368,191,3,0.001458 342,184,355,203,0,0.001408 377,172,393,190,3,0.001188 367,163,385,180,3,0.001135 315,183,331,201,6,0.001096
/home/dysjin/data/CARLA.v20-carla_v20.coco/valid/Town01_006600_png.rf.612f31973b2db2fda3ee5293fd937a64.jpg 373,188,394,212,6,0.046097 375,194,393,212,1,0.027507 121,210,138,232,0,0.010033 128,210,146,230,0,0.008132
/home/dysjin/data/CARLA.v20-carla_v20.coco/valid/112469_png.rf.4fea3a1e3f0858f468ecb362968a08fb.jpg 316,238,340,295,2,0.722825 307,241,349,289,1,0.001044
/home/dysjin/data/CARLA.v20-carla_v20.coco/valid/Town05_009540_png.rf.67accf9da191af14c5f05da1b6fe1e58.jpg 594,187,640,207,6,0.147692
/home/dysjin/data/CARLA.v20-carla_v20.coco/valid/041820_png.rf.69e77a8e269d90d89efc21e5026a7083.jpg 121,244,143,292,0,0.907620 26,242,80,265,6,0.773162 181,223,196,242,4,0.477437 378,224,389,239,4,0.130270 368,217,385,235,4,0.014392 187,223,208,236,4,0.007372 178,207,200,245,4,0.006459 533,211,556,232,4,0.004919 172,217,191,236,4,0.004844 463,215,479,233,4,0.003848 0,229,10,260,6,0.003820 111,248,134,290,0,0.003388 386,218,405,232,4,0.002168 374,203,392,223,4,0.002008 534,188,561,230,4,0.001624 0,203,13,264,6,0.001610 511,222,532,241,4,0.001298
/home/dysjin/data/CARLA.v20-carla_v20.coco/valid/121278_png.rf.6607158f1164a75baf620dcb66d1b07e.jpg 275,249,357,311,6,0.869985 241,246,263,263,1,0.086863 477,244,490,272,1,0.007395 238,244,271,265,6,0.001713 261,215,371,339,6,0.001304 476,241,494,273,0,0.001256
/home/dysjin/data/CARLA.v20-carla_v20.coco/valid/Town02_004620_png.rf.7280640e1c163e7c4b28010b90659788.jpg 238,165,395,340,6,0.749288 278,185,297,201,6,0.203243 315,182,329,201,0,0.129636 316,180,329,198,6,0.028391 140,185,164,203,6,0.020018 273,176,326,201,6,0.017514 344,165,357,184,4,0.008155 116,179,173,205,6,0.007529 350,164,369,179,4,0.007509 343,173,354,193,3,0.005492 377,173,392,188,3,0.003806 343,182,353,205,0,0.002088 440,27,593,178,6,0.001955 300,87,321,108,6,0.001537 306,179,342,203,6,0.001294 284,184,314,201,0,0.001251
/home/dysjin/data/CARLA.v20-carla_v20.coco/valid/Town05_016500_png.rf.75b431585ae9c755044e81517b796324.jpg 124,197,225,245,6,0.733964 344,196,400,235,6,0.615502 0,193,88,297,6,0.517239 456,179,475,193,4,0.433749 175,191,233,226,6,0.019307 109,203,179,241,6,0.014003 341,188,356,203,6,0.008683 428,195,440,215,1,0.003371 333,187,346,201,0,0.002966 450,184,476,197,3,0.002615 0,193,11,221,6,0.002560 0,184,11,210,6,0.001640 203,195,227,229,0,0.001487 51,166,196,283,6,0.001432 371,195,394,227,6,0.001402 372,202,396,234,1,0.001129
/home/dysjin/data/CARLA.v20-carla_v20.coco/valid/Town02_001020_png.rf.79741d4293c684a4f4e895c08f1290d5.jpg 0,196,89,380,6,0.827845 305,194,339,310,1,0.818677 278,184,327,206,6,0.336259 355,164,367,180,3,0.066043 26,190,82,219,6,0.038257 0,245,82,380,6,0.021094 352,172,369,186,3,0.011644 189,181,212,216,0,0.005948 192,194,208,216,1,0.004739 301,174,333,302,0,0.003298 57,196,79,221,0,0.003261 300,188,325,225,0,0.002869 293,187,334,224,6,0.002068 304,88,324,108,6,0.001892 111,185,128,229,0,0.001492 305,76,324,98,6,0.001417 314,183,329,204,0,0.001359 363,165,379,182,4,0.001309 31,189,55,209,6,0.001011 3,190,63,223,6,0.001007
/home/dysjin/data/CARLA.v20-carla_v20.coco/valid/004996_png.rf.758bfe0873e6cba6e1d99146894cae01.jpg 490,263,510,311,2,0.896643 481,265,519,303,1,0.006721 43,198,122,260,6,0.006541 94,237,143,271,6,0.001473
/home/dysjin/data/CARLA.v20-carla_v20.coco/valid/Town02_001620_png.rf.77cda18f042297c4b15936a35acef602.jpg 303,189,330,247,1,0.523864 303,185,332,236,6,0.160339 178,185,194,213,0,0.012892 180,193,193,217,1,0.003999 169,194,188,216,1,0.001940
/home/dysjin/data/CARLA.v20-carla_v20.coco/valid/112362_png.rf.868e587d8bdd37c81e4872223fbdbeb4.jpg 150,234,167,280,2,0.795121 136,238,176,268,2,0.002835
/home/dysjin/data/CARLA.v20-carla_v20.coco/valid/Town05_010080_png.rf.88fb23d739ffa2beacd3c5735d172d03.jpg 313,181,326,216,0,0.550391 271,185,282,199,6,0.432773 276,184,292,201,0,0.002079 0,173,11,240,0,0.001785 0,163,11,228,6,0.001597 0,185,12,252,0,0.001431
/home/dysjin/data/CARLA.v20-carla_v20.coco/valid/026847_png.rf.7a28094ba474fb2fab06e58f1ebea83c.jpg 415,208,445,241,3,0.942577
/home/dysjin/data/CARLA.v20-carla_v20.coco/valid/075709_png.rf.7dd638ab9af378bf60aaa2fb92a0aea4.jpg 307,241,352,271,6,0.885705 174,238,254,299,6,0.830155 9,215,173,437,6,0.729579 215,238,267,281,6,0.104876 240,242,267,275,6,0.026498 252,239,267,274,0,0.006772 4,71,164,224,6,0.003859 0,155,391,480,6,0.002498 3,265,62,298,6,0.002210 215,249,245,288,6,0.001916 354,230,364,256,2,0.001484 238,251,264,282,1,0.001135 354,224,364,245,3,0.001012
/home/dysjin/data/CARLA.v20-carla_v20.coco/valid/Town02_007380_png.rf.8809896fc46f6266a6729640bbc68e4c.jpg 557,189,636,225,6,0.424622 276,192,295,206,1,0.015751 548,180,603,217,6,0.008811 537,162,558,180,3,0.001586 548,164,566,180,3,0.001566 269,195,288,213,1,0.001174
/home/dysjin/data/CARLA.v20-carla_v20.coco/valid/Town01_007500_png.rf.7e4c2487265d812d93246e09a19aeab2.jpg 255,197,281,214,6,0.826392 551,165,636,224,6,0.775812 392,178,414,215,0,0.015190 526,180,550,211,6,0.010845 338,161,356,180,4,0.001907 74,213,92,254,0,0.001845 368,194,381,217,0,0.001062 529,175,592,217,6,0.001035
/home/dysjin/data/CARLA.v20-carla_v20.coco/valid/Town05_007500_png.rf.8a81a882e564e9e99b5c951d3e18dbbc.jpg 343,180,392,203,6,0.804826 250,176,260,200,0,0.037291 374,185,391,203,0,0.027543 254,182,264,206,0,0.018653 303,175,317,188,6,0.002823 375,181,390,198,6,0.002036 296,174,308,189,0,0.001883
/home/dysjin/data/CARLA.v20-carla_v20.coco/valid/Town02_005520_png.rf.8a9d2ba4122736ea3845c9e405936cce.jpg 73,196,139,225,6,0.387299 610,190,638,227,6,0.125218 0,198,10,220,6,0.063608 31,195,109,226,6,0.040805 69,76,89,95,6,0.003101 575,165,593,180,3,0.002197 42,145,127,222,6,0.002097 0,172,11,225,6,0.001902 0,203,7,230,6,0.001487 70,64,89,86,6,0.001281 622,187,638,213,6,0.001109 573,173,592,189,3,0.001087 563,174,582,189,3,0.001029
/home/dysjin/data/CARLA.v20-carla_v20.coco/valid/041735_png.rf.891d950e6341a379e0a80f54f49c126a.jpg 278,244,304,301,0,0.786792 1,243,10,270,6,0.018237 0,232,9,264,6,0.002376 0,216,11,275,6,0.001655
/home/dysjin/data/CARLA.v20-carla_v20.coco/valid/041669_png.rf.8f16c7cc68671f71ba068edf120b2a61.jpg 306,244,330,305,0,0.750374 302,219,325,359,0,0.001531 0,228,10,309,0,0.001243
/home/dysjin/data/CARLA.v20-carla_v20.coco/valid/003814_png.rf.9123d8ff8e23490d6f5201cb816e4fc2.jpg 545,179,613,245,3,0.952345 288,239,320,258,6,0.715295 521,130,640,272,3,0.005382 594,177,619,238,3,0.001163
/home/dysjin/data/CARLA.v20-carla_v20.coco/valid/005413_png.rf.9000d6e877ce40e1d5bd5387ece453c2.jpg 109,233,124,278,2,0.881894 87,233,105,288,2,0.595560 95,237,116,282,2,0.195861 108,241,123,289,2,0.004233 116,235,131,278,2,0.001440 94,236,137,269,2,0.001224 73,246,116,285,2,0.001077 361,211,384,226,4,0.001015
/home/dysjin/data/CARLA.v20-carla_v20.coco/valid/Town01_001500_png.rf.9254a251a5c6eb6313adba6a6adf1620.jpg 386,178,403,191,3,0.710296 218,198,232,216,0,0.001775 241,52,261,72,6,0.001049
/home/dysjin/data/CARLA.v20-carla_v20.coco/valid/Town05_004680_png.rf.93664881511a21c1adf050e2e8993477.jpg 243,184,270,205,6,0.771588 328,172,415,223,6,0.643587 277,184,295,199,6,0.050834 182,186,200,203,0,0.032084 190,185,207,204,0,0.031719 248,184,306,201,6,0.012930 309,183,375,224,6,0.004089 370,178,424,219,6,0.002786 222,174,268,202,6,0.002109 384,197,411,216,0,0.001490
/home/dysjin/data/CARLA.v20-carla_v20.coco/valid/138312_png.rf.93c512dad514948e54a85fd6860eba4e.jpg 97,236,114,279,2,0.177753 0,245,13,319,2,0.007780
/home/dysjin/data/CARLA.v20-carla_v20.coco/valid/005160_png.rf.922d9f2da21b5b11121905df87e629d7.jpg 400,211,429,243,5,0.897218
