/home/dysjin/data/CARLA.v20-carla_v20.coco/valid/Town02_006840_png.rf.a4a970c10202604d1dd8c41fe9097525.jpg 562,177,577,196,1,0.386711 555,171,587,200,0,0.005279 0,173,11,192,1,0.004477 0,165,13,183,1,0.003996 560,58,608,93,1,0.002106 0,145,16,200,0,0.001601
/home/dysjin/data/CARLA.v20-carla_v20.coco/valid/Town02_002640_png.rf.ac6bee6a9e4c4b2a1e149670c97196c1.jpg 392,174,405,190,1,0.328226 393,166,406,182,1,0.001823
/home/dysjin/data/CARLA.v20-carla_v20.coco/valid/007096_png.rf.a26873f70f1467f54f0fd09ea8c1731b.jpg 545,166,615,250,1,0.540657 543,185,616,246,2,0.007529
/home/dysjin/data/CARLA.v20-carla_v20.coco/valid/Town02_006480_png.rf.aec43468267a9993201d034f7031ee5c.jpg 347,177,358,191,0,0.015486 346,168,357,182,0,0.002146 356,77,412,165,0,0.002065
/home/dysjin/data/CARLA.v20-carla_v20.coco/valid/051305_png.rf.af3e2dc55ae45fc793f7f25eb6fdf7b4.jpg 429,210,462,242,0,0.901978
/home/dysjin/data/CARLA.v20-carla_v20.coco/valid/007291_png.rf.b33e9d647d42777054dfb5f46d23bbad.jpg 385,221,400,241,0,0.783305
/home/dysjin/data/CARLA.v20-carla_v20.coco/valid/003752_png.rf.bb0716bc5b93fa8b10f41577e20a2f35.jpg 399,216,422,243,1,0.527791
/home/dysjin/data/CARLA.v20-carla_v20.coco/valid/005173_png.rf.c24ac196d86260d3a384e12093bfa5ef.jpg 473,195,529,243,1,0.266705
/home/dysjin/data/CARLA.v20-carla_v20.coco/valid/003769_png.rf.c5c0c17fa97551316c57744e9608f796.jpg 498,193,551,244,1,0.250599
/home/dysjin/data/CARLA.v20-carla_v20.coco/valid/004966_png.rf.c9d8d72d0920460b612251c5fddc5770.jpg 432,205,462,240,1,0.735123 440,207,454,232,1,0.001391
/home/dysjin/data/CARLA.v20-carla_v20.coco/valid/001638_png.rf.c98e4c5bc2a68de358073a26469c81b2.jpg 424,213,452,238,0,0.789239
/home/dysjin/data/CARLA.v20-carla_v20.coco/valid/051274_png.rf.d5f64278c64b556983082379a316485f.jpg 562,162,635,256,1,0.548400 560,182,638,249,2,0.019860 553,171,640,261,0,0.013115
/home/dysjin/data/CARLA.v20-carla_v20.coco/valid/Town01_001440_png.rf.e4b4351effd31d5b433710cffb8243e4.jpg 385,176,399,198,0,0.449599 345,178,356,189,1,0.010507 367,177,413,195,0,0.006888 383,169,394,185,1,0.004855 375,176,387,189,0,0.003361
/home/dysjin/data/CARLA.v20-carla_v20.coco/valid/041811_png.rf.e8d4c17844854d24f9b2bec66a8a8889.jpg 49,224,64,243,1,0.514800 50,216,61,233,1,0.005595 34,222,77,247,2,0.002559
/home/dysjin/data/CARLA.v20-carla_v20.coco/valid/001519_png.rf.e42bb854e84b40164ed2795569b2eb6f.jpg 575,224,587,239,0,0.619590 571,219,581,232,0,0.002348
/home/dysjin/data/CARLA.v20-carla_v20.coco/valid/001509_png.rf.ed3baed466e7f65c1a01fb57bf942b65.jpg 575,224,587,239,0,0.587504 571,219,582,232,0,0.005579
/home/dysjin/data/CARLA.v20-carla_v20.coco/valid/026829_png.rf.e6f26e62f316568466a95ba7fd18d850.jpg 373,222,393,241,0,0.877707
/home/dysjin/data/CARLA.v20-carla_v20.coco/valid/007076_png.rf.d635d979c35f5dd6da756ef9889aef0b.jpg 394,214,420,243,1,0.318725 391,213,419,238,0,0.109345
/home/dysjin/data/CARLA.v20-carla_v20.coco/valid/Town02_006960_png.rf.eedfb90c1deb0d66a31341acd2e08f4f.jpg 150,161,165,184,1,0.466444 140,160,171,184,0,0.024381
/home/dysjin/data/CARLA.v20-carla_v20.coco/valid/041861_png.rf.f5f3812ca6c536c5c25bea3d596be111.jpg 401,210,429,240,1,0.391589 399,219,433,241,0,0.009707
/home/dysjin/data/CARLA.v20-carla_v20.coco/valid/003755_png.rf.f6343810071c5f5401b5697ef363285d.jpg 407,215,435,238,1,0.576994 403,213,433,236,0,0.005305
/home/dysjin/data/CARLA.v20-carla_v20.coco/valid/001630_png.rf.ff5ced110f03f998a7a6998ddf647fd2.jpg 409,214,434,238,0,0.522263
/home/dysjin/data/CARLA.v20-carla_v20.coco/valid/003751_png.rf.0ff9ef7c8c8e4f5eab52437609a3b501.jpg 397,216,419,243,1,0.537042 398,221,420,236,0,0.014918 343,226,359,242,2,0.001440
/home/dysjin/data/CARLA.v20-carla_v20.coco/valid/Town02_008820_png.rf.135414697b8215dc125af6b125d3058c.jpg 370,177,381,189,0,0.001996 394,187,405,204,0,0.001327
/home/dysjin/data/CARLA.v20-carla_v20.coco/valid/006578_png.rf.21f08e8ed63ab67b3ef05528af8ef9e6.jpg 374,222,385,241,0,0.712588 353,223,400,241,0,0.002678
/home/dysjin/data/CARLA.v20-carla_v20.coco/valid/Town02_006720_png.rf.2632fd4f3d65ff215e84d472badfd870.jpg 562,176,578,196,1,0.395150 556,171,587,199,0,0.006983 0,173,11,192,1,0.004214 0,165,13,183,1,0.003874 560,58,608,93,1,0.002752 0,145,16,200,0,0.001592
/home/dysjin/data/CARLA.v20-carla_v20.coco/valid/007070_png.rf.2316a0a54db7e4a749f421570aadd160.jpg 384,217,401,242,1,0.457263 376,219,407,240,0,0.063277
/home/dysjin/data/CARLA.v20-carla_v20.coco/valid/041819_png.rf.374472e0a0868df264a4100cb7734e35.jpg 173,223,188,241,1,0.454726 173,214,186,233,1,0.009654 160,221,201,247,2,0.001489
/home/dysjin/data/CARLA.v20-carla_v20.coco/valid/003766_png.rf.3dbe103da1003d1fb3bd18ad0d0894b4.jpg 461,198,510,241,1,0.641569
/home/dysjin/data/CARLA.v20-carla_v20.coco/valid/026849_png.rf.52e90800c02b90489d2521817c6942f7.jpg 423,209,454,238,0,0.944441 424,190,462,253,0,0.001874
/home/dysjin/data/CARLA.v20-carla_v20.coco/valid/041864_png.rf.51f1d81198f2e5b7a450f586235760ec.jpg 415,209,442,240,1,0.587737
/home/dysjin/data/CARLA.v20-carla_v20.coco/valid/009044_png.rf.59d4a83882b4b6af242cbd9e0e31ba80.jpg 557,218,578,246,0,0.707898 0,214,12,231,1,0.004615
/home/dysjin/data/CARLA.v20-carla_v20.coco/valid/Town01_010680_png.rf.5537782525200ced228c602e6dcc3456.jpg 371,177,384,193,1,0.499880 369,169,381,183,1,0.002541 372,183,386,198,0,0.002327 362,174,374,191,1,0.001888 351,175,402,195,2,0.001169 346,178,358,189,1,0.001005
/home/dysjin/data/CARLA.v20-carla_v20.coco/valid/007085_png.rf.5a7141063cfddac158b01dce18de1e48.jpg 431,208,462,240,1,0.574541
/home/dysjin/data/CARLA.v20-carla_v20.coco/valid/041820_png.rf.69e77a8e269d90d89efc21e5026a7083.jpg 183,223,196,241,1,0.408075 183,215,198,233,2,0.002613 170,220,210,247,2,0.002258 177,224,190,243,1,0.001711
/home/dysjin/data/CARLA.v20-carla_v20.coco/valid/Town05_016500_png.rf.75b431585ae9c755044e81517b796324.jpg 458,179,476,198,1,0.446686 460,183,477,199,0,0.131752
/home/dysjin/data/CARLA.v20-carla_v20.coco/valid/026847_png.rf.7a28094ba474fb2fab06e58f1ebea83c.jpg 415,210,444,238,0,0.964386
/home/dysjin/data/CARLA.v20-carla_v20.coco/valid/003814_png.rf.9123d8ff8e23490d6f5201cb816e4fc2.jpg 548,164,621,256,0,0.498488 555,153,609,264,1,0.040682
/home/dysjin/data/CARLA.v20-carla_v20.coco/valid/Town01_001500_png.rf.9254a251a5c6eb6313adba6a6adf1620.jpg 387,176,403,195,0,0.689550 369,176,420,194,0,0.006541 390,170,404,184,0,0.001404
/home/dysjin/data/CARLA.v20-carla_v20.coco/valid/005160_png.rf.922d9f2da21b5b11121905df87e629d7.jpg 402,213,430,239,1,0.563096 403,212,427,240,2,0.245517 402,194,435,251,0,0.001309
