/home/dysjin/data/CARLA.v20-carla_v20.coco/valid/Town02_006840_png.rf.a4a970c10202604d1dd8c41fe9097525.jpg 564,178,579,196,0,0.334330 1,170,13,191,1,0.311244 443,186,456,203,0,0.108678 195,148,207,168,0,0.092480 564,60,605,104,1,0.033071 0,164,14,202,0,0.028224 198,159,210,178,0,0.026875 187,150,200,167,0,0.026711 50,125,63,145,1,0.014131 452,176,465,195,0,0.013457 445,178,458,194,0,0.010146 235,173,249,191,0,0.009473 175,151,187,168,0,0.007143 186,141,199,158,0,0.004431 562,152,581,198,0,0.003257 188,161,199,178,0,0.003200 451,185,464,204,0,0.002657 0,143,12,203,0,0.002166 345,186,360,203,0,0.002151 258,164,270,180,0,0.001813 149,163,162,180,0,0.001808 210,173,225,189,0,0.001764 199,170,211,192,0,0.001523 0,172,22,194,1,0.001461 208,164,222,181,0,0.001423 175,160,185,179,0,0.001222 172,186,184,204,0,0.001160 99,138,112,157,1,0.001109 176,138,187,157,0,0.001068 259,172,272,188,0,0.001021
/home/dysjin/data/CARLA.v20-carla_v20.coco/valid/Town02_002640_png.rf.ac6bee6a9e4c4b2a1e149670c97196c1.jpg 392,173,404,190,0,0.458922 342,209,357,227,0,0.021730 336,209,349,228,1,0.020505 337,202,350,218,0,0.003742 386,167,400,184,0,0.003239 529,151,543,171,0,0.002067 219,162,232,181,0,0.001890 394,181,409,201,0,0.001539 467,171,481,195,0,0.001465 306,189,320,204,0,0.001308
/home/dysjin/data/CARLA.v20-carla_v20.coco/valid/007096_png.rf.a26873f70f1467f54f0fd09ea8c1731b.jpg 538,169,620,250,2,0.478399 539,181,617,251,1,0.148122 530,158,633,252,0,0.083016 64,74,640,314,0,0.001269
/home/dysjin/data/CARLA.v20-carla_v20.coco/valid/Town02_006480_png.rf.aec43468267a9993201d034f7031ee5c.jpg 353,176,367,192,0,0.293156 348,167,362,183,0,0.015785 335,183,347,199,0,0.014940 357,183,369,199,0,0.008328 346,183,359,199,0,0.008321 382,187,393,202,0,0.007636 366,178,379,191,0,0.005724 370,186,381,199,0,0.005232 138,94,153,120,1,0.003612 321,185,335,199,0,0.002900 432,51,448,73,1,0.002624 336,165,347,180,0,0.002345 352,160,372,183,0,0.002159 381,178,393,191,0,0.001210
/home/dysjin/data/CARLA.v20-carla_v20.coco/valid/051305_png.rf.af3e2dc55ae45fc793f7f25eb6fdf7b4.jpg 430,209,460,242,0,0.976640
/home/dysjin/data/CARLA.v20-carla_v20.coco/valid/007291_png.rf.b33e9d647d42777054dfb5f46d23bbad.jpg 385,223,401,243,0,0.863475 392,232,407,249,0,0.002606 372,214,389,230,0,0.001494 375,226,387,241,0,0.001319 381,213,405,234,0,0.001294
/home/dysjin/data/CARLA.v20-carla_v20.coco/valid/003752_png.rf.bb0716bc5b93fa8b10f41577e20a2f35.jpg 400,213,423,242,1,0.512078 396,216,424,244,0,0.229831 346,229,361,244,1,0.004124
/home/dysjin/data/CARLA.v20-carla_v20.coco/valid/005173_png.rf.c24ac196d86260d3a384e12093bfa5ef.jpg 475,183,529,253,1,0.483240 449,173,566,266,0,0.002862 476,204,505,242,1,0.001657
/home/dysjin/data/CARLA.v20-carla_v20.coco/valid/003769_png.rf.c5c0c17fa97551316c57744e9608f796.jpg 496,181,548,252,1,0.523588 470,171,585,247,0,0.005125 492,196,539,249,0,0.001702
/home/dysjin/data/CARLA.v20-carla_v20.coco/valid/004966_png.rf.c9d8d72d0920460b612251c5fddc5770.jpg 431,203,467,243,1,0.607410 132,223,151,242,1,0.005289
/home/dysjin/data/CARLA.v20-carla_v20.coco/valid/001638_png.rf.c98e4c5bc2a68de358073a26469c81b2.jpg 424,211,453,240,0,0.972438 614,217,635,252,0,0.010855 156,224,172,245,0,0.005567
/home/dysjin/data/CARLA.v20-carla_v20.coco/valid/051274_png.rf.d5f64278c64b556983082379a316485f.jpg 554,165,636,255,2,0.353286 557,160,636,258,1,0.333364 546,164,640,248,0,0.114036 357,229,373,245,1,0.012211
/home/dysjin/data/CARLA.v20-carla_v20.coco/valid/Town01_001440_png.rf.e4b4351effd31d5b433710cffb8243e4.jpg 386,176,400,194,0,0.823141 346,175,357,190,0,0.247965 272,175,284,192,0,0.029800 232,179,246,194,0,0.017047 123,174,136,193,0,0.009682 262,172,275,191,0,0.004147 375,179,387,192,0,0.004064 389,130,410,169,0,0.003494 283,175,294,192,0,0.002954 100,188,113,204,0,0.002577 336,174,349,191,0,0.002372 391,183,407,198,0,0.002309 374,163,385,181,0,0.002306 261,163,275,181,0,0.002204 308,173,319,190,0,0.002043 336,162,348,180,0,0.001848 258,150,272,171,0,0.001778 357,177,367,190,0,0.001773 272,163,282,182,0,0.001660 123,164,136,185,0,0.001499 369,152,383,171,0,0.001457 297,174,308,190,0,0.001361 84,153,98,171,1,0.001354 75,162,88,181,1,0.001291 84,160,98,180,0,0.001166 161,175,173,192,0,0.001148 346,183,359,201,0,0.001117
/home/dysjin/data/CARLA.v20-carla_v20.coco/valid/041811_png.rf.e8d4c17844854d24f9b2bec66a8a8889.jpg 51,225,64,242,0,0.482559 50,215,63,238,0,0.014064 455,213,470,230,1,0.005025 55,227,69,246,0,0.003484 42,225,55,241,0,0.002930 42,213,55,231,0,0.002389
/home/dysjin/data/CARLA.v20-carla_v20.coco/valid/001519_png.rf.e42bb854e84b40164ed2795569b2eb6f.jpg 575,219,590,240,0,0.690675
/home/dysjin/data/CARLA.v20-carla_v20.coco/valid/001509_png.rf.ed3baed466e7f65c1a01fb57bf942b65.jpg 575,219,590,240,0,0.681987 341,218,354,251,2,0.001633
/home/dysjin/data/CARLA.v20-carla_v20.coco/valid/026829_png.rf.e6f26e62f316568466a95ba7fd18d850.jpg 376,220,391,239,0,0.923180 362,224,374,239,0,0.004095 362,214,373,230,0,0.001529 346,224,357,239,0,0.001519 361,201,373,221,0,0.001361
/home/dysjin/data/CARLA.v20-carla_v20.coco/valid/007076_png.rf.d635d979c35f5dd6da756ef9889aef0b.jpg 397,214,420,240,1,0.494970 391,215,425,239,0,0.243836
/home/dysjin/data/CARLA.v20-carla_v20.coco/valid/Town02_006960_png.rf.eedfb90c1deb0d66a31341acd2e08f4f.jpg 149,161,166,182,0,0.576630 334,138,346,157,0,0.092039 58,151,75,166,0,0.009728 334,127,349,148,0,0.007256 332,146,348,169,0,0.005296 123,152,135,167,0,0.002966 147,169,163,187,0,0.002167 140,165,154,180,0,0.002123 331,164,348,179,0,0.001468 140,152,152,168,0,0.001226 598,140,621,178,0,0.001076 56,132,80,165,0,0.001071
/home/dysjin/data/CARLA.v20-carla_v20.coco/valid/041861_png.rf.f5f3812ca6c536c5c25bea3d596be111.jpg 395,209,432,238,0,0.697264 294,215,309,231,0,0.004564
/home/dysjin/data/CARLA.v20-carla_v20.coco/valid/003755_png.rf.f6343810071c5f5401b5697ef363285d.jpg 411,214,435,241,1,0.520686 404,214,438,240,0,0.356665
/home/dysjin/data/CARLA.v20-carla_v20.coco/valid/001630_png.rf.ff5ced110f03f998a7a6998ddf647fd2.jpg 409,211,436,241,0,0.963920 608,215,635,248,0,0.022189 169,222,185,243,0,0.003297 612,189,636,235,0,0.001176
/home/dysjin/data/CARLA.v20-carla_v20.coco/valid/003751_png.rf.0ff9ef7c8c8e4f5eab52437609a3b501.jpg 398,214,419,240,1,0.404326 393,218,423,242,0,0.123877 345,229,360,245,1,0.003582
/home/dysjin/data/CARLA.v20-carla_v20.coco/valid/Town02_008820_png.rf.135414697b8215dc125af6b125d3058c.jpg 392,188,408,206,0,0.156029 480,176,494,191,0,0.150752 143,173,158,192,1,0.097996 334,176,346,191,0,0.087330 617,73,630,96,1,0.075825 343,177,355,193,0,0.062016 386,187,399,200,0,0.016694 383,178,399,193,0,0.011758 373,178,385,192,0,0.009419 614,70,632,100,0,0.008469 322,176,334,189,0,0.006894 393,177,409,196,0,0.006101 501,175,516,191,0,0.005910 309,175,320,190,0,0.003657 356,175,367,192,0,0.003453 387,197,398,211,0,0.003037 482,164,494,185,0,0.002813 374,188,385,202,0,0.002143 308,164,320,179,0,0.001758 334,184,347,200,0,0.001613 320,165,332,180,0,0.001379 395,207,407,228,0,0.001359 272,173,286,188,0,0.001353 271,165,284,180,0,0.001289 284,173,297,188,0,0.001206 370,165,383,181,0,0.001106 0,97,13,122,1,0.001090
/home/dysjin/data/CARLA.v20-carla_v20.coco/valid/006578_png.rf.21f08e8ed63ab67b3ef05528af8ef9e6.jpg 372,221,386,242,0,0.773754 363,214,374,232,0,0.002876 362,226,375,241,0,0.002490 370,231,384,250,0,0.002197 360,200,372,221,0,0.001763
/home/dysjin/data/CARLA.v20-carla_v20.coco/valid/Town02_006720_png.rf.2632fd4f3d65ff215e84d472badfd870.jpg 564,177,581,197,0,0.370447 0,170,13,191,1,0.307013 196,148,207,168,0,0.145822 443,186,457,202,0,0.043602 452,177,465,194,0,0.028238 564,60,605,104,1,0.024694 187,151,200,168,0,0.019802 198,158,210,179,0,0.014610 50,125,63,145,1,0.012988 445,178,459,194,0,0.007278 187,140,200,158,0,0.007113 235,173,249,191,0,0.006265 175,151,187,168,0,0.003728 188,160,199,178,0,0.003207 345,177,358,195,0,0.003078 210,173,224,190,0,0.002909 175,160,186,179,0,0.002694 0,143,12,203,0,0.002097 209,164,222,181,0,0.001835 136,138,150,159,0,0.001775 199,171,210,193,0,0.001646 0,172,22,194,1,0.001460 176,137,187,157,0,0.001141 99,138,112,158,0,0.001065 150,163,162,180,0,0.001011
/home/dysjin/data/CARLA.v20-carla_v20.coco/valid/007070_png.rf.2316a0a54db7e4a749f421570aadd160.jpg 384,221,402,244,1,0.387445 384,218,405,242,0,0.157992
/home/dysjin/data/CARLA.v20-carla_v20.coco/valid/041819_png.rf.374472e0a0868df264a4100cb7734e35.jpg 176,223,189,241,0,0.683336 166,225,177,239,0,0.005714 263,217,291,254,0,0.004799 126,226,137,243,0,0.004244 165,215,177,231,0,0.003665 184,234,197,253,0,0.002120 175,233,190,249,0,0.001726 163,200,175,221,0,0.001526 151,214,162,230,0,0.001189 171,211,189,237,0,0.001119
/home/dysjin/data/CARLA.v20-carla_v20.coco/valid/003766_png.rf.3dbe103da1003d1fb3bd18ad0d0894b4.jpg 461,200,510,242,1,0.570444 463,214,506,232,2,0.001056
/home/dysjin/data/CARLA.v20-carla_v20.coco/valid/026849_png.rf.52e90800c02b90489d2521817c6942f7.jpg 422,211,453,238,0,0.979467 344,216,358,232,0,0.038515
/home/dysjin/data/CARLA.v20-carla_v20.coco/valid/041864_png.rf.51f1d81198f2e5b7a450f586235760ec.jpg 416,208,442,242,1,0.517582 413,212,445,245,0,0.033982 292,216,308,232,1,0.015154
/home/dysjin/data/CARLA.v20-carla_v20.coco/valid/009044_png.rf.59d4a83882b4b6af242cbd9e0e31ba80.jpg 562,219,578,242,0,0.741812 1,207,14,233,1,0.232343 0,202,14,242,0,0.082380 2,216,16,242,0,0.009211 344,229,357,246,0,0.002465 565,232,583,249,0,0.001477 0,176,13,247,0,0.001243
/home/dysjin/data/CARLA.v20-carla_v20.coco/valid/Town01_010680_png.rf.5537782525200ced228c602e6dcc3456.jpg 371,178,383,193,0,0.841688 236,178,248,192,0,0.333811 335,176,345,189,0,0.020018 348,178,360,190,0,0.009987 362,181,375,192,0,0.009369 346,165,358,181,0,0.008223 310,175,320,191,0,0.007907 347,185,360,201,0,0.006361 210,186,224,200,0,0.005576 309,164,320,181,0,0.005228 322,176,332,189,0,0.004993 223,184,235,202,0,0.003894 335,166,346,180,0,0.003649 372,167,383,187,0,0.003058 197,177,210,192,0,0.003046 243,177,255,193,0,0.003001 361,167,373,182,0,0.002340 383,186,394,197,0,0.002295 198,185,212,201,0,0.002125 335,185,347,200,0,0.002049 346,153,357,174,0,0.002023 209,178,222,192,0,0.001730 159,187,172,203,0,0.001646 321,166,332,180,0,0.001273 273,176,285,191,0,0.001063
/home/dysjin/data/CARLA.v20-carla_v20.coco/valid/007085_png.rf.5a7141063cfddac158b01dce18de1e48.jpg 431,207,464,243,1,0.612657
/home/dysjin/data/CARLA.v20-carla_v20.coco/valid/041820_png.rf.69e77a8e269d90d89efc21e5026a7083.jpg 183,223,195,241,0,0.504216 182,210,198,239,0,0.011080 186,232,199,250,0,0.004660 177,214,190,233,0,0.004064 173,187,185,208,1,0.001105
/home/dysjin/data/CARLA.v20-carla_v20.coco/valid/Town05_016500_png.rf.75b431585ae9c755044e81517b796324.jpg 458,179,477,197,0,0.762482 434,184,443,201,0,0.073072 379,197,393,214,1,0.007500 124,174,137,193,0,0.003243 383,193,395,208,0,0.002832 372,199,386,215,1,0.001823 445,180,459,194,0,0.001166
/home/dysjin/data/CARLA.v20-carla_v20.coco/valid/026847_png.rf.7a28094ba474fb2fab06e58f1ebea83c.jpg 414,209,445,242,0,0.980791 1,159,16,184,0,0.001790 0,37,15,159,2,0.001445 404,212,432,230,0,0.001372 342,223,356,239,0,0.001314
/home/dysjin/data/CARLA.v20-carla_v20.coco/valid/003814_png.rf.9123d8ff8e23490d6f5201cb816e4fc2.jpg 547,170,617,249,0,0.946967
/home/dysjin/data/CARLA.v20-carla_v20.coco/valid/Town01_001500_png.rf.9254a251a5c6eb6313adba6a6adf1620.jpg 388,176,402,194,0,0.827239 175,185,187,202,0,0.072117 176,174,187,195,0,0.021835 247,163,260,182,0,0.011447 386,166,400,186,0,0.005254 259,172,272,192,0,0.004864 223,175,235,195,0,0.003602 283,176,296,192,0,0.003046 374,178,386,192,0,0.002319 272,175,285,192,0,0.002182 183,175,196,196,0,0.002180 616,173,629,190,0,0.002173 149,188,162,202,0,0.001907 360,177,370,192,0,0.001598 613,138,629,159,0,0.001594 605,139,620,157,0,0.001555 182,186,195,203,0,0.001394 346,174,358,192,0,0.001351 196,166,210,181,0,0.001191 400,125,426,167,0,0.001183 162,187,175,202,0,0.001118
/home/dysjin/data/CARLA.v20-carla_v20.coco/valid/005160_png.rf.922d9f2da21b5b11121905df87e629d7.jpg 403,213,429,241,1,0.611921 400,212,438,242,0,0.007253
