/home/dysjin/data/CARLA.v20-carla_v20.coco/valid/Town02_006840_png.rf.a4a970c10202604d1dd8c41fe9097525.jpg 563,174,580,193,0,0.473738 440,188,455,204,0,0.203293 0,158,11,209,0,0.038201 0,166,15,197,1,0.028320 529,163,541,183,0,0.001931 343,174,357,193,0,0.001253
/home/dysjin/data/CARLA.v20-carla_v20.coco/valid/Town02_002640_png.rf.ac6bee6a9e4c4b2a1e149670c97196c1.jpg 389,174,406,191,0,0.482041 467,172,481,193,0,0.004090
/home/dysjin/data/CARLA.v20-carla_v20.coco/valid/007096_png.rf.a26873f70f1467f54f0fd09ea8c1731b.jpg 539,167,623,251,0,0.497467 542,171,616,249,1,0.365471
/home/dysjin/data/CARLA.v20-carla_v20.coco/valid/Town02_006480_png.rf.aec43468267a9993201d034f7031ee5c.jpg 349,176,361,190,0,0.414612 348,184,359,199,0,0.090461 342,163,365,188,0,0.004051 233,173,247,194,0,0.003114 269,173,283,192,0,0.002237 232,184,245,203,0,0.001872 196,172,208,193,0,0.001483
/home/dysjin/data/CARLA.v20-carla_v20.coco/valid/051305_png.rf.af3e2dc55ae45fc793f7f25eb6fdf7b4.jpg 425,209,463,242,0,0.513763 62,0,112,36,0,0.001085
/home/dysjin/data/CARLA.v20-carla_v20.coco/valid/007291_png.rf.b33e9d647d42777054dfb5f46d23bbad.jpg 385,224,404,241,0,0.490472 390,207,408,256,0,0.001518
/home/dysjin/data/CARLA.v20-carla_v20.coco/valid/003752_png.rf.bb0716bc5b93fa8b10f41577e20a2f35.jpg 398,216,424,242,0,0.471128
/home/dysjin/data/CARLA.v20-carla_v20.coco/valid/005173_png.rf.c24ac196d86260d3a384e12093bfa5ef.jpg 471,190,526,248,0,0.229939 473,187,524,242,1,0.025145
/home/dysjin/data/CARLA.v20-carla_v20.coco/valid/003769_png.rf.c5c0c17fa97551316c57744e9608f796.jpg 491,190,549,249,0,0.202674 494,188,548,245,1,0.163428
/home/dysjin/data/CARLA.v20-carla_v20.coco/valid/004966_png.rf.c9d8d72d0920460b612251c5fddc5770.jpg 423,204,468,242,0,0.431437
/home/dysjin/data/CARLA.v20-carla_v20.coco/valid/001638_png.rf.c98e4c5bc2a68de358073a26469c81b2.jpg 421,209,457,241,0,0.500086 154,223,172,242,0,0.055773 150,223,166,246,1,0.001680
/home/dysjin/data/CARLA.v20-carla_v20.coco/valid/051274_png.rf.d5f64278c64b556983082379a316485f.jpg 557,166,637,252,0,0.491157 560,167,631,251,1,0.384380
/home/dysjin/data/CARLA.v20-carla_v20.coco/valid/Town01_001440_png.rf.e4b4351effd31d5b433710cffb8243e4.jpg 385,173,401,193,0,0.531234 343,175,356,189,0,0.125340 341,169,361,197,0,0.001466 379,165,401,215,0,0.001158
/home/dysjin/data/CARLA.v20-carla_v20.coco/valid/041811_png.rf.e8d4c17844854d24f9b2bec66a8a8889.jpg 46,223,65,243,0,0.450425 49,230,64,251,0,0.006006
/home/dysjin/data/CARLA.v20-carla_v20.coco/valid/001519_png.rf.e42bb854e84b40164ed2795569b2eb6f.jpg 573,219,589,238,0,0.570776 566,217,600,243,0,0.010351 579,230,591,251,0,0.001664
/home/dysjin/data/CARLA.v20-carla_v20.coco/valid/001509_png.rf.ed3baed466e7f65c1a01fb57bf942b65.jpg 573,219,589,239,0,0.572740 578,230,591,251,0,0.001267
/home/dysjin/data/CARLA.v20-carla_v20.coco/valid/026829_png.rf.e6f26e62f316568466a95ba7fd18d850.jpg 373,221,392,238,0,0.580745 379,230,392,251,0,0.002646
/home/dysjin/data/CARLA.v20-carla_v20.coco/valid/007076_png.rf.d635d979c35f5dd6da756ef9889aef0b.jpg 393,215,421,242,0,0.455529 393,217,423,237,1,0.168845
/home/dysjin/data/CARLA.v20-carla_v20.coco/valid/Town02_006960_png.rf.eedfb90c1deb0d66a31341acd2e08f4f.jpg 149,163,169,181,0,0.571321 605,93,630,127,0,0.061181 606,97,630,124,1,0.016104 571,169,598,200,0,0.003343 627,209,640,233,0,0.001571 576,185,590,206,0,0.001261
/home/dysjin/data/CARLA.v20-carla_v20.coco/valid/041861_png.rf.f5f3812ca6c536c5c25bea3d596be111.jpg 402,209,429,244,0,0.512303 406,212,432,245,1,0.001225
/home/dysjin/data/CARLA.v20-carla_v20.coco/valid/003755_png.rf.f6343810071c5f5401b5697ef363285d.jpg 404,214,436,242,0,0.510130 398,215,436,242,1,0.014776
/home/dysjin/data/CARLA.v20-carla_v20.coco/valid/001630_png.rf.ff5ced110f03f998a7a6998ddf647fd2.jpg 405,212,438,239,0,0.486414 166,224,185,241,0,0.017385 404,211,429,238,1,0.003344
/home/dysjin/data/CARLA.v20-carla_v20.coco/valid/003751_png.rf.0ff9ef7c8c8e4f5eab52437609a3b501.jpg 395,217,421,242,0,0.458091
/home/dysjin/data/CARLA.v20-carla_v20.coco/valid/Town02_008820_png.rf.135414697b8215dc125af6b125d3058c.jpg 392,186,404,200,0,0.179128 143,174,161,193,0,0.093637 478,175,493,192,0,0.017076 395,178,407,195,0,0.010933 385,186,398,202,0,0.008669 502,172,519,193,0,0.004715 390,182,413,209,0,0.001717 403,185,415,201,0,0.001271 403,175,416,193,0,0.001100
/home/dysjin/data/CARLA.v20-carla_v20.coco/valid/006578_png.rf.21f08e8ed63ab67b3ef05528af8ef9e6.jpg 368,221,387,239,0,0.509303 370,228,385,252,0,0.002597
/home/dysjin/data/CARLA.v20-carla_v20.coco/valid/Town02_006720_png.rf.2632fd4f3d65ff215e84d472badfd870.jpg 563,174,580,193,0,0.483330 440,188,455,204,0,0.120929 0,157,11,209,0,0.037510 0,166,15,197,1,0.028834 441,194,456,217,0,0.003391 343,174,357,193,0,0.001997 529,164,541,183,0,0.001291
/home/dysjin/data/CARLA.v20-carla_v20.coco/valid/007070_png.rf.2316a0a54db7e4a749f421570aadd160.jpg 383,217,403,242,0,0.430147 385,219,405,236,1,0.017222
/home/dysjin/data/CARLA.v20-carla_v20.coco/valid/041819_png.rf.374472e0a0868df264a4100cb7734e35.jpg 172,226,189,241,0,0.568886 172,218,186,237,0,0.043817 174,233,188,248,0,0.025225
/home/dysjin/data/CARLA.v20-carla_v20.coco/valid/003766_png.rf.3dbe103da1003d1fb3bd18ad0d0894b4.jpg 459,197,508,243,0,0.388658
/home/dysjin/data/CARLA.v20-carla_v20.coco/valid/026849_png.rf.52e90800c02b90489d2521817c6942f7.jpg 420,207,457,239,0,0.485603
/home/dysjin/data/CARLA.v20-carla_v20.coco/valid/041864_png.rf.51f1d81198f2e5b7a450f586235760ec.jpg 414,207,443,243,0,0.480914 419,211,446,245,1,0.001847
/home/dysjin/data/CARLA.v20-carla_v20.coco/valid/009044_png.rf.59d4a83882b4b6af242cbd9e0e31ba80.jpg 559,220,578,241,0,0.435978 0,209,15,239,1,0.056612 0,201,12,246,0,0.053517 554,208,582,250,0,0.002355
/home/dysjin/data/CARLA.v20-carla_v20.coco/valid/Town01_010680_png.rf.5537782525200ced228c602e6dcc3456.jpg 369,178,385,192,0,0.584597
/home/dysjin/data/CARLA.v20-carla_v20.coco/valid/007085_png.rf.5a7141063cfddac158b01dce18de1e48.jpg 428,207,464,241,0,0.465179
/home/dysjin/data/CARLA.v20-carla_v20.coco/valid/041820_png.rf.69e77a8e269d90d89efc21e5026a7083.jpg 181,226,198,244,0,0.484648 183,217,196,238,0,0.013044
/home/dysjin/data/CARLA.v20-carla_v20.coco/valid/Town05_016500_png.rf.75b431585ae9c755044e81517b796324.jpg 456,178,478,198,0,0.501318 208,173,222,191,0,0.029202 451,165,490,215,0,0.003760 208,184,221,205,0,0.002096
/home/dysjin/data/CARLA.v20-carla_v20.coco/valid/026847_png.rf.7a28094ba474fb2fab06e58f1ebea83c.jpg 412,211,446,240,0,0.515946
/home/dysjin/data/CARLA.v20-carla_v20.coco/valid/003814_png.rf.9123d8ff8e23490d6f5201cb816e4fc2.jpg 541,170,623,250,0,0.466042 545,171,616,250,1,0.370897
/home/dysjin/data/CARLA.v20-carla_v20.coco/valid/Town01_001500_png.rf.9254a251a5c6eb6313adba6a6adf1620.jpg 385,173,404,193,0,0.517110
/home/dysjin/data/CARLA.v20-carla_v20.coco/valid/005160_png.rf.922d9f2da21b5b11121905df87e629d7.jpg 400,214,430,242,0,0.466453 408,213,433,236,1,0.004996
