/home/dysjin/data/CARLA.v20-carla_v20.coco/valid/Town05_011820_png.rf.a721d4435d03a17b63243ff374e790d2.jpg 13,187,107,233,6,0.194632 318,187,333,198,6,0.041450 0,194,66,228,6,0.025301 66,191,111,227,6,0.008570 310,186,324,197,6,0.007586 329,189,342,200,6,0.003985 156,173,172,189,6,0.003857 258,176,271,190,6,0.002998 331,182,342,192,6,0.002398 631,109,640,135,6,0.002129 283,180,297,191,6,0.002093 248,177,260,192,6,0.001939 29,181,90,234,1,0.001771 296,181,310,191,6,0.001740 5,206,30,226,6,0.001649 36,191,74,228,6,0.001464 158,167,173,183,6,0.001319 0,193,14,243,6,0.001256 270,179,283,191,6,0.001150 346,180,356,191,2,0.001146 295,187,310,198,6,0.001082 304,186,346,200,6,0.001059 346,189,356,202,6,0.001007
/home/dysjin/data/CARLA.v20-carla_v20.coco/valid/Town05_005760_png.rf.a5aa9e8688171e7bfb57f36e4a648f69.jpg 310,186,331,203,6,0.192608 425,186,444,237,2,0.046891 269,181,282,193,6,0.010964 368,176,380,189,6,0.006746 359,179,368,191,6,0.006318 260,181,273,194,6,0.005591 0,156,7,236,2,0.004795 416,195,435,227,2,0.004284 336,167,345,181,3,0.003289 405,183,423,236,2,0.002700 348,180,357,192,6,0.002643 0,175,5,215,1,0.002531 435,179,453,242,2,0.002522 249,179,261,193,6,0.002519 0,169,7,245,2,0.002447 18,161,41,177,6,0.002347 332,181,342,193,6,0.002020 0,145,7,223,2,0.002009 0,159,6,186,6,0.001653 0,188,5,226,1,0.001632 347,187,359,200,6,0.001619 0,166,5,201,1,0.001527 407,192,446,229,6,0.001500 345,168,355,181,3,0.001418 358,168,369,182,3,0.001411 358,186,369,199,6,0.001373 298,188,312,201,6,0.001347 101,184,115,205,0,0.001340 379,175,393,190,6,0.001163 234,177,249,192,6,0.001127 281,180,293,192,6,0.001059 296,176,334,202,6,0.001019
/home/dysjin/data/CARLA.v20-carla_v20.coco/valid/075705_png.rf.9f5447b468e0280dc956a534954f8a5e.jpg 172,242,253,308,6,0.383291 309,243,349,274,6,0.328636 4,255,183,436,6,0.091968 236,241,266,281,6,0.084855 251,239,268,283,0,0.029314 4,213,82,480,6,0.017707 253,243,266,276,1,0.017409 210,247,247,295,6,0.007080 166,246,213,314,6,0.005739 147,249,185,335,1,0.003794 340,245,354,269,0,0.003027 33,301,126,380,4,0.002636 151,279,184,340,6,0.002554 346,239,356,259,2,0.002106 93,288,164,391,2,0.001772 163,240,292,347,6,0.001632 243,251,263,280,0,0.001440 61,253,168,320,6,0.001370 57,359,104,420,6,0.001276 2,262,77,480,6,0.001131
/home/dysjin/data/CARLA.v20-carla_v20.coco/valid/Town02_006840_png.rf.a4a970c10202604d1dd8c41fe9097525.jpg 582,179,639,219,6,0.155081 0,156,12,213,6,0.059023 561,175,581,198,6,0.041799 0,166,9,201,1,0.019691 0,173,12,243,6,0.008007 395,184,456,210,6,0.007556 481,183,543,209,6,0.006392 553,178,591,208,6,0.005769 0,174,10,210,1,0.005376 0,154,20,245,2,0.004282 111,192,171,216,6,0.004236 0,159,8,192,6,0.003701 623,176,639,235,6,0.002660 344,189,356,206,2,0.002526 0,186,12,255,6,0.002511 2,168,24,220,6,0.002455 559,174,572,196,3,0.001920 0,166,22,203,1,0.001668 0,165,20,272,2,0.001623 0,198,11,265,6,0.001260 236,191,247,204,6,0.001255 0,203,8,235,6,0.001220 557,183,571,204,0,0.001178 0,133,19,232,6,0.001176 593,186,626,208,6,0.001138 563,167,580,186,6,0.001047
/home/dysjin/data/CARLA.v20-carla_v20.coco/valid/Town02_002640_png.rf.ac6bee6a9e4c4b2a1e149670c97196c1.jpg 390,172,404,192,3,0.239798 299,183,366,249,6,0.135078 261,193,291,215,6,0.065708 297,191,328,250,6,0.009343 65,200,86,240,0,0.006660 392,182,405,199,2,0.005559 381,171,417,194,5,0.002926 25,194,83,223,6,0.002625 607,165,638,203,6,0.002297 305,187,324,210,6,0.002289 628,169,639,198,6,0.001368 292,191,315,250,0,0.001348 293,182,337,214,6,0.001346
/home/dysjin/data/CARLA.v20-carla_v20.coco/valid/007096_png.rf.a26873f70f1467f54f0fd09ea8c1731b.jpg 547,167,622,247,3,0.252917 540,143,628,261,5,0.010165 380,235,391,259,2,0.001659
/home/dysjin/data/CARLA.v20-carla_v20.coco/valid/041683_png.rf.abc13a183255cbb5f9aeca7d55d8b4c0.jpg 299,246,336,317,0,0.125354 301,246,333,316,1,0.017282 283,250,343,315,6,0.002809 285,218,341,340,0,0.001731
/home/dysjin/data/CARLA.v20-carla_v20.coco/valid/041699_png.rf.a4a6f7fb7672ac47b317ec4fe3e21c97.jpg 299,245,333,316,0,0.120070 302,238,333,314,1,0.028546 0,219,7,250,6,0.003981 14,233,102,456,6,0.002161 0,228,7,260,6,0.002060 293,249,337,302,6,0.001756 281,251,342,314,2,0.001703 4,198,72,480,6,0.001626 307,261,327,301,0,0.001292 283,215,338,342,0,0.001154
/home/dysjin/data/CARLA.v20-carla_v20.coco/valid/Town02_006480_png.rf.aec43468267a9993201d034f7031ee5c.jpg 349,175,359,189,3,0.047668 219,185,239,205,6,0.031810 196,182,238,204,6,0.018199 355,168,367,182,3,0.009458 348,185,358,200,2,0.006332 197,185,214,206,6,0.005176 356,187,367,201,6,0.004969 366,177,376,191,3,0.003910 256,185,274,200,6,0.002706 268,186,282,199,6,0.002562 202,176,225,198,6,0.002527 269,179,281,194,3,0.002024 213,183,265,204,6,0.001926 368,189,377,204,2,0.001757 366,165,377,180,3,0.001560 343,168,362,194,5,0.001502 244,186,263,200,6,0.001449 296,189,308,203,6,0.001357 238,182,286,202,6,0.001342 347,197,357,214,2,0.001309 368,152,379,167,3,0.001056 339,166,348,182,3,0.001041 283,189,295,202,6,0.001037
/home/dysjin/data/CARLA.v20-carla_v20.coco/valid/Town02_003060_png.rf.b28380c7e6ad26a4ccdfda39d4db7f85.jpg 562,185,637,230,6,0.110985 554,189,596,221,6,0.009220 621,174,640,241,6,0.004818 552,189,575,224,0,0.004055 369,187,426,213,6,0.002877 604,176,635,235,0,0.001843 610,193,634,221,6,0.001488 2,195,57,214,6,0.001207 558,130,636,275,1,0.001205 608,186,640,230,6,0.001106
/home/dysjin/data/CARLA.v20-carla_v20.coco/valid/Town01_009120_png.rf.b3886317404f3c307752dac4625c4b0e.jpg 308,189,335,212,6,0.056578 373,195,396,214,6,0.011970 323,189,347,204,6,0.004434 0,184,9,258,2,0.003855 2,158,27,255,2,0.003135 316,186,381,207,6,0.002091 0,195,8,267,0,0.001969 0,202,6,240,1,0.001914 0,209,61,235,6,0.001854 363,184,409,216,6,0.001770 0,214,6,250,1,0.001626 380,197,439,215,6,0.001215 57,197,73,243,2,0.001139 4,214,23,380,6,0.001120
/home/dysjin/data/CARLA.v20-carla_v20.coco/valid/051305_png.rf.af3e2dc55ae45fc793f7f25eb6fdf7b4.jpg 429,209,462,242,3,0.129456 431,212,463,238,4,0.010971 431,217,467,239,6,0.001487
/home/dysjin/data/CARLA.v20-carla_v20.coco/valid/007291_png.rf.b33e9d647d42777054dfb5f46d23bbad.jpg 383,220,402,239,3,0.113355 386,217,404,237,4,0.016201 374,219,408,240,5,0.006032 377,214,415,240,6,0.001320
/home/dysjin/data/CARLA.v20-carla_v20.coco/valid/Town05_005820_png.rf.abc3e70595852b4f2320e8b55c805a27.jpg 300,190,336,219,6,0.070881 360,178,370,191,3,0.009291 346,168,356,181,6,0.006200 356,169,367,182,3,0.004045 367,176,377,190,3,0.003925 347,178,356,190,6,0.003423 327,193,341,216,0,0.002792 334,178,344,193,6,0.002519 259,180,270,193,6,0.002441 336,167,346,181,3,0.002356 360,184,370,200,2,0.002116 271,180,284,192,6,0.001743 316,180,333,198,6,0.001663 368,185,378,201,2,0.001501 329,185,340,209,6,0.001482 627,95,640,174,2,0.001216 368,168,379,181,3,0.001174 487,231,502,287,2,0.001063 319,166,334,181,6,0.001052
/home/dysjin/data/CARLA.v20-carla_v20.coco/valid/Town05_006960_png.rf.9d31f2ffd8a1d723122d28555c0e3321.jpg 285,183,297,209,0,0.052101 619,178,637,378,6,0.006120 570,170,635,380,6,0.003099 291,185,304,202,6,0.002576 626,246,640,343,2,0.002412 266,186,313,204,0,0.001387 608,105,636,380,6,0.001229
/home/dysjin/data/CARLA.v20-carla_v20.coco/valid/Town02_009720_png.rf.b20474373a38fe973889a895d5aba03e.jpg 299,201,344,254,6,0.085760 267,191,279,208,6,0.018216 607,156,638,193,6,0.005815 44,0,91,28,6,0.003390 420,206,429,232,2,0.002931 295,203,317,258,1,0.002660 627,167,639,195,6,0.002453 198,198,215,218,6,0.002200 192,176,210,195,3,0.001497 265,189,281,220,0,0.001352
/home/dysjin/data/CARLA.v20-carla_v20.coco/valid/Town01_002220_png.rf.9b6e376c042a4b43cdf2a33f00250d62.jpg 206,184,452,380,6,0.174417 244,224,404,355,2,0.006544 284,189,297,205,6,0.003856 303,189,322,202,6,0.003414 630,208,640,237,6,0.002372 342,197,359,215,6,0.002138 333,190,347,205,6,0.001933 292,190,309,204,6,0.001713 0,195,8,222,6,0.001685 299,307,355,371,6,0.001328 284,188,338,205,6,0.001320 0,182,6,211,6,0.001146
/home/dysjin/data/CARLA.v20-carla_v20.coco/valid/Town01_003900_png.rf.b43a572a2d61a01bb389880cf86179de.jpg 207,187,458,380,6,0.142686 404,182,419,232,2,0.044234 329,193,351,205,6,0.010047 253,236,396,343,4,0.005101 614,174,640,280,6,0.003165 615,174,640,325,2,0.003028 0,193,8,224,6,0.002471 0,193,35,222,6,0.002157 0,157,9,239,6,0.002134 339,197,358,213,6,0.001793 350,237,400,342,6,0.001394 315,194,360,215,6,0.001376 628,269,640,344,2,0.001376 0,179,6,217,6,0.001189 303,312,352,367,6,0.001106
/home/dysjin/data/CARLA.v20-carla_v20.coco/valid/029067_png.rf.b686edaf28a0971571945f7b069613d5.jpg 540,224,584,343,2,0.248368 525,231,592,338,3,0.004535 200,242,216,258,6,0.003108 397,235,407,259,2,0.002472 0,210,7,285,2,0.002309 0,241,6,273,6,0.002047 344,214,358,230,3,0.001777 0,228,5,267,1,0.001633 4,254,23,441,6,0.001298 85,210,104,230,4,0.001239
/home/dysjin/data/CARLA.v20-carla_v20.coco/valid/Town02_004200_png.rf.b4d2f32e1287253b4f35bf521927be39.jpg 268,187,291,210,6,0.125367 371,189,382,205,6,0.008344 380,190,391,209,6,0.007647 344,180,353,193,3,0.005365 291,186,312,199,6,0.004680 303,187,320,198,6,0.004319 335,181,347,193,6,0.003433 371,178,380,195,2,0.002820 455,193,515,224,6,0.002727 273,183,322,201,6,0.002514 306,180,320,193,6,0.002128 0,195,8,220,6,0.001080 6,213,29,380,6,0.001030
/home/dysjin/data/CARLA.v20-carla_v20.coco/valid/Town02_002100_png.rf.b49da10e2c41ab65d4c132e46f15d3e3.jpg 299,199,335,285,1,0.131964 273,187,289,202,6,0.077701 0,186,13,213,6,0.037708 302,200,339,282,0,0.029313 303,196,339,277,6,0.025366 312,189,323,205,6,0.020996 301,209,333,285,2,0.007390 4,189,22,208,6,0.005699 279,179,291,196,6,0.004750 345,165,357,180,3,0.004577 355,164,368,179,3,0.004042 62,168,120,200,6,0.003280 334,165,344,181,3,0.003183 321,181,329,194,6,0.002963 0,154,11,220,6,0.002676 335,179,343,191,6,0.002630 312,181,322,193,6,0.002306 357,178,368,191,6,0.002297 346,178,356,190,3,0.002129 297,189,309,203,6,0.001803 144,190,162,208,6,0.001800 0,170,8,202,6,0.001553 2,170,28,238,6,0.001377 0,189,23,220,0,0.001297 259,189,278,202,6,0.001290 60,188,74,206,6,0.001278 0,185,58,207,6,0.001208 370,189,379,204,2,0.001104 2,132,28,233,6,0.001081 5,211,26,380,6,0.001063 334,189,344,201,6,0.001010
/home/dysjin/data/CARLA.v20-carla_v20.coco/valid/003752_png.rf.bb0716bc5b93fa8b10f41577e20a2f35.jpg 396,216,424,242,3,0.117349 396,217,425,241,5,0.039748 394,215,424,240,4,0.017390 307,237,328,253,6,0.010844 346,226,361,242,3,0.002002 230,276,401,379,6,0.001901
/home/dysjin/data/CARLA.v20-carla_v20.coco/valid/138327_png.rf.b4aecc174d58e25a6e680c2468864172.jpg 14,232,44,304,2,0.179926 0,232,17,313,2,0.008014 2,232,36,350,2,0.005576 0,208,51,334,2,0.001997 9,240,49,296,6,0.001788 2,242,62,297,0,0.001238 236,237,249,253,6,0.001054 0,239,50,301,1,0.001054 284,250,299,267,6,0.001036
/home/dysjin/data/CARLA.v20-carla_v20.coco/valid/Town05_009600_png.rf.b886b3525f44da0ae66796230d91b958.jpg 103,191,220,233,6,0.162123 375,186,416,209,6,0.102502 465,188,499,214,6,0.079041 583,182,637,205,6,0.067422 100,201,156,232,6,0.028448 529,183,545,200,6,0.022320 155,193,219,224,6,0.013646 401,186,418,205,6,0.008593 572,185,599,202,6,0.005323 439,186,461,201,6,0.005180 629,181,640,209,6,0.002804 606,181,640,210,6,0.001824 537,179,552,196,6,0.001661 551,184,572,199,6,0.001590 561,185,586,201,6,0.001579 415,186,432,200,6,0.001532 5,213,26,369,6,0.001501 419,186,508,211,6,0.001340 558,173,609,203,6,0.001210 426,186,448,198,6,0.001033
/home/dysjin/data/CARLA.v20-carla_v20.coco/valid/Town01_002340_png.rf.b8976b6d8f366e29aeb47fb3b3146b33.jpg 206,184,451,380,6,0.174726 279,190,295,207,6,0.016122 244,224,404,355,2,0.006538 629,208,640,237,6,0.002676 305,189,321,202,6,0.002365 333,190,347,205,6,0.002245 256,187,273,200,6,0.002197 342,197,358,215,6,0.001925 0,195,8,222,6,0.001581 323,178,333,192,6,0.001398 292,191,308,205,6,0.001346 299,307,355,371,6,0.001314 333,178,343,193,6,0.001243 626,202,640,264,6,0.001150 255,188,296,205,6,0.001111 332,197,351,212,6,0.001025
/home/dysjin/data/CARLA.v20-carla_v20.coco/valid/Town05_009780_png.rf.c3069a0d7ec82f2e1960c0497cec36fe.jpg 285,195,349,255,6,0.175031 436,205,468,237,6,0.105436 375,186,398,199,6,0.033008 372,185,384,201,0,0.012189 388,186,406,202,6,0.001859 4,200,20,380,6,0.001606 2,193,18,352,6,0.001496 317,188,335,203,6,0.001350 372,180,382,197,2,0.001244 0,193,6,222,6,0.001001
/home/dysjin/data/CARLA.v20-carla_v20.coco/valid/Town05_002700_png.rf.b9dfa75f628efa31633800bb9dfee796.jpg 366,180,387,196,6,0.100587 345,180,359,196,6,0.037573 393,179,407,194,6,0.033219 375,183,394,198,6,0.026593 355,181,373,196,6,0.021589 405,179,416,193,6,0.019041 420,178,430,193,6,0.017521 0,169,12,228,6,0.012097 1,192,12,220,6,0.011145 420,167,429,182,3,0.005538 339,177,389,196,6,0.005469 4,194,23,213,6,0.003304 408,169,417,182,3,0.002661 395,170,406,183,6,0.002443 336,179,349,194,6,0.002377 376,176,418,194,6,0.002151 212,178,224,195,6,0.001959 219,179,231,195,6,0.001742 430,179,439,194,2,0.001624 430,166,438,180,2,0.001532 468,0,544,190,6,0.001374 0,190,165,290,6,0.001362 0,134,21,231,6,0.001299 381,169,395,183,6,0.001099 568,0,630,255,6,0.001083
/home/dysjin/data/CARLA.v20-carla_v20.coco/valid/005173_png.rf.c24ac196d86260d3a384e12093bfa5ef.jpg 475,190,528,246,3,0.086214 467,163,536,281,5,0.003021
/home/dysjin/data/CARLA.v20-carla_v20.coco/valid/Town01_005820_png.rf.c9053a957ff7561268673aaec9e095f0.jpg 297,194,346,308,1,0.190747 412,196,435,220,6,0.023006 285,198,358,309,6,0.008033 181,200,200,220,6,0.005773 310,189,325,205,6,0.003276 625,121,640,175,6,0.002712 0,182,8,257,6,0.002601 342,177,358,191,3,0.002569 356,162,370,179,3,0.002019 193,199,209,216,6,0.001497 399,183,426,218,6,0.001299 59,189,77,232,2,0.001197 0,165,9,256,6,0.001125 171,200,189,221,6,0.001011
/home/dysjin/data/CARLA.v20-carla_v20.coco/valid/Town01_011580_png.rf.c8aa9ea674a7d69974d55bf63b55ddbf.jpg 263,189,291,209,6,0.149353 586,190,638,219,6,0.086242 53,192,80,233,6,0.036182 587,168,633,204,6,0.019379 555,184,570,212,6,0.011109 624,184,640,232,6,0.007635 317,182,334,195,6,0.005019 469,204,522,238,6,0.004634 572,188,598,225,6,0.003779 574,0,628,304,6,0.003452 559,194,578,219,6,0.003432 0,181,7,261,0,0.003418 609,192,640,223,6,0.002751 58,202,79,231,2,0.002704 309,185,326,198,6,0.002434 587,175,607,197,6,0.002250 610,195,635,216,6,0.001975 540,183,579,214,6,0.001972 419,196,439,212,6,0.001936 0,200,5,242,1,0.001868 407,185,461,210,6,0.001670 0,190,7,272,0,0.001458 631,171,640,201,6,0.001137 171,189,187,212,2,0.001126
/home/dysjin/data/CARLA.v20-carla_v20.coco/valid/Town01_007440_png.rf.bed11eeb1dde416bf8789b24a8a5c0f8.jpg 570,171,639,228,6,0.180693 263,193,274,215,6,0.067260 527,180,552,217,6,0.052221 562,171,588,226,6,0.016697 532,176,585,219,6,0.011142 260,189,275,219,0,0.007077 181,209,202,223,6,0.004935 621,176,640,237,6,0.004862 531,189,549,219,0,0.003700 561,142,640,260,1,0.003673 365,183,410,211,6,0.002639 297,187,310,198,6,0.002145 282,191,295,201,6,0.001862 246,194,287,213,0,0.001581 145,214,164,231,6,0.001559 567,173,592,225,2,0.001277 196,204,212,220,6,0.001218 609,185,640,227,6,0.001175 171,211,190,225,6,0.001006
/home/dysjin/data/CARLA.v20-carla_v20.coco/valid/Town05_011760_png.rf.c548e0a947d80bc036151e4db99afcfa.jpg 24,205,201,346,6,0.237950 311,184,323,198,6,0.037523 182,208,378,307,6,0.023900 319,182,329,194,6,0.015418 67,220,187,359,3,0.004654 186,188,215,270,0,0.004505 260,178,273,192,6,0.004204 13,199,122,380,6,0.004156 331,182,343,193,6,0.003371 5,185,24,360,6,0.002848 169,194,207,274,1,0.002686 4,175,23,321,6,0.002523 329,187,342,198,6,0.002318 268,180,282,192,6,0.002280 284,181,297,192,6,0.002192 298,182,311,193,6,0.002135 346,179,356,191,6,0.001852 357,166,368,178,3,0.001733 628,223,639,320,2,0.001626 35,173,137,366,3,0.001607 349,168,359,181,3,0.001515 157,139,411,373,6,0.001461
/home/dysjin/data/CARLA.v20-carla_v20.coco/valid/075708_png.rf.c1818fa586a2b613b2806f928a933d9d.jpg 172,242,252,307,6,0.361624 309,242,348,273,6,0.325870 4,255,180,433,6,0.110014 237,242,267,280,6,0.085412 5,217,81,480,6,0.027539 251,238,268,282,0,0.027437 214,243,264,289,6,0.026777 253,243,267,275,1,0.016548 165,246,213,313,6,0.008217 151,279,185,338,6,0.004134 148,250,185,335,1,0.004041 345,238,357,259,2,0.003767 340,244,354,269,0,0.003160 307,243,327,271,0,0.003082 30,298,128,382,4,0.002924 354,238,365,253,6,0.001864 58,253,167,321,6,0.001841 161,239,291,345,6,0.001624 95,289,162,390,2,0.001614 0,266,77,480,6,0.001328 242,251,264,281,0,0.001199 183,250,223,295,6,0.001158 58,359,104,420,6,0.001081
/home/dysjin/data/CARLA.v20-carla_v20.coco/valid/Town05_009900_png.rf.c90bd5781f975f44de47fd794a1f9ac6.jpg 353,193,429,252,6,0.216039 413,186,434,257,2,0.018908 329,185,347,200,6,0.007384 414,184,434,237,0,0.005245 406,180,419,192,6,0.003586 418,189,431,207,6,0.003162 0,190,6,227,6,0.002668 380,181,397,192,6,0.002539 0,174,8,242,2,0.002523 395,181,409,192,6,0.002249 322,187,335,201,6,0.001967 339,184,355,201,6,0.001731 406,185,421,204,6,0.001565 444,181,456,193,6,0.001488 360,184,416,209,6,0.001459 317,183,358,204,6,0.001194 5,213,26,370,6,0.001086 0,181,6,217,6,0.001084 571,0,633,268,6,0.001079 392,187,410,203,6,0.001068 377,188,397,201,6,0.001008
/home/dysjin/data/CARLA.v20-carla_v20.coco/valid/Town05_009660_png.rf.cc2e0d6a11c64dbe092a6e9321c6a170.jpg 258,208,407,332,6,0.205791 411,188,467,211,6,0.147582 344,186,357,204,6,0.026109 224,151,446,366,6,0.016482 380,178,392,195,6,0.014127 613,183,635,202,6,0.013191 626,181,638,208,6,0.010462 372,178,383,193,6,0.006429 415,189,438,208,6,0.006151 210,185,227,199,6,0.005664 358,179,369,193,6,0.004637 355,187,367,201,6,0.003333 390,176,404,192,6,0.003024 277,246,375,335,4,0.002655 612,180,640,210,6,0.002382 271,193,382,290,2,0.001973 340,180,359,210,0,0.001968 389,186,406,200,6,0.001674 337,186,349,202,6,0.001270
/home/dysjin/data/CARLA.v20-carla_v20.coco/valid/003769_png.rf.c5c0c17fa97551316c57744e9608f796.jpg 495,191,550,245,3,0.090888 309,239,325,256,6,0.028528 355,226,370,243,3,0.027879 497,186,547,242,6,0.019796 484,162,558,281,3,0.003369 17,224,96,480,6,0.001720 493,186,539,242,4,0.001546 351,223,372,248,5,0.001429 489,139,554,277,5,0.001279
/home/dysjin/data/CARLA.v20-carla_v20.coco/valid/121197_png.rf.c99e70822c663f40252f74e6b2ad5094.jpg 261,266,401,385,6,0.275027 310,241,324,256,6,0.022742 228,194,442,423,6,0.008570 274,293,378,388,4,0.002734 395,237,406,255,0,0.001654 497,239,521,278,6,0.001334 288,251,368,333,2,0.001222 617,0,637,131,6,0.001107 445,243,456,267,2,0.001093 293,239,334,257,6,0.001042
/home/dysjin/data/CARLA.v20-carla_v20.coco/valid/004966_png.rf.c9d8d72d0920460b612251c5fddc5770.jpg 429,202,465,244,3,0.206910 431,210,467,233,4,0.005140
/home/dysjin/data/CARLA.v20-carla_v20.coco/valid/Town01_006240_png.rf.cc5628eb556a5a5bd1824a8d19313b41.jpg 311,190,325,207,6,0.112499 587,199,639,237,6,0.026941 0,186,8,255,2,0.017859 298,187,312,200,6,0.017058 363,176,383,188,6,0.015857 308,183,321,195,6,0.010548 313,187,329,222,0,0.010473 623,186,640,257,6,0.008866 0,201,7,240,1,0.006293 0,168,9,255,2,0.004252 2,164,25,251,2,0.003143 82,189,100,234,2,0.002929 630,157,640,185,6,0.002776 0,195,7,265,6,0.002250 353,174,396,192,6,0.001988 626,150,640,219,6,0.001804 316,181,327,194,6,0.001703 0,213,5,248,1,0.001684 278,185,328,202,6,0.001600 0,188,6,231,1,0.001558 303,189,343,211,0,0.001481 3,182,28,236,6,0.001039
/home/dysjin/data/CARLA.v20-carla_v20.coco/valid/001638_png.rf.c98e4c5bc2a68de358073a26469c81b2.jpg 420,209,456,243,3,0.127920 43,235,89,259,6,0.008160 422,212,456,239,4,0.007740 153,225,174,243,3,0.007690 425,216,455,240,5,0.003382 625,194,640,273,6,0.001993
/home/dysjin/data/CARLA.v20-carla_v20.coco/valid/051274_png.rf.d5f64278c64b556983082379a316485f.jpg 562,168,634,248,3,0.252304 359,226,374,242,3,0.086973 354,223,376,247,5,0.003144 360,232,373,250,2,0.002176 363,225,378,243,4,0.002170 560,153,633,278,5,0.001207
/home/dysjin/data/CARLA.v20-carla_v20.coco/valid/Town01_001440_png.rf.e4b4351effd31d5b433710cffb8243e4.jpg 384,174,401,192,3,0.192642 378,171,404,194,5,0.012894 343,178,355,193,6,0.007269 371,174,408,193,6,0.006934 382,171,407,195,4,0.005240 336,179,347,193,6,0.003435 383,182,400,199,2,0.002524 2,163,28,250,6,0.001852 4,201,30,243,6,0.001677 373,179,386,194,6,0.001515 343,167,355,182,3,0.001317 11,220,30,241,6,0.001174 295,179,308,191,6,0.001121 272,188,283,202,6,0.001091
/home/dysjin/data/CARLA.v20-carla_v20.coco/valid/019121_png.rf.deb86464dd224ac85f75272f851fc0a8.jpg 505,237,563,258,6,0.158532 539,236,576,256,6,0.078968 502,240,527,260,6,0.004646 398,248,409,273,2,0.004505 196,236,206,262,2,0.003901 372,213,386,230,3,0.002120 13,232,101,480,6,0.001574 400,235,414,286,2,0.001424 370,237,380,255,1,0.001365 197,245,208,266,2,0.001217 44,233,59,290,2,0.001095
/home/dysjin/data/CARLA.v20-carla_v20.coco/valid/041811_png.rf.e8d4c17844854d24f9b2bec66a8a8889.jpg 46,222,63,242,3,0.248748 0,243,12,295,0,0.108181 2,229,28,265,6,0.062136 0,234,13,286,6,0.040124 0,244,12,274,0,0.016871 1,235,14,259,6,0.009365 2,219,26,293,2,0.008436 0,244,8,314,0,0.006866 4,233,54,261,6,0.005685 0,253,27,285,0,0.005652 1,243,25,289,6,0.003613 0,259,6,298,1,0.003443 47,231,63,251,6,0.003283 17,238,36,256,6,0.003166 0,212,15,263,6,0.002818 51,226,74,242,6,0.002673 37,247,55,264,6,0.002600 37,219,58,247,6,0.002570 0,223,11,249,6,0.002566 17,247,37,264,6,0.002207 2,185,28,282,6,0.002076 626,231,640,287,6,0.001968 3,232,22,413,6,0.001964 45,245,60,264,0,0.001642 5,248,24,442,6,0.001579 1,226,20,365,6,0.001426 20,226,38,247,6,0.001202 632,234,640,264,6,0.001142 6,271,24,465,6,0.001084 597,244,640,272,6,0.001057 41,218,54,235,6,0.001024
/home/dysjin/data/CARLA.v20-carla_v20.coco/valid/041657_png.rf.e06a4a0ae870ee5d8dbe97fc65b5b666.jpg 300,243,335,314,0,0.101985 301,241,334,310,1,0.029967 462,234,479,284,2,0.004078 295,248,336,301,6,0.003800 438,223,455,275,2,0.003548 148,220,204,247,6,0.001356 283,249,344,311,2,0.001350 287,212,340,344,0,0.001137 370,52,436,251,6,0.001061 430,223,445,272,2,0.001043 0,243,6,275,6,0.001011
/home/dysjin/data/CARLA.v20-carla_v20.coco/valid/001519_png.rf.e42bb854e84b40164ed2795569b2eb6f.jpg 571,220,589,245,3,0.121833 223,241,237,255,6,0.014344 604,228,633,260,6,0.010826 168,247,187,262,6,0.008966 566,207,586,245,6,0.004171 559,218,592,247,4,0.003441 179,248,199,261,6,0.002923 626,201,639,270,6,0.002815 630,228,638,262,6,0.002324 572,200,640,246,6,0.001986 98,251,114,269,6,0.001760 573,52,629,338,6,0.001617 616,64,639,247,6,0.001316 496,255,524,337,1,0.001269 306,239,322,251,6,0.001151 0,245,6,272,6,0.001073 109,249,122,271,2,0.001060 164,247,213,264,6,0.001044
/home/dysjin/data/CARLA.v20-carla_v20.coco/valid/Town02_005280_png.rf.ec981f5d8aec80a53ec1f9961c2321af.jpg 52,195,131,221,6,0.154407 156,200,209,262,6,0.144193 0,186,15,230,6,0.019889 51,198,81,221,6,0.012401 41,196,68,223,6,0.008452 96,196,131,221,6,0.006607 0,184,10,215,6,0.005242 143,169,217,289,1,0.004843 0,184,58,212,6,0.003562 62,198,95,217,6,0.002465 116,196,134,218,6,0.002284 627,115,640,180,6,0.001671 4,195,24,216,6,0.001637 0,189,11,244,6,0.001492 11,199,72,219,6,0.001344 4,208,24,380,6,0.001228 628,200,640,269,6,0.001227 184,193,213,256,6,0.001028
/home/dysjin/data/CARLA.v20-carla_v20.coco/valid/001509_png.rf.ed3baed466e7f65c1a01fb57bf942b65.jpg 571,220,590,245,3,0.109790 605,228,633,261,6,0.012306 168,247,187,262,6,0.009553 223,240,237,255,6,0.006656 559,219,592,248,4,0.004399 566,207,586,245,6,0.003661 626,216,639,274,6,0.003136 179,248,199,262,6,0.003104 567,231,585,251,3,0.002839 573,54,629,335,6,0.001910 98,251,114,269,6,0.001809 572,200,640,247,6,0.001771 306,240,321,251,6,0.001635 230,240,243,254,6,0.001549 616,64,639,248,6,0.001417 562,227,586,256,6,0.001280
/home/dysjin/data/CARLA.v20-carla_v20.coco/valid/033890_png.rf.e368755037cdc345b45b625d64db27a1.jpg 257,250,422,367,6,0.262968 594,237,630,329,2,0.226368 403,246,417,263,6,0.020757 0,238,10,307,6,0.010784 624,230,639,336,2,0.009101 133,236,143,263,2,0.007252 373,210,385,230,3,0.004939 386,271,417,367,1,0.004406 585,233,612,313,2,0.004268 127,235,140,261,2,0.003148 258,245,394,338,4,0.002916 0,245,8,317,6,0.002646 81,242,102,284,2,0.002486 576,240,598,303,2,0.002417 579,242,639,326,0,0.002361 227,201,472,406,6,0.002137 372,221,383,240,2,0.001776 400,242,419,268,2,0.001710 259,237,273,254,6,0.001622 0,242,6,279,6,0.001422 90,244,112,281,2,0.001394 0,221,8,303,0,0.001320
/home/dysjin/data/CARLA.v20-carla_v20.coco/valid/075724_png.rf.e0c3e9a2b7f318c71e76ccdcb0dda6a1.jpg 295,243,332,271,6,0.258234 0,222,69,477,6,0.127083 194,242,243,285,6,0.098885 65,243,213,347,6,0.090132 131,249,230,311,6,0.013806 0,271,74,480,6,0.012964 223,239,247,286,6,0.012024 6,250,36,348,6,0.006210 0,206,61,415,6,0.005016 216,252,239,282,6,0.003608 0,282,70,372,6,0.003086 292,240,314,263,6,0.002876 38,198,241,480,6,0.002874 283,238,298,258,6,0.002642 11,293,63,453,6,0.002583 0,306,72,397,2,0.001988 0,271,61,336,6,0.001949 92,259,169,325,4,0.001667 312,241,333,261,6,0.001465 202,255,232,278,6,0.001355 273,239,289,253,6,0.001345 226,252,244,282,0,0.001103 0,273,37,313,6,0.001004
/home/dysjin/data/CARLA.v20-carla_v20.coco/valid/112477_png.rf.ecf5d82849f8b68362ce65c8d2645a1c.jpg 335,235,362,300,2,0.176701 587,233,631,254,6,0.007024 334,236,363,299,0,0.005358 329,244,370,291,6,0.002019 83,235,98,284,2,0.001435 5,257,23,440,6,0.001081
/home/dysjin/data/CARLA.v20-carla_v20.coco/valid/Town02_001980_png.rf.ee7206fcf98c96c61f2900b25e79ce20.jpg 296,195,338,311,1,0.216892 0,189,62,222,6,0.108924 158,187,178,221,0,0.046180 41,182,70,219,6,0.023876 54,181,73,218,0,0.010437 165,193,182,216,6,0.008908 336,177,345,191,2,0.007818 344,165,356,182,3,0.007746 335,165,345,181,3,0.005709 344,175,355,191,2,0.004424 1,181,15,233,6,0.003805 4,179,38,234,6,0.003715 280,199,349,308,6,0.002901 354,163,366,179,3,0.002749 0,171,12,228,6,0.002681 75,169,128,200,6,0.002660 196,186,212,202,6,0.002422 283,177,297,191,6,0.001903 62,184,123,205,6,0.001606 175,183,230,204,6,0.001536 155,185,196,216,6,0.001523 0,195,32,218,6,0.001483 336,186,345,200,6,0.001444 14,195,45,215,6,0.001337 355,176,367,191,6,0.001324 205,186,224,200,6,0.001269 310,188,323,202,6,0.001235 136,192,178,218,6,0.001232 309,180,322,191,6,0.001229 283,165,296,180,3,0.001154 406,175,415,196,2,0.001119
/home/dysjin/data/CARLA.v20-carla_v20.coco/valid/026829_png.rf.e6f26e62f316568466a95ba7fd18d850.jpg 371,220,393,241,3,0.165740 0,221,11,297,2,0.017316 626,253,640,314,6,0.007112 0,208,9,290,2,0.004682 374,218,391,237,4,0.004163 369,220,400,241,5,0.003780 0,237,9,277,1,0.003685 3,228,25,288,6,0.003073 1,211,21,295,2,0.002965 0,248,8,288,1,0.002755 0,227,7,268,1,0.002018 633,278,640,310,6,0.001977 4,205,69,480,6,0.001685 1,215,21,325,2,0.001599 1,175,21,287,6,0.001346 7,268,28,480,6,0.001148 91,237,111,277,2,0.001073
/home/dysjin/data/CARLA.v20-carla_v20.coco/valid/007076_png.rf.d635d979c35f5dd6da756ef9889aef0b.jpg 394,215,421,242,3,0.104216 393,217,418,241,5,0.017165 395,214,421,241,4,0.016420 391,218,420,240,1,0.003733 191,224,209,244,4,0.001150
/home/dysjin/data/CARLA.v20-carla_v20.coco/valid/112475_png.rf.df928fa484eb08e1454caacc1e194352.jpg 329,238,355,299,2,0.115664 587,233,632,255,6,0.004805 327,235,356,298,1,0.003862 331,239,361,297,0,0.002419 83,235,98,283,2,0.001012
/home/dysjin/data/CARLA.v20-carla_v20.coco/valid/Town02_006960_png.rf.eedfb90c1deb0d66a31341acd2e08f4f.jpg 147,162,169,182,3,0.184354 0,175,33,211,6,0.127986 581,185,639,233,6,0.071068 148,160,173,186,4,0.008194 144,160,179,185,6,0.005639 0,161,17,214,6,0.003113 0,183,19,204,6,0.002963 575,138,640,269,1,0.002733 578,159,640,279,6,0.001617 11,170,41,203,6,0.001466 202,171,253,193,6,0.001369 583,211,633,247,6,0.001258 150,168,166,188,6,0.001219 138,163,155,182,6,0.001039
/home/dysjin/data/CARLA.v20-carla_v20.coco/valid/Town05_010860_png.rf.f31c0584fff1474ad2b0f4132e874f7d.jpg 311,188,331,250,1,0.133314 0,183,57,215,6,0.101186 307,187,330,240,6,0.034439 302,185,334,250,0,0.021314 0,195,12,219,6,0.013820 13,196,47,212,6,0.006245 358,180,370,193,6,0.006132 313,192,329,231,0,0.006006 0,169,12,226,6,0.004524 3,196,30,213,6,0.004198 309,200,328,237,2,0.003989 5,147,39,224,6,0.002722 315,189,328,213,6,0.002315 0,202,9,231,6,0.002186 368,180,380,193,6,0.001275 347,180,358,193,6,0.001270 5,207,26,378,6,0.001203 284,186,298,200,6,0.001117 345,196,356,215,6,0.001044
/home/dysjin/data/CARLA.v20-carla_v20.coco/valid/Town05_004800_png.rf.ee7c080c8716cb366969ca625bb6d68b.jpg 240,184,269,204,6,0.119583 350,184,367,202,6,0.074783 393,178,405,194,6,0.016950 215,187,240,204,6,0.012308 384,178,397,192,6,0.005702 403,177,417,192,6,0.003184 625,156,639,213,6,0.002693 367,180,380,194,6,0.002264 414,175,436,189,6,0.002112 211,176,268,203,6,0.002082 400,172,447,194,6,0.002031 337,182,370,202,0,0.001883 186,186,200,203,6,0.001238 342,178,380,200,6,0.001190 0,184,7,211,6,0.001052
/home/dysjin/data/CARLA.v20-carla_v20.coco/valid/Town05_009840_png.rf.f5040ce45ecca2822cb3b1b4ea8a6f61.jpg 298,195,363,254,6,0.297595 352,192,371,249,0,0.003969 288,171,368,282,1,0.003279 291,208,314,258,6,0.002377 291,194,311,255,0,0.001729 356,196,369,225,6,0.001605 356,200,370,238,1,0.001023
/home/dysjin/data/CARLA.v20-carla_v20.coco/valid/041861_png.rf.f5f3812ca6c536c5c25bea3d596be111.jpg 101,244,232,305,6,0.147071 302,242,324,292,0,0.134647 400,210,432,243,3,0.066612 398,209,432,244,6,0.039939 91,200,260,322,6,0.023547 406,212,433,239,4,0.010458 212,230,240,288,6,0.006713 293,242,319,292,6,0.006307 299,235,328,289,1,0.004369 192,228,239,266,6,0.003997 357,221,367,242,2,0.003624 356,214,368,233,4,0.002671 105,261,244,389,6,0.002556 567,127,630,473,6,0.002257 16,204,93,480,6,0.002164 215,233,236,259,6,0.001911 96,278,135,309,6,0.001741 175,246,233,291,6,0.001692 213,241,238,294,0,0.001653 357,236,367,256,2,0.001606 85,193,268,480,6,0.001315 308,236,332,286,6,0.001275 404,204,460,240,6,0.001084 305,238,321,265,6,0.001076
/home/dysjin/data/CARLA.v20-carla_v20.coco/valid/Town02_003120_png.rf.f36fecf8d2ee4965c1f3bddaaaad5f33.jpg 411,189,490,221,6,0.110352 610,178,640,217,6,0.071645 399,194,448,221,6,0.017294 622,189,640,251,6,0.007576 552,187,613,212,6,0.006184 369,195,431,217,6,0.005027 1,195,58,214,6,0.001488 0,194,7,219,6,0.001356 597,182,626,212,6,0.001283 49,194,108,215,6,0.001260 551,64,592,153,6,0.001114 572,183,640,226,6,0.001092 612,200,640,240,6,0.001075
/home/dysjin/data/CARLA.v20-carla_v20.coco/valid/003755_png.rf.f6343810071c5f5401b5697ef363285d.jpg 405,214,435,242,3,0.084940 405,216,438,240,5,0.014960 405,214,436,240,4,0.012977 308,238,326,254,6,0.008959 400,212,433,241,1,0.005776 347,226,361,243,3,0.003867 2,180,23,327,2,0.001171
/home/dysjin/data/CARLA.v20-carla_v20.coco/valid/Town01_003300_png.rf.fae28071a74fa02928094ff14cdbb3aa.jpg 275,199,358,272,6,0.333470 500,178,551,209,6,0.052249 277,195,298,217,6,0.010584 385,195,395,220,2,0.003752 192,195,214,212,6,0.003121 160,188,220,212,6,0.002670 80,181,99,216,2,0.002617 381,194,396,245,2,0.002380 385,202,395,235,1,0.002219 179,196,207,210,6,0.001484 332,190,345,205,6,0.001451 5,210,26,380,6,0.001336 394,188,408,208,6,0.001057
/home/dysjin/data/CARLA.v20-carla_v20.coco/valid/138255_png.rf.fbf65e3e930393318a8312fdaefcae24.jpg 54,232,80,294,2,0.164223 0,231,8,312,0,0.002903 53,248,76,307,2,0.002011 55,239,96,283,6,0.001679 626,250,639,342,2,0.001626 0,252,5,292,1,0.001221 5,278,27,456,6,0.001105 0,243,8,319,6,0.001026
/home/dysjin/data/CARLA.v20-carla_v20.coco/valid/005373_png.rf.f68e0e113c5193c933cbee38c6a6bc2d.jpg 158,235,170,266,2,0.108049 146,233,161,269,2,0.081199 139,241,153,269,2,0.038321 0,230,12,294,2,0.026560 2,251,12,287,1,0.011550 134,238,170,265,0,0.003893 6,229,20,293,2,0.002965 347,239,360,253,6,0.002666 169,236,178,262,2,0.002361 380,245,402,263,6,0.002332 381,236,439,260,6,0.002327 0,200,8,300,2,0.001993 160,228,170,251,2,0.001570 166,232,180,276,2,0.001481 7,253,19,283,2,0.001327 1,263,7,295,1,0.001232 308,239,322,256,6,0.001092
/home/dysjin/data/CARLA.v20-carla_v20.coco/valid/001630_png.rf.ff5ced110f03f998a7a6998ddf647fd2.jpg 406,212,436,240,3,0.116125 406,213,437,239,4,0.033504 402,210,433,240,1,0.004942 167,224,185,243,3,0.004097 53,233,105,257,6,0.002373 626,185,640,259,6,0.002090 603,154,636,249,6,0.001336 406,217,429,239,5,0.001310 195,183,213,207,3,0.001270
/home/dysjin/data/CARLA.v20-carla_v20.coco/valid/006662_png.rf.fa42143249c7b6a780238796639341d3.jpg 461,233,498,314,2,0.227806 447,241,510,311,0,0.005807 444,211,509,334,2,0.003181 580,93,632,446,2,0.002245 460,245,505,301,6,0.001069
/home/dysjin/data/CARLA.v20-carla_v20.coco/valid/Town05_004860_png.rf.f5c138159cbce172c63fa9a736f9c655.jpg 241,184,269,205,6,0.116149 350,183,367,202,6,0.072080 225,184,258,203,6,0.019501 215,186,241,204,6,0.011559 393,177,406,193,6,0.006923 382,177,396,191,6,0.004602 367,180,380,194,6,0.002515 414,175,436,189,6,0.002448 625,156,639,212,6,0.002402 401,171,446,194,6,0.002297 403,176,418,191,6,0.002230 337,182,371,202,0,0.001995 342,178,379,200,6,0.001389 426,165,446,179,6,0.001322 185,186,200,203,6,0.001088
/home/dysjin/data/CARLA.v20-carla_v20.coco/valid/Town01_008460_png.rf.03f3160d63f090b29499596ec3c8c4b5.jpg 29,194,141,252,6,0.301991 577,190,639,220,6,0.098074 538,195,582,224,6,0.094839 2,191,31,258,6,0.015054 1,199,92,251,6,0.006692 624,172,640,222,6,0.006621 85,201,146,242,6,0.005593 250,185,298,206,6,0.004462 0,199,14,269,6,0.004362 432,195,486,215,6,0.003203 629,172,639,199,6,0.002838 539,193,630,238,6,0.002534 611,181,640,214,6,0.002194 1,190,28,291,6,0.002167 592,189,624,205,6,0.002014 29,166,136,283,1,0.001985 542,205,561,225,6,0.001626 548,186,619,214,6,0.001523 612,185,634,208,6,0.001473 584,195,611,214,6,0.001442 52,187,118,254,1,0.001421 1,142,176,276,6,0.001298 569,192,597,223,6,0.001149 536,180,561,222,6,0.001101 0,180,12,266,6,0.001040 573,182,628,229,1,0.001002
/home/dysjin/data/CARLA.v20-carla_v20.coco/valid/005508_png.rf.0ab3da1b4970047c9b42e5bbe5d4e6f1.jpg 30,232,56,292,2,0.169770 86,239,124,311,2,0.122893 482,243,534,280,6,0.010723 74,244,136,310,6,0.009487 91,231,119,296,6,0.003967 5,241,74,480,6,0.003798 0,251,46,284,6,0.003486 4,225,40,293,2,0.003267 24,240,61,283,6,0.002885 39,221,63,283,2,0.002563 71,210,135,341,2,0.001994 36,235,73,300,2,0.001241 96,252,116,289,2,0.001105
/home/dysjin/data/CARLA.v20-carla_v20.coco/valid/Town01_006180_png.rf.089d25ecaf49fe28c7f3bf0c3614732b.jpg 312,188,324,213,6,0.091174 309,187,325,220,0,0.018732 362,174,385,187,6,0.014929 355,176,369,188,6,0.013042 357,170,413,191,6,0.009526 391,173,414,190,6,0.009502 0,203,12,262,6,0.008467 350,178,359,189,6,0.003760 377,173,399,188,6,0.003533 310,182,322,195,6,0.002848 357,169,370,184,3,0.001981 297,192,337,214,0,0.001569 0,205,7,242,6,0.001505 317,181,326,195,3,0.001487 72,214,88,232,6,0.001337
/home/dysjin/data/CARLA.v20-carla_v20.coco/valid/Town02_008340_png.rf.044a76656e2e2fe428cd425926d9acbe.jpg 549,190,615,221,6,0.174868 158,196,240,245,6,0.122731 278,186,295,198,6,0.041470 246,186,256,205,6,0.031097 271,182,287,196,6,0.017269 549,188,574,224,6,0.008565 255,186,274,198,6,0.007919 290,187,308,197,6,0.004392 238,187,250,210,6,0.003664 626,167,640,227,6,0.002911 211,200,241,239,6,0.002812 242,180,258,212,0,0.002749 555,195,586,215,6,0.002593 307,181,319,193,6,0.002587 230,185,248,233,2,0.002425 406,181,426,217,2,0.002355 163,192,220,249,1,0.002247 243,183,288,201,6,0.002056 150,213,210,244,6,0.001739 235,192,247,224,0,0.001728 597,180,640,214,6,0.001491 170,190,232,247,0,0.001382 262,179,310,197,6,0.001283 304,188,319,198,6,0.001240 237,179,247,194,2,0.001092 232,185,273,205,0,0.001069 629,193,640,272,6,0.001067
/home/dysjin/data/CARLA.v20-carla_v20.coco/valid/075710_png.rf.0b62bb94157d1f2113ac6bbefe158022.jpg 172,242,252,308,6,0.361101 310,242,348,272,6,0.294979 4,255,181,435,6,0.106098 236,242,266,281,6,0.079016 5,217,81,480,6,0.026002 253,242,267,275,1,0.013770 165,246,213,314,6,0.007906 221,244,258,290,6,0.006433 345,238,357,257,6,0.003820 307,242,327,271,0,0.003677 149,249,185,335,1,0.003030 30,298,128,382,4,0.002891 152,279,185,338,6,0.002591 251,243,269,289,0,0.002412 59,253,167,321,6,0.001944 341,244,354,267,0,0.001845 94,287,163,392,2,0.001764 354,239,365,253,6,0.001655 160,239,290,345,6,0.001539 242,251,263,281,0,0.001341 58,359,104,420,6,0.001112 1,268,77,480,6,0.001080 184,250,223,296,6,0.001069
/home/dysjin/data/CARLA.v20-carla_v20.coco/valid/041689_png.rf.0d648fbd58416a80b414e4503d51c42e.jpg 300,245,334,316,0,0.104138 305,242,337,309,1,0.012091 464,234,479,284,2,0.002676 299,252,344,298,6,0.001737 283,214,337,420,0,0.001327 283,250,343,313,2,0.001322 125,218,181,245,6,0.001303
/home/dysjin/data/CARLA.v20-carla_v20.coco/valid/003751_png.rf.0ff9ef7c8c8e4f5eab52437609a3b501.jpg 394,216,421,242,3,0.100147 308,238,327,253,6,0.013232 395,215,421,240,4,0.011438 387,212,421,242,1,0.001629 346,226,360,243,3,0.001344 228,276,399,378,6,0.001240
/home/dysjin/data/CARLA.v20-carla_v20.coco/valid/Town02_008820_png.rf.135414697b8215dc125af6b125d3058c.jpg 515,179,555,213,6,0.204787 272,199,364,340,6,0.203507 140,172,160,194,3,0.150838 391,180,437,209,6,0.123252 392,185,413,206,6,0.016271 528,179,588,217,6,0.013735 220,187,231,209,0,0.008129 427,193,441,219,0,0.006426 0,169,10,252,6,0.005930 0,187,11,253,6,0.005912 567,182,622,213,6,0.005074 401,181,424,197,6,0.004507 423,176,442,221,6,0.004398 425,183,440,211,1,0.002985 499,169,523,204,6,0.002903 0,150,8,248,2,0.002617 502,173,520,198,3,0.002470 627,181,640,263,6,0.002452 383,186,397,205,6,0.002448 414,179,435,197,6,0.002302 1,159,23,250,2,0.002196 137,161,162,194,6,0.001975 478,179,544,206,6,0.001905 0,190,8,229,1,0.001807 344,187,355,200,6,0.001741 0,94,12,154,6,0.001677 180,187,201,202,6,0.001650 0,109,9,138,6,0.001533 214,187,225,208,6,0.001408 426,176,442,194,6,0.001253 129,170,163,195,1,0.001166
/home/dysjin/data/CARLA.v20-carla_v20.coco/valid/006664_png.rf.1466f666c872e94bac27eba56bbdfb5b.jpg 478,232,520,320,2,0.249271 465,238,534,319,0,0.011423 14,220,101,472,6,0.001771 0,218,6,250,6,0.001653 0,200,8,268,2,0.001625 0,231,6,259,6,0.001435 456,242,521,313,4,0.001209 476,250,517,311,6,0.001124 0,206,5,238,1,0.001002
/home/dysjin/data/CARLA.v20-carla_v20.coco/valid/014570_png.rf.1235b2ca71c181a49fda1bb53eaa19cd.jpg 432,233,455,290,2,0.187257 61,238,125,261,6,0.182122 301,239,331,263,6,0.043002 7,383,33,480,6,0.002039 326,236,341,256,6,0.001511 419,235,440,281,2,0.001413 5,209,71,480,6,0.001238 421,242,461,281,0,0.001162 425,243,467,281,6,0.001150
/home/dysjin/data/CARLA.v20-carla_v20.coco/valid/112550_png.rf.1ca2fa82e03653536df85cf5faf5753c.jpg 520,233,553,323,2,0.131370 587,233,632,255,6,0.004385 523,223,548,280,0,0.002960 83,234,98,284,2,0.001632 502,242,562,315,0,0.001188 517,198,572,394,2,0.001042
/home/dysjin/data/CARLA.v20-carla_v20.coco/valid/Town02_000780_png.rf.16d5987bcdc7d08470c1b3e757e128e5.jpg 302,196,348,309,1,0.256262 277,186,301,204,6,0.177435 70,185,111,214,6,0.120272 37,185,100,215,6,0.098368 298,195,341,310,6,0.021696 335,180,348,195,6,0.015162 369,185,380,205,6,0.014619 342,180,356,195,6,0.010807 309,175,323,190,6,0.005222 368,177,380,195,3,0.004521 319,178,332,192,6,0.004399 381,187,391,206,2,0.003151 358,177,370,194,6,0.002848 581,185,638,212,6,0.002024 0,174,10,243,6,0.001960 358,185,371,202,6,0.001930 630,194,640,220,6,0.001797 359,165,371,182,3,0.001670 291,178,306,196,6,0.001598 0,191,7,225,6,0.001444 367,166,380,181,3,0.001415 0,202,8,234,6,0.001322 68,187,95,210,4,0.001257 321,184,333,202,6,0.001256 289,173,334,194,6,0.001221 380,179,390,195,2,0.001186 5,198,26,240,0,0.001034 52,188,84,209,6,0.001031 556,186,608,210,6,0.001011
/home/dysjin/data/CARLA.v20-carla_v20.coco/valid/Town02_001500_png.rf.1e8a22666698f8954863a9939bc59942.jpg 183,184,214,217,6,0.081583 607,206,639,289,6,0.012678 588,177,637,280,2,0.007679 622,238,640,296,6,0.003822 611,237,640,280,6,0.002197 499,196,616,259,6,0.001714 139,185,223,210,6,0.001559 570,187,640,273,6,0.001436 585,233,638,276,6,0.001312
/home/dysjin/data/CARLA.v20-carla_v20.coco/valid/Town05_004620_png.rf.0e4a190ca586e0e90df6b90be2c83f5b.jpg 393,176,453,207,6,0.203930 346,183,362,199,6,0.057274 282,184,300,199,6,0.046068 585,183,633,207,6,0.007252 396,181,425,203,6,0.005362 5,209,27,374,6,0.002576 572,204,621,237,6,0.002002 370,180,382,195,6,0.001918 382,183,396,201,6,0.001817 579,217,636,244,6,0.001665 425,183,453,203,6,0.001540 337,179,382,197,6,0.001232 271,184,290,199,6,0.001188 5,190,24,350,6,0.001141 627,201,640,264,6,0.001129
/home/dysjin/data/CARLA.v20-carla_v20.coco/valid/006578_png.rf.21f08e8ed63ab67b3ef05528af8ef9e6.jpg 368,222,385,241,3,0.285145 261,235,291,255,6,0.104287 357,222,396,242,5,0.004535 363,227,374,243,3,0.002792 371,232,384,249,2,0.002137 364,219,401,244,6,0.002129 368,218,395,246,4,0.001962 291,235,304,252,6,0.001812 626,288,640,351,2,0.001594 1,202,21,306,2,0.001272 0,200,12,269,6,0.001221 625,270,639,351,6,0.001146 405,248,416,270,2,0.001043
/home/dysjin/data/CARLA.v20-carla_v20.coco/valid/Town01_004320_png.rf.1f6552094735eb0bd49b614b7e584c58.jpg 268,195,389,296,6,0.107779 359,152,375,169,3,0.044808 611,79,640,178,2,0.004928 0,178,10,240,6,0.004153 321,179,332,194,6,0.003320 626,206,640,287,6,0.003139 0,186,7,211,6,0.003045 304,187,323,202,6,0.003020 318,187,334,203,6,0.002932 598,224,640,267,6,0.002540 308,180,321,194,6,0.002351 354,149,377,172,5,0.002130 0,182,10,256,6,0.001882 342,196,357,218,6,0.001867 457,212,640,347,6,0.001843 290,185,338,206,6,0.001722 333,195,350,216,6,0.001703 296,188,311,206,6,0.001687 564,98,640,164,6,0.001620 335,176,343,192,2,0.001593 626,103,640,191,6,0.001508 403,218,414,246,2,0.001288 232,120,427,378,5,0.001287 359,187,369,206,2,0.001245 567,65,632,281,2,0.001185 358,147,382,172,4,0.001177
/home/dysjin/data/CARLA.v20-carla_v20.coco/valid/Town02_006720_png.rf.2632fd4f3d65ff215e84d472badfd870.jpg 268,193,289,209,6,0.181109 582,179,639,219,6,0.150174 0,156,12,213,6,0.058878 560,174,581,198,6,0.051571 0,166,9,201,1,0.019582 481,183,542,209,6,0.007758 0,172,12,243,6,0.007602 556,177,610,212,6,0.005449 0,174,9,210,1,0.005271 261,193,276,207,6,0.004503 0,154,20,245,2,0.004149 394,184,456,210,6,0.003896 0,158,8,192,1,0.003713 111,193,171,216,6,0.003396 623,176,639,235,6,0.002934 0,186,12,256,6,0.002291 559,174,572,196,3,0.002291 2,168,24,220,6,0.002285 343,189,356,206,2,0.001924 0,166,22,203,1,0.001656 0,165,20,272,2,0.001611 593,186,625,209,6,0.001267 0,198,11,265,6,0.001245 608,192,635,217,6,0.001173 0,133,19,232,6,0.001167 0,203,8,235,6,0.001151 557,183,572,204,0,0.001097
/home/dysjin/data/CARLA.v20-carla_v20.coco/valid/Town05_006900_png.rf.2eaa1f5f6de8c6bffcd968f78f2f53b4.jpg 236,186,260,229,6,0.156463 237,178,260,226,0,0.014687 620,177,637,378,6,0.006652 570,170,635,380,6,0.003034 626,245,640,343,2,0.002177 9,231,246,344,6,0.001497 608,106,636,380,6,0.001216
/home/dysjin/data/CARLA.v20-carla_v20.coco/valid/005482_png.rf.1eef94cb1d26525ab4b64d28fc9be58d.jpg 0,224,32,320,2,0.283162 483,243,534,280,6,0.015121 1,226,28,354,6,0.010778 0,221,20,326,6,0.009752 0,206,40,339,2,0.005121 2,226,25,413,6,0.004319 0,231,49,315,0,0.003559 0,231,18,333,2,0.003218 0,167,32,469,6,0.002176 4,207,75,480,6,0.002176 12,232,39,310,2,0.001893 5,248,27,445,6,0.001604 0,196,12,303,6,0.001307
/home/dysjin/data/CARLA.v20-carla_v20.coco/valid/138251_png.rf.2622df013f55b1f57387212b95c87241.jpg 76,232,99,293,2,0.100747 73,247,90,288,2,0.005629 2,238,79,480,6,0.003216 240,236,262,250,6,0.002545 224,236,238,254,6,0.001518 229,235,249,251,6,0.001463 70,251,90,305,2,0.001284 89,229,109,290,2,0.001148
/home/dysjin/data/CARLA.v20-carla_v20.coco/valid/007070_png.rf.2316a0a54db7e4a749f421570aadd160.jpg 381,219,404,240,3,0.124284 380,213,403,242,6,0.005492 0,194,11,274,6,0.005447 1,174,21,279,2,0.003986 385,215,404,240,4,0.003569 0,184,18,311,2,0.002611 2,143,24,269,6,0.002037 0,208,10,282,6,0.001956 367,170,406,240,3,0.001808
/home/dysjin/data/CARLA.v20-carla_v20.coco/valid/Town05_010920_png.rf.2325292b5e147dc41c10fe128f6256f9.jpg 302,182,342,287,0,0.226106 315,179,331,195,6,0.006238 290,187,358,286,2,0.002321 367,173,381,193,6,0.001484 5,207,26,377,6,0.001307 252,254,295,290,3,0.001077 310,177,335,215,6,0.001036
/home/dysjin/data/CARLA.v20-carla_v20.coco/valid/Town01_006420_png.rf.2b897cd6227874bc930ae1c7e17e3b3b.jpg 313,192,323,209,6,0.056720 600,166,639,236,6,0.022210 349,176,356,191,3,0.012050 378,183,392,207,6,0.010863 0,184,12,258,6,0.006468 375,178,393,211,2,0.005909 355,176,366,190,6,0.004298 4,163,30,249,2,0.003967 208,176,222,193,3,0.003517 349,184,356,203,2,0.003460 310,189,326,218,0,0.003117 4,192,26,245,2,0.003052 625,168,639,250,6,0.002969 298,190,310,203,6,0.002500 296,181,306,193,6,0.002470 311,182,320,194,6,0.002417 347,169,355,182,3,0.002116 210,185,221,201,2,0.001774 356,169,367,182,3,0.001337 321,166,332,180,3,0.001291 334,167,344,181,3,0.001290 318,181,327,194,6,0.001260 371,177,383,194,2,0.001221 82,192,104,232,2,0.001213 287,181,298,194,6,0.001212 284,188,295,199,6,0.001179 293,191,333,209,0,0.001168 0,216,8,247,6,0.001149 0,199,10,262,6,0.001145 0,161,11,261,2,0.001133 269,189,283,200,6,0.001009
/home/dysjin/data/CARLA.v20-carla_v20.coco/valid/Town05_006780_png.rf.253c814d6e368b92a888141244ca1a16.jpg 170,188,214,255,6,0.253345 355,180,372,193,6,0.012770 442,219,457,271,2,0.003500 156,168,219,284,1,0.003404 197,176,207,192,6,0.003381 347,186,359,199,6,0.003028 319,187,333,200,6,0.002868 365,177,380,191,6,0.002719 306,187,323,200,6,0.001908 178,184,218,244,0,0.001735 0,190,166,291,6,0.001417 475,225,489,292,2,0.001315 342,176,383,196,6,0.001234 449,213,466,278,2,0.001225 332,188,344,200,6,0.001095 5,208,26,378,6,0.001092
/home/dysjin/data/CARLA.v20-carla_v20.coco/valid/Town01_008280_png.rf.2f69ce357d9638b109b359e31c238ab4.jpg 313,192,335,207,6,0.094756 68,186,109,209,6,0.068207 378,199,389,220,2,0.058280 286,192,311,210,6,0.022796 327,190,344,203,6,0.008633 439,194,487,222,6,0.006046 377,194,391,227,0,0.004439 192,188,208,211,6,0.004406 187,187,200,212,2,0.003852 379,193,389,207,6,0.003387 396,198,447,223,6,0.002976 344,189,356,200,6,0.002928 0,167,11,228,6,0.002772 344,179,358,193,3,0.002575 376,199,386,217,6,0.002135 413,209,437,223,6,0.001918 0,193,57,217,6,0.001705 441,196,462,219,6,0.001628 357,190,367,202,6,0.001610 365,201,407,220,0,0.001561 139,186,191,203,6,0.001555 270,187,288,203,6,0.001528 373,192,384,204,6,0.001474 391,203,404,217,6,0.001367 459,199,486,213,6,0.001353 188,194,201,214,0,0.001328 0,190,9,220,6,0.001210 627,186,640,259,6,0.001172 1,181,30,219,6,0.001113
/home/dysjin/data/CARLA.v20-carla_v20.coco/valid/Town01_005100_png.rf.262bb9c3104b14f5fb633de3dafd0a52.jpg 572,182,599,219,6,0.084306 578,177,636,211,6,0.033062 607,169,637,203,6,0.005009 624,159,640,208,6,0.004180 0,193,76,380,6,0.002299 0,183,9,210,6,0.002109 25,187,83,210,6,0.002056 314,184,359,215,6,0.001849 325,195,349,213,6,0.001762 4,189,27,208,6,0.001607 630,179,639,209,6,0.001173 340,195,363,214,6,0.001169
/home/dysjin/data/CARLA.v20-carla_v20.coco/valid/Town01_011940_png.rf.2554f5ab3ce2122d2ef300838472450f.jpg 565,196,606,222,6,0.245010 207,178,271,232,6,0.144664 328,184,350,199,6,0.018749 3,165,28,248,6,0.003851 563,189,637,230,6,0.003297 307,187,325,200,6,0.002834 249,173,273,225,2,0.002661 197,141,274,266,1,0.002052 319,185,338,199,6,0.002001 268,182,285,203,6,0.001703 565,190,586,213,6,0.001633 3,168,27,271,2,0.001200 205,183,228,232,1,0.001181 340,181,360,196,6,0.001141 247,178,273,233,6,0.001096
/home/dysjin/data/CARLA.v20-carla_v20.coco/valid/041684_png.rf.2f70db5ab75442cd11fffa13a776ae97.jpg 300,246,336,318,0,0.115467 301,245,333,318,1,0.019503 283,251,343,317,6,0.002187 403,209,419,232,3,0.001953
/home/dysjin/data/CARLA.v20-carla_v20.coco/valid/Town05_010980_png.rf.2071755951cd753466eb2cc53fd2fe0c.jpg 303,187,340,280,0,0.112589 314,185,333,207,6,0.006213 288,136,338,380,0,0.003647 308,181,336,241,6,0.003166 316,179,331,196,6,0.001712 4,227,177,352,6,0.001581 10,179,114,380,6,0.001325 292,192,355,279,6,0.001258 281,145,341,380,1,0.001253 29,174,322,380,6,0.001073 2,183,19,364,6,0.001017
/home/dysjin/data/CARLA.v20-carla_v20.coco/valid/112459_png.rf.33bdc5bd58f0f631808a95c4ceb9a78f.jpg 289,227,315,297,2,0.165372 587,234,631,254,6,0.008718 289,216,313,288,0,0.003598 287,232,316,300,1,0.001397 281,238,320,287,6,0.001364
/home/dysjin/data/CARLA.v20-carla_v20.coco/valid/041653_png.rf.31aa86a50239c7e6cbc52c66846dac06.jpg 301,242,334,312,0,0.085693 302,239,331,311,1,0.073054 294,248,336,300,6,0.002734 0,218,8,250,6,0.001739 150,220,203,247,6,0.001681 629,58,640,140,6,0.001284 0,204,11,264,6,0.001170 3,199,70,480,6,0.001163 370,55,433,248,6,0.001084
/home/dysjin/data/CARLA.v20-carla_v20.coco/valid/041819_png.rf.374472e0a0868df264a4100cb7734e35.jpg 172,224,186,241,3,0.233629 19,241,69,266,6,0.159568 112,241,136,300,1,0.135086 109,243,133,300,2,0.134934 172,232,187,250,6,0.007436 104,239,136,298,0,0.007366 98,250,141,293,6,0.004155 115,251,133,289,0,0.004152 160,223,197,244,5,0.003955 19,246,46,262,6,0.002688 165,226,178,242,3,0.001973 584,444,639,475,6,0.001359 176,227,194,240,6,0.001190 178,217,195,232,3,0.001127 172,245,185,264,1,0.001084
/home/dysjin/data/CARLA.v20-carla_v20.coco/valid/Town05_010800_png.rf.3489607b659edfbc485537135e06f34b.jpg 0,194,131,267,6,0.231853 311,189,330,249,1,0.134095 307,185,329,242,6,0.032852 346,179,356,193,6,0.031444 142,187,166,201,6,0.023444 133,188,152,202,6,0.014170 370,176,378,194,2,0.006514 371,187,379,204,2,0.006348 283,186,297,200,6,0.006342 74,197,132,241,6,0.005305 308,190,324,211,6,0.005212 312,199,330,239,0,0.005006 310,200,328,237,2,0.004442 336,181,348,194,6,0.003949 358,179,368,193,6,0.003742 121,184,165,205,6,0.003352 5,0,71,272,6,0.003290 296,185,309,202,6,0.003021 373,197,381,216,2,0.002778 157,186,171,201,6,0.002547 370,164,379,181,3,0.002384 144,181,161,194,6,0.002287 92,187,263,281,6,0.001885 5,186,33,272,6,0.001838 380,190,388,207,2,0.001816 0,110,182,371,6,0.001758 381,200,390,217,2,0.001623 123,187,136,208,6,0.001451 50,206,113,278,4,0.001422 360,167,369,183,2,0.001416 346,168,356,182,3,0.001407 345,195,356,215,6,0.001238 136,180,149,195,6,0.001201 319,181,330,194,6,0.001171 572,70,630,323,2,0.001071 144,195,163,212,6,0.001043
/home/dysjin/data/CARLA.v20-carla_v20.coco/valid/Town02_001080_png.rf.2d29b90fb99ccf7727caeaa1914436b4.jpg 304,199,348,308,6,0.275698 101,184,246,290,6,0.222365 276,185,299,205,6,0.215986 3,177,83,380,6,0.130637 2,190,78,380,6,0.031224 295,177,353,327,1,0.023550 318,183,330,203,6,0.015850 334,181,347,194,6,0.015270 3,192,54,219,6,0.013235 369,186,380,205,6,0.011787 342,180,356,194,6,0.008680 60,133,292,358,6,0.004554 230,179,248,192,6,0.004138 381,187,391,206,2,0.003165 311,178,324,193,6,0.003138 595,185,640,213,6,0.003063 368,177,380,195,6,0.002660 1,232,82,327,6,0.002574 202,189,339,298,6,0.002543 2,251,83,345,3,0.002254 357,177,369,193,6,0.002251 315,177,331,212,0,0.002004 152,183,220,265,1,0.001909 357,186,371,202,6,0.001686 27,185,76,214,6,0.001635 179,189,227,263,6,0.001543 134,182,230,247,6,0.001488 630,194,640,220,6,0.001459 358,165,371,181,3,0.001308 291,179,305,196,6,0.001248 5,198,28,219,6,0.001195 301,182,351,206,6,0.001108 223,178,238,193,6,0.001045 381,178,390,195,2,0.001042 273,175,323,201,6,0.001024
/home/dysjin/data/CARLA.v20-carla_v20.coco/valid/Town02_005700_png.rf.39e8547ff43ddaa06ed2b24f114c8a27.jpg 262,209,394,329,6,0.192237 283,186,299,201,6,0.154105 317,179,330,193,6,0.028032 230,146,437,369,6,0.011501 291,180,305,195,6,0.006881 234,181,249,193,6,0.005163 158,198,175,221,6,0.004008 291,176,333,196,6,0.002673 243,181,255,194,6,0.002463 271,188,382,295,2,0.002128 283,246,370,336,4,0.002114 329,178,341,193,6,0.001676 275,187,289,200,6,0.001327 484,184,508,199,6,0.001245 308,185,325,197,6,0.001206
/home/dysjin/data/CARLA.v20-carla_v20.coco/valid/Town02_002040_png.rf.3d0fd4b3b3749ac8ebdf480959eb8e66.jpg 296,197,339,311,1,0.161452 7,166,107,376,6,0.111031 271,188,299,210,6,0.053476 5,158,82,380,6,0.020384 145,193,162,217,6,0.013809 309,189,322,204,6,0.011641 54,188,81,226,6,0.008167 344,166,356,182,3,0.006186 57,186,75,211,6,0.005553 133,196,154,216,6,0.005453 65,183,117,211,6,0.005300 336,177,345,191,2,0.004894 291,189,339,286,6,0.004591 336,165,345,182,3,0.003535 344,176,355,191,2,0.003459 289,188,309,204,6,0.003041 50,175,65,196,3,0.003026 0,191,10,279,6,0.002933 51,183,66,206,6,0.002900 18,197,107,277,6,0.002405 406,175,415,196,2,0.002396 67,188,87,208,6,0.002184 80,188,103,204,6,0.002000 407,187,416,208,2,0.001815 0,168,5,202,1,0.001771 156,194,169,216,0,0.001680 0,181,5,210,6,0.001667 354,163,366,179,3,0.001648 0,201,10,290,6,0.001532 399,174,408,194,2,0.001484 0,147,8,175,6,0.001462 0,151,8,218,2,0.001419 356,178,367,192,6,0.001386 120,197,136,218,6,0.001378 320,189,329,205,6,0.001354 336,187,344,202,6,0.001298 30,190,101,321,3,0.001281 0,129,11,193,6,0.001280 283,184,330,235,6,0.001254 287,188,334,207,6,0.001208 296,187,346,342,0,0.001192 184,183,243,203,6,0.001167 107,194,155,220,6,0.001163 0,155,6,187,1,0.001127 56,255,106,327,4,0.001121 45,169,67,204,6,0.001115 0,137,9,208,6,0.001090 397,185,406,208,2,0.001072 1,240,122,380,6,0.001069 60,148,79,167,3,0.001052 261,190,278,210,6,0.001031 76,194,128,219,6,0.001026 268,179,286,200,6,0.001007
/home/dysjin/data/CARLA.v20-carla_v20.coco/valid/075707_png.rf.2ff4a82560cfe658387e361a6cc43ef0.jpg 173,242,252,307,6,0.348461 309,242,349,273,6,0.348070 4,254,180,433,6,0.110068 237,242,267,280,6,0.071587 251,238,268,282,0,0.028823 5,215,81,480,6,0.026884 214,243,264,289,6,0.022483 253,242,267,275,1,0.017857 165,246,212,314,6,0.008783 147,250,185,334,1,0.005285 340,244,354,269,0,0.004839 152,277,185,339,6,0.004234 344,239,356,259,6,0.003327 307,244,327,271,0,0.002969 31,298,128,382,4,0.002879 161,240,291,345,6,0.001852 58,252,169,321,6,0.001705 95,289,162,391,2,0.001640 338,240,355,275,6,0.001421 354,239,365,253,6,0.001317 183,249,222,296,6,0.001204 0,266,77,480,6,0.001152 230,246,256,272,6,0.001073 60,360,102,420,6,0.001003
/home/dysjin/data/CARLA.v20-carla_v20.coco/valid/138320_png.rf.332f3bdf3abffc7dd973858c3061b801.jpg 58,235,81,289,2,0.171798 0,239,10,304,0,0.013988 0,251,8,291,1,0.006348 58,249,75,306,2,0.002422 0,244,9,315,6,0.002339 56,226,81,279,1,0.001258 0,217,9,308,0,0.001198 5,256,25,441,6,0.001159 6,264,24,479,6,0.001121
/home/dysjin/data/CARLA.v20-carla_v20.coco/valid/003766_png.rf.3dbe103da1003d1fb3bd18ad0d0894b4.jpg 461,198,508,243,3,0.211525 353,225,368,241,3,0.040823 309,240,325,255,6,0.026938 461,191,508,240,4,0.002833 470,209,505,230,4,0.002034 349,222,371,246,4,0.001967 1,190,22,319,2,0.001066
/home/dysjin/data/CARLA.v20-carla_v20.coco/valid/121245_png.rf.3c6765f574e34bb200e320d55fc2ffe7.jpg 277,252,354,319,6,0.347040 281,247,345,319,1,0.006840 404,237,416,260,2,0.005298 0,241,5,277,6,0.002031 0,225,8,293,2,0.001506 0,233,6,263,6,0.001164 0,233,7,306,2,0.001140
/home/dysjin/data/CARLA.v20-carla_v20.coco/valid/Town05_011040_png.rf.3f658b3c60547a5478cb61d6b76eb55c.jpg 314,182,329,213,6,0.039326 312,179,331,217,0,0.034047 624,151,640,198,6,0.007336 612,158,640,190,6,0.001938 9,235,247,333,6,0.001226 272,184,333,204,6,0.001117
/home/dysjin/data/CARLA.v20-carla_v20.coco/valid/Town02_004920_png.rf.3cdedb8ebbe317a63567ec577e3789a8.jpg 307,185,328,241,0,0.089752 369,186,380,203,6,0.021924 309,192,332,243,6,0.021851 332,176,344,192,6,0.015700 343,178,356,193,6,0.010260 355,178,368,194,6,0.008909 308,188,323,213,6,0.008685 332,168,343,183,3,0.007280 167,184,189,199,6,0.006690 358,184,371,201,6,0.005469 419,183,432,212,2,0.004879 219,188,233,203,6,0.004040 313,192,329,229,1,0.003679 321,177,333,196,6,0.002875 211,189,224,204,6,0.002386 333,185,344,201,6,0.002283 378,188,388,205,6,0.001643 324,166,336,183,3,0.001625 327,168,346,200,6,0.001550 343,169,354,182,3,0.001415 357,167,368,182,3,0.001384 269,178,287,191,6,0.001374 294,185,333,218,6,0.001267 268,186,287,198,6,0.001266 232,188,248,202,6,0.001236 614,163,635,287,2,0.001143 338,175,384,199,6,0.001051 424,176,442,219,2,0.001045 281,185,295,199,6,0.001009
/home/dysjin/data/CARLA.v20-carla_v20.coco/valid/Town05_002760_png.rf.41faa57cc70298c90c62fe9f6a3f08c9.jpg 116,187,141,204,6,0.098699 44,180,63,215,2,0.018098 383,186,392,203,2,0.016832 331,181,341,193,6,0.013026 248,180,262,194,6,0.012345 47,185,63,213,0,0.012261 323,180,334,191,6,0.008316 257,184,267,200,6,0.004328 193,176,211,193,6,0.003991 345,187,356,198,6,0.003803 121,180,137,199,6,0.003326 105,185,131,206,6,0.003289 356,187,369,198,6,0.003250 371,188,384,201,6,0.002760 271,180,282,193,6,0.002708 196,185,214,200,6,0.002657 332,169,341,181,3,0.002258 129,186,144,202,6,0.001998 309,179,323,189,6,0.001965 323,168,333,181,3,0.001846 56,187,72,206,6,0.001669 237,178,250,192,6,0.001638 385,193,393,213,2,0.001406 284,178,294,190,6,0.001386 359,167,368,179,3,0.001339 392,189,403,204,6,0.001270 5,208,26,376,6,0.001267 247,169,258,182,3,0.001266 113,180,126,198,6,0.001239 296,178,310,188,6,0.001045 48,174,59,203,2,0.001035 617,136,637,273,2,0.001032 40,170,51,197,2,0.001020
/home/dysjin/data/CARLA.v20-carla_v20.coco/valid/Town02_001740_png.rf.4072bb166a4df4f9403df039e28a73f3.jpg 296,195,339,311,1,0.216151 35,188,55,210,6,0.024564 43,185,62,209,6,0.010545 344,165,356,182,3,0.007571 336,177,345,192,2,0.007247 58,183,124,204,6,0.005045 336,165,345,181,3,0.004948 57,185,73,206,6,0.004561 345,175,355,191,2,0.004491 284,179,298,193,6,0.004097 279,199,349,308,6,0.003169 74,169,129,200,6,0.003154 354,163,366,179,3,0.003071 31,188,53,219,2,0.001864 309,189,322,203,6,0.001703 355,176,367,191,6,0.001620 0,183,6,210,6,0.001534 336,186,345,200,6,0.001463 37,185,96,206,6,0.001393 308,180,321,190,6,0.001335 293,186,307,199,6,0.001305 283,165,296,181,3,0.001182 293,180,306,192,6,0.001165 406,175,415,196,2,0.001129 407,187,417,208,2,0.001074 5,213,26,380,6,0.001013
/home/dysjin/data/CARLA.v20-carla_v20.coco/valid/026849_png.rf.52e90800c02b90489d2521817c6942f7.jpg 421,207,454,242,3,0.159957 421,212,457,237,4,0.007874 3,223,70,480,6,0.002293 424,217,456,239,5,0.001339 6,278,26,470,6,0.001178 630,246,640,345,2,0.001115 71,232,87,284,2,0.001068
/home/dysjin/data/CARLA.v20-carla_v20.coco/valid/Town02_001560_png.rf.44c7e46d6d34263ac9f429ccb2cd2655.jpg 80,192,95,221,6,0.085270 9,184,31,205,6,0.057214 59,188,77,210,6,0.047915 68,183,90,219,6,0.043166 78,189,97,222,0,0.039031 52,189,66,206,6,0.017911 4,128,32,221,6,0.011706 0,183,14,206,6,0.007896 134,186,144,204,2,0.004757 33,189,51,202,6,0.004678 73,193,108,217,1,0.004040 126,186,138,201,6,0.003939 125,180,135,194,6,0.003895 0,169,34,205,6,0.002776 0,160,17,211,6,0.002702 14,185,69,205,6,0.002694 112,188,124,201,6,0.002657 72,178,84,199,6,0.002191 1,172,12,199,6,0.002136 134,179,143,194,6,0.001630 0,136,15,210,6,0.001623 521,76,572,117,6,0.001617 6,210,31,376,6,0.001524 96,191,108,206,6,0.001392 19,176,33,200,6,0.001218 0,122,14,200,6,0.001123 114,180,124,193,3,0.001041 123,167,133,181,3,0.001034 5,15,28,193,6,0.001026 22,194,37,212,6,0.001000
/home/dysjin/data/CARLA.v20-carla_v20.coco/valid/Town02_003420_png.rf.4347a7bee8aec9f5c84eb5295856f9a9.jpg 329,194,378,232,6,0.158405 13,193,112,233,6,0.072507 65,201,112,231,6,0.012737 348,205,379,227,6,0.004114 552,187,615,212,6,0.003390 0,194,61,227,6,0.003237 329,204,352,228,6,0.003189 0,188,10,252,6,0.001935 88,195,115,230,6,0.001825 50,202,87,236,6,0.001231 607,180,634,215,6,0.001223 626,166,640,228,6,0.001138 0,204,7,237,6,0.001128 33,189,90,235,1,0.001104 0,171,10,250,6,0.001061
/home/dysjin/data/CARLA.v20-carla_v20.coco/valid/Town01_006060_png.rf.3d76b002da6076434f028293d0c4a498.jpg 300,195,336,263,1,0.090166 419,195,451,229,6,0.057607 303,199,340,261,0,0.046015 304,194,338,269,6,0.024532 305,191,337,260,2,0.017813 195,205,214,220,6,0.004822 156,211,175,230,6,0.004649 0,183,9,258,2,0.004233 167,210,187,225,6,0.002810 181,209,203,223,6,0.002507 629,188,639,282,2,0.002160 161,207,219,224,6,0.001951 207,205,221,219,6,0.001941 0,201,6,240,6,0.001908 383,196,393,217,2,0.001685 151,209,164,232,0,0.001413 0,170,9,252,6,0.001272 5,220,27,375,6,0.001159 0,196,8,264,6,0.001139 412,180,438,222,6,0.001125
/home/dysjin/data/CARLA.v20-carla_v20.coco/valid/Town02_007800_png.rf.4e6520c0e9dd39a93f5048a2caea0283.jpg 337,193,415,225,6,0.152778 608,188,640,238,6,0.081782 320,194,360,225,6,0.057156 388,194,433,231,6,0.043016 512,184,554,206,6,0.016783 4,174,34,239,6,0.012302 0,188,13,249,6,0.009887 408,205,436,228,6,0.009246 316,190,335,208,6,0.006500 0,177,14,244,2,0.005501 308,188,322,204,6,0.002905 622,195,639,226,6,0.002530 281,187,298,199,6,0.002389 612,209,640,254,6,0.002310 294,187,309,200,6,0.001974 576,189,591,208,6,0.001765 45,188,62,230,2,0.001754 324,191,348,211,6,0.001489 2,128,33,242,6,0.001442 1,191,11,226,1,0.001412 357,198,392,217,6,0.001034 623,214,640,248,6,0.001005
/home/dysjin/data/CARLA.v20-carla_v20.coco/valid/Town01_001860_png.rf.53e5db5983ad00d8986ebdc44e1e76ef.jpg 234,206,428,376,6,0.254467 290,185,312,200,6,0.071813 279,181,301,197,6,0.015018 304,180,319,195,6,0.010249 315,186,335,201,6,0.006885 242,225,405,354,2,0.006005 265,178,312,200,6,0.005544 318,181,331,195,6,0.004624 0,181,8,214,6,0.003975 288,177,334,198,6,0.002114 330,186,344,202,6,0.001987 0,192,7,220,6,0.001781 242,185,261,199,6,0.001320 8,188,22,209,6,0.001316 332,181,343,194,6,0.001237 270,185,292,199,6,0.001169 0,148,10,223,6,0.001128
/home/dysjin/data/CARLA.v20-carla_v20.coco/valid/Town01_006120_png.rf.405fede50ad311216cb9943968a5cdf5.jpg 315,190,330,219,6,0.126839 314,188,331,221,0,0.043040 356,177,368,193,6,0.035245 360,184,371,201,0,0.008581 354,167,367,183,3,0.005904 479,170,518,195,6,0.004627 350,177,360,190,3,0.003588 366,186,376,203,2,0.002298 0,186,9,258,6,0.002223 393,176,411,188,6,0.002072 0,214,6,249,6,0.001922 235,190,245,205,2,0.001804 317,181,328,196,4,0.001377 366,179,376,193,6,0.001225
/home/dysjin/data/CARLA.v20-carla_v20.coco/valid/041864_png.rf.51f1d81198f2e5b7a450f586235760ec.jpg 304,244,326,293,0,0.190415 91,231,232,330,6,0.145410 414,210,445,242,3,0.068282 412,208,445,245,4,0.033415 195,228,237,263,6,0.018573 293,250,338,286,6,0.008619 184,238,229,309,6,0.008274 415,216,444,240,5,0.007716 214,233,235,259,6,0.005272 70,278,110,315,6,0.004817 212,227,236,288,0,0.003727 87,259,231,383,6,0.002942 301,234,330,290,1,0.002240 59,138,279,370,6,0.002091 54,180,279,400,3,0.002037 388,204,446,242,6,0.001712 306,239,321,263,6,0.001517 139,247,219,336,3,0.001457 607,225,636,341,6,0.001401 66,193,260,476,6,0.001389 18,224,94,480,6,0.001222 198,234,342,335,6,0.001197 584,141,636,453,6,0.001189 357,220,370,243,2,0.001184 366,212,380,231,4,0.001161 204,228,228,246,6,0.001093
/home/dysjin/data/CARLA.v20-carla_v20.coco/valid/Town01_012060_png.rf.58e57e1a7e8d4f630323ae1827ca68bc.jpg 566,196,606,222,6,0.246960 328,184,352,198,6,0.021020 3,164,28,249,6,0.003584 562,190,637,229,6,0.002461 268,186,286,200,6,0.001969 308,188,324,201,6,0.001752 173,196,229,221,6,0.001612 565,190,585,213,6,0.001588 3,168,27,271,2,0.001095
/home/dysjin/data/CARLA.v20-carla_v20.coco/valid/009044_png.rf.59d4a83882b4b6af242cbd9e0e31ba80.jpg 558,219,579,244,3,0.128840 0,202,12,261,6,0.041138 0,207,9,241,1,0.018045 0,197,18,304,2,0.011630 0,217,10,302,2,0.007425 0,205,11,284,2,0.007091 0,229,9,310,2,0.005413 555,212,580,243,4,0.004256 547,219,581,244,6,0.004020 0,212,18,329,2,0.003259 341,227,356,241,3,0.002590 385,234,437,257,6,0.002412 0,238,7,279,1,0.002296 0,249,7,289,1,0.002293 0,223,8,262,1,0.002129 6,278,27,458,6,0.001398 0,180,17,283,2,0.001359 142,245,163,264,6,0.001349 0,238,8,323,2,0.001115
/home/dysjin/data/CARLA.v20-carla_v20.coco/valid/Town02_002520_png.rf.55f8a7c01a8e4b86c99a794d7b61cd5d.jpg 243,191,420,329,6,0.216857 165,198,222,235,6,0.207252 368,184,378,208,2,0.015989 145,173,163,192,3,0.013176 368,180,378,195,6,0.008457 362,184,374,206,6,0.004486 319,166,333,179,3,0.003903 361,179,371,193,6,0.003323 261,187,390,295,2,0.002851 232,189,300,345,6,0.002759 309,165,323,179,3,0.002549 514,216,555,250,6,0.002446 283,251,371,331,6,0.002016 5,208,24,380,6,0.001469 0,194,6,226,6,0.001318 331,175,344,188,6,0.001209 0,204,6,233,6,0.001187 365,181,382,229,2,0.001162 328,167,342,181,6,0.001161 197,186,225,238,6,0.001120 232,250,284,333,6,0.001042 0,175,9,245,6,0.001036
/home/dysjin/data/CARLA.v20-carla_v20.coco/valid/Town02_008760_png.rf.5bfb07b6a5fbe6700b4b9c150b9c6576.jpg 272,199,364,341,6,0.210434 139,172,160,195,3,0.146085 515,181,555,212,6,0.143307 391,180,437,209,6,0.121574 271,187,289,202,6,0.103502 533,182,588,213,6,0.079919 392,185,413,206,6,0.015941 571,186,624,209,6,0.006119 427,193,441,219,0,0.005963 0,187,11,254,6,0.005595 221,188,232,209,0,0.005293 401,181,424,197,6,0.005284 0,168,10,253,6,0.003845 479,182,542,207,6,0.003164 413,179,434,196,6,0.003130 344,187,356,200,6,0.003047 596,196,622,211,6,0.002982 423,176,441,221,6,0.002739 382,186,396,205,6,0.002623 278,182,293,196,6,0.002430 260,188,276,201,6,0.002308 425,183,440,212,1,0.002222 0,150,8,247,2,0.001959 626,181,640,260,6,0.001952 137,160,162,194,6,0.001922 1,158,23,250,2,0.001693 291,188,307,199,6,0.001654 0,93,12,155,6,0.001643 0,109,9,138,6,0.001549 179,187,201,202,6,0.001482 0,190,7,229,6,0.001298 129,171,163,195,1,0.001270 138,172,162,210,6,0.001240 371,185,383,202,6,0.001232 142,180,160,201,2,0.001174 307,188,321,199,6,0.001149 76,193,132,219,6,0.001090 0,108,35,141,6,0.001060
/home/dysjin/data/CARLA.v20-carla_v20.coco/valid/Town01_008100_png.rf.5942043a53e2ea3c62572bf7029ed896.jpg 276,189,299,204,6,0.193006 383,196,408,212,6,0.126973 87,186,146,213,6,0.022170 288,188,306,199,6,0.015962 370,191,381,206,6,0.012978 189,174,237,199,6,0.009270 174,186,188,206,6,0.008464 344,188,360,199,6,0.007748 331,186,344,198,6,0.006595 321,186,333,198,6,0.006288 293,181,308,194,6,0.005241 307,180,321,192,6,0.004753 582,174,634,195,6,0.004531 306,188,321,198,6,0.004409 631,180,640,207,6,0.004158 358,188,367,201,6,0.004142 374,195,385,214,2,0.004076 586,180,609,196,6,0.003992 358,179,366,194,3,0.002785 625,160,640,209,6,0.002419 282,182,298,197,6,0.002347 612,177,636,194,6,0.002044 377,187,397,214,6,0.001753 115,194,144,213,6,0.001459 5,212,26,380,6,0.001438 369,179,379,196,3,0.001437 172,178,186,197,1,0.001394 5,184,76,380,6,0.001086
/home/dysjin/data/CARLA.v20-carla_v20.coco/valid/Town01_010680_png.rf.5537782525200ced228c602e6dcc3456.jpg 368,178,382,191,3,0.259224 333,190,343,202,6,0.029032 322,191,336,202,6,0.013757 371,182,383,198,2,0.012115 234,190,245,206,6,0.006544 152,184,176,200,6,0.004115 310,190,322,200,6,0.004003 165,184,190,199,6,0.003682 147,176,164,196,6,0.003576 376,180,388,193,3,0.003154 344,191,353,202,6,0.003039 362,181,374,192,3,0.003026 361,173,386,195,5,0.002770 177,185,204,198,6,0.002496 149,178,206,199,6,0.002015 224,191,237,205,6,0.002003 332,182,342,194,6,0.001767 322,182,333,194,6,0.001593 234,195,246,212,0,0.001348 191,185,211,199,6,0.001101 234,179,246,195,2,0.001097 371,195,380,214,2,0.001043
/home/dysjin/data/CARLA.v20-carla_v20.coco/valid/121155_png.rf.5eeb1497380edc240a771f68b9d34669.jpg 261,266,401,386,6,0.282014 563,222,596,302,2,0.105904 310,241,324,256,6,0.014379 229,194,442,424,6,0.008214 273,293,379,389,4,0.002809 547,226,609,298,0,0.002485 562,231,602,291,6,0.001413 394,237,406,256,0,0.001225 289,251,367,333,2,0.001196
/home/dysjin/data/CARLA.v20-carla_v20.coco/valid/007085_png.rf.5a7141063cfddac158b01dce18de1e48.jpg 428,206,463,243,3,0.167393 427,209,458,241,4,0.013559 2,161,23,293,2,0.001229 2,143,25,258,2,0.001169 431,217,468,239,2,0.001033
/home/dysjin/data/CARLA.v20-carla_v20.coco/valid/Town05_006720_png.rf.717ce1e22225ab6a97befb2b8effcc2a.jpg 175,187,215,250,6,0.120792 86,187,145,207,6,0.080952 346,180,358,194,6,0.033439 91,190,119,208,6,0.014223 355,180,368,193,6,0.013969 320,186,334,198,6,0.006240 116,188,146,204,6,0.005379 369,180,381,195,6,0.003530 381,185,390,203,2,0.003293 6,0,65,239,6,0.003090 336,181,347,194,6,0.002984 308,187,323,197,6,0.002616 0,0,76,194,1,0.001807 86,189,104,208,6,0.001310 294,187,309,198,6,0.001307 188,204,214,233,6,0.001232 340,173,359,198,0,0.001165
/home/dysjin/data/CARLA.v20-carla_v20.coco/valid/Town01_006600_png.rf.612f31973b2db2fda3ee5293fd937a64.jpg 372,190,394,211,6,0.033676
/home/dysjin/data/CARLA.v20-carla_v20.coco/valid/112469_png.rf.4fea3a1e3f0858f468ecb362968a08fb.jpg 312,237,342,297,2,0.182132 311,235,343,299,0,0.016365 587,234,632,255,6,0.004009 83,234,98,283,2,0.003010 306,243,348,290,1,0.002198 55,238,75,281,2,0.001209
/home/dysjin/data/CARLA.v20-carla_v20.coco/valid/Town05_009540_png.rf.67accf9da191af14c5f05da1b6fe1e58.jpg 600,184,639,206,6,0.018593 273,169,332,196,6,0.002663 6,216,27,366,6,0.001520 628,183,640,208,6,0.001449 0,193,6,223,6,0.001161 483,174,538,200,6,0.001149
/home/dysjin/data/CARLA.v20-carla_v20.coco/valid/041820_png.rf.69e77a8e269d90d89efc21e5026a7083.jpg 116,242,143,296,0,0.193298 31,242,80,265,6,0.181171 179,224,195,243,3,0.154280 116,236,143,292,1,0.014131 180,232,196,250,6,0.008370 180,217,196,236,3,0.006849 110,248,150,289,6,0.005664 172,222,207,245,6,0.003812 0,232,7,261,6,0.002582 54,241,78,261,6,0.001744 125,239,148,288,2,0.001454 5,262,28,423,6,0.001171 182,245,195,264,2,0.001010
/home/dysjin/data/CARLA.v20-carla_v20.coco/valid/121278_png.rf.6607158f1164a75baf620dcb66d1b07e.jpg 280,254,355,317,6,0.234953 242,241,260,261,6,0.027019 476,242,490,273,1,0.017644 475,239,491,276,2,0.012492 284,250,346,317,1,0.005155 234,246,252,261,6,0.005125 253,240,268,258,6,0.002141
/home/dysjin/data/CARLA.v20-carla_v20.coco/valid/Town02_004620_png.rf.7280640e1c163e7c4b28010b90659788.jpg 260,208,398,332,6,0.216500 279,184,299,202,6,0.142819 311,183,331,202,6,0.093878 344,174,354,195,2,0.038992 143,185,168,202,6,0.018687 226,146,439,369,6,0.017170 114,183,170,204,6,0.013266 402,171,419,227,2,0.011995 336,176,346,196,6,0.011139 344,182,355,204,0,0.005948 291,182,308,196,6,0.004898 345,167,355,184,3,0.004808 273,179,326,198,6,0.002807 266,185,386,298,2,0.002525 277,243,375,338,4,0.002450 25,165,60,196,3,0.002410 80,186,102,229,6,0.001962 401,183,421,226,6,0.001605 339,167,346,186,2,0.001375 461,223,491,263,6,0.001322 329,173,370,197,0,0.001223 274,180,288,197,6,0.001203 384,163,394,180,2,0.001162 317,174,357,199,6,0.001083 405,192,421,219,0,0.001048
/home/dysjin/data/CARLA.v20-carla_v20.coco/valid/Town05_016500_png.rf.75b431585ae9c755044e81517b796324.jpg 126,194,214,246,6,0.178203 4,194,87,279,6,0.140248 344,192,391,234,6,0.089887 455,179,477,198,3,0.070591 432,191,443,217,2,0.043447 174,199,227,235,6,0.011489 371,187,395,238,6,0.011019 114,202,170,243,6,0.008973 456,181,482,200,6,0.008866 64,183,203,277,6,0.006809 343,200,366,236,6,0.004807 0,165,12,230,6,0.003999 0,176,12,240,6,0.003217 428,183,443,217,0,0.002982 346,206,363,233,0,0.002403 2,165,80,364,6,0.002315 0,191,8,224,6,0.002224 134,189,195,250,1,0.002112 246,191,259,205,6,0.002065 0,180,8,215,6,0.002058 378,189,391,212,6,0.001762 2,108,80,308,6,0.001761 376,201,395,234,0,0.001527 440,186,456,201,6,0.001408 5,119,30,234,6,0.001354 387,194,403,246,0,0.001224 344,191,360,209,6,0.001205 415,193,460,216,0,0.001198 120,169,217,280,5,0.001131 349,192,376,210,6,0.001118 428,181,478,206,6,0.001091 202,199,225,237,0,0.001019
/home/dysjin/data/CARLA.v20-carla_v20.coco/valid/Town02_001020_png.rf.79741d4293c684a4f4e895c08f1290d5.jpg 303,196,347,310,1,0.259806 279,181,328,210,6,0.197117 3,179,84,380,6,0.132423 3,188,78,380,6,0.030902 298,194,341,311,6,0.020932 369,186,380,206,6,0.018469 191,183,215,216,6,0.011558 275,185,303,204,6,0.010038 30,194,77,217,6,0.008033 0,223,105,347,6,0.004644 334,180,348,195,6,0.004638 343,179,357,195,6,0.003930 309,178,334,213,6,0.003084 381,188,390,206,2,0.002973 2,250,84,345,3,0.002143 358,177,371,193,6,0.001952 581,185,638,212,6,0.001943 630,194,640,220,6,0.001867 359,186,372,202,6,0.001678 358,164,371,181,3,0.001605 200,186,224,207,6,0.001565 0,221,75,299,6,0.001477 327,177,349,210,6,0.001267
/home/dysjin/data/CARLA.v20-carla_v20.coco/valid/004996_png.rf.758bfe0873e6cba6e1d99146894cae01.jpg 491,265,512,318,2,0.134974 299,248,327,260,6,0.010491 359,246,369,268,2,0.002860 370,240,379,259,2,0.001347 295,244,312,258,6,0.001150
/home/dysjin/data/CARLA.v20-carla_v20.coco/valid/Town02_001620_png.rf.77cda18f042297c4b15936a35acef602.jpg 299,185,335,252,6,0.091330 307,183,336,262,2,0.042093 303,194,332,264,0,0.016482 182,192,196,209,6,0.006564 173,189,186,210,6,0.006493 334,178,343,194,3,0.006389 317,188,333,212,6,0.004524 305,188,321,213,6,0.004048 174,194,187,213,0,0.003291 1,224,165,335,6,0.003111 331,186,341,207,6,0.002993 344,181,353,193,6,0.002581 195,192,209,207,6,0.002497 334,167,344,182,3,0.002378 222,187,234,206,6,0.001897 396,188,406,210,2,0.001818 346,189,356,204,6,0.001647 322,179,334,195,6,0.001288 169,184,186,215,2,0.001192 307,180,321,194,6,0.001150 257,180,273,193,6,0.001115 131,199,148,217,6,0.001090 4,211,24,380,6,0.001049
/home/dysjin/data/CARLA.v20-carla_v20.coco/valid/112362_png.rf.868e587d8bdd37c81e4872223fbdbeb4.jpg 150,234,166,281,2,0.168815 587,233,632,254,6,0.005470 137,243,178,273,0,0.001267
/home/dysjin/data/CARLA.v20-carla_v20.coco/valid/Town05_010080_png.rf.88fb23d739ffa2beacd3c5735d172d03.jpg 315,184,329,213,6,0.118004 270,183,285,200,6,0.102937 313,182,330,217,0,0.043093 346,166,356,181,3,0.017319 318,180,332,198,6,0.017307 331,180,342,195,6,0.011880 344,177,354,190,3,0.005416 278,180,292,195,6,0.005158 247,177,260,193,6,0.004084 336,168,346,183,3,0.003385 295,186,337,210,6,0.003197 408,196,418,217,2,0.003019 355,167,365,181,3,0.002880 262,183,276,199,6,0.002499 259,183,296,200,0,0.001801 297,185,312,203,6,0.001632 247,164,259,182,2,0.001476 357,178,367,191,6,0.001436 304,178,344,201,6,0.001198 6,210,26,378,6,0.001025
/home/dysjin/data/CARLA.v20-carla_v20.coco/valid/026847_png.rf.7a28094ba474fb2fab06e58f1ebea83c.jpg 413,210,446,241,3,0.086061 418,210,446,240,4,0.010783 415,217,444,239,5,0.002507 2,0,20,174,6,0.001968 0,216,7,302,2,0.001659 184,241,199,257,6,0.001413 2,20,19,187,6,0.001158 0,149,9,219,6,0.001141 0,168,6,198,6,0.001135 0,230,6,308,2,0.001112 356,236,369,256,2,0.001028
/home/dysjin/data/CARLA.v20-carla_v20.coco/valid/075709_png.rf.7dd638ab9af378bf60aaa2fb92a0aea4.jpg 171,242,251,308,6,0.363911 310,242,348,272,6,0.311213 4,254,180,434,6,0.111027 237,242,267,280,6,0.088070 251,239,269,282,0,0.029814 4,214,81,480,6,0.027962 252,243,267,275,1,0.016850 158,254,206,325,6,0.005819 221,244,258,290,6,0.005574 149,249,185,335,1,0.004013 152,279,185,337,6,0.004008 346,238,357,257,2,0.003576 307,242,327,271,0,0.003402 30,298,128,383,4,0.002993 294,243,344,268,1,0.002479 58,253,167,321,6,0.002270 354,239,365,253,6,0.002113 166,262,220,304,6,0.001887 161,239,291,344,6,0.001668 341,244,354,267,0,0.001654 96,290,161,390,2,0.001535 1,266,77,480,6,0.001349 242,251,263,281,0,0.001215 58,359,104,421,6,0.001140
/home/dysjin/data/CARLA.v20-carla_v20.coco/valid/Town02_007380_png.rf.8809896fc46f6266a6729640bbc68e4c.jpg 565,193,628,219,6,0.084400 274,186,288,204,6,0.029271 558,189,598,247,6,0.010039 560,197,586,218,6,0.006624 625,179,640,234,6,0.005943 606,190,637,221,6,0.003397 0,181,5,213,6,0.002506 593,197,626,215,6,0.002454 554,196,570,219,6,0.002154 508,181,535,218,6,0.002138 490,181,508,241,2,0.001887 498,181,519,233,2,0.001808 0,149,9,222,6,0.001687 0,163,8,230,6,0.001681 268,185,305,203,6,0.001466 553,72,591,188,6,0.001435 274,194,287,212,0,0.001432 0,190,6,224,6,0.001288 551,194,575,246,6,0.001211 0,167,6,203,6,0.001187 255,186,301,203,0,0.001155 280,180,296,196,6,0.001115 291,186,306,199,6,0.001115 444,185,499,211,6,0.001026
/home/dysjin/data/CARLA.v20-carla_v20.coco/valid/Town01_007500_png.rf.7e4c2487265d812d93246e09a19aeab2.jpg 562,168,638,226,6,0.222704 253,193,280,213,6,0.093272 527,177,553,215,6,0.045274 533,174,584,218,6,0.010348 368,182,409,211,6,0.010336 556,142,640,258,1,0.002993 181,209,203,223,6,0.002912 278,189,293,203,6,0.002089 194,204,210,220,6,0.001865 249,197,265,211,6,0.001777 536,169,582,222,0,0.001396 559,186,586,226,6,0.001353 623,161,640,233,6,0.001266 376,194,397,212,6,0.001109 554,167,610,227,1,0.001036 308,181,320,192,6,0.001001
/home/dysjin/data/CARLA.v20-carla_v20.coco/valid/Town05_007500_png.rf.8a81a882e564e9e99b5c951d3e18dbbc.jpg 349,180,393,203,6,0.148362 129,183,177,203,6,0.034601 304,177,322,190,6,0.027205 255,179,269,196,6,0.026159 376,178,393,200,6,0.005247 392,179,403,195,6,0.003798 407,178,417,194,6,0.003481 347,182,363,200,6,0.003346 305,168,321,183,3,0.003087 307,185,400,364,6,0.002305 268,181,283,193,6,0.001550 410,166,419,182,2,0.001369 5,202,25,380,6,0.001347 316,178,329,191,6,0.001228 405,228,640,326,6,0.001184 419,165,428,181,2,0.001174 466,184,477,206,2,0.001092 242,178,284,196,0,0.001056 5,186,22,354,6,0.001038
/home/dysjin/data/CARLA.v20-carla_v20.coco/valid/Town02_005520_png.rf.8a9d2ba4122736ea3845c9e405936cce.jpg 55,197,128,224,6,0.114716 608,189,638,230,6,0.047455 0,186,15,231,6,0.028204 575,0,634,256,6,0.007321 623,193,640,247,6,0.006740 43,200,64,224,6,0.004615 3,195,25,216,6,0.003128 0,184,9,216,6,0.003057 99,196,129,224,6,0.002262 0,189,10,245,6,0.002211 0,195,61,218,6,0.002164 40,207,56,224,6,0.002147 630,217,640,247,6,0.001843 119,197,134,218,6,0.001784 65,200,95,218,6,0.001746 88,201,120,221,6,0.001607 628,183,639,214,6,0.001571 55,199,77,220,6,0.001459 4,209,24,379,6,0.001394 0,192,24,223,1,0.001343 1,173,30,240,6,0.001341 603,194,621,221,6,0.001270 587,173,631,236,6,0.001234 585,62,635,192,3,0.001189 608,126,640,227,6,0.001173
/home/dysjin/data/CARLA.v20-carla_v20.coco/valid/041735_png.rf.891d950e6341a379e0a80f54f49c126a.jpg 275,243,306,308,6,0.126392 272,243,308,307,0,0.092902 282,240,309,308,2,0.004927 272,231,308,296,1,0.003518 0,149,11,225,6,0.001455 256,211,314,342,0,0.001267 5,260,26,425,6,0.001224 0,242,6,274,6,0.001142
/home/dysjin/data/CARLA.v20-carla_v20.coco/valid/041669_png.rf.8f16c7cc68671f71ba068edf120b2a61.jpg 300,244,334,317,0,0.109335 300,241,334,309,1,0.021151 294,248,336,301,6,0.003624 436,238,456,276,2,0.001609 283,250,343,314,2,0.001298 138,217,194,246,6,0.001165 286,213,339,344,0,0.001069
/home/dysjin/data/CARLA.v20-carla_v20.coco/valid/003814_png.rf.9123d8ff8e23490d6f5201cb816e4fc2.jpg 552,171,621,246,3,0.240552 287,240,319,259,6,0.089813 545,145,627,262,5,0.007732 1,90,73,160,3,0.002354 5,117,57,156,6,0.002084 591,183,621,238,3,0.002064 198,240,213,255,6,0.001745 133,234,146,256,2,0.001709 0,42,70,208,2,0.001023
/home/dysjin/data/CARLA.v20-carla_v20.coco/valid/005413_png.rf.9000d6e877ce40e1d5bd5387ece453c2.jpg 108,234,124,281,2,0.206771 84,237,103,288,2,0.135602 92,236,117,286,2,0.045492 543,253,598,287,6,0.019357 116,235,131,277,2,0.012296 84,228,101,276,2,0.006954 38,233,49,259,2,0.004017 87,239,124,283,6,0.002994 76,238,94,298,2,0.002894 99,236,115,267,2,0.002887 112,248,123,282,2,0.002354 416,239,438,261,6,0.002194 83,248,100,307,2,0.002069 6,204,74,480,6,0.001795 97,244,137,272,0,0.001777 372,247,385,271,0,0.001111 137,239,147,261,2,0.001108 47,235,61,257,2,0.001043
/home/dysjin/data/CARLA.v20-carla_v20.coco/valid/Town01_001500_png.rf.9254a251a5c6eb6313adba6a6adf1620.jpg 385,172,405,193,3,0.227668 294,193,307,208,6,0.005765 375,172,409,194,6,0.005580 0,143,15,201,6,0.004227 220,197,234,213,6,0.003810 0,195,6,221,6,0.003340 0,181,7,210,6,0.002989 0,154,12,214,6,0.002100 286,193,299,208,6,0.002045 0,156,10,185,6,0.001914 0,168,8,197,6,0.001823 0,112,20,236,6,0.001685 387,166,405,189,4,0.001408 0,95,19,218,6,0.001286 230,198,249,211,6,0.001232
/home/dysjin/data/CARLA.v20-carla_v20.coco/valid/Town05_004680_png.rf.93664881511a21c1adf050e2e8993477.jpg 323,173,407,225,6,0.251145 243,183,269,205,6,0.127768 318,177,360,220,6,0.029096 375,178,417,216,6,0.027889 281,181,295,195,6,0.006372 270,182,288,196,6,0.003208 399,181,418,206,6,0.003044 329,169,391,228,1,0.002898 630,179,639,209,6,0.002734 427,167,443,178,6,0.002702 249,183,297,200,6,0.002553 419,168,434,180,6,0.001948 416,176,430,193,6,0.001939 232,184,257,201,6,0.001693 186,185,202,203,6,0.001297 427,175,442,188,6,0.001169 0,184,7,211,6,0.001082
/home/dysjin/data/CARLA.v20-carla_v20.coco/valid/138312_png.rf.93c512dad514948e54a85fd6860eba4e.jpg 95,235,113,280,2,0.178130 0,244,10,325,2,0.012117 539,333,557,383,2,0.006274 3,254,25,312,6,0.004466 1,233,24,315,2,0.004063 0,262,8,304,1,0.003462 98,249,111,282,2,0.002470 4,204,29,313,2,0.002087 87,242,124,273,0,0.001743 44,249,62,289,2,0.001372 0,228,9,321,2,0.001166 104,239,119,274,2,0.001124
/home/dysjin/data/CARLA.v20-carla_v20.coco/valid/005160_png.rf.922d9f2da21b5b11121905df87e629d7.jpg 399,215,429,241,3,0.074664 399,213,430,241,4,0.063649 400,216,431,240,5,0.023433 612,224,640,325,2,0.001089
