/home/dysjin/data/CARLA.v20-carla_v20.coco/valid/Town05_011820_png.rf.a721d4435d03a17b63243ff374e790d2.jpg 19,182,94,232,6,0.583744 313,184,322,202,0,0.007780 4,195,64,226,6,0.007516 320,185,328,202,0,0.001962 311,179,321,196,6,0.001509 318,180,329,194,6,0.001159
/home/dysjin/data/CARLA.v20-carla_v20.coco/valid/Town05_005760_png.rf.a5aa9e8688171e7bfb57f36e4a648f69.jpg 310,185,327,204,6,0.431555 281,175,295,192,6,0.003194 272,174,285,191,6,0.001628
/home/dysjin/data/CARLA.v20-carla_v20.coco/valid/075705_png.rf.9f5447b468e0280dc956a534954f8a5e.jpg 0,250,181,434,6,0.679669 311,242,348,273,6,0.661594 174,244,243,302,6,0.605408 220,240,264,281,6,0.302566 250,239,268,277,0,0.014969 242,243,263,277,6,0.005036 0,0,330,480,6,0.003210 213,244,246,291,6,0.002930 252,243,267,277,1,0.001680
/home/dysjin/data/CARLA.v20-carla_v20.coco/valid/Town02_006840_png.rf.a4a970c10202604d1dd8c41fe9097525.jpg 580,177,640,221,6,0.529290 567,177,580,199,3,0.022923 562,178,617,210,6,0.003461 566,180,579,209,6,0.003240 0,142,10,225,2,0.002975 0,151,12,238,6,0.002629 494,182,549,210,6,0.002268 111,193,171,217,6,0.001981
/home/dysjin/data/CARLA.v20-carla_v20.coco/valid/Town02_002640_png.rf.ac6bee6a9e4c4b2a1e149670c97196c1.jpg 300,187,364,247,6,0.619971 264,192,290,218,6,0.409082 394,173,405,194,3,0.365809 310,191,367,240,3,0.032216 290,183,309,235,0,0.008565
/home/dysjin/data/CARLA.v20-carla_v20.coco/valid/007096_png.rf.a26873f70f1467f54f0fd09ea8c1731b.jpg 539,169,617,263,3,0.536541 533,171,599,255,4,0.009806
/home/dysjin/data/CARLA.v20-carla_v20.coco/valid/041683_png.rf.abc13a183255cbb5f9aeca7d55d8b4c0.jpg 299,237,336,315,0,0.486489 308,243,335,314,1,0.113814
/home/dysjin/data/CARLA.v20-carla_v20.coco/valid/041699_png.rf.a4a6f7fb7672ac47b317ec4fe3e21c97.jpg 299,237,335,312,0,0.299384 310,243,333,314,1,0.148900
/home/dysjin/data/CARLA.v20-carla_v20.coco/valid/Town02_006480_png.rf.aec43468267a9993201d034f7031ee5c.jpg
/home/dysjin/data/CARLA.v20-carla_v20.coco/valid/Town02_003060_png.rf.b28380c7e6ad26a4ccdfda39d4db7f85.jpg 556,191,640,219,6,0.208821 541,192,578,220,6,0.033014 622,190,640,251,6,0.003811 607,193,635,223,6,0.003520
/home/dysjin/data/CARLA.v20-carla_v20.coco/valid/Town01_009120_png.rf.b3886317404f3c307752dac4625c4b0e.jpg 308,194,329,213,6,0.400749 379,196,397,219,1,0.001095
/home/dysjin/data/CARLA.v20-carla_v20.coco/valid/051305_png.rf.af3e2dc55ae45fc793f7f25eb6fdf7b4.jpg 426,206,460,242,3,0.480332 431,210,458,247,4,0.002772
/home/dysjin/data/CARLA.v20-carla_v20.coco/valid/007291_png.rf.b33e9d647d42777054dfb5f46d23bbad.jpg 384,217,400,242,3,0.450328 386,216,402,241,4,0.208470
/home/dysjin/data/CARLA.v20-carla_v20.coco/valid/Town05_005820_png.rf.abc3e70595852b4f2320e8b55c805a27.jpg 302,187,334,220,6,0.570874 316,182,335,198,6,0.001725 356,175,367,191,3,0.001115
/home/dysjin/data/CARLA.v20-carla_v20.coco/valid/Town05_006960_png.rf.9d31f2ffd8a1d723122d28555c0e3321.jpg 287,185,296,208,1,0.089535 612,183,640,320,0,0.009929 280,178,297,212,0,0.002165 610,196,640,351,6,0.001951 608,214,638,380,2,0.001517 563,216,638,380,6,0.001216 616,165,640,299,2,0.001001
/home/dysjin/data/CARLA.v20-carla_v20.coco/valid/Town02_009720_png.rf.b20474373a38fe973889a895d5aba03e.jpg 298,196,347,252,6,0.350695
/home/dysjin/data/CARLA.v20-carla_v20.coco/valid/Town01_002220_png.rf.9b6e376c042a4b43cdf2a33f00250d62.jpg 208,197,438,380,6,0.760511 116,0,529,380,6,0.005795 286,185,295,206,0,0.001003
/home/dysjin/data/CARLA.v20-carla_v20.coco/valid/Town01_003900_png.rf.b43a572a2d61a01bb389880cf86179de.jpg 207,201,451,380,6,0.763385 116,0,530,380,6,0.005943
/home/dysjin/data/CARLA.v20-carla_v20.coco/valid/029067_png.rf.b686edaf28a0971571945f7b069613d5.jpg 540,211,583,348,2,0.756800
/home/dysjin/data/CARLA.v20-carla_v20.coco/valid/Town02_004200_png.rf.b4d2f32e1287253b4f35bf521927be39.jpg 271,188,290,210,6,0.309098
/home/dysjin/data/CARLA.v20-carla_v20.coco/valid/Town02_002100_png.rf.b49da10e2c41ab65d4c132e46f15d3e3.jpg 300,195,334,287,1,0.605615 274,187,289,205,6,0.337045 0,183,14,214,6,0.161992 310,194,335,272,0,0.019249 4,187,22,211,6,0.010861 310,188,322,205,6,0.006611 0,192,27,217,6,0.003262 0,184,39,209,6,0.001790 320,189,330,206,6,0.001023
/home/dysjin/data/CARLA.v20-carla_v20.coco/valid/003752_png.rf.bb0716bc5b93fa8b10f41577e20a2f35.jpg 398,215,422,244,3,0.472200 399,215,421,244,4,0.267624
/home/dysjin/data/CARLA.v20-carla_v20.coco/valid/138327_png.rf.b4aecc174d58e25a6e680c2468864172.jpg 16,235,43,298,2,0.416000 4,228,36,314,2,0.102252 1,215,15,320,2,0.001358
/home/dysjin/data/CARLA.v20-carla_v20.coco/valid/Town05_009600_png.rf.b886b3525f44da0ae66796230d91b958.jpg 108,185,203,235,6,0.657467 377,183,417,208,6,0.612210 466,190,500,216,6,0.563107 582,181,634,207,6,0.298186 155,188,219,226,6,0.069683 558,158,638,215,6,0.034924 548,181,595,204,6,0.012712 631,181,640,216,6,0.004025 413,177,430,197,6,0.002718 440,179,457,196,6,0.002051 528,179,542,196,6,0.001789
/home/dysjin/data/CARLA.v20-carla_v20.coco/valid/Town01_002340_png.rf.b8976b6d8f366e29aeb47fb3b3146b33.jpg 207,197,438,380,6,0.760065 283,188,296,209,1,0.028771 116,0,529,380,6,0.005842
/home/dysjin/data/CARLA.v20-carla_v20.coco/valid/Town05_009780_png.rf.c3069a0d7ec82f2e1960c0497cec36fe.jpg 288,198,346,257,6,0.390698 433,204,464,234,6,0.003473
/home/dysjin/data/CARLA.v20-carla_v20.coco/valid/Town05_002700_png.rf.b9dfa75f628efa31633800bb9dfee796.jpg 365,181,389,196,6,0.123334 378,183,393,197,6,0.026778 357,180,373,195,6,0.007506 392,175,404,192,6,0.004892 348,178,358,194,6,0.002307
/home/dysjin/data/CARLA.v20-carla_v20.coco/valid/005173_png.rf.c24ac196d86260d3a384e12093bfa5ef.jpg 476,189,525,244,3,0.197267 476,183,529,245,4,0.002567
/home/dysjin/data/CARLA.v20-carla_v20.coco/valid/Town01_005820_png.rf.c9053a957ff7561268673aaec9e095f0.jpg 296,185,340,310,1,0.761321 181,203,202,221,6,0.024041 188,201,212,219,6,0.015991 286,189,356,309,6,0.008355
/home/dysjin/data/CARLA.v20-carla_v20.coco/valid/Town01_011580_png.rf.c8aa9ea674a7d69974d55bf63b55ddbf.jpg 266,185,291,207,6,0.544729 582,187,639,221,6,0.505347 562,181,611,214,6,0.013248 630,190,640,226,6,0.009978 462,198,539,249,6,0.004460 556,183,567,208,3,0.002081 54,188,76,228,2,0.001616
/home/dysjin/data/CARLA.v20-carla_v20.coco/valid/Town01_007440_png.rf.bed11eeb1dde416bf8789b24a8a5c0f8.jpg 558,168,631,226,6,0.638259 263,188,276,212,6,0.158219 530,178,555,216,6,0.152570 263,192,274,215,1,0.101082 526,174,585,220,6,0.046127 592,175,640,220,6,0.002241 621,183,640,229,6,0.002083 259,188,276,219,0,0.001617
/home/dysjin/data/CARLA.v20-carla_v20.coco/valid/Town05_011760_png.rf.c548e0a947d80bc036151e4db99afcfa.jpg 5,197,212,341,6,0.697861 313,182,321,203,0,0.097775 318,183,325,202,1,0.016303 311,180,320,198,1,0.004711 6,0,254,380,6,0.002166 281,178,296,192,6,0.001268 306,175,323,210,0,0.001036
/home/dysjin/data/CARLA.v20-carla_v20.coco/valid/075708_png.rf.c1818fa586a2b613b2806f928a933d9d.jpg 0,248,180,432,6,0.685717 312,242,347,273,6,0.638449 173,243,240,300,6,0.567997 220,239,264,280,6,0.319955 250,239,268,276,0,0.005941 0,0,326,480,6,0.003312 214,243,244,291,6,0.002356 241,238,263,266,6,0.001117 0,209,71,480,6,0.001091
/home/dysjin/data/CARLA.v20-carla_v20.coco/valid/Town05_009900_png.rf.c90bd5781f975f44de47fd794a1f9ac6.jpg 363,184,430,256,6,0.682301 329,187,345,206,6,0.002407 334,163,447,282,6,0.001859
/home/dysjin/data/CARLA.v20-carla_v20.coco/valid/Town05_009660_png.rf.cc2e0d6a11c64dbe092a6e9321c6a170.jpg 223,181,414,330,6,0.746941 418,189,462,210,6,0.347272 629,180,640,212,6,0.004927 190,0,464,380,6,0.002001 614,183,637,204,6,0.001789 343,185,354,207,1,0.001109
/home/dysjin/data/CARLA.v20-carla_v20.coco/valid/003769_png.rf.c5c0c17fa97551316c57744e9608f796.jpg 491,182,547,252,3,0.159268 491,179,542,247,4,0.008023 309,236,324,255,6,0.001341
/home/dysjin/data/CARLA.v20-carla_v20.coco/valid/121197_png.rf.c99e70822c663f40252f74e6b2ad5094.jpg 232,253,410,385,6,0.734765 209,0,450,480,6,0.001389
/home/dysjin/data/CARLA.v20-carla_v20.coco/valid/004966_png.rf.c9d8d72d0920460b612251c5fddc5770.jpg 429,202,467,240,3,0.489089 432,200,479,239,4,0.004497 432,209,464,236,6,0.001406
/home/dysjin/data/CARLA.v20-carla_v20.coco/valid/Town01_006240_png.rf.cc5628eb556a5a5bd1824a8d19313b41.jpg 310,190,324,209,6,0.195111 317,192,326,216,1,0.177246 596,198,640,239,6,0.051283 301,185,312,203,6,0.008029 625,186,640,255,6,0.007792 313,183,329,215,0,0.004677 583,178,635,215,6,0.003052 612,160,640,250,6,0.002827 0,185,10,255,2,0.002608
/home/dysjin/data/CARLA.v20-carla_v20.coco/valid/001638_png.rf.c98e4c5bc2a68de358073a26469c81b2.jpg 422,207,456,241,3,0.518422 424,209,462,240,4,0.048822
/home/dysjin/data/CARLA.v20-carla_v20.coco/valid/051274_png.rf.d5f64278c64b556983082379a316485f.jpg 558,164,631,268,3,0.502728 554,163,626,257,4,0.380039
/home/dysjin/data/CARLA.v20-carla_v20.coco/valid/Town01_001440_png.rf.e4b4351effd31d5b433710cffb8243e4.jpg 385,175,401,193,3,0.322649 386,175,402,193,4,0.182374
/home/dysjin/data/CARLA.v20-carla_v20.coco/valid/019121_png.rf.deb86464dd224ac85f75272f851fc0a8.jpg 508,236,558,256,6,0.503575 544,238,571,258,6,0.152283 505,242,525,257,6,0.045499 395,245,410,294,2,0.013402 558,234,578,255,6,0.002597
/home/dysjin/data/CARLA.v20-carla_v20.coco/valid/041811_png.rf.e8d4c17844854d24f9b2bec66a8a8889.jpg 48,222,64,242,3,0.347287 0,240,14,297,6,0.136513 0,240,41,277,6,0.009454 0,239,10,283,6,0.007254 0,243,11,314,6,0.004179 1,217,31,300,6,0.002078 5,246,23,272,6,0.001638
/home/dysjin/data/CARLA.v20-carla_v20.coco/valid/041657_png.rf.e06a4a0ae870ee5d8dbe97fc65b5b666.jpg 303,241,332,308,0,0.253069
/home/dysjin/data/CARLA.v20-carla_v20.coco/valid/001519_png.rf.e42bb854e84b40164ed2795569b2eb6f.jpg 573,219,589,243,4,0.223956 571,217,591,246,3,0.018555 607,85,638,223,4,0.008709 630,227,639,266,6,0.001642 609,52,640,217,6,0.001184
/home/dysjin/data/CARLA.v20-carla_v20.coco/valid/Town02_005280_png.rf.ec981f5d8aec80a53ec1f9961c2321af.jpg 54,195,131,223,6,0.540433 158,194,209,266,0,0.249813 149,194,217,268,6,0.038746 155,200,208,279,1,0.029762 102,199,133,221,6,0.014529 1,189,13,224,6,0.010351 143,172,230,284,0,0.003418 187,189,211,258,0,0.002251 631,184,640,257,6,0.001220 174,193,221,262,1,0.001213 88,197,119,222,6,0.001187 63,198,97,218,6,0.001014
/home/dysjin/data/CARLA.v20-carla_v20.coco/valid/001509_png.rf.ed3baed466e7f65c1a01fb57bf942b65.jpg 573,219,589,243,3,0.243936 607,85,638,222,4,0.007884 609,53,640,216,6,0.001258 630,227,639,266,6,0.001125
/home/dysjin/data/CARLA.v20-carla_v20.coco/valid/033890_png.rf.e368755037cdc345b45b625d64db27a1.jpg 240,236,421,367,6,0.749785 591,226,631,328,2,0.677537 206,0,453,480,6,0.001259 1,232,12,305,2,0.001065 248,239,276,377,1,0.001005
/home/dysjin/data/CARLA.v20-carla_v20.coco/valid/075724_png.rf.e0c3e9a2b7f318c71e76ccdcb0dda6a1.jpg 297,242,329,269,6,0.622074 71,248,199,332,6,0.598515 0,246,76,456,6,0.567855 195,243,244,282,6,0.293033 224,241,245,282,1,0.031508 121,246,226,317,6,0.016969 0,265,75,480,6,0.015100 0,262,66,355,6,0.007460 615,232,633,258,6,0.003889 36,185,237,409,6,0.002890 32,265,153,328,6,0.002639 217,241,253,279,6,0.001795 296,241,312,262,6,0.001585 285,239,296,257,6,0.001356
/home/dysjin/data/CARLA.v20-carla_v20.coco/valid/112477_png.rf.ecf5d82849f8b68362ce65c8d2645a1c.jpg 337,236,361,297,2,0.538110 331,243,374,290,1,0.002298 586,233,629,256,6,0.002288 627,231,639,264,6,0.001006
/home/dysjin/data/CARLA.v20-carla_v20.coco/valid/Town02_001980_png.rf.ee7206fcf98c96c61f2900b25e79ce20.jpg 296,187,337,314,1,0.785464 2,189,59,218,6,0.405710 304,173,338,300,6,0.040755 157,181,177,216,1,0.009575 0,179,12,214,6,0.003539 42,194,68,218,6,0.002285 5,186,27,211,6,0.001247 285,171,347,301,0,0.001155 166,192,182,218,1,0.001090
/home/dysjin/data/CARLA.v20-carla_v20.coco/valid/026829_png.rf.e6f26e62f316568466a95ba7fd18d850.jpg 375,220,390,242,3,0.406147 1,221,15,292,2,0.001603
/home/dysjin/data/CARLA.v20-carla_v20.coco/valid/007076_png.rf.d635d979c35f5dd6da756ef9889aef0b.jpg 396,214,418,243,3,0.392637 397,214,417,244,4,0.193128 397,214,417,240,5,0.070245
/home/dysjin/data/CARLA.v20-carla_v20.coco/valid/112475_png.rf.df928fa484eb08e1454caacc1e194352.jpg 335,234,357,298,2,0.390870 585,233,630,255,6,0.003707 329,242,367,292,4,0.001250 627,231,639,263,6,0.001119
/home/dysjin/data/CARLA.v20-carla_v20.coco/valid/Town02_006960_png.rf.eedfb90c1deb0d66a31341acd2e08f4f.jpg 2,176,30,211,6,0.561849 581,173,640,246,6,0.467430 148,158,166,183,3,0.344943 567,137,640,270,6,0.003068 1,171,15,206,6,0.001847
/home/dysjin/data/CARLA.v20-carla_v20.coco/valid/Town05_010860_png.rf.f31c0584fff1474ad2b0f4132e874f7d.jpg 0,176,57,210,6,0.583441 310,181,332,256,0,0.380340 312,184,330,271,1,0.015473 307,182,320,196,6,0.002111 0,191,11,219,6,0.001987 309,185,323,213,6,0.001869
/home/dysjin/data/CARLA.v20-carla_v20.coco/valid/Town05_004800_png.rf.ee7c080c8716cb366969ca625bb6d68b.jpg 240,184,270,203,6,0.514389
/home/dysjin/data/CARLA.v20-carla_v20.coco/valid/Town05_009840_png.rf.f5040ce45ecca2822cb3b1b4ea8a6f61.jpg 295,191,356,253,6,0.622673 350,191,369,248,0,0.002146
/home/dysjin/data/CARLA.v20-carla_v20.coco/valid/041861_png.rf.f5f3812ca6c536c5c25bea3d596be111.jpg 105,240,220,309,6,0.657871 402,214,429,243,3,0.469406 301,231,323,294,0,0.393566 301,238,322,294,1,0.346697 404,216,427,242,4,0.169780
/home/dysjin/data/CARLA.v20-carla_v20.coco/valid/Town02_003120_png.rf.f36fecf8d2ee4965c1f3bddaaaad5f33.jpg 416,187,486,221,6,0.485526 614,189,638,222,6,0.048716 624,198,640,259,6,0.007010 407,191,449,220,6,0.002653 607,198,640,238,6,0.001327
/home/dysjin/data/CARLA.v20-carla_v20.coco/valid/003755_png.rf.f6343810071c5f5401b5697ef363285d.jpg 408,213,432,243,3,0.390694 409,212,430,246,4,0.100295
/home/dysjin/data/CARLA.v20-carla_v20.coco/valid/Town01_003300_png.rf.fae28071a74fa02928094ff14cdbb3aa.jpg 279,205,365,276,6,0.732173 165,186,213,208,6,0.025399 280,191,297,208,6,0.001991
/home/dysjin/data/CARLA.v20-carla_v20.coco/valid/138255_png.rf.fbf65e3e930393318a8312fdaefcae24.jpg 58,229,80,295,2,0.545225 51,229,70,295,2,0.002904
/home/dysjin/data/CARLA.v20-carla_v20.coco/valid/005373_png.rf.f68e0e113c5193c933cbee38c6a6bc2d.jpg 146,235,162,267,2,0.436300 154,236,169,265,2,0.367507 0,223,11,298,2,0.093855 139,232,151,269,2,0.086913 138,238,177,267,3,0.003295 1,203,10,299,2,0.002958 167,235,178,265,2,0.001954 1,246,9,288,2,0.001470 134,235,178,265,1,0.001352 141,234,186,263,6,0.001145
/home/dysjin/data/CARLA.v20-carla_v20.coco/valid/001630_png.rf.ff5ced110f03f998a7a6998ddf647fd2.jpg 409,213,436,243,3,0.501580 411,214,433,243,4,0.125710
/home/dysjin/data/CARLA.v20-carla_v20.coco/valid/006662_png.rf.fa42143249c7b6a780238796639341d3.jpg 463,226,498,313,2,0.434657
/home/dysjin/data/CARLA.v20-carla_v20.coco/valid/Town05_004860_png.rf.f5c138159cbce172c63fa9a736f9c655.jpg 240,184,271,203,6,0.476320 221,177,266,201,6,0.008027
/home/dysjin/data/CARLA.v20-carla_v20.coco/valid/Town01_008460_png.rf.03f3160d63f090b29499596ec3c8c4b5.jpg 38,191,131,251,6,0.709280 556,190,634,224,6,0.388857 542,193,586,223,6,0.019701 631,179,640,219,6,0.010309 514,192,558,219,6,0.002928 599,182,640,212,6,0.001995 525,188,545,208,6,0.001248 615,187,635,209,6,0.001027
/home/dysjin/data/CARLA.v20-carla_v20.coco/valid/005508_png.rf.0ab3da1b4970047c9b42e5bbe5d4e6f1.jpg 32,226,55,285,2,0.652192 93,227,125,316,2,0.447931 34,227,72,306,2,0.002503 25,233,67,279,1,0.001454
/home/dysjin/data/CARLA.v20-carla_v20.coco/valid/Town01_006180_png.rf.089d25ecaf49fe28c7f3bf0c3614732b.jpg 313,190,323,219,1,0.329738 312,187,324,215,6,0.069395 308,186,324,222,0,0.035322 359,172,414,194,6,0.002437
/home/dysjin/data/CARLA.v20-carla_v20.coco/valid/Town02_008340_png.rf.044a76656e2e2fe428cd425926d9acbe.jpg 555,190,615,220,6,0.589089 166,192,233,241,6,0.377296 268,178,286,198,6,0.004007 559,189,583,213,6,0.002612 600,184,640,211,6,0.002127 630,181,640,215,6,0.002074 153,212,215,245,6,0.001248
/home/dysjin/data/CARLA.v20-carla_v20.coco/valid/075710_png.rf.0b62bb94157d1f2113ac6bbefe158022.jpg 0,249,180,432,6,0.688716 315,242,351,271,6,0.645355 173,243,240,301,6,0.553172 220,239,263,280,6,0.298904 250,238,268,277,0,0.004871 213,243,245,291,6,0.003524 0,0,325,480,6,0.003130 0,203,70,480,6,0.001184
/home/dysjin/data/CARLA.v20-carla_v20.coco/valid/041689_png.rf.0d648fbd58416a80b414e4503d51c42e.jpg 300,237,334,312,0,0.218408 309,244,333,312,1,0.108006
/home/dysjin/data/CARLA.v20-carla_v20.coco/valid/003751_png.rf.0ff9ef7c8c8e4f5eab52437609a3b501.jpg 396,216,419,242,3,0.473874 396,215,418,244,4,0.322757
/home/dysjin/data/CARLA.v20-carla_v20.coco/valid/Town02_008820_png.rf.135414697b8215dc125af6b125d3058c.jpg 272,204,363,352,6,0.722647 514,180,556,210,6,0.524347 386,181,437,205,6,0.118021 566,181,621,212,6,0.111147 531,179,588,210,6,0.007336 401,182,425,197,6,0.001438
/home/dysjin/data/CARLA.v20-carla_v20.coco/valid/006664_png.rf.1466f666c872e94bac27eba56bbdfb5b.jpg 479,228,520,322,2,0.698631 476,247,498,315,2,0.027590
/home/dysjin/data/CARLA.v20-carla_v20.coco/valid/014570_png.rf.1235b2ca71c181a49fda1bb53eaa19cd.jpg 434,229,455,287,2,0.653516 69,238,120,262,6,0.553930 303,240,331,262,6,0.350551 1,205,12,291,2,0.010965 1,217,13,296,2,0.009209
/home/dysjin/data/CARLA.v20-carla_v20.coco/valid/112550_png.rf.1ca2fa82e03653536df85cf5faf5753c.jpg 523,224,546,290,2,0.302975 582,231,632,255,6,0.005141
/home/dysjin/data/CARLA.v20-carla_v20.coco/valid/Town02_000780_png.rf.16d5987bcdc7d08470c1b3e757e128e5.jpg 300,193,346,309,1,0.745001 281,183,300,203,6,0.570389 303,175,341,300,0,0.261157 52,182,114,212,6,0.236716 286,192,358,308,6,0.006768 332,179,346,196,6,0.003575 81,182,121,208,6,0.002251 1,176,13,239,6,0.001120
/home/dysjin/data/CARLA.v20-carla_v20.coco/valid/Town02_001500_png.rf.1e8a22666698f8954863a9939bc59942.jpg 186,192,213,217,6,0.434129 606,200,640,296,6,0.013538 622,227,640,284,6,0.007087 605,169,639,291,2,0.006068
/home/dysjin/data/CARLA.v20-carla_v20.coco/valid/Town05_004620_png.rf.0e4a190ca586e0e90df6b90be2c83f5b.jpg 397,175,451,209,6,0.538981 285,183,300,200,6,0.105562 346,181,361,197,6,0.094785 599,182,640,206,6,0.013438 577,192,636,223,6,0.004829 364,178,381,195,6,0.002953 630,180,640,209,6,0.002429
/home/dysjin/data/CARLA.v20-carla_v20.coco/valid/006578_png.rf.21f08e8ed63ab67b3ef05528af8ef9e6.jpg 264,234,294,257,6,0.448991 372,221,385,241,3,0.428734 613,243,640,352,2,0.002056
/home/dysjin/data/CARLA.v20-carla_v20.coco/valid/Town01_004320_png.rf.1f6552094735eb0bd49b614b7e584c58.jpg 268,195,375,290,6,0.658839
/home/dysjin/data/CARLA.v20-carla_v20.coco/valid/Town02_006720_png.rf.2632fd4f3d65ff215e84d472badfd870.jpg 580,177,640,221,6,0.518406 271,190,289,210,6,0.316412 566,177,579,199,3,0.026647 276,187,291,210,1,0.015957 565,181,578,209,6,0.004947 562,178,617,210,6,0.004121 0,142,10,225,2,0.003137 0,151,12,238,6,0.002530 495,182,549,210,6,0.002411 112,193,170,217,6,0.001217 554,184,572,207,6,0.001199
/home/dysjin/data/CARLA.v20-carla_v20.coco/valid/Town05_006900_png.rf.2eaa1f5f6de8c6bffcd968f78f2f53b4.jpg 237,172,259,229,0,0.426241 612,183,640,321,0,0.010856 242,185,254,228,1,0.009266 610,195,640,352,6,0.002289 608,214,638,380,2,0.001696 564,217,638,380,6,0.001276
/home/dysjin/data/CARLA.v20-carla_v20.coco/valid/005482_png.rf.1eef94cb1d26525ab4b64d28fc9be58d.jpg 2,221,29,322,2,0.479368 4,256,26,326,2,0.002035 0,214,21,366,2,0.001585 475,243,522,273,6,0.001528
/home/dysjin/data/CARLA.v20-carla_v20.coco/valid/138251_png.rf.2622df013f55b1f57387212b95c87241.jpg 78,230,98,294,2,0.444038
/home/dysjin/data/CARLA.v20-carla_v20.coco/valid/007070_png.rf.2316a0a54db7e4a749f421570aadd160.jpg 382,217,403,242,4,0.334011 380,216,404,244,3,0.171462 388,216,401,239,6,0.003976
/home/dysjin/data/CARLA.v20-carla_v20.coco/valid/Town05_010920_png.rf.2325292b5e147dc41c10fe128f6256f9.jpg 302,174,345,289,0,0.790701 317,176,332,195,6,0.003646 296,177,311,193,6,0.003288 277,182,365,277,2,0.002106 305,178,323,194,6,0.001812
/home/dysjin/data/CARLA.v20-carla_v20.coco/valid/Town01_006420_png.rf.2b897cd6227874bc930ae1c7e17e3b3b.jpg 316,188,326,212,1,0.081120 313,187,324,209,6,0.063113 313,182,329,214,0,0.001839 0,167,11,251,2,0.001133
/home/dysjin/data/CARLA.v20-carla_v20.coco/valid/Town05_006780_png.rf.253c814d6e368b92a888141244ca1a16.jpg 169,182,209,256,1,0.276578 171,173,210,252,0,0.089922 173,193,212,249,6,0.012319 353,175,370,194,6,0.001126
/home/dysjin/data/CARLA.v20-carla_v20.coco/valid/Town01_008280_png.rf.2f69ce357d9638b109b359e31c238ab4.jpg 281,191,303,210,6,0.157353 67,188,110,208,6,0.106389 315,192,332,209,6,0.067703 301,195,327,210,6,0.008856 446,195,500,217,6,0.001974
/home/dysjin/data/CARLA.v20-carla_v20.coco/valid/Town01_005100_png.rf.262bb9c3104b14f5fb633de3dafd0a52.jpg 576,181,598,219,6,0.013907 581,189,604,224,1,0.005092 575,172,637,232,6,0.001974 6,187,26,208,6,0.001496 0,179,11,211,6,0.001001
/home/dysjin/data/CARLA.v20-carla_v20.coco/valid/Town01_011940_png.rf.2554f5ab3ce2122d2ef300838472450f.jpg 569,197,599,222,6,0.454225 208,182,265,230,6,0.385633 0,174,37,212,6,0.003996 565,188,631,254,6,0.001891
/home/dysjin/data/CARLA.v20-carla_v20.coco/valid/041684_png.rf.2f70db5ab75442cd11fffa13a776ae97.jpg 300,238,335,315,0,0.349264 309,244,335,313,1,0.212808
/home/dysjin/data/CARLA.v20-carla_v20.coco/valid/Town05_010980_png.rf.2071755951cd753466eb2cc53fd2fe0c.jpg 302,183,343,282,0,0.688251 0,195,288,380,6,0.033099 0,0,393,380,6,0.001576 281,187,361,274,2,0.001444
/home/dysjin/data/CARLA.v20-carla_v20.coco/valid/112459_png.rf.33bdc5bd58f0f631808a95c4ceb9a78f.jpg 289,233,313,299,2,0.481392 585,232,630,255,6,0.004516 627,232,639,263,6,0.001125
/home/dysjin/data/CARLA.v20-carla_v20.coco/valid/041653_png.rf.31aa86a50239c7e6cbc52c66846dac06.jpg 303,240,332,308,0,0.224872 309,241,334,315,1,0.068429
/home/dysjin/data/CARLA.v20-carla_v20.coco/valid/041819_png.rf.374472e0a0868df264a4100cb7734e35.jpg 20,238,69,264,6,0.590913 175,220,187,243,3,0.365794 111,241,137,294,1,0.282381
/home/dysjin/data/CARLA.v20-carla_v20.coco/valid/Town05_010800_png.rf.3489607b659edfbc485537135e06f34b.jpg 6,193,121,270,6,0.605797 310,183,331,254,0,0.384924 130,182,172,203,6,0.184090 312,185,330,269,1,0.024873 297,182,310,196,6,0.003696 307,186,322,207,6,0.002991
/home/dysjin/data/CARLA.v20-carla_v20.coco/valid/Town02_001080_png.rf.2d29b90fb99ccf7727caeaa1914436b4.jpg 301,195,345,308,1,0.757488 280,186,298,203,6,0.656474 0,217,93,380,6,0.601076 100,186,223,278,6,0.523531 305,177,340,298,0,0.249518 323,183,333,203,0,0.021127 0,201,79,380,6,0.010789 288,193,356,307,6,0.007144 328,179,343,195,6,0.006694 323,180,334,196,6,0.006632 310,184,322,201,0,0.005459 0,211,79,310,6,0.004499 74,132,261,353,6,0.002758 30,190,78,218,6,0.002020 0,187,10,227,6,0.001784 0,178,9,216,6,0.001039
/home/dysjin/data/CARLA.v20-carla_v20.coco/valid/Town02_005700_png.rf.39e8547ff43ddaa06ed2b24f114c8a27.jpg 233,182,403,332,6,0.708920 283,183,299,202,6,0.253721 559,190,585,206,6,0.027343 290,177,304,199,6,0.010032 319,176,332,198,6,0.005487 307,175,321,195,6,0.001313 201,0,458,380,6,0.001258
/home/dysjin/data/CARLA.v20-carla_v20.coco/valid/Town02_002040_png.rf.3d0fd4b3b3749ac8ebdf480959eb8e66.jpg 296,192,337,312,1,0.681470 267,188,288,213,6,0.302591 0,190,126,367,6,0.241386 296,182,333,288,6,0.240880 270,183,311,211,6,0.124999 124,191,160,218,6,0.006042 264,187,276,209,6,0.005327 305,188,321,207,6,0.004336 289,192,311,214,6,0.002122 26,184,125,331,0,0.002088 139,179,162,215,6,0.001905 51,162,62,186,3,0.001228 57,178,107,212,6,0.001214
/home/dysjin/data/CARLA.v20-carla_v20.coco/valid/075707_png.rf.2ff4a82560cfe658387e361a6cc43ef0.jpg 0,249,181,432,6,0.685964 310,242,348,273,6,0.651223 174,242,240,300,6,0.576586 220,239,263,280,6,0.294815 238,233,264,271,6,0.010650 250,239,268,276,0,0.004769 237,244,262,287,1,0.004692 0,0,326,480,6,0.003240 214,242,244,291,6,0.002303
/home/dysjin/data/CARLA.v20-carla_v20.coco/valid/138320_png.rf.332f3bdf3abffc7dd973858c3061b801.jpg 58,228,79,292,2,0.594898
/home/dysjin/data/CARLA.v20-carla_v20.coco/valid/003766_png.rf.3dbe103da1003d1fb3bd18ad0d0894b4.jpg 462,193,506,242,3,0.322477 467,194,518,241,4,0.005390
/home/dysjin/data/CARLA.v20-carla_v20.coco/valid/121245_png.rf.3c6765f574e34bb200e320d55fc2ffe7.jpg 278,250,353,319,6,0.663764 249,217,379,345,6,0.003802
/home/dysjin/data/CARLA.v20-carla_v20.coco/valid/Town05_011040_png.rf.3f658b3c60547a5478cb61d6b76eb55c.jpg 311,178,330,216,0,0.373531 312,181,326,218,1,0.133385 308,182,344,265,0,0.001015
/home/dysjin/data/CARLA.v20-carla_v20.coco/valid/Town02_004920_png.rf.3cdedb8ebbe317a63567ec577e3789a8.jpg 311,182,332,241,0,0.432146 311,191,330,241,1,0.361071 555,216,640,285,6,0.001689
/home/dysjin/data/CARLA.v20-carla_v20.coco/valid/Town05_002760_png.rf.41faa57cc70298c90c62fe9f6a3f08c9.jpg 117,184,140,201,6,0.100478 254,176,267,197,6,0.016520 256,182,264,201,1,0.010465 306,174,327,190,6,0.001715 321,175,332,191,6,0.001593
/home/dysjin/data/CARLA.v20-carla_v20.coco/valid/Town02_001740_png.rf.4072bb166a4df4f9403df039e28a73f3.jpg 296,187,337,313,1,0.777634 287,192,355,307,6,0.002089 285,172,347,301,0,0.001103 60,169,119,201,6,0.001049
/home/dysjin/data/CARLA.v20-carla_v20.coco/valid/026849_png.rf.52e90800c02b90489d2521817c6942f7.jpg 422,207,456,241,3,0.545583 424,206,462,240,4,0.015968
/home/dysjin/data/CARLA.v20-carla_v20.coco/valid/Town02_001560_png.rf.44c7e46d6d34263ac9f429ccb2cd2655.jpg 80,192,94,222,1,0.428524 78,189,96,223,0,0.216972 72,186,93,216,1,0.046038 63,190,81,212,6,0.029031 67,191,100,216,6,0.008775 9,183,29,207,6,0.007571 19,183,34,206,6,0.002739 51,186,68,206,6,0.001962 5,164,29,208,6,0.001693 0,176,13,210,6,0.001545 0,153,16,214,6,0.001151
/home/dysjin/data/CARLA.v20-carla_v20.coco/valid/Town02_003420_png.rf.4347a7bee8aec9f5c84eb5295856f9a9.jpg 330,198,378,233,6,0.511078 17,189,96,234,6,0.394920 46,200,114,232,6,0.055096 350,192,392,226,6,0.007537 627,181,640,265,2,0.005790 1,183,15,234,6,0.003330 357,192,384,227,1,0.002273 5,198,24,224,6,0.001290 1,198,12,237,6,0.001221 626,198,640,263,6,0.001108 2,195,59,226,6,0.001058
/home/dysjin/data/CARLA.v20-carla_v20.coco/valid/Town01_006060_png.rf.3d76b002da6076434f028293d0c4a498.jpg 309,194,334,266,1,0.151630 299,190,336,262,0,0.134727 155,207,200,229,6,0.002113
/home/dysjin/data/CARLA.v20-carla_v20.coco/valid/Town02_007800_png.rf.4e6520c0e9dd39a93f5048a2caea0283.jpg 342,194,415,226,6,0.506952 609,189,637,229,6,0.321295 0,188,55,225,6,0.169222 321,190,357,223,6,0.067543 617,181,640,264,6,0.021876 309,188,325,204,6,0.016642 518,185,547,205,6,0.016095 392,204,432,230,6,0.008603 614,168,640,253,2,0.003432 576,188,592,209,6,0.002317 0,188,14,245,6,0.001554 535,185,558,206,6,0.001332 549,185,593,208,6,0.001247
/home/dysjin/data/CARLA.v20-carla_v20.coco/valid/Town01_001860_png.rf.53e5db5983ad00d8986ebdc44e1e76ef.jpg 213,197,432,380,6,0.771005 295,185,310,200,6,0.092813 319,185,335,200,6,0.030343 303,185,324,199,6,0.013677 118,0,526,380,6,0.004587 284,184,302,200,6,0.002609
/home/dysjin/data/CARLA.v20-carla_v20.coco/valid/Town01_006120_png.rf.405fede50ad311216cb9943968a5cdf5.jpg 319,193,332,218,1,0.480409 315,189,332,221,0,0.043802 313,191,326,217,1,0.001302 355,165,367,184,3,0.001132
/home/dysjin/data/CARLA.v20-carla_v20.coco/valid/041864_png.rf.51f1d81198f2e5b7a450f586235760ec.jpg 415,207,443,243,3,0.482925 75,243,200,316,6,0.453786 303,240,328,292,1,0.391510 310,243,331,290,0,0.054314 417,212,440,245,4,0.020817 122,221,229,303,6,0.002203 295,236,319,289,0,0.001124
/home/dysjin/data/CARLA.v20-carla_v20.coco/valid/Town01_012060_png.rf.58e57e1a7e8d4f630323ae1827ca68bc.jpg 569,197,599,222,6,0.449931 0,175,37,213,6,0.002540 564,188,633,254,6,0.001024
/home/dysjin/data/CARLA.v20-carla_v20.coco/valid/009044_png.rf.59d4a83882b4b6af242cbd9e0e31ba80.jpg 562,218,578,243,3,0.448224 563,215,577,240,4,0.073340 0,194,11,270,2,0.018866 0,187,10,255,3,0.018183 0,200,9,242,4,0.007492 0,195,10,295,2,0.002858
/home/dysjin/data/CARLA.v20-carla_v20.coco/valid/Town02_002520_png.rf.55f8a7c01a8e4b86c99a794d7b61cd5d.jpg 224,173,413,334,6,0.768271 172,194,226,232,6,0.565261 529,190,632,257,6,0.002327 182,0,473,380,6,0.001867
/home/dysjin/data/CARLA.v20-carla_v20.coco/valid/Town02_008760_png.rf.5bfb07b6a5fbe6700b4b9c150b9c6576.jpg 272,205,362,351,6,0.722611 517,180,555,209,6,0.427202 532,178,588,208,6,0.148439 387,181,436,205,6,0.094223 272,183,288,204,6,0.040343 573,180,620,206,6,0.020977 479,181,540,205,6,0.004879 277,183,291,204,1,0.004577 401,182,425,197,6,0.001596 563,177,583,200,6,0.001372
/home/dysjin/data/CARLA.v20-carla_v20.coco/valid/Town01_008100_png.rf.5942043a53e2ea3c62572bf7029ed896.jpg 278,189,297,204,6,0.528447 424,190,449,207,6,0.024401 389,196,408,215,6,0.023068 289,185,304,202,6,0.002448 358,184,370,205,6,0.001665 383,188,446,207,6,0.001398 342,187,358,206,6,0.001039
/home/dysjin/data/CARLA.v20-carla_v20.coco/valid/Town01_010680_png.rf.5537782525200ced228c602e6dcc3456.jpg 372,177,384,193,3,0.352284 231,186,245,209,1,0.001238
/home/dysjin/data/CARLA.v20-carla_v20.coco/valid/121155_png.rf.5eeb1497380edc240a771f68b9d34669.jpg 232,253,409,386,6,0.737252 562,214,595,311,2,0.698281 210,0,448,480,6,0.001397
/home/dysjin/data/CARLA.v20-carla_v20.coco/valid/007085_png.rf.5a7141063cfddac158b01dce18de1e48.jpg 429,207,464,242,3,0.369886 430,207,467,249,4,0.231715 431,212,462,239,6,0.002682
/home/dysjin/data/CARLA.v20-carla_v20.coco/valid/Town05_006720_png.rf.717ce1e22225ab6a97befb2b8effcc2a.jpg 181,192,219,248,6,0.053923 177,182,213,254,1,0.048870 100,182,154,202,6,0.028349 181,178,218,248,0,0.025849 318,179,336,193,6,0.008010 95,188,116,208,6,0.003447 201,180,221,242,0,0.001538 304,180,326,193,6,0.001451 297,179,309,193,6,0.001037
/home/dysjin/data/CARLA.v20-carla_v20.coco/valid/Town01_006600_png.rf.612f31973b2db2fda3ee5293fd937a64.jpg
/home/dysjin/data/CARLA.v20-carla_v20.coco/valid/112469_png.rf.4fea3a1e3f0858f468ecb362968a08fb.jpg 313,235,340,296,2,0.422685 310,241,350,291,1,0.002649 585,233,630,256,6,0.002184 627,231,639,263,6,0.001214
/home/dysjin/data/CARLA.v20-carla_v20.coco/valid/Town05_009540_png.rf.67accf9da191af14c5f05da1b6fe1e58.jpg 605,189,635,207,6,0.142140 625,183,638,211,6,0.003074
/home/dysjin/data/CARLA.v20-carla_v20.coco/valid/041820_png.rf.69e77a8e269d90d89efc21e5026a7083.jpg 34,243,78,265,6,0.601287 116,240,144,293,1,0.249411 183,221,195,245,4,0.025180 114,231,147,302,0,0.004223
/home/dysjin/data/CARLA.v20-carla_v20.coco/valid/121278_png.rf.6607158f1164a75baf620dcb66d1b07e.jpg 280,253,363,318,6,0.703806 243,241,262,260,6,0.027285 250,219,383,342,6,0.003486 6,235,26,260,6,0.001194
/home/dysjin/data/CARLA.v20-carla_v20.coco/valid/Town02_004620_png.rf.7280640e1c163e7c4b28010b90659788.jpg 230,199,403,338,6,0.722621 282,183,297,202,6,0.055199 317,182,330,203,6,0.048566 291,183,309,200,6,0.005141 280,176,321,198,6,0.005034 130,183,172,206,6,0.002062 208,0,450,380,6,0.001333
/home/dysjin/data/CARLA.v20-carla_v20.coco/valid/Town05_016500_png.rf.75b431585ae9c755044e81517b796324.jpg 131,190,217,243,6,0.729505 0,194,86,295,6,0.664730 347,190,396,232,6,0.552967 460,178,477,197,3,0.250635 458,179,475,195,4,0.198438 369,191,397,230,0,0.005866 337,181,347,205,0,0.005707 1,178,11,216,6,0.005541 0,189,11,224,6,0.004783 333,177,352,234,0,0.004361 334,179,346,196,6,0.002200 340,179,355,198,6,0.001359
/home/dysjin/data/CARLA.v20-carla_v20.coco/valid/Town02_001020_png.rf.79741d4293c684a4f4e895c08f1290d5.jpg 302,188,345,312,1,0.763732 0,218,93,380,6,0.531157 300,178,336,291,0,0.372297 280,187,299,204,6,0.260002 280,183,324,205,6,0.127964 193,180,214,213,1,0.018200 0,200,81,380,6,0.009866 286,188,358,309,6,0.003031 316,183,334,206,6,0.002712 0,212,76,309,6,0.001913 300,180,347,206,6,0.001594 31,191,76,218,6,0.001195
/home/dysjin/data/CARLA.v20-carla_v20.coco/valid/004996_png.rf.758bfe0873e6cba6e1d99146894cae01.jpg 492,260,511,321,2,0.587908
/home/dysjin/data/CARLA.v20-carla_v20.coco/valid/Town02_001620_png.rf.77cda18f042297c4b15936a35acef602.jpg 309,186,334,255,1,0.328349 303,182,330,239,0,0.063472 300,180,330,219,6,0.001700
/home/dysjin/data/CARLA.v20-carla_v20.coco/valid/112362_png.rf.868e587d8bdd37c81e4872223fbdbeb4.jpg 152,230,170,281,2,0.596793 585,233,631,256,6,0.001734 627,231,639,263,6,0.001310 140,236,178,274,3,0.001110
/home/dysjin/data/CARLA.v20-carla_v20.coco/valid/Town05_010080_png.rf.88fb23d739ffa2beacd3c5735d172d03.jpg 272,185,285,200,6,0.427153 313,183,324,212,1,0.274001 312,178,329,216,0,0.149620 278,180,292,197,6,0.001320 262,183,275,200,6,0.001256 300,183,312,203,6,0.001093
/home/dysjin/data/CARLA.v20-carla_v20.coco/valid/026847_png.rf.7a28094ba474fb2fab06e58f1ebea83c.jpg 413,207,446,242,3,0.547146 414,211,445,245,4,0.008810
/home/dysjin/data/CARLA.v20-carla_v20.coco/valid/075709_png.rf.7dd638ab9af378bf60aaa2fb92a0aea4.jpg 0,249,180,432,6,0.689638 315,242,351,271,6,0.637503 173,243,239,300,6,0.545479 220,239,263,280,6,0.336301 236,244,262,287,1,0.010307 250,239,268,276,0,0.008419 0,0,326,480,6,0.003216 213,244,245,290,6,0.002307 0,203,70,480,6,0.001302 252,243,267,276,1,0.001002
/home/dysjin/data/CARLA.v20-carla_v20.coco/valid/Town02_007380_png.rf.8809896fc46f6266a6729640bbc68e4c.jpg 564,190,630,221,6,0.415192 274,188,287,206,6,0.023371 596,182,640,216,6,0.003874 541,191,620,246,6,0.003662 630,191,640,225,6,0.002274 273,193,282,213,1,0.001208 576,177,640,229,6,0.001127
/home/dysjin/data/CARLA.v20-carla_v20.coco/valid/Town01_007500_png.rf.7e4c2487265d812d93246e09a19aeab2.jpg 555,159,635,226,6,0.693055 256,189,281,212,6,0.517384 531,176,554,214,6,0.123405 520,169,601,224,6,0.003689
/home/dysjin/data/CARLA.v20-carla_v20.coco/valid/Town05_007500_png.rf.8a81a882e564e9e99b5c951d3e18dbbc.jpg 351,178,396,204,6,0.673341 254,176,268,197,1,0.004417 304,175,320,194,6,0.004235 349,178,361,200,6,0.002738 249,175,264,194,6,0.002106 131,183,176,203,6,0.001410
/home/dysjin/data/CARLA.v20-carla_v20.coco/valid/Town02_005520_png.rf.8a9d2ba4122736ea3845c9e405936cce.jpg 55,195,131,222,6,0.464880 609,191,638,228,6,0.243021 94,198,131,220,6,0.035299 1,190,13,224,6,0.014473 629,184,639,218,6,0.001148
/home/dysjin/data/CARLA.v20-carla_v20.coco/valid/041735_png.rf.891d950e6341a379e0a80f54f49c126a.jpg 274,241,303,304,1,0.300858 273,235,307,308,0,0.122308
/home/dysjin/data/CARLA.v20-carla_v20.coco/valid/041669_png.rf.8f16c7cc68671f71ba068edf120b2a61.jpg 300,235,334,314,0,0.296306 309,241,334,314,1,0.095066
/home/dysjin/data/CARLA.v20-carla_v20.coco/valid/003814_png.rf.9123d8ff8e23490d6f5201cb816e4fc2.jpg 548,173,617,259,3,0.519087 291,235,319,261,6,0.487792
/home/dysjin/data/CARLA.v20-carla_v20.coco/valid/005413_png.rf.9000d6e877ce40e1d5bd5387ece453c2.jpg 105,232,122,281,2,0.676847 83,228,105,293,2,0.657052 91,233,115,283,2,0.092131 96,238,138,273,3,0.001321 536,247,624,306,6,0.001121
/home/dysjin/data/CARLA.v20-carla_v20.coco/valid/Town01_001500_png.rf.9254a251a5c6eb6313adba6a6adf1620.jpg 387,177,404,193,3,0.325646
/home/dysjin/data/CARLA.v20-carla_v20.coco/valid/Town05_004680_png.rf.93664881511a21c1adf050e2e8993477.jpg 331,166,411,221,6,0.724605 245,183,268,204,6,0.594176 323,174,363,215,6,0.003662 282,176,295,197,6,0.001998 264,179,284,197,6,0.001684
/home/dysjin/data/CARLA.v20-carla_v20.coco/valid/138312_png.rf.93c512dad514948e54a85fd6860eba4e.jpg 96,229,114,282,2,0.612574 0,240,10,325,2,0.001667
/home/dysjin/data/CARLA.v20-carla_v20.coco/valid/005160_png.rf.922d9f2da21b5b11121905df87e629d7.jpg 400,215,430,242,3,0.437996 400,211,432,242,4,0.256757 628,225,640,320,2,0.001055
