/home/dysjin/data/CARLA.v20-carla_v20.coco/valid/Town05_011820_png.rf.a721d4435d03a17b63243ff374e790d2.jpg 15,178,98,233,6,0.644901 5,0,143,287,6,0.078563 311,188,321,200,0,0.066728 0,0,261,282,6,0.043824 443,164,459,186,4,0.024681 157,167,173,184,6,0.015276 255,169,270,183,6,0.012272 0,190,69,231,6,0.011927 317,188,329,198,0,0.011404 257,177,271,189,6,0.006877 309,182,321,195,6,0.006812 0,0,640,380,6,0.005702 158,173,170,191,6,0.003984 0,0,640,252,6,0.003974 318,183,332,195,6,0.003770 0,0,486,380,6,0.002725 247,176,262,188,6,0.002557 331,180,345,192,6,0.001676 10,41,103,262,6,0.001653 0,0,640,334,6,0.001648 2,192,31,231,6,0.001435 438,166,463,202,4,0.001163 405,173,417,192,4,0.001153 107,165,123,181,6,0.001097 258,189,271,202,0,0.001095 96,164,116,182,6,0.001045
/home/dysjin/data/CARLA.v20-carla_v20.coco/valid/Town05_005760_png.rf.a5aa9e8688171e7bfb57f36e4a648f69.jpg 311,186,327,204,6,0.842959 304,168,329,211,6,0.095927 103,183,114,206,0,0.057663 31,0,293,340,6,0.052342 98,168,118,207,0,0.020278 343,150,354,168,3,0.018692 355,178,368,192,6,0.012111 315,194,328,212,6,0.011524 381,164,396,181,3,0.010951 392,165,403,182,3,0.010486 393,165,412,230,2,0.010238 0,0,636,153,6,0.009429 255,167,271,184,6,0.009234 258,175,269,188,0,0.007776 335,152,346,167,3,0.007157 0,7,640,124,6,0.005036 0,44,401,184,6,0.002745 0,139,25,310,0,0.002501 0,166,25,329,0,0.002117 137,0,226,203,6,0.002079 354,187,368,201,6,0.002043 410,169,434,229,6,0.001763 316,167,335,184,6,0.001400 355,166,365,181,3,0.001341 106,177,118,198,0,0.001331 366,177,383,192,6,0.001328 234,179,247,191,6,0.001153 6,163,30,178,6,0.001037 95,0,176,222,6,0.001024
/home/dysjin/data/CARLA.v20-carla_v20.coco/valid/075705_png.rf.9f5447b468e0280dc956a534954f8a5e.jpg 306,237,352,278,6,0.932264 0,243,174,428,6,0.765094 173,239,247,303,6,0.761141 237,239,264,279,6,0.391507 0,203,77,480,6,0.046501 252,248,266,272,6,0.045875 0,302,74,480,6,0.034091 217,248,262,287,6,0.032864 355,226,368,245,6,0.015079 60,229,165,389,6,0.007347 9,311,132,480,6,0.007193 227,258,255,279,6,0.006443 0,349,75,480,6,0.005286 0,16,202,480,2,0.005086 64,242,157,318,6,0.004404 284,240,297,252,6,0.003037 0,0,77,198,6,0.002874 0,317,45,480,6,0.002100 0,0,284,382,6,0.001860 143,230,172,365,1,0.001784 294,240,307,256,6,0.001531 227,231,255,273,6,0.001448
/home/dysjin/data/CARLA.v20-carla_v20.coco/valid/Town02_006840_png.rf.a4a970c10202604d1dd8c41fe9097525.jpg 578,183,640,226,6,0.687893 0,150,14,213,3,0.222961 344,188,359,206,1,0.063919 494,210,507,234,1,0.052693 565,174,579,196,3,0.034218 1,160,11,201,4,0.034087 561,174,586,217,0,0.023602 491,205,510,241,0,0.018599 0,158,13,231,3,0.017637 559,179,612,218,6,0.012562 1,174,14,244,6,0.011834 155,201,176,214,6,0.010802 1,185,14,255,6,0.005319 4,155,23,208,3,0.004771 345,179,360,198,6,0.003678 350,188,372,203,6,0.003547 139,201,168,214,6,0.003240 524,188,543,207,6,0.003182 125,195,181,218,6,0.003109 564,181,582,208,6,0.002815 198,190,211,203,6,0.002463 16,0,101,137,6,0.002463 206,191,219,203,6,0.002243 1,175,11,214,4,0.002093 341,180,361,214,0,0.002000 0,125,13,201,3,0.001978 525,178,542,197,6,0.001853 332,189,347,204,6,0.001488 440,185,453,202,3,0.001405 127,200,156,215,6,0.001248 619,171,639,230,6,0.001213 306,191,319,202,6,0.001179 626,0,637,-56,5,0.001111 319,191,333,203,6,0.001041
/home/dysjin/data/CARLA.v20-carla_v20.coco/valid/Town02_002640_png.rf.ac6bee6a9e4c4b2a1e149670c97196c1.jpg 297,183,365,253,6,0.779169 264,197,289,215,6,0.754713 392,172,403,188,4,0.325820 392,169,401,186,3,0.037327 300,184,329,238,6,0.016072 261,190,308,219,6,0.009333 307,186,322,203,6,0.008360 385,169,408,196,3,0.005608 259,191,276,208,6,0.004094 275,192,298,211,6,0.003995 71,209,82,233,1,0.003726 295,188,311,203,6,0.003239 475,182,498,241,2,0.001369 67,184,85,240,1,0.001156 263,205,287,226,6,0.001105
/home/dysjin/data/CARLA.v20-carla_v20.coco/valid/007096_png.rf.a26873f70f1467f54f0fd09ea8c1731b.jpg 534,163,624,253,4,0.696638 545,155,619,246,5,0.500735 531,163,637,250,3,0.278300 555,177,633,469,6,0.060164 0,197,159,363,6,0.002215 626,0,637,-2,5,0.001066
/home/dysjin/data/CARLA.v20-carla_v20.coco/valid/041683_png.rf.abc13a183255cbb5f9aeca7d55d8b4c0.jpg 307,248,334,303,0,0.364234 300,222,343,319,0,0.035020
/home/dysjin/data/CARLA.v20-carla_v20.coco/valid/041699_png.rf.a4a6f7fb7672ac47b317ec4fe3e21c97.jpg 298,223,339,315,0,0.159707 305,254,332,305,0,0.029665 0,247,72,480,6,0.005103 0,219,34,480,6,0.001708 386,43,479,221,1,0.001287
/home/dysjin/data/CARLA.v20-carla_v20.coco/valid/Town02_006480_png.rf.aec43468267a9993201d034f7031ee5c.jpg 354,164,369,183,3,0.055220 345,165,357,182,3,0.037597 365,161,381,180,3,0.028173 257,190,273,201,6,0.006612 367,147,383,170,3,0.005484 281,210,293,229,0,0.005305 194,186,210,206,1,0.004773 0,161,162,311,6,0.003204 367,172,378,189,3,0.002996 376,147,392,171,3,0.002246 172,176,186,192,6,0.001815 344,156,383,187,3,0.001355 186,180,243,208,6,0.001349 218,188,236,203,1,0.001313 367,136,381,159,3,0.001125 282,192,295,206,6,0.001029 196,195,208,213,1,0.001010
/home/dysjin/data/CARLA.v20-carla_v20.coco/valid/Town02_003060_png.rf.b28380c7e6ad26a4ccdfda39d4db7f85.jpg 542,172,627,228,6,0.366673 537,187,588,225,6,0.005648 0,0,296,293,6,0.005071 0,0,640,184,6,0.002679 0,0,640,159,6,0.001590 529,170,545,228,6,0.001385 622,187,638,257,6,0.001343 626,0,637,-57,5,0.001179
/home/dysjin/data/CARLA.v20-carla_v20.coco/valid/Town01_009120_png.rf.b3886317404f3c307752dac4625c4b0e.jpg 307,195,329,212,6,0.783473 374,198,393,214,6,0.009710 368,198,389,214,1,0.006021 328,182,342,195,6,0.005427 368,188,389,209,6,0.002615 297,191,312,208,6,0.002425 324,191,345,204,6,0.002173 350,191,377,205,6,0.001880 356,183,397,215,6,0.001864 316,180,335,198,6,0.001785 626,0,637,-55,5,0.001752 0,143,22,300,2,0.001738 339,191,361,203,6,0.001498 517,190,532,206,6,0.001086
/home/dysjin/data/CARLA.v20-carla_v20.coco/valid/051305_png.rf.af3e2dc55ae45fc793f7f25eb6fdf7b4.jpg 428,204,462,245,3,0.879831 430,212,452,237,4,0.014075 0,257,74,480,6,0.001720
/home/dysjin/data/CARLA.v20-carla_v20.coco/valid/007291_png.rf.b33e9d647d42777054dfb5f46d23bbad.jpg 388,220,401,239,3,0.483254 187,263,214,332,0,0.025580 382,211,407,244,3,0.025145 189,234,227,353,0,0.012291 0,259,74,480,6,0.011377 560,35,632,325,6,0.001966 0,238,36,480,6,0.001824 111,49,207,259,6,0.001510 0,7,80,253,6,0.001392
/home/dysjin/data/CARLA.v20-carla_v20.coco/valid/Town05_005820_png.rf.abc3e70595852b4f2320e8b55c805a27.jpg 302,188,335,221,6,0.833567 330,183,343,195,6,0.013466 0,0,188,181,6,0.011014 14,0,104,122,6,0.005328 0,211,75,380,6,0.003430 316,182,336,197,6,0.003425 0,167,26,327,0,0.002545 0,141,25,311,0,0.002265 358,177,369,192,3,0.002135 245,164,258,183,6,0.002119 326,192,342,207,6,0.001955 247,175,258,190,0,0.001701
/home/dysjin/data/CARLA.v20-carla_v20.coco/valid/Town05_006960_png.rf.9d31f2ffd8a1d723122d28555c0e3321.jpg 283,187,293,211,0,0.720506 559,211,640,380,3,0.046255 374,210,640,376,6,0.039221 0,216,287,379,6,0.008599 535,242,638,380,6,0.008116 0,240,174,380,6,0.006403 330,176,343,186,6,0.003517 8,195,107,380,6,0.003312 290,191,303,207,0,0.002494 627,422,638,380,5,0.002290 306,179,321,190,6,0.002214 229,149,411,314,6,0.002107 331,169,345,181,6,0.001977 486,220,623,380,6,0.001650 626,0,637,-55,5,0.001599 278,167,297,212,0,0.001166
/home/dysjin/data/CARLA.v20-carla_v20.coco/valid/Town02_009720_png.rf.b20474373a38fe973889a895d5aba03e.jpg 284,202,350,258,6,0.375794 267,187,278,211,0,0.051862 194,174,205,191,4,0.029126 268,194,276,213,1,0.020514 289,195,343,231,6,0.003749 262,198,273,214,0,0.003404 263,188,274,209,1,0.002753 0,162,160,303,6,0.001827 204,201,219,214,6,0.001769 626,0,637,-55,5,0.001491 158,0,200,40,1,0.001418
/home/dysjin/data/CARLA.v20-carla_v20.coco/valid/Town01_002220_png.rf.9b6e376c042a4b43cdf2a33f00250d62.jpg 183,189,450,368,6,0.866100 239,228,408,380,6,0.014533 289,192,313,205,6,0.004027 231,0,416,380,2,0.003757 318,179,331,192,6,0.003675 547,196,622,251,6,0.002885 270,191,283,204,0,0.002823 281,192,297,206,0,0.002479 379,136,390,165,3,0.002452 136,161,147,179,3,0.001807 626,0,637,-56,5,0.001526 0,137,640,380,2,0.001251 622,200,638,263,6,0.001111 302,190,326,202,6,0.001066
/home/dysjin/data/CARLA.v20-carla_v20.coco/valid/Town01_003900_png.rf.b43a572a2d61a01bb389880cf86179de.jpg 172,191,464,373,6,0.836742 231,224,419,380,6,0.063530 222,0,425,380,2,0.004104 24,150,107,199,6,0.002514 0,206,81,380,6,0.002203 546,148,577,249,2,0.002088 219,190,233,206,0,0.001894 626,0,637,-55,5,0.001387 0,127,31,221,3,0.001237
/home/dysjin/data/CARLA.v20-carla_v20.coco/valid/029067_png.rf.b686edaf28a0971571945f7b069613d5.jpg 540,217,582,341,2,0.948883 397,231,407,258,2,0.515778 403,231,413,258,2,0.083242 341,215,354,228,6,0.032596 0,59,87,299,6,0.024496 0,177,9,290,2,0.003013 385,230,395,256,2,0.002342 0,204,9,287,6,0.002210
/home/dysjin/data/CARLA.v20-carla_v20.coco/valid/Town02_004200_png.rf.b4d2f32e1287253b4f35bf521927be39.jpg 270,190,290,210,6,0.830781 305,179,318,194,6,0.080041 295,181,311,195,6,0.019462 304,187,321,199,6,0.014768 344,175,354,187,3,0.013927 289,187,308,200,6,0.009409 356,190,370,202,6,0.007743 381,160,390,180,4,0.006395 373,163,382,182,4,0.006349 368,188,384,205,6,0.006024 266,167,291,213,6,0.003148 318,181,331,193,6,0.002827 428,157,439,181,3,0.002732 379,189,393,207,6,0.002225 305,164,318,187,6,0.002211 0,0,264,295,6,0.002128 276,180,298,199,6,0.001898 300,152,320,195,6,0.001864 260,186,277,207,6,0.001540 371,173,383,190,4,0.001020
/home/dysjin/data/CARLA.v20-carla_v20.coco/valid/Town02_002100_png.rf.b49da10e2c41ab65d4c132e46f15d3e3.jpg 291,192,331,288,1,0.738641 277,188,293,202,6,0.511769 311,187,322,203,6,0.101248 0,179,14,234,6,0.089660 1,185,14,213,6,0.069575 274,188,346,283,6,0.042642 0,188,13,251,6,0.020796 405,156,415,185,3,0.008451 304,185,326,231,0,0.006537 6,188,22,209,6,0.005584 308,193,322,218,1,0.003555 292,188,311,202,6,0.003527 357,0,640,378,6,0.002912 304,189,325,254,1,0.002529 112,174,124,188,3,0.002344 309,181,320,195,6,0.002199 0,157,13,218,6,0.001947 0,202,75,380,6,0.001809 121,174,133,189,3,0.001780 51,162,62,178,3,0.001437 345,160,357,179,4,0.001419 319,179,330,195,6,0.001416 258,189,273,201,6,0.001392 0,29,640,102,6,0.001319 272,180,286,196,6,0.001197 357,159,368,178,4,0.001127 311,181,333,215,6,0.001025
/home/dysjin/data/CARLA.v20-carla_v20.coco/valid/003752_png.rf.bb0716bc5b93fa8b10f41577e20a2f35.jpg 401,214,425,244,4,0.513037 397,211,426,244,5,0.048103 303,241,324,253,6,0.008770 61,211,253,365,6,0.002726 0,272,77,480,6,0.001048
/home/dysjin/data/CARLA.v20-carla_v20.coco/valid/138327_png.rf.b4aecc174d58e25a6e680c2468864172.jpg 19,231,40,305,2,0.609528 11,204,45,304,2,0.082538 2,226,36,309,2,0.033965 0,131,58,316,2,0.025891 244,235,254,253,2,0.013118 0,220,14,319,2,0.012807 28,234,47,305,2,0.007079 237,234,248,255,2,0.006545 393,292,639,469,6,0.002824 24,250,37,292,2,0.002340 626,0,637,-4,5,0.001231 244,227,255,243,6,0.001203
/home/dysjin/data/CARLA.v20-carla_v20.coco/valid/Town05_009600_png.rf.b886b3525f44da0ae66796230d91b958.jpg 463,185,502,218,6,0.842119 370,182,412,213,6,0.715132 528,179,547,197,6,0.628695 117,184,205,239,6,0.539923 148,186,230,229,6,0.322118 413,179,430,195,6,0.295835 91,196,167,241,6,0.190920 577,179,640,211,6,0.112748 0,205,74,380,6,0.030516 565,140,633,212,6,0.018618 564,54,640,244,6,0.016684 397,188,424,204,6,0.013585 573,188,599,204,6,0.013497 518,177,535,194,6,0.011650 369,185,390,207,6,0.009109 443,186,459,201,6,0.007705 563,187,584,201,6,0.006857 518,174,554,200,6,0.005989 0,175,68,380,6,0.005423 390,173,432,206,6,0.005194 221,175,239,194,6,0.004839 533,174,586,201,6,0.004740 628,194,639,218,6,0.004564 216,170,266,199,6,0.004295 423,180,448,194,6,0.004277 623,166,637,228,6,0.004084 561,181,611,208,6,0.003841 547,180,572,196,6,0.003727 308,190,319,205,0,0.003130 296,190,308,205,0,0.002875 318,190,329,205,0,0.002846 0,178,35,380,6,0.002595 410,154,432,201,6,0.002588 453,187,473,208,6,0.002285 568,0,640,309,3,0.002176 283,188,296,203,0,0.002054 486,192,504,207,6,0.001855 306,200,317,215,0,0.001679 370,194,387,213,0,0.001630 101,209,135,232,6,0.001473 294,200,306,215,0,0.001443 504,179,517,191,6,0.001410 356,187,370,205,0,0.001400 0,216,25,380,6,0.001296 443,198,458,214,0,0.001267 464,206,488,225,6,0.001261 590,188,627,206,6,0.001218 505,187,517,200,6,0.001143 220,186,234,206,0,0.001069 413,173,465,197,6,0.001061 281,178,297,194,6,0.001048
/home/dysjin/data/CARLA.v20-carla_v20.coco/valid/Town01_002340_png.rf.b8976b6d8f366e29aeb47fb3b3146b33.jpg 182,189,450,368,6,0.865539 279,190,293,207,0,0.059150 238,227,409,380,6,0.014565 272,191,286,204,0,0.012941 318,179,331,192,6,0.004129 231,0,416,380,2,0.003776 548,196,622,250,6,0.002161 288,192,312,206,6,0.002109 379,136,390,165,3,0.001958 136,161,147,179,3,0.001590 626,0,637,-56,5,0.001505 622,200,639,263,6,0.001464 256,190,273,200,6,0.001410 0,140,640,378,2,0.001173
/home/dysjin/data/CARLA.v20-carla_v20.coco/valid/Town05_009780_png.rf.c3069a0d7ec82f2e1960c0497cec36fe.jpg 281,190,349,256,6,0.490384 304,192,325,206,6,0.010664 371,188,383,201,6,0.005762 377,189,395,204,6,0.005158 298,191,312,205,6,0.004418 425,203,476,236,6,0.002941 623,129,638,189,3,0.002853 181,192,199,206,6,0.002320 244,189,260,200,6,0.002061 231,146,389,305,6,0.001909 355,188,372,200,6,0.001762 0,191,26,355,0,0.001560 0,176,26,323,0,0.001546 0,203,24,380,0,0.001341 626,0,637,-56,5,0.001331 182,200,196,214,0,0.001189 218,188,235,201,6,0.001124 255,189,271,201,6,0.001079 285,200,320,245,6,0.001029
/home/dysjin/data/CARLA.v20-carla_v20.coco/valid/Town05_002700_png.rf.b9dfa75f628efa31633800bb9dfee796.jpg 367,179,391,197,6,0.538722 345,188,355,200,0,0.018655 122,188,133,208,0,0.007814 355,177,378,195,6,0.006878 305,164,322,183,6,0.006379 343,178,356,195,0,0.006092 390,177,409,192,6,0.005957 258,191,272,204,6,0.005937 367,196,383,212,0,0.003752 0,166,13,227,6,0.003589 346,171,390,201,6,0.003587 405,177,418,190,6,0.003436 306,175,322,190,6,0.002989 359,162,410,192,6,0.002755 0,148,166,313,6,0.002744 430,149,439,166,3,0.002699 360,185,372,198,6,0.002583 205,177,224,196,6,0.002390 356,199,368,215,0,0.002231 177,167,228,200,6,0.002004 316,166,332,183,6,0.001996 334,189,345,202,0,0.001989 210,187,224,202,0,0.001965 317,176,335,190,6,0.001737 122,198,133,217,0,0.001640 296,175,311,189,6,0.001619 389,170,409,182,6,0.001453 0,178,13,235,6,0.001445 307,153,318,172,6,0.001328 331,178,347,193,0,0.001320 269,190,284,202,6,0.001311 373,168,400,185,6,0.001235 0,214,75,380,6,0.001215 416,177,428,192,6,0.001186 307,188,319,202,0,0.001176 405,169,418,182,6,0.001118 0,137,25,265,0,0.001077 378,197,392,213,0,0.001024
/home/dysjin/data/CARLA.v20-carla_v20.coco/valid/005173_png.rf.c24ac196d86260d3a384e12093bfa5ef.jpg 473,182,529,251,5,0.590666 460,182,538,255,4,0.302499 0,275,73,480,6,0.002042 510,184,530,260,4,0.001749 0,245,35,480,6,0.001642 461,186,546,266,3,0.001084
/home/dysjin/data/CARLA.v20-carla_v20.coco/valid/Town01_005820_png.rf.c9053a957ff7561268673aaec9e095f0.jpg 282,183,344,318,1,0.618307 345,172,356,186,3,0.126029 285,166,343,312,0,0.119781 393,190,437,222,6,0.023215 316,177,329,191,6,0.006005 404,189,425,211,6,0.003716 241,153,378,319,6,0.003367 395,189,411,210,6,0.001577 626,0,637,-55,5,0.001464 332,175,350,188,6,0.001357 180,212,196,224,6,0.001198 308,178,322,192,6,0.001170 181,204,200,219,6,0.001107 394,196,412,218,1,0.001094
/home/dysjin/data/CARLA.v20-carla_v20.coco/valid/Town01_011580_png.rf.c8aa9ea674a7d69974d55bf63b55ddbf.jpg 268,191,289,207,6,0.821582 569,187,640,224,6,0.672876 317,183,334,194,6,0.102844 480,190,510,230,6,0.067863 276,180,293,198,6,0.040581 545,167,629,227,6,0.029812 266,169,291,211,6,0.018399 548,174,571,225,6,0.011472 308,181,323,192,6,0.009564 466,180,533,236,6,0.009224 559,175,633,380,6,0.008200 487,188,507,211,6,0.007582 261,197,275,209,6,0.007182 423,201,442,215,6,0.004955 172,196,182,215,2,0.004858 52,192,74,233,6,0.004489 488,176,509,194,6,0.003549 327,181,345,193,6,0.002897 257,185,281,215,6,0.001699 598,165,638,233,6,0.001480 381,191,396,205,6,0.001373 329,190,344,201,0,0.001201
/home/dysjin/data/CARLA.v20-carla_v20.coco/valid/Town01_007440_png.rf.bed11eeb1dde416bf8789b24a8a5c0f8.jpg 558,162,637,229,6,0.849751 525,176,551,221,6,0.389176 263,188,274,211,6,0.345858 303,181,319,194,6,0.094151 263,194,274,213,1,0.075447 265,182,279,197,6,0.030629 525,186,550,228,0,0.028562 531,184,590,229,6,0.011022 266,195,277,211,0,0.009722 296,187,312,198,6,0.008183 365,178,413,212,6,0.006490 165,213,191,225,6,0.006280 176,215,197,226,6,0.005700 154,213,179,227,6,0.003750 219,203,232,215,6,0.003143 142,208,194,230,6,0.002044 147,203,161,216,6,0.001931 382,177,415,217,1,0.001592 220,172,234,191,6,0.001494 218,166,232,182,6,0.001198 280,182,296,194,6,0.001174
/home/dysjin/data/CARLA.v20-carla_v20.coco/valid/Town05_011760_png.rf.c548e0a947d80bc036151e4db99afcfa.jpg 8,184,213,354,6,0.791659 312,186,321,200,0,0.384604 0,0,240,377,6,0.018125 17,174,115,380,6,0.012382 256,168,271,183,6,0.009691 0,229,66,380,6,0.007391 0,16,327,380,2,0.007003 317,183,330,196,6,0.006948 1,181,28,369,6,0.006088 258,177,272,188,6,0.004250 0,177,29,280,6,0.003858 281,180,297,190,6,0.003541 0,183,29,322,6,0.003230 0,197,26,380,6,0.002906 7,225,111,380,6,0.002819 0,228,34,380,6,0.002689 0,21,640,207,6,0.002288 82,204,188,311,6,0.002171 245,169,262,181,6,0.001982 0,34,640,194,6,0.001682 626,0,637,-57,5,0.001357 332,180,346,192,6,0.001333 0,0,640,380,6,0.001272 344,177,357,189,6,0.001228 0,164,38,380,6,0.001202 0,0,640,380,6,0.001165 308,196,319,214,0,0.001052
/home/dysjin/data/CARLA.v20-carla_v20.coco/valid/075708_png.rf.c1818fa586a2b613b2806f928a933d9d.jpg 306,237,351,276,6,0.923397 173,237,247,303,6,0.788105 0,244,171,423,6,0.759483 237,238,264,279,6,0.504403 0,200,75,480,6,0.061252 0,310,74,480,6,0.035138 226,246,256,288,6,0.028282 252,247,266,273,6,0.022806 59,226,165,390,6,0.020625 63,239,159,321,6,0.012392 354,226,367,246,6,0.008411 0,0,76,201,6,0.005158 8,315,131,480,6,0.004987 0,356,75,480,6,0.003962 0,31,210,480,2,0.003940 0,0,85,261,3,0.002483 0,318,44,480,6,0.002388 228,230,255,274,6,0.001707 143,228,173,367,1,0.001707 0,0,284,387,6,0.001580 564,0,638,290,6,0.001488 211,244,243,295,6,0.001274 295,241,307,256,6,0.001193 0,166,389,447,2,0.001109
/home/dysjin/data/CARLA.v20-carla_v20.coco/valid/Town05_009900_png.rf.c90bd5781f975f44de47fd794a1f9ac6.jpg 351,186,430,256,6,0.861696 320,189,336,202,6,0.039216 329,190,345,205,6,0.023382 0,207,74,380,6,0.016162 406,181,423,192,6,0.015371 486,177,511,189,6,0.013395 369,181,433,212,6,0.007645 443,179,460,190,6,0.006252 413,194,431,250,0,0.004798 390,180,412,192,6,0.004744 416,199,429,223,0,0.004017 380,179,397,192,6,0.003404 452,178,466,188,6,0.003400 340,190,355,205,6,0.003261 470,171,525,194,6,0.002964 315,180,337,197,6,0.002432 342,199,354,216,0,0.001894 378,187,401,204,6,0.001784 415,187,430,206,0,0.001755 328,180,347,198,6,0.001675 280,177,300,193,6,0.001374 306,187,322,201,6,0.001358 0,188,78,380,6,0.001231 295,178,310,195,6,0.001042 626,0,638,-57,5,0.001029
/home/dysjin/data/CARLA.v20-carla_v20.coco/valid/Town05_009660_png.rf.cc2e0d6a11c64dbe092a6e9321c6a170.jpg 222,159,418,334,6,0.806278 407,184,471,214,6,0.526308 612,188,635,201,6,0.047970 0,0,265,258,6,0.034514 412,190,435,206,6,0.031636 255,181,271,194,6,0.029523 342,179,357,196,6,0.028775 217,189,230,201,6,0.017161 354,180,371,195,6,0.015641 0,0,640,380,6,0.013668 600,189,623,200,6,0.008136 210,189,224,200,6,0.007544 429,192,467,208,6,0.006700 625,186,640,205,6,0.006533 332,180,349,194,6,0.005997 0,216,73,380,6,0.005258 189,0,456,380,2,0.005248 564,0,640,221,3,0.004770 270,198,285,218,0,0.004069 367,178,384,195,6,0.003974 0,0,640,380,6,0.003180 331,189,350,202,6,0.003107 378,177,396,195,6,0.002337 0,0,367,380,6,0.002287 291,191,307,205,6,0.001792 405,188,424,205,0,0.001725 353,187,368,202,6,0.001658 280,199,295,217,0,0.001535 279,205,389,311,6,0.001456 607,168,634,209,6,0.001409 341,195,357,217,0,0.001346 391,188,407,202,6,0.001286 623,154,638,219,6,0.001204 267,189,283,204,0,0.001082 626,0,637,-56,5,0.001081 266,182,283,194,6,0.001028
/home/dysjin/data/CARLA.v20-carla_v20.coco/valid/003769_png.rf.c5c0c17fa97551316c57744e9608f796.jpg 482,183,561,252,4,0.459861 494,180,553,253,5,0.432412 0,264,80,480,6,0.022641 489,187,556,250,3,0.020076 157,224,167,240,5,0.004013 306,240,322,254,6,0.002665 0,320,161,478,6,0.001324 0,209,162,375,6,0.001294
/home/dysjin/data/CARLA.v20-carla_v20.coco/valid/121197_png.rf.c99e70822c663f40252f74e6b2ad5094.jpg 229,244,417,387,6,0.856149 161,113,484,480,2,0.003505 626,0,637,-6,5,0.002559 629,165,638,251,2,0.002191 633,186,639,229,2,0.001694 304,241,323,257,6,0.001114 266,252,366,356,6,0.001008
/home/dysjin/data/CARLA.v20-carla_v20.coco/valid/004966_png.rf.c9d8d72d0920460b612251c5fddc5770.jpg 430,197,469,245,4,0.493092 422,189,471,249,5,0.016573 0,205,161,368,6,0.004096 0,269,78,480,6,0.002082 428,199,465,257,3,0.002065 462,298,640,479,6,0.001019
/home/dysjin/data/CARLA.v20-carla_v20.coco/valid/Town01_006240_png.rf.cc5628eb556a5a5bd1824a8d19313b41.jpg 316,193,326,216,1,0.487513 309,187,323,210,6,0.296424 311,180,330,222,0,0.060103 305,181,322,198,6,0.055230 297,181,311,195,6,0.038874 365,176,383,191,4,0.037439 0,181,11,260,2,0.025350 356,177,375,189,6,0.009656 538,198,627,247,6,0.004910 301,171,325,208,6,0.003351 624,143,638,223,6,0.002400 376,176,393,191,3,0.001180 0,151,22,296,2,0.001138 359,173,387,197,6,0.001073 0,193,9,268,6,0.001016
/home/dysjin/data/CARLA.v20-carla_v20.coco/valid/001638_png.rf.c98e4c5bc2a68de358073a26469c81b2.jpg 423,205,454,243,3,0.952464 159,223,167,242,3,0.005310
/home/dysjin/data/CARLA.v20-carla_v20.coco/valid/051274_png.rf.d5f64278c64b556983082379a316485f.jpg 549,159,640,254,4,0.636265 562,151,636,249,5,0.450207 548,157,640,250,3,0.433334 559,154,633,441,6,0.072388 0,207,164,365,6,0.001921 0,275,75,480,6,0.001661
/home/dysjin/data/CARLA.v20-carla_v20.coco/valid/Town01_001440_png.rf.e4b4351effd31d5b433710cffb8243e4.jpg 383,174,397,190,4,0.304560 388,174,400,190,3,0.091665 377,172,401,198,3,0.009947 343,176,354,192,6,0.004667 404,134,415,165,3,0.003002 626,0,637,-54,5,0.001847 384,167,394,187,3,0.001609 318,192,332,202,6,0.001402
/home/dysjin/data/CARLA.v20-carla_v20.coco/valid/019121_png.rf.deb86464dd224ac85f75272f851fc0a8.jpg 501,234,566,262,6,0.767731 544,239,572,255,6,0.165610 505,242,544,256,6,0.162126 392,243,410,293,2,0.086990 197,232,206,258,2,0.050349 0,269,77,480,6,0.002931 0,247,160,430,6,0.002168 629,203,637,308,2,0.002150 542,234,593,260,6,0.001848 501,246,526,261,6,0.001180 198,222,207,251,2,0.001149 188,233,199,259,2,0.001140 49,258,59,285,2,0.001032
/home/dysjin/data/CARLA.v20-carla_v20.coco/valid/041811_png.rf.e8d4c17844854d24f9b2bec66a8a8889.jpg 48,222,62,242,4,0.542286 0,238,12,304,1,0.076408 0,229,16,293,0,0.030825 0,240,12,321,2,0.013993 1,224,29,270,6,0.010165 0,216,32,297,0,0.009124 45,210,67,244,3,0.004531 1,242,13,278,6,0.002723 1,170,30,293,2,0.002167 54,221,70,240,4,0.002161 0,209,26,383,0,0.001941 0,219,32,480,6,0.001400 2,260,10,301,1,0.001283 0,202,17,270,6,0.001265
/home/dysjin/data/CARLA.v20-carla_v20.coco/valid/041657_png.rf.e06a4a0ae870ee5d8dbe97fc65b5b666.jpg 309,244,333,304,0,0.773013 0,225,10,315,6,0.006887 0,271,74,480,6,0.002438 0,219,11,299,6,0.002303 372,87,447,221,1,0.001864 562,134,637,322,6,0.001708 385,75,431,230,2,0.001072
/home/dysjin/data/CARLA.v20-carla_v20.coco/valid/001519_png.rf.e42bb854e84b40164ed2795569b2eb6f.jpg 574,222,589,242,3,0.729385 570,224,583,242,4,0.364138 603,236,616,253,6,0.046604 495,234,529,331,2,0.019329 233,228,243,245,2,0.019056 490,250,528,334,1,0.016222 341,235,354,249,1,0.013397 221,238,237,252,6,0.011977 170,247,187,262,6,0.010362 342,230,353,244,6,0.009819 610,237,632,254,6,0.009781 563,261,638,480,6,0.008047 584,225,601,245,3,0.006255 229,236,243,250,6,0.006224 281,240,298,251,6,0.006035 292,240,310,251,6,0.004115 630,232,640,258,6,0.002263 304,240,318,251,6,0.002137 597,230,620,263,6,0.002064 626,215,637,276,6,0.001129 270,239,285,250,6,0.001070
/home/dysjin/data/CARLA.v20-carla_v20.coco/valid/Town02_005280_png.rf.ec981f5d8aec80a53ec1f9961c2321af.jpg 42,193,125,224,6,0.724817 157,185,206,258,0,0.587144 42,204,64,220,6,0.157380 555,197,635,380,6,0.062209 38,202,56,220,1,0.052725 87,200,139,224,6,0.049732 0,187,76,380,6,0.004999 36,196,58,228,0,0.003580 1,193,13,218,6,0.002737 24,197,66,224,6,0.002528 281,178,296,194,6,0.002255 114,204,135,218,6,0.002112 152,191,192,268,1,0.002009 185,192,211,255,0,0.001980 291,180,308,195,6,0.001876 61,199,99,219,6,0.001693 579,45,633,158,3,0.001416 626,0,637,-57,5,0.001157 50,202,80,219,6,0.001132
/home/dysjin/data/CARLA.v20-carla_v20.coco/valid/001509_png.rf.ed3baed466e7f65c1a01fb57bf942b65.jpg 574,222,589,243,3,0.715468 570,224,583,243,4,0.358997 341,236,355,249,6,0.030804 234,228,243,245,2,0.017980 170,248,188,262,6,0.017774 603,236,615,252,6,0.016500 495,233,528,331,2,0.016343 489,249,527,336,1,0.013269 584,225,601,245,3,0.009442 220,238,237,252,6,0.008190 564,264,639,480,6,0.006924 610,237,631,253,6,0.004810 230,236,243,250,6,0.003731 282,240,297,251,6,0.003586 293,240,309,251,6,0.003288 540,240,556,256,6,0.002083 304,240,318,251,6,0.001807 562,227,585,260,3,0.001277 630,231,639,258,6,0.001123 181,247,198,263,6,0.001007
/home/dysjin/data/CARLA.v20-carla_v20.coco/valid/033890_png.rf.e368755037cdc345b45b625d64db27a1.jpg 587,219,631,330,2,0.860789 233,209,428,379,6,0.813665 627,205,637,334,2,0.035056 185,242,195,270,2,0.006006 253,212,281,390,1,0.004003 0,232,13,307,2,0.003132 197,37,448,480,2,0.002983 76,249,88,272,2,0.002069 0,255,75,480,6,0.002068 245,294,261,367,2,0.001865 87,250,99,273,2,0.001718 288,234,389,331,6,0.001706 0,200,152,368,6,0.001655 576,223,595,298,2,0.001607 87,255,100,282,2,0.001541
/home/dysjin/data/CARLA.v20-carla_v20.coco/valid/075724_png.rf.e0c3e9a2b7f318c71e76ccdcb0dda6a1.jpg 293,238,335,273,6,0.901037 74,248,191,336,6,0.759667 0,231,71,462,0,0.507320 203,240,248,287,6,0.452422 0,220,70,405,6,0.103444 0,239,70,480,6,0.070313 226,251,244,276,6,0.046107 134,245,218,316,6,0.042635 273,240,284,251,6,0.019526 8,255,60,403,0,0.018533 172,243,239,280,6,0.014087 74,204,237,358,6,0.012216 0,0,71,204,6,0.009659 0,0,268,395,6,0.006973 0,335,78,480,6,0.003797 345,226,354,244,2,0.002304 0,0,640,480,6,0.002155 213,255,239,281,6,0.002008 280,241,296,255,6,0.001776 0,0,72,218,3,0.001736 606,226,630,266,6,0.001491 630,215,637,327,2,0.001406 0,149,73,352,6,0.001376 229,242,244,262,6,0.001360 133,242,197,273,6,0.001165 271,248,284,261,6,0.001054
/home/dysjin/data/CARLA.v20-carla_v20.coco/valid/112477_png.rf.ecf5d82849f8b68362ce65c8d2645a1c.jpg 340,234,359,301,2,0.877909 0,251,73,480,6,0.002530 626,0,637,-6,5,0.001327 0,249,31,480,6,0.001116
/home/dysjin/data/CARLA.v20-carla_v20.coco/valid/Town02_001980_png.rf.ee7206fcf98c96c61f2900b25e79ce20.jpg 292,177,336,319,1,0.756311 156,179,178,224,0,0.406071 163,191,174,217,0,0.367231 0,188,71,223,6,0.288065 399,136,418,181,3,0.058806 40,198,70,214,6,0.029074 360,0,640,369,6,0.013757 402,135,415,165,4,0.013642 286,187,341,290,6,0.012314 52,164,65,185,4,0.010664 397,158,408,180,3,0.010308 404,157,414,182,3,0.009053 52,174,66,193,4,0.007689 55,188,71,211,1,0.006495 194,175,207,187,3,0.005897 559,51,634,303,6,0.004991 0,12,640,119,6,0.003908 159,183,188,221,6,0.003196 110,174,122,189,3,0.001644 32,184,74,218,6,0.001416 46,170,72,203,3,0.001344 57,160,71,181,3,0.001314 284,189,358,308,0,0.001285 45,160,70,192,3,0.001119 160,204,173,227,0,0.001094 183,177,199,190,6,0.001056 233,156,379,314,6,0.001047
/home/dysjin/data/CARLA.v20-carla_v20.coco/valid/026829_png.rf.e6f26e62f316568466a95ba7fd18d850.jpg 375,218,390,241,3,0.834135 0,0,244,389,6,0.074642 0,251,76,480,6,0.009266 0,78,446,250,6,0.005566 0,218,13,298,6,0.001969 0,232,11,309,2,0.001905 0,128,640,202,6,0.001819 628,233,638,327,6,0.001287 0,182,25,319,2,0.001224
/home/dysjin/data/CARLA.v20-carla_v20.coco/valid/007076_png.rf.d635d979c35f5dd6da756ef9889aef0b.jpg 396,209,421,245,5,0.538363 391,215,420,243,4,0.337006 0,235,158,426,6,0.001196 626,0,636,-1,5,0.001068
/home/dysjin/data/CARLA.v20-carla_v20.coco/valid/112475_png.rf.df928fa484eb08e1454caacc1e194352.jpg 333,234,353,299,2,0.851064 374,234,382,261,2,0.001700 381,233,390,258,2,0.001325 626,0,637,-6,5,0.001202 382,223,392,242,4,0.001067
/home/dysjin/data/CARLA.v20-carla_v20.coco/valid/Town02_006960_png.rf.eedfb90c1deb0d66a31341acd2e08f4f.jpg 149,159,164,182,4,0.513121 579,175,637,243,6,0.385116 0,175,31,212,6,0.359497 152,158,169,182,3,0.055139 565,182,635,380,6,0.010551 0,0,269,340,6,0.005709 0,134,24,224,6,0.005501 144,156,168,202,3,0.002788 0,0,640,288,6,0.002613 0,0,152,310,6,0.002463 146,162,165,232,2,0.001860 0,145,28,249,6,0.001543 0,0,640,380,6,0.001005
/home/dysjin/data/CARLA.v20-carla_v20.coco/valid/Town05_010860_png.rf.f31c0584fff1474ad2b0f4132e874f7d.jpg 310,181,332,244,0,0.906483 0,177,67,217,6,0.427474 553,77,636,369,6,0.067528 301,171,345,261,0,0.017865 355,179,373,195,6,0.013668 315,187,328,216,0,0.013066 0,181,76,380,6,0.008554 347,177,360,192,6,0.008357 318,179,330,195,0,0.006514 365,179,382,195,6,0.004331 0,161,41,233,6,0.004009 366,188,380,201,6,0.002857 0,202,71,380,6,0.002663 195,167,210,180,6,0.002148 314,201,327,240,0,0.002077 308,179,322,195,0,0.001594 246,202,256,218,0,0.001192
/home/dysjin/data/CARLA.v20-carla_v20.coco/valid/Town05_004800_png.rf.ee7c080c8716cb366969ca625bb6d68b.jpg 245,185,268,204,6,0.779473 351,185,367,203,6,0.241050 216,186,234,205,6,0.166549 348,184,362,203,0,0.124310 342,169,365,209,0,0.038775 0,182,74,380,6,0.031032 181,186,198,204,6,0.030942 526,203,633,380,6,0.028498 346,171,372,207,6,0.027984 345,177,362,201,1,0.026982 212,179,271,209,6,0.022295 136,188,148,207,0,0.021769 391,175,403,194,0,0.007896 175,168,200,208,6,0.006929 217,196,235,212,6,0.006697 375,216,640,380,6,0.003517 364,179,382,197,6,0.003462 204,165,231,213,6,0.003406 266,180,283,196,6,0.003129 279,179,297,193,6,0.002985 333,185,347,201,0,0.002325 346,195,359,214,0,0.001708 321,186,334,201,6,0.001583 330,178,349,198,6,0.001560 380,176,397,193,0,0.001560 0,236,158,380,6,0.001542 341,152,362,202,6,0.001516 320,178,335,194,6,0.001513 192,188,211,205,6,0.001494 130,181,152,214,0,0.001129 393,186,404,201,0,0.001111 226,184,255,203,6,0.001091
/home/dysjin/data/CARLA.v20-carla_v20.coco/valid/Town05_009840_png.rf.f5040ce45ecca2822cb3b1b4ea8a6f61.jpg 292,187,364,256,6,0.848357 365,179,381,194,6,0.027396 415,178,433,196,6,0.013526 269,191,284,203,6,0.010258 281,191,297,206,6,0.004520 0,210,73,380,6,0.004401 294,189,306,206,6,0.003801 282,200,296,217,0,0.003286 0,191,38,380,6,0.001618 355,188,375,206,6,0.001498 560,183,633,380,6,0.001458 431,187,443,204,0,0.001245 268,180,284,196,6,0.001238 626,0,637,-57,5,0.001234 440,199,457,215,6,0.001213 259,189,273,202,6,0.001136 231,146,389,300,6,0.001132 132,176,147,193,3,0.001045
/home/dysjin/data/CARLA.v20-carla_v20.coco/valid/041861_png.rf.f5f3812ca6c536c5c25bea3d596be111.jpg 302,233,322,294,0,0.971844 110,241,218,312,6,0.837872 399,201,431,244,3,0.736957 554,205,638,396,6,0.121131 215,227,236,293,0,0.074220 0,246,150,426,6,0.019127 85,209,236,344,6,0.018537 0,299,80,480,6,0.011328 156,233,241,300,6,0.008655 295,218,335,314,0,0.004666 0,331,142,480,6,0.002647 396,197,408,226,4,0.002289 218,234,234,260,1,0.001740 548,67,640,239,6,0.001431 391,193,413,234,3,0.001357 314,241,329,262,0,0.001334
/home/dysjin/data/CARLA.v20-carla_v20.coco/valid/Town02_003120_png.rf.f36fecf8d2ee4965c1f3bddaaaad5f33.jpg 402,187,501,225,6,0.570958 609,180,639,219,6,0.158736 610,195,640,244,6,0.064352 621,190,640,211,6,0.012115 0,0,295,294,6,0.006338 402,201,428,219,1,0.005391 0,0,640,184,6,0.002966 391,195,436,224,6,0.002860 416,159,487,217,6,0.002005 0,0,640,159,6,0.001975 623,205,640,235,6,0.001363 626,0,637,-57,5,0.001148 568,181,636,227,6,0.001051
/home/dysjin/data/CARLA.v20-carla_v20.coco/valid/003755_png.rf.f6343810071c5f5401b5697ef363285d.jpg 408,212,437,246,4,0.510937 407,211,436,243,5,0.221434 304,241,322,253,6,0.028462 60,214,250,369,6,0.004235 0,249,234,405,6,0.002484 194,225,204,241,5,0.002362
/home/dysjin/data/CARLA.v20-carla_v20.coco/valid/Town01_003300_png.rf.fae28071a74fa02928094ff14cdbb3aa.jpg 274,197,358,276,6,0.881036 509,175,559,217,3,0.085698 281,193,297,209,6,0.051934 193,201,213,212,1,0.011924 159,185,220,214,6,0.011911 318,193,333,205,6,0.005729 271,193,288,207,6,0.005582 278,191,303,224,6,0.005030 277,193,353,221,6,0.004894 304,193,326,205,6,0.003417 0,203,75,380,6,0.003329 89,186,98,209,2,0.002994 290,193,311,206,6,0.002127 626,0,637,-55,5,0.001633 522,176,595,218,6,0.001460 87,196,97,215,2,0.001355 383,198,395,217,6,0.001350 192,194,214,209,6,0.001190 203,202,219,214,6,0.001135 0,218,68,380,6,0.001131 177,199,206,212,6,0.001084
/home/dysjin/data/CARLA.v20-carla_v20.coco/valid/138255_png.rf.fbf65e3e930393318a8312fdaefcae24.jpg 59,234,76,301,2,0.871841 388,289,638,470,6,0.092923 65,230,84,292,2,0.046750 223,221,262,252,6,0.026734 239,235,261,249,6,0.021496 51,234,69,306,2,0.006240 57,247,73,308,2,0.004570 0,221,9,319,2,0.003018 0,99,89,321,6,0.002477 626,476,637,480,3,0.002050 626,0,637,-6,5,0.001419 0,228,32,480,6,0.001272 59,221,81,283,2,0.001168 205,206,220,263,2,0.001143 196,206,210,267,2,0.001107 65,292,215,480,6,0.001099
/home/dysjin/data/CARLA.v20-carla_v20.coco/valid/005373_png.rf.f68e0e113c5193c933cbee38c6a6bc2d.jpg 159,236,170,264,2,0.580586 143,232,163,276,2,0.449385 150,236,160,264,2,0.394923 138,228,153,273,2,0.387977 153,231,174,277,2,0.117475 170,236,178,263,2,0.095898 0,193,10,303,2,0.034473 114,241,123,271,2,0.011260 113,235,123,262,2,0.005560 167,232,180,284,2,0.005440 144,212,178,331,2,0.004194 0,75,196,297,6,0.004078 0,230,9,306,2,0.003546 2,251,10,285,6,0.002016 0,163,18,330,2,0.001747 424,0,640,480,6,0.001705 142,213,179,288,2,0.001687 0,182,10,290,2,0.001325
/home/dysjin/data/CARLA.v20-carla_v20.coco/valid/001630_png.rf.ff5ced110f03f998a7a6998ddf647fd2.jpg 410,208,435,242,3,0.953259 579,145,627,253,2,0.008987 0,266,76,480,6,0.003188 570,157,640,244,6,0.001115
/home/dysjin/data/CARLA.v20-carla_v20.coco/valid/006662_png.rf.fa42143249c7b6a780238796639341d3.jpg 461,225,499,312,2,0.902024 0,199,168,371,6,0.005915 562,243,635,480,6,0.004182 443,227,515,319,0,0.003425 0,209,9,304,2,0.001422 0,197,9,294,2,0.001154
/home/dysjin/data/CARLA.v20-carla_v20.coco/valid/Town05_004860_png.rf.f5c138159cbce172c63fa9a736f9c655.jpg 245,185,268,204,6,0.727630 352,184,367,203,6,0.207534 348,183,361,203,0,0.145222 216,186,235,205,6,0.134180 241,168,266,212,6,0.090031 342,168,365,209,0,0.056664 345,177,362,201,1,0.036989 346,171,373,207,6,0.036763 181,187,198,203,6,0.035482 135,188,148,207,0,0.031266 212,178,271,209,6,0.029445 0,181,75,380,6,0.026566 525,203,632,380,6,0.017104 391,175,403,194,0,0.007170 175,169,201,208,6,0.006556 378,215,640,380,6,0.006094 364,179,382,197,6,0.005188 217,196,236,212,6,0.004788 204,165,231,212,6,0.002409 192,188,210,205,6,0.002298 333,185,348,201,0,0.002231 340,153,362,201,6,0.001987 319,178,336,194,6,0.001950 346,195,359,214,0,0.001941 279,179,297,192,6,0.001907 329,178,349,198,6,0.001892 321,186,334,201,6,0.001630 0,238,160,380,6,0.001619 380,175,396,193,0,0.001337 265,180,283,195,6,0.001252 129,164,154,210,0,0.001080 226,184,255,203,6,0.001077 174,186,188,202,6,0.001005
/home/dysjin/data/CARLA.v20-carla_v20.coco/valid/Town01_008460_png.rf.03f3160d63f090b29499596ec3c8c4b5.jpg 35,192,128,244,6,0.782384 549,192,640,225,6,0.309590 533,188,591,226,6,0.099035 427,190,494,220,6,0.020746 0,0,156,300,6,0.018543 557,178,636,258,6,0.014051 628,171,638,196,6,0.011624 462,193,485,208,6,0.010475 235,189,248,209,0,0.007697 0,186,33,263,6,0.007390 0,147,147,301,6,0.007365 536,197,563,218,6,0.004708 623,155,639,213,6,0.004467 433,199,467,215,6,0.004153 340,191,358,206,6,0.003841 0,215,76,380,6,0.003654 515,190,562,226,6,0.003333 242,198,254,215,0,0.003324 536,187,640,321,6,0.003029 595,193,621,206,6,0.002646 515,191,534,207,6,0.002246 471,200,494,213,6,0.002173 626,0,637,-54,5,0.001863 110,186,124,210,1,0.001678 0,13,640,215,6,0.001597 0,25,640,202,6,0.001323 0,0,283,378,6,0.001294 74,203,156,242,6,0.001288 111,175,122,197,1,0.001082 526,189,548,211,6,0.001050
/home/dysjin/data/CARLA.v20-carla_v20.coco/valid/005508_png.rf.0ab3da1b4970047c9b42e5bbe5d4e6f1.jpg 35,233,56,288,2,0.870798 93,236,118,301,2,0.600577 87,233,105,309,2,0.112554 25,230,45,295,2,0.020793 45,239,55,280,2,0.005180 85,218,129,362,0,0.003615 99,250,113,290,2,0.002217 45,248,56,287,2,0.001584 0,217,10,303,6,0.001050 469,226,541,276,6,0.001045
/home/dysjin/data/CARLA.v20-carla_v20.coco/valid/Town01_006180_png.rf.089d25ecaf49fe28c7f3bf0c3614732b.jpg 312,190,324,216,1,0.346311 308,179,326,223,0,0.090539 355,177,375,190,6,0.014186 390,178,415,193,6,0.013055 401,178,416,194,3,0.007526 0,189,15,254,6,0.002810 310,179,324,199,6,0.002349 122,185,134,208,4,0.002312 2,200,25,244,6,0.001988 0,219,81,380,6,0.001562
/home/dysjin/data/CARLA.v20-carla_v20.coco/valid/Town02_008340_png.rf.044a76656e2e2fe428cd425926d9acbe.jpg 270,187,288,202,6,0.633424 157,198,250,242,6,0.598182 545,186,622,224,6,0.538442 264,174,287,204,6,0.027801 244,189,255,203,1,0.024580 11,0,101,168,6,0.021941 278,183,295,196,6,0.012720 0,0,239,367,6,0.008682 308,180,321,192,6,0.008623 404,176,426,218,2,0.005450 271,196,287,212,6,0.003302 414,182,428,206,3,0.002497 0,78,640,152,6,0.002432 547,180,575,219,6,0.002145 409,176,432,215,0,0.001764 0,0,640,218,6,0.001711 535,175,619,380,6,0.001622 235,188,248,206,1,0.001565 306,188,322,199,6,0.001423 294,181,309,194,6,0.001314 291,189,309,200,6,0.001168 259,184,272,199,6,0.001165
/home/dysjin/data/CARLA.v20-carla_v20.coco/valid/075710_png.rf.0b62bb94157d1f2113ac6bbefe158022.jpg 307,236,350,276,6,0.916191 0,244,172,425,6,0.765163 173,239,247,303,6,0.756233 237,239,264,279,6,0.592789 0,201,75,480,6,0.044760 0,307,74,480,6,0.029360 226,247,256,287,6,0.028369 59,229,166,388,6,0.018446 252,248,266,273,6,0.015431 355,225,367,245,6,0.006480 9,314,131,480,6,0.006131 0,353,75,480,6,0.004560 0,29,207,480,2,0.004404 0,0,77,201,6,0.003943 355,237,368,252,6,0.003210 143,230,173,364,1,0.002513 211,244,243,295,6,0.002273 0,315,44,480,6,0.002203 0,0,85,261,3,0.001905 0,0,286,397,6,0.001331 346,228,359,246,6,0.001330 253,240,268,264,6,0.001281 295,241,307,256,6,0.001052 204,243,225,258,6,0.001022
/home/dysjin/data/CARLA.v20-carla_v20.coco/valid/041689_png.rf.0d648fbd58416a80b414e4503d51c42e.jpg 307,248,334,304,0,0.311304 310,268,324,297,0,0.001442 0,241,168,418,6,0.001074
/home/dysjin/data/CARLA.v20-carla_v20.coco/valid/003751_png.rf.0ff9ef7c8c8e4f5eab52437609a3b501.jpg 397,214,420,244,4,0.512122 393,217,422,241,5,0.040687 304,240,323,253,6,0.019580 626,0,637,-5,5,0.002124 55,211,257,365,6,0.001012
/home/dysjin/data/CARLA.v20-carla_v20.coco/valid/Town02_008820_png.rf.135414697b8215dc125af6b125d3058c.jpg 509,176,563,216,6,0.744249 262,189,370,335,6,0.674597 146,172,158,189,4,0.243342 388,187,412,207,6,0.042907 426,176,442,192,3,0.018175 377,183,404,214,6,0.011128 388,182,434,213,6,0.011109 139,170,163,198,4,0.003912 417,177,434,194,3,0.003756 0,172,13,246,6,0.003673 403,179,420,197,3,0.003659 0,0,640,380,6,0.003227 0,185,13,255,6,0.002693 0,0,281,350,6,0.002462 427,199,439,218,1,0.002395 223,190,232,204,6,0.002318 421,177,443,219,6,0.001917 0,0,68,154,6,0.001846 392,179,408,197,3,0.001692 342,191,358,203,6,0.001631 0,60,640,169,6,0.001623 275,175,307,373,1,0.001389 0,160,13,234,6,0.001284 543,173,618,226,6,0.001145 532,179,554,199,6,0.001063
/home/dysjin/data/CARLA.v20-carla_v20.coco/valid/006664_png.rf.1466f666c872e94bac27eba56bbdfb5b.jpg 480,227,524,316,2,0.855723 464,232,538,318,0,0.022517 0,204,163,374,6,0.011606 477,234,497,315,2,0.010125 0,259,76,480,6,0.002908 274,247,282,266,0,0.001113
/home/dysjin/data/CARLA.v20-carla_v20.coco/valid/014570_png.rf.1235b2ca71c181a49fda1bb53eaa19cd.jpg 436,227,455,288,2,0.836655 56,234,128,266,6,0.728529 299,236,335,265,6,0.519201 0,251,78,480,6,0.011684 0,215,10,300,6,0.006357 0,244,162,434,6,0.004033 0,315,159,480,6,0.002506 313,230,336,249,6,0.002232 296,240,314,258,6,0.001906 329,230,341,245,6,0.001742 0,203,10,291,2,0.001658 70,241,113,260,6,0.001526 626,0,637,-7,5,0.001366 183,212,195,228,4,0.001325 0,231,11,305,6,0.001265 298,248,334,284,6,0.001206 0,352,80,480,6,0.001067
/home/dysjin/data/CARLA.v20-carla_v20.coco/valid/112550_png.rf.1ca2fa82e03653536df85cf5faf5753c.jpg 507,226,547,313,2,0.812335 493,227,560,321,0,0.002325 524,219,546,278,2,0.002238 626,0,637,-6,5,0.001127 0,262,75,480,6,0.001031
/home/dysjin/data/CARLA.v20-carla_v20.coco/valid/Town02_000780_png.rf.16d5987bcdc7d08470c1b3e757e128e5.jpg 280,187,299,201,6,0.758433 294,174,340,325,1,0.686714 37,181,103,217,6,0.144495 340,188,359,202,6,0.061263 535,190,557,254,2,0.018277 276,173,300,207,6,0.016267 280,192,365,311,0,0.013382 75,192,107,209,6,0.011017 331,186,349,199,6,0.010300 368,172,379,191,3,0.004285 271,188,289,201,6,0.003295 144,325,160,340,6,0.003245 289,182,310,196,6,0.003210 235,159,377,319,6,0.002992 305,179,321,190,6,0.002758 77,184,124,214,6,0.002240 35,186,52,209,6,0.002009 0,158,160,318,6,0.001405 0,214,76,380,6,0.001179 627,186,640,208,6,0.001161 318,180,333,190,6,0.001112 626,0,638,-57,5,0.001042
/home/dysjin/data/CARLA.v20-carla_v20.coco/valid/Town02_001500_png.rf.1e8a22666698f8954863a9939bc59942.jpg 180,182,219,221,1,0.224453 182,191,217,218,6,0.208301 187,195,214,215,1,0.201855 0,0,258,323,6,0.008484 0,0,640,366,6,0.002871 473,174,543,235,6,0.002143 0,0,640,380,6,0.002070 0,43,573,185,6,0.001562 490,191,567,251,6,0.001524 626,0,637,-55,5,0.001473 0,190,74,380,6,0.001194
/home/dysjin/data/CARLA.v20-carla_v20.coco/valid/Town05_004620_png.rf.0e4a190ca586e0e90df6b90be2c83f5b.jpg 384,174,466,213,6,0.800469 284,186,300,200,6,0.665058 343,180,364,198,6,0.472593 567,10,640,210,3,0.155648 222,188,236,199,6,0.037431 567,163,638,235,6,0.029977 279,173,301,205,6,0.021740 0,0,260,256,6,0.016352 256,179,272,194,6,0.011484 339,175,381,202,6,0.011083 0,0,640,380,6,0.010632 228,181,245,196,6,0.008729 391,186,413,203,6,0.007857 569,198,622,244,6,0.006345 330,178,354,195,6,0.005867 380,179,397,199,6,0.005224 136,188,148,203,0,0.005037 558,70,640,223,0,0.003293 381,186,398,202,0,0.003245 558,54,640,161,4,0.002995 596,177,640,212,6,0.002862 0,208,71,380,6,0.002637 0,0,423,354,6,0.002428 210,189,225,200,6,0.002352 363,181,387,196,6,0.002222 607,186,638,204,6,0.001944 270,185,288,198,6,0.001824 4,0,79,107,3,0.001796 364,0,629,277,6,0.001736 382,181,425,206,6,0.001455 374,171,401,206,0,0.001450 319,172,363,200,6,0.001344 556,179,633,380,6,0.001317 626,0,637,-55,5,0.001291 319,178,335,191,6,0.001221 133,178,149,197,0,0.001188 366,172,411,203,6,0.001179 0,177,28,319,0,0.001143 623,178,639,239,6,0.001131 0,0,640,380,6,0.001003
/home/dysjin/data/CARLA.v20-carla_v20.coco/valid/006578_png.rf.21f08e8ed63ab67b3ef05528af8ef9e6.jpg 264,239,292,257,6,0.750782 372,220,383,239,3,0.624942 368,209,386,246,3,0.002034 0,282,73,480,6,0.001948
/home/dysjin/data/CARLA.v20-carla_v20.coco/valid/Town01_004320_png.rf.1f6552094735eb0bd49b614b7e584c58.jpg 273,195,372,288,6,0.782264 367,148,377,169,3,0.020428 429,170,441,194,4,0.019414 396,161,407,185,4,0.013979 243,189,264,198,6,0.010952 253,182,273,193,6,0.008351 308,179,324,194,6,0.007786 317,179,332,193,6,0.006574 194,186,206,200,1,0.004893 421,170,434,193,4,0.004462 188,188,199,201,1,0.003904 304,187,325,201,6,0.003807 146,163,157,178,4,0.003187 255,190,271,200,6,0.003029 404,160,415,185,4,0.002153 295,188,311,202,6,0.001910 265,179,282,192,6,0.001894 626,0,637,-55,5,0.001813 241,179,266,192,6,0.001801 230,190,250,199,6,0.001625 297,179,311,193,6,0.001364 204,189,225,201,6,0.001085
/home/dysjin/data/CARLA.v20-carla_v20.coco/valid/Town02_006720_png.rf.2632fd4f3d65ff215e84d472badfd870.jpg 272,192,288,210,6,0.812058 577,183,640,227,6,0.717278 0,150,14,213,3,0.223768 494,210,507,234,1,0.057737 344,187,359,206,1,0.056114 1,160,11,202,4,0.032874 565,175,579,196,3,0.023184 491,205,510,241,0,0.020974 0,158,13,231,3,0.017299 559,167,584,206,0,0.016508 559,180,612,218,6,0.012290 1,173,14,244,6,0.011754 1,185,14,255,6,0.005346 156,201,176,215,6,0.004807 4,155,23,209,3,0.004326 345,179,358,197,6,0.003577 564,182,582,208,6,0.003000 198,190,211,203,6,0.002721 523,188,542,206,6,0.002450 16,0,101,136,6,0.002283 205,190,218,203,6,0.002153 292,191,305,203,6,0.002123 1,175,11,214,4,0.002061 350,187,372,203,6,0.002028 0,125,13,201,3,0.001993 260,187,275,206,6,0.001780 341,180,360,214,0,0.001744 140,201,166,214,6,0.001538 113,193,173,219,6,0.001457 525,178,542,197,6,0.001367 481,182,544,210,6,0.001248 332,189,348,204,6,0.001176 320,190,333,202,6,0.001170 306,189,319,200,6,0.001167 626,0,637,-56,5,0.001117 619,171,639,230,6,0.001117 500,212,512,232,0,0.001045
/home/dysjin/data/CARLA.v20-carla_v20.coco/valid/Town05_006900_png.rf.2eaa1f5f6de8c6bffcd968f78f2f53b4.jpg 238,182,260,227,0,0.966132 559,212,640,380,3,0.063458 375,210,640,377,6,0.038477 536,243,638,380,6,0.009509 0,216,278,380,6,0.008043 329,176,343,187,6,0.004019 234,158,274,244,0,0.002429 627,422,638,380,5,0.002285 235,148,411,312,6,0.001951 306,178,322,189,6,0.001886 330,169,345,181,6,0.001732 7,202,107,380,6,0.001642 626,0,637,-55,5,0.001612 242,176,257,203,0,0.001497 487,220,623,380,6,0.001492 0,0,640,309,6,0.001245 0,0,280,313,6,0.001200
/home/dysjin/data/CARLA.v20-carla_v20.coco/valid/005482_png.rf.1eef94cb1d26525ab4b64d28fc9be58d.jpg 0,219,29,325,2,0.854699 0,226,29,354,0,0.007013 0,201,15,322,2,0.006160 0,232,16,330,2,0.003731 0,225,50,324,0,0.001643 470,227,542,276,6,0.001396 9,224,43,321,2,0.001259
/home/dysjin/data/CARLA.v20-carla_v20.coco/valid/138251_png.rf.2622df013f55b1f57387212b95c87241.jpg 81,230,97,289,2,0.606203 74,236,92,298,2,0.058491 0,227,13,309,2,0.042506 0,96,87,352,6,0.025698 240,237,258,251,6,0.023378 458,290,640,480,6,0.019252 84,249,95,286,2,0.011343 7,242,26,298,2,0.010001 0,238,13,321,2,0.005305 186,247,196,271,2,0.003615 626,0,637,-6,5,0.001400 626,463,637,480,4,0.001216 6,41,102,273,6,0.001011
/home/dysjin/data/CARLA.v20-carla_v20.coco/valid/007070_png.rf.2316a0a54db7e4a749f421570aadd160.jpg 382,217,401,242,5,0.605822 378,215,406,244,4,0.426294 0,196,11,272,6,0.004241 0,256,74,480,6,0.002128 0,182,12,263,6,0.001941 626,0,636,1,4,0.001704 627,0,636,30,5,0.001137
/home/dysjin/data/CARLA.v20-carla_v20.coco/valid/Town05_010920_png.rf.2325292b5e147dc41c10fe128f6256f9.jpg 300,159,350,292,0,0.897650 318,177,334,194,6,0.177349 307,179,326,192,6,0.060259 296,178,310,189,6,0.034472 317,182,330,204,0,0.024992 312,180,336,238,0,0.013645 327,177,344,191,6,0.008577 330,170,344,182,6,0.004958 237,149,387,310,6,0.003344 320,170,335,183,6,0.002187 567,179,637,380,6,0.001814 626,0,637,-54,5,0.001674 307,185,323,200,0,0.001183 308,172,346,200,6,0.001122 0,0,180,254,6,0.001102 108,158,315,302,6,0.001088 243,190,260,202,6,0.001085 426,205,447,263,0,0.001024
/home/dysjin/data/CARLA.v20-carla_v20.coco/valid/Town01_006420_png.rf.2b897cd6227874bc930ae1c7e17e3b3b.jpg 311,186,323,211,0,0.345211 382,173,395,193,4,0.149051 316,193,325,214,1,0.118335 210,178,219,193,3,0.034588 346,178,355,191,6,0.014773 0,132,24,262,2,0.008229 0,99,22,255,2,0.005985 286,181,297,193,6,0.005749 294,182,308,195,6,0.005204 0,168,15,250,6,0.003176 0,159,15,238,4,0.002882 299,183,331,212,0,0.002430 308,180,321,198,6,0.002341 285,187,295,200,0,0.002063 7,180,30,241,0,0.001937 348,184,357,202,6,0.001598 0,195,162,371,6,0.001446 626,0,637,-56,5,0.001417 5,171,28,229,4,0.001243 389,171,403,193,4,0.001232 283,199,292,214,0,0.001060
/home/dysjin/data/CARLA.v20-carla_v20.coco/valid/Town05_006780_png.rf.253c814d6e368b92a888141244ca1a16.jpg 163,177,209,257,0,0.572334 187,190,213,245,0,0.221191 355,178,376,197,6,0.031353 196,175,207,191,0,0.018673 351,172,379,202,0,0.012356 190,174,210,227,0,0.008238 0,188,76,380,6,0.004581 194,188,207,211,0,0.004415 345,177,363,195,0,0.004132 364,186,380,202,0,0.003559 192,204,207,234,0,0.003020 258,189,270,202,0,0.002157 0,204,72,380,6,0.001917 247,177,258,190,0,0.001898 0,145,165,316,6,0.001388 195,168,207,180,6,0.001383 346,187,359,202,0,0.001308 0,0,245,298,6,0.001065
/home/dysjin/data/CARLA.v20-carla_v20.coco/valid/Town01_008280_png.rf.2f69ce357d9638b109b359e31c238ab4.jpg 313,193,333,207,6,0.659285 289,198,307,208,6,0.355991 290,188,339,213,6,0.137327 194,196,204,213,1,0.118346 426,200,501,238,6,0.041278 277,187,305,215,6,0.017905 381,201,395,218,6,0.012369 401,204,427,220,6,0.010862 390,199,438,224,6,0.006049 410,212,435,225,6,0.005466 326,191,345,204,6,0.005217 269,192,288,206,6,0.004237 187,189,200,211,2,0.004174 64,181,116,211,6,0.003555 456,202,491,216,6,0.002821 110,337,128,353,6,0.002603 390,203,409,218,6,0.002473 316,180,332,199,6,0.002136 188,196,200,215,1,0.001819 626,0,637,-55,5,0.001566 63,164,90,211,6,0.001483 541,198,615,252,6,0.001090 1,177,29,220,6,0.001051 189,182,207,220,1,0.001047 0,155,155,320,6,0.001030
/home/dysjin/data/CARLA.v20-carla_v20.coco/valid/Town01_005100_png.rf.262bb9c3104b14f5fb633de3dafd0a52.jpg 585,196,602,219,0,0.078989 579,180,607,221,0,0.032443 556,201,634,380,6,0.013052 600,209,624,256,0,0.011225 327,187,345,209,6,0.008026 567,189,606,224,6,0.006376 605,205,629,255,6,0.004382 579,206,597,227,6,0.002197 603,218,620,247,1,0.001883 569,163,638,231,6,0.001588 626,0,637,-56,5,0.001449 307,200,321,217,1,0.001214 0,219,78,380,6,0.001067 316,180,341,219,6,0.001047
/home/dysjin/data/CARLA.v20-carla_v20.coco/valid/Town01_011940_png.rf.2554f5ab3ce2122d2ef300838472450f.jpg 565,190,607,225,6,0.495001 206,169,273,230,6,0.419705 332,185,353,202,6,0.119807 578,196,609,242,0,0.056108 566,181,600,223,0,0.010664 320,173,360,204,6,0.009107 571,199,615,238,1,0.004708 267,178,289,196,6,0.004609 200,198,261,234,6,0.003260 565,195,587,217,6,0.003136 308,190,323,202,6,0.003023 318,178,338,197,6,0.002207 208,210,225,228,1,0.001443 0,229,77,380,6,0.001045 626,0,638,-57,5,0.001002
/home/dysjin/data/CARLA.v20-carla_v20.coco/valid/041684_png.rf.2f70db5ab75442cd11fffa13a776ae97.jpg 308,247,334,304,0,0.507941 313,258,327,294,0,0.001044
/home/dysjin/data/CARLA.v20-carla_v20.coco/valid/Town05_010980_png.rf.2071755951cd753466eb2cc53fd2fe0c.jpg 299,163,346,285,0,0.924329 317,177,333,194,6,0.022382 308,178,325,193,6,0.007320 310,184,336,259,0,0.005625 267,182,285,192,6,0.003800 312,178,336,216,0,0.003434 243,152,398,319,6,0.003077 0,246,180,380,6,0.002286 370,177,383,192,0,0.002265 378,179,399,193,6,0.001702 626,0,637,-54,5,0.001692 0,0,285,314,6,0.001220 0,192,267,369,6,0.001085 370,185,383,203,1,0.001025
/home/dysjin/data/CARLA.v20-carla_v20.coco/valid/112459_png.rf.33bdc5bd58f0f631808a95c4ceb9a78f.jpg 291,235,311,299,2,0.870720 0,261,75,480,6,0.001175 626,0,637,-6,5,0.001085
/home/dysjin/data/CARLA.v20-carla_v20.coco/valid/041653_png.rf.31aa86a50239c7e6cbc52c66846dac06.jpg 308,244,333,302,0,0.812737 146,222,156,244,3,0.004268 428,222,446,273,2,0.003177 370,90,446,220,1,0.001153
/home/dysjin/data/CARLA.v20-carla_v20.coco/valid/041819_png.rf.374472e0a0868df264a4100cb7734e35.jpg 112,241,135,298,0,0.907960 9,239,80,269,6,0.889493 173,222,185,243,4,0.699365 173,227,183,255,2,0.011041 565,157,640,350,6,0.005004 179,214,193,237,4,0.004259 114,217,152,306,0,0.003384 115,227,136,276,0,0.002654 164,222,177,244,4,0.002266 117,248,131,280,0,0.002030 30,247,73,261,6,0.002019 119,240,133,262,0,0.001930 626,0,637,-7,5,0.001655 169,209,190,245,4,0.001332
/home/dysjin/data/CARLA.v20-carla_v20.coco/valid/Town05_010800_png.rf.3489607b659edfbc485537135e06f34b.jpg 310,184,331,251,0,0.898282 2,185,125,272,6,0.809140 115,200,138,245,0,0.403789 343,178,356,195,6,0.109776 128,176,179,202,6,0.050675 344,185,354,199,0,0.037495 321,179,334,195,6,0.023337 315,187,328,214,0,0.010815 301,169,344,263,0,0.008310 297,180,309,193,0,0.006967 353,180,369,194,6,0.006549 0,81,148,279,6,0.005199 309,179,323,195,6,0.005121 333,178,348,193,0,0.004285 314,200,326,241,0,0.004165 337,172,359,203,0,0.003479 128,188,159,205,6,0.002519 380,159,389,180,3,0.002514 342,168,356,185,6,0.002152 121,197,136,224,0,0.001950 118,171,155,249,0,0.001802 2,176,32,277,6,0.001620 626,0,637,-55,5,0.001600 353,188,369,200,6,0.001276 370,163,383,180,3,0.001244 221,190,233,204,0,0.001084
/home/dysjin/data/CARLA.v20-carla_v20.coco/valid/Town02_001080_png.rf.2d29b90fb99ccf7727caeaa1914436b4.jpg 277,187,297,202,6,0.873693 0,184,82,378,6,0.740807 294,175,340,323,1,0.690622 122,169,238,283,6,0.400872 1,194,79,380,3,0.266489 339,187,359,202,6,0.046055 0,207,70,380,6,0.025237 330,186,349,199,6,0.022890 305,154,341,322,0,0.018632 535,190,557,254,2,0.013404 101,189,186,264,6,0.012501 319,186,333,201,0,0.011935 307,180,322,191,6,0.010191 0,242,90,359,4,0.009844 280,192,365,310,0,0.009255 318,182,333,193,6,0.008007 368,173,379,191,3,0.004990 15,181,66,216,6,0.004926 0,158,78,317,6,0.004731 86,208,261,321,6,0.003436 228,173,245,189,3,0.002781 0,164,74,229,6,0.002405 49,102,269,293,6,0.002114 216,187,233,256,1,0.001897 328,183,374,206,6,0.001617 0,217,41,380,6,0.001512 0,148,158,335,6,0.001373 4,276,133,380,6,0.001247 269,174,304,206,6,0.001236 627,186,640,208,6,0.001228 232,151,378,320,6,0.001166 26,189,54,210,6,0.001061 356,176,371,194,6,0.001051 306,187,322,200,6,0.001045 626,0,638,-57,5,0.001032
/home/dysjin/data/CARLA.v20-carla_v20.coco/valid/Town02_005700_png.rf.39e8547ff43ddaa06ed2b24f114c8a27.jpg 228,190,410,340,6,0.827333 284,187,298,200,6,0.604740 317,177,331,192,6,0.061297 474,179,499,196,6,0.041998 291,180,309,196,6,0.026158 305,178,325,195,6,0.017268 566,9,640,206,3,0.014408 282,171,301,206,6,0.007657 172,21,473,380,2,0.005381 235,177,246,188,3,0.005209 483,188,506,199,6,0.004419 317,186,332,200,6,0.003986 0,158,156,310,6,0.002974 292,171,336,200,6,0.002177 0,184,76,380,6,0.002000 558,191,584,204,6,0.001601 626,0,637,-56,5,0.001514
/home/dysjin/data/CARLA.v20-carla_v20.coco/valid/Town02_002040_png.rf.3d0fd4b3b3749ac8ebdf480959eb8e66.jpg 289,181,336,316,1,0.669824 262,186,310,212,6,0.546678 103,192,161,221,6,0.484245 4,171,107,352,6,0.424628 290,165,337,308,6,0.124312 266,195,293,211,6,0.071412 40,175,114,342,0,0.067135 399,136,419,181,3,0.053684 137,198,161,215,6,0.040871 76,178,151,227,6,0.039916 0,199,93,380,6,0.029504 55,189,83,229,1,0.027322 303,189,320,204,6,0.020444 51,166,64,183,3,0.016036 402,135,415,165,4,0.015191 51,174,64,191,3,0.012557 51,191,88,227,6,0.010913 404,157,415,181,3,0.010494 360,0,640,372,6,0.009693 284,190,315,204,6,0.007670 53,178,80,223,0,0.007593 397,158,408,179,3,0.007010 58,188,75,210,1,0.006066 260,187,278,207,0,0.005942 57,174,72,192,3,0.005092 0,237,74,380,6,0.003923 559,51,634,303,6,0.003794 0,17,640,114,6,0.003020 19,232,126,380,6,0.002815 51,167,77,204,0,0.002461 0,133,79,286,6,0.002322 103,178,132,224,6,0.002300 64,170,108,291,6,0.002243 108,177,124,194,6,0.001940 127,191,157,212,6,0.001909 67,191,88,209,6,0.001737 57,162,72,181,3,0.001649 64,197,87,219,1,0.001494 64,183,126,215,6,0.001368 235,154,378,315,6,0.001311 58,206,82,229,6,0.001196 154,193,171,209,6,0.001171 50,195,67,221,1,0.001140 273,179,297,200,6,0.001113 391,152,412,188,3,0.001055 345,161,356,180,4,0.001053
/home/dysjin/data/CARLA.v20-carla_v20.coco/valid/075707_png.rf.2ff4a82560cfe658387e361a6cc43ef0.jpg 306,237,351,276,6,0.927571 174,239,247,303,6,0.774541 0,243,171,424,6,0.761332 238,239,264,279,6,0.437659 0,266,74,480,6,0.049840 0,202,77,453,6,0.040426 252,248,266,272,6,0.029565 59,226,165,390,6,0.022086 226,246,255,288,6,0.020637 0,328,73,480,6,0.015830 64,239,159,321,6,0.011831 8,314,131,480,6,0.006120 0,32,209,480,2,0.004019 0,184,51,480,6,0.003905 355,225,367,245,6,0.003736 0,0,77,202,6,0.003591 143,230,173,364,1,0.002382 563,0,638,284,6,0.002105 211,244,243,296,6,0.001650 355,237,367,252,6,0.001511 228,231,255,273,6,0.001457 295,241,308,256,6,0.001395 0,0,286,399,6,0.001220 0,333,40,480,6,0.001092 0,172,398,442,2,0.001018
/home/dysjin/data/CARLA.v20-carla_v20.coco/valid/138320_png.rf.332f3bdf3abffc7dd973858c3061b801.jpg 61,230,79,291,2,0.903146 0,222,11,315,2,0.022534 568,351,576,384,2,0.012037 64,246,75,287,2,0.008502 244,238,254,251,6,0.007401 520,329,531,360,2,0.005634 463,283,638,480,6,0.003183 529,330,539,359,2,0.002372 62,214,93,296,2,0.002127 0,231,9,328,2,0.002044 358,246,370,270,2,0.001478 626,0,637,-6,5,0.001315 243,229,254,244,6,0.001146
/home/dysjin/data/CARLA.v20-carla_v20.coco/valid/003766_png.rf.3dbe103da1003d1fb3bd18ad0d0894b4.jpg 460,193,515,246,4,0.416350 460,187,510,247,5,0.052330 0,269,81,480,6,0.003340 0,239,166,431,6,0.001391 428,113,444,182,0,0.001135
/home/dysjin/data/CARLA.v20-carla_v20.coco/valid/121245_png.rf.3c6765f574e34bb200e320d55fc2ffe7.jpg 275,248,354,318,6,0.888051 0,249,75,480,6,0.006207 406,235,416,254,2,0.005021 233,199,381,352,6,0.001636 256,239,273,254,1,0.001401 0,228,32,480,6,0.001178 626,229,638,311,6,0.001131
/home/dysjin/data/CARLA.v20-carla_v20.coco/valid/Town05_011040_png.rf.3f658b3c60547a5478cb61d6b76eb55c.jpg 315,185,328,215,0,0.566077 547,195,640,380,6,0.015141 368,243,640,380,6,0.011801 313,184,333,251,0,0.007068 235,189,248,205,0,0.005922 318,172,358,318,0,0.005291 277,157,455,323,6,0.004892 235,179,247,195,0,0.004398 0,236,261,380,6,0.003891 317,180,331,199,0,0.002070 626,0,637,-55,5,0.001670 165,150,362,315,6,0.001358 244,181,260,194,6,0.001328 243,189,259,204,0,0.001287
/home/dysjin/data/CARLA.v20-carla_v20.coco/valid/Town02_004920_png.rf.3cdedb8ebbe317a63567ec577e3789a8.jpg 311,189,331,246,1,0.711834 306,184,329,244,0,0.589704 168,189,185,201,6,0.061111 353,189,375,203,6,0.041951 344,188,359,201,6,0.028444 332,177,346,189,3,0.013713 340,178,355,193,6,0.012460 333,169,344,183,3,0.008597 158,190,178,202,6,0.006035 207,190,221,204,6,0.005833 0,200,74,380,6,0.004171 340,184,384,207,6,0.003198 441,161,454,180,3,0.002862 431,177,448,195,6,0.002210 353,180,372,195,6,0.002173 559,0,637,178,6,0.002044 262,88,314,130,6,0.001980 342,168,354,183,3,0.001689 366,179,379,195,6,0.001406 198,189,210,204,6,0.001256 322,177,335,190,6,0.001185 316,189,330,213,6,0.001113 0,182,34,380,6,0.001105
/home/dysjin/data/CARLA.v20-carla_v20.coco/valid/Town05_002760_png.rf.41faa57cc70298c90c62fe9f6a3f08c9.jpg 117,188,135,207,6,0.150027 242,176,264,197,6,0.128647 254,186,265,205,0,0.113682 45,186,59,211,1,0.100849 110,189,128,209,0,0.079010 41,181,62,216,0,0.046250 0,0,226,288,6,0.028927 241,168,263,185,6,0.024148 371,148,385,166,4,0.020458 231,173,257,191,6,0.019080 370,139,383,159,3,0.012222 119,180,135,199,6,0.010650 110,197,124,214,0,0.006215 101,188,113,207,0,0.004887 378,138,389,162,4,0.004634 320,188,330,203,0,0.004591 243,175,265,213,0,0.003920 384,186,393,205,1,0.003864 0,0,70,190,6,0.003714 0,200,74,380,6,0.003216 331,180,345,192,6,0.003195 321,180,333,192,0,0.003106 106,166,131,213,6,0.002980 0,0,640,144,6,0.002936 0,149,159,316,6,0.002562 252,187,271,237,0,0.002235 0,0,576,137,6,0.002150 46,194,60,215,0,0.002082 292,177,312,189,6,0.001999 255,198,267,220,0,0.001885 626,0,637,-55,5,0.001695 370,159,383,177,4,0.001502 98,186,141,211,6,0.001483 380,160,390,182,4,0.001411 0,178,27,319,0,0.001307 131,190,145,206,0,0.001290 330,188,343,200,0,0.001272 268,203,279,220,0,0.001243
/home/dysjin/data/CARLA.v20-carla_v20.coco/valid/Town02_001740_png.rf.4072bb166a4df4f9403df039e28a73f3.jpg 292,176,336,318,1,0.757713 399,136,418,181,3,0.058489 50,173,64,192,4,0.027549 286,187,342,290,6,0.014917 402,135,415,165,4,0.013006 359,0,640,369,6,0.011999 397,157,408,179,3,0.011199 404,157,414,181,3,0.009476 51,165,64,185,4,0.008494 0,14,640,117,6,0.003611 559,52,634,302,6,0.003298 45,169,69,199,3,0.003012 294,188,308,198,6,0.002656 283,189,296,201,6,0.001836 120,174,134,191,3,0.001642 234,155,379,315,6,0.001382 357,160,368,179,4,0.001305 284,188,358,309,0,0.001209 0,203,75,380,6,0.001187 122,186,136,205,6,0.001065 37,190,52,206,6,0.001036
/home/dysjin/data/CARLA.v20-carla_v20.coco/valid/026849_png.rf.52e90800c02b90489d2521817c6942f7.jpg 424,203,456,242,3,0.942261 0,0,246,375,6,0.024503 0,263,75,480,6,0.007699 629,186,637,277,2,0.002846 0,96,525,232,6,0.002354 0,117,640,212,6,0.001786 356,234,368,253,6,0.001361 0,244,163,424,6,0.001008
/home/dysjin/data/CARLA.v20-carla_v20.coco/valid/Town02_001560_png.rf.44c7e46d6d34263ac9f429ccb2cd2655.jpg 77,188,97,225,0,0.415351 80,191,94,222,1,0.332356 65,177,95,225,1,0.313950 20,182,37,204,0,0.082412 62,186,80,209,6,0.032570 8,162,33,212,0,0.032116 14,181,29,205,0,0.030153 19,176,35,201,6,0.011943 53,178,89,216,6,0.006136 31,188,50,204,6,0.003722 0,122,29,228,6,0.003531 8,177,51,208,6,0.003256 12,173,29,201,1,0.002835 48,186,66,204,6,0.002270 73,166,85,181,6,0.002032 0,142,34,380,6,0.001963 0,155,17,218,6,0.001709 0,189,34,315,0,0.001215 23,194,40,214,0,0.001095 71,177,88,202,6,0.001011 14,150,38,204,0,0.001006
/home/dysjin/data/CARLA.v20-carla_v20.coco/valid/Town02_003420_png.rf.4347a7bee8aec9f5c84eb5295856f9a9.jpg 323,191,379,232,1,0.569485 317,198,388,235,6,0.354632 19,183,93,237,6,0.271785 341,193,380,232,0,0.074985 0,0,294,292,6,0.006648 346,200,376,223,1,0.003292 0,0,640,196,6,0.003020 369,158,382,183,3,0.002533 0,199,73,380,6,0.002497 1,180,95,321,6,0.002229 0,0,640,166,6,0.001972 92,210,109,227,1,0.001536 91,205,110,222,6,0.001369 362,158,387,215,6,0.001269 37,197,114,228,6,0.001210 626,0,637,-57,5,0.001208
/home/dysjin/data/CARLA.v20-carla_v20.coco/valid/Town01_006060_png.rf.3d76b002da6076434f028293d0c4a498.jpg 295,189,336,266,1,0.187253 309,194,334,253,0,0.069236 421,179,495,221,6,0.013906 279,189,343,271,6,0.008720 400,194,449,230,6,0.008155 1,172,16,225,3,0.007276 229,203,246,214,6,0.005571 206,206,224,217,6,0.004528 315,200,329,222,1,0.004445 5,181,14,215,4,0.003625 155,213,173,229,6,0.002694 217,202,236,213,6,0.002190 192,206,214,218,6,0.002144 191,213,213,223,6,0.002065 384,199,394,219,1,0.001903 9,182,20,215,4,0.001676 626,0,637,-55,5,0.001464 4,188,14,223,4,0.001389 0,200,169,374,6,0.001208
/home/dysjin/data/CARLA.v20-carla_v20.coco/valid/Town02_007800_png.rf.4e6520c0e9dd39a93f5048a2caea0283.jpg 336,193,418,231,6,0.796435 307,188,324,203,6,0.312377 607,183,639,238,6,0.238331 314,193,366,231,6,0.120802 498,181,552,206,6,0.092419 555,0,640,201,1,0.027756 297,188,310,201,6,0.018649 500,185,527,202,6,0.017811 619,198,640,266,6,0.017734 384,196,437,231,6,0.013691 614,172,640,270,0,0.012218 315,190,335,205,6,0.011408 49,196,60,218,2,0.010680 301,182,327,214,6,0.006586 8,43,124,223,6,0.004644 406,210,435,227,6,0.003970 0,154,157,309,6,0.003167 317,199,341,219,6,0.003048 558,192,632,380,6,0.002476 283,190,297,201,6,0.002406 295,198,308,213,0,0.002323 316,180,332,197,6,0.002264 516,155,590,206,6,0.002178 0,191,12,252,6,0.001775 396,209,429,226,1,0.001701 613,206,635,231,6,0.001655 233,176,243,190,3,0.001248 529,189,561,205,6,0.001137
/home/dysjin/data/CARLA.v20-carla_v20.coco/valid/Town01_001860_png.rf.53e5db5983ad00d8986ebdc44e1e76ef.jpg 193,185,435,364,6,0.869065 281,187,299,202,6,0.221927 292,187,309,199,6,0.039270 303,187,325,199,6,0.021317 317,179,330,194,6,0.018804 275,173,302,204,6,0.008021 315,188,332,202,6,0.005547 220,189,236,199,6,0.004507 217,181,237,192,6,0.004323 37,90,609,380,2,0.003438 226,0,420,380,2,0.002880 231,191,248,201,6,0.002801 250,224,394,380,6,0.002678 330,178,343,194,0,0.002576 139,185,150,212,2,0.002183 2,175,26,217,6,0.002146 100,190,113,206,6,0.002021 0,153,16,220,6,0.001860 0,210,78,380,6,0.001665 266,179,290,193,6,0.001615 216,160,306,380,6,0.001595 330,188,342,204,0,0.001539 292,175,338,201,6,0.001454 270,188,287,200,6,0.001405 207,178,223,188,6,0.001337 106,190,123,205,6,0.001192 626,0,637,-56,5,0.001070 281,168,298,183,6,0.001055 417,154,497,199,6,0.001026
/home/dysjin/data/CARLA.v20-carla_v20.coco/valid/Town01_006120_png.rf.405fede50ad311216cb9943968a5cdf5.jpg 317,191,328,218,1,0.554044 357,178,370,191,6,0.020959 235,177,244,190,5,0.013533 0,176,15,243,3,0.011499 317,180,328,198,6,0.009449 356,167,366,183,4,0.006397 365,178,379,192,4,0.006235 358,186,372,200,6,0.004281 296,178,308,192,6,0.003371 378,178,398,192,6,0.002660 2,190,13,230,4,0.001683 0,208,35,380,6,0.001289 389,177,409,191,6,0.001190 386,0,640,380,6,0.001097 0,231,67,380,6,0.001031
/home/dysjin/data/CARLA.v20-carla_v20.coco/valid/041864_png.rf.51f1d81198f2e5b7a450f586235760ec.jpg 305,242,325,292,0,0.925184 100,238,210,322,6,0.745950 414,203,444,244,3,0.622222 0,253,83,480,6,0.131472 420,212,443,239,4,0.097891 213,230,234,290,0,0.068685 43,211,214,349,6,0.039523 215,226,237,267,0,0.011346 138,224,223,300,6,0.010171 217,232,235,256,1,0.010016 295,218,335,315,0,0.006200 585,182,640,417,6,0.004910 0,216,83,437,6,0.004888 203,225,231,296,1,0.004818 81,250,158,310,6,0.003880 406,189,416,214,4,0.003317 313,251,327,274,0,0.003316 219,228,236,246,6,0.002640 354,233,365,259,2,0.002514 228,236,242,254,0,0.002273 0,262,39,480,6,0.002019 0,340,142,480,6,0.002019 329,239,345,257,0,0.001903 202,228,231,268,6,0.001835 192,225,231,294,6,0.001745 72,247,247,394,6,0.001721 355,246,365,266,1,0.001380 185,230,227,308,1,0.001324 316,242,330,261,0,0.001320 296,228,310,244,0,0.001309 0,369,78,480,6,0.001207 207,228,228,246,6,0.001172 0,201,164,364,6,0.001037 229,230,243,245,6,0.001034
/home/dysjin/data/CARLA.v20-carla_v20.coco/valid/Town01_012060_png.rf.58e57e1a7e8d4f630323ae1827ca68bc.jpg 565,191,606,225,6,0.356914 336,188,357,203,6,0.153572 329,180,353,199,6,0.057536 578,197,609,242,0,0.048396 266,190,283,203,6,0.044389 308,192,323,204,6,0.026203 567,182,599,222,0,0.013159 616,176,628,190,3,0.004996 319,188,335,201,6,0.004210 324,174,368,204,6,0.003654 565,196,588,217,6,0.003543 162,185,173,203,3,0.002353 306,200,321,212,6,0.002098 267,180,283,195,6,0.001335 582,205,605,232,1,0.001204 626,0,637,-57,5,0.001099 573,189,596,215,1,0.001075 0,229,76,380,6,0.001036
/home/dysjin/data/CARLA.v20-carla_v20.coco/valid/009044_png.rf.59d4a83882b4b6af242cbd9e0e31ba80.jpg 561,218,574,242,3,0.794218 0,194,15,248,3,0.415341 135,244,146,274,2,0.237021 344,224,353,240,3,0.125031 1,202,12,239,4,0.115370 123,235,142,286,2,0.084155 556,206,579,249,3,0.055530 131,243,146,290,2,0.037218 559,204,632,247,6,0.021089 551,199,612,247,3,0.006414 144,248,155,271,2,0.006278 1,210,10,249,3,0.004422 343,232,352,252,1,0.003327 0,202,9,287,6,0.003278 0,0,154,360,6,0.002952 0,217,9,296,6,0.002792 0,162,23,283,3,0.002246 3,189,23,239,3,0.002125 420,112,478,159,6,0.001769 0,262,75,480,6,0.001697 492,247,507,318,2,0.001621 0,134,24,272,3,0.001470 126,251,139,287,2,0.001376 1,240,10,272,6,0.001369 0,228,8,309,6,0.001344 0,134,640,196,6,0.001155
/home/dysjin/data/CARLA.v20-carla_v20.coco/valid/Town02_002520_png.rf.55f8a7c01a8e4b86c99a794d7b61cd5d.jpg 151,197,238,239,6,0.895581 215,159,421,338,6,0.802809 149,174,159,190,3,0.300920 193,0,453,380,2,0.006849 142,171,162,196,3,0.002228 393,145,405,173,3,0.001916 0,214,77,380,6,0.001663 369,173,379,191,3,0.001560 7,0,111,188,6,0.001540 369,185,380,205,6,0.001241 0,217,66,380,6,0.001106
/home/dysjin/data/CARLA.v20-carla_v20.coco/valid/Town02_008760_png.rf.5bfb07b6a5fbe6700b4b9c150b9c6576.jpg 262,189,369,336,6,0.728926 275,189,287,202,6,0.448178 513,179,560,214,6,0.391981 145,172,158,190,4,0.265546 576,179,625,212,6,0.076782 379,188,402,208,6,0.036688 378,181,421,213,6,0.033905 426,175,442,191,3,0.007267 512,186,542,206,6,0.005839 388,194,409,216,6,0.004983 139,170,163,197,4,0.004514 595,196,626,212,6,0.004365 403,179,421,197,3,0.004002 0,173,13,245,6,0.003373 0,0,640,380,6,0.003322 555,190,584,207,6,0.003319 341,191,359,203,6,0.003248 416,177,433,194,3,0.003024 355,191,371,203,6,0.002960 542,184,595,212,6,0.002569 0,0,281,354,6,0.002524 0,186,13,254,6,0.002507 0,62,640,168,6,0.002125 279,195,291,211,0,0.002087 280,182,292,197,0,0.001863 427,200,439,218,1,0.001815 223,189,232,204,6,0.001812 532,179,554,199,6,0.001752 0,0,68,156,6,0.001658 398,185,424,207,6,0.001559 400,180,446,213,6,0.001311 270,182,290,212,6,0.001270 368,188,386,204,6,0.001259 3,7,34,148,3,0.001108 231,191,243,204,6,0.001041 291,190,306,201,6,0.001031
/home/dysjin/data/CARLA.v20-carla_v20.coco/valid/Town01_008100_png.rf.5942043a53e2ea3c62572bf7029ed896.jpg 279,189,297,205,6,0.831367 387,192,408,210,6,0.180435 316,180,333,194,6,0.100618 306,180,323,193,6,0.080352 338,188,363,203,6,0.041311 365,183,410,214,6,0.013103 328,180,345,197,6,0.013009 353,187,373,204,6,0.012821 364,188,387,207,6,0.011933 286,188,307,201,6,0.010323 269,185,305,209,6,0.005781 326,182,375,207,6,0.005506 171,190,188,204,6,0.005239 158,190,176,204,6,0.004796 1,38,31,163,3,0.003557 302,174,345,197,6,0.002069 180,188,195,203,6,0.002054 0,0,249,318,6,0.001974 626,0,637,-54,5,0.001536 271,179,288,199,6,0.001416 0,156,161,315,6,0.001012
/home/dysjin/data/CARLA.v20-carla_v20.coco/valid/Town01_010680_png.rf.5537782525200ced228c602e6dcc3456.jpg 370,177,381,190,4,0.365600 229,192,242,205,6,0.017607 231,179,243,195,6,0.006988 370,182,380,199,3,0.005494 376,175,388,190,4,0.003185 0,0,77,265,6,0.003104 293,202,302,217,0,0.002698 319,189,332,198,6,0.002544 156,189,171,201,6,0.002531 0,0,256,322,6,0.002214 283,202,295,216,0,0.002207 332,190,344,201,6,0.001920 193,189,211,201,6,0.001810 222,178,236,195,6,0.001327 343,188,354,203,0,0.001299 363,174,387,199,4,0.001286 626,0,637,-56,5,0.001264 308,178,321,189,6,0.001010
/home/dysjin/data/CARLA.v20-carla_v20.coco/valid/121155_png.rf.5eeb1497380edc240a771f68b9d34669.jpg 562,207,601,306,2,0.895483 228,243,417,388,6,0.859568 633,189,639,226,2,0.006443 629,169,638,247,2,0.005839 626,0,637,-6,4,0.004958 545,211,612,307,0,0.004222 161,114,484,480,2,0.003565 625,0,638,-30,3,0.001086
/home/dysjin/data/CARLA.v20-carla_v20.coco/valid/007085_png.rf.5a7141063cfddac158b01dce18de1e48.jpg 429,202,464,243,5,0.560974 541,188,626,256,6,0.004687 428,209,466,246,4,0.004385 0,248,72,480,6,0.003849 0,223,35,480,6,0.001959 533,183,581,265,2,0.001270 626,0,636,0,5,0.001256
/home/dysjin/data/CARLA.v20-carla_v20.coco/valid/Town05_006720_png.rf.717ce1e22225ab6a97befb2b8effcc2a.jpg 176,176,221,256,0,0.165762 344,176,361,197,0,0.039822 198,196,221,243,0,0.023379 365,186,385,201,6,0.023333 94,182,165,206,6,0.018457 350,178,378,198,6,0.014947 381,149,392,170,3,0.006333 177,192,226,246,6,0.005245 91,191,116,205,6,0.003547 350,171,396,203,6,0.003042 77,184,133,210,6,0.002843 93,198,116,211,6,0.002777 203,199,217,226,0,0.002703 124,189,151,202,6,0.002254 0,211,74,380,6,0.002192 0,149,27,304,0,0.001921 377,190,395,205,6,0.001563 381,137,394,159,3,0.001512 381,160,393,181,3,0.001496 332,177,347,193,0,0.001473 0,169,27,326,0,0.001462 191,176,215,227,0,0.001448 319,178,334,189,6,0.001395 626,0,637,-56,5,0.001381 84,190,105,206,1,0.001301 206,191,221,211,0,0.001285 330,170,373,199,6,0.001244 127,180,150,194,6,0.001077 563,121,632,380,6,0.001001
/home/dysjin/data/CARLA.v20-carla_v20.coco/valid/Town01_006600_png.rf.612f31973b2db2fda3ee5293fd937a64.jpg 373,191,394,211,6,0.423891 271,201,281,213,0,0.006471 0,207,76,380,6,0.003701 123,213,136,230,1,0.003500 424,203,451,219,6,0.003205 294,193,308,205,6,0.001349 293,201,304,214,0,0.001225 0,158,157,318,6,0.001215 0,225,69,380,6,0.001083 281,202,293,213,0,0.001059
/home/dysjin/data/CARLA.v20-carla_v20.coco/valid/112469_png.rf.4fea3a1e3f0858f468ecb362968a08fb.jpg 315,238,339,297,2,0.868831 626,0,637,-6,5,0.001205 0,262,74,480,6,0.001030
/home/dysjin/data/CARLA.v20-carla_v20.coco/valid/Town05_009540_png.rf.67accf9da191af14c5f05da1b6fe1e58.jpg 597,190,627,207,6,0.222728 0,202,72,380,6,0.013109 538,191,556,203,6,0.004968 549,191,567,203,6,0.004483 415,177,431,192,6,0.004266 343,203,353,218,0,0.003453 170,177,192,194,6,0.003015 416,201,427,216,0,0.002910 589,188,610,205,6,0.002874 279,178,298,191,6,0.002100 416,189,429,203,6,0.001761 407,201,418,216,0,0.001750 626,0,637,-55,5,0.001560 0,143,159,318,6,0.001498 442,191,455,204,0,0.001462 563,191,580,204,6,0.001326 342,191,354,206,0,0.001305 595,168,640,210,6,0.001260 318,176,334,190,6,0.001023 466,249,640,380,6,0.001022
/home/dysjin/data/CARLA.v20-carla_v20.coco/valid/041820_png.rf.69e77a8e269d90d89efc21e5026a7083.jpg 117,242,140,296,0,0.933685 25,239,87,268,6,0.898318 183,222,195,244,4,0.388639 114,223,153,310,0,0.016338 185,215,196,237,4,0.014896 177,223,188,244,4,0.010418 179,220,197,265,2,0.005444 116,226,140,277,0,0.005165 44,247,81,262,6,0.001978 176,232,188,253,2,0.001512 25,238,42,258,6,0.001324 29,243,61,264,6,0.001220 179,208,201,246,4,0.001042
/home/dysjin/data/CARLA.v20-carla_v20.coco/valid/121278_png.rf.6607158f1164a75baf620dcb66d1b07e.jpg 277,246,355,319,6,0.877378 238,247,263,262,1,0.266649 239,242,262,260,6,0.059483 478,244,488,271,1,0.007749 6,224,37,268,6,0.005404 0,195,33,299,2,0.003162 250,242,274,259,6,0.002335 238,236,286,263,6,0.001817 235,198,381,355,6,0.001654 626,0,638,-7,5,0.001001
/home/dysjin/data/CARLA.v20-carla_v20.coco/valid/Town02_004620_png.rf.7280640e1c163e7c4b28010b90659788.jpg 227,191,408,339,6,0.796703 278,186,296,201,6,0.258300 314,184,330,203,6,0.248985 375,128,395,169,3,0.171163 143,189,169,202,6,0.148111 306,170,327,207,6,0.040192 373,135,385,160,3,0.027227 344,182,355,207,6,0.006570 169,14,476,380,2,0.005143 388,147,402,168,3,0.003093 143,180,167,198,6,0.002966 290,184,312,200,6,0.002529 133,173,175,205,6,0.002468 568,148,636,380,6,0.002149 340,159,355,209,6,0.002077 626,0,637,-55,5,0.001708 382,140,408,176,3,0.001697 275,175,325,203,6,0.001447 266,185,365,279,6,0.001415 381,157,394,178,3,0.001297 81,179,98,234,6,0.001253 318,165,330,187,6,0.001212 372,156,382,180,3,0.001084
/home/dysjin/data/CARLA.v20-carla_v20.coco/valid/Town05_016500_png.rf.75b431585ae9c755044e81517b796324.jpg 347,186,399,232,6,0.856369 0,194,87,294,6,0.777047 120,195,206,240,6,0.578033 459,176,473,193,3,0.493467 341,187,369,236,6,0.079826 333,180,348,196,6,0.069563 427,199,440,211,6,0.045874 0,111,80,316,6,0.033570 341,180,358,197,6,0.024655 344,187,361,207,6,0.013193 334,185,347,201,0,0.009489 110,206,177,252,6,0.008468 271,189,285,201,6,0.007945 321,178,335,191,6,0.007493 375,191,391,212,6,0.006552 356,198,393,222,6,0.003935 269,179,286,192,6,0.003577 0,172,74,380,6,0.003070 419,190,436,205,6,0.002744 247,190,260,201,6,0.002566 380,180,393,193,6,0.002218 426,178,439,196,6,0.002192 208,174,220,187,6,0.002188 117,203,148,245,6,0.001920 169,199,232,238,6,0.001790 333,196,348,224,0,0.001783 451,170,478,196,3,0.001678 257,190,272,201,6,0.001621 282,190,295,202,6,0.001600 331,170,346,184,6,0.001597 205,201,221,222,1,0.001314 279,180,294,193,6,0.001302 88,149,246,296,6,0.001296 422,184,442,216,6,0.001189 318,222,328,243,0,0.001108 1,161,27,207,6,0.001039
/home/dysjin/data/CARLA.v20-carla_v20.coco/valid/Town02_001020_png.rf.79741d4293c684a4f4e895c08f1290d5.jpg 0,189,81,375,6,0.714198 299,171,344,320,1,0.628692 272,180,333,208,6,0.391697 0,193,78,380,3,0.238796 276,188,303,203,6,0.206921 285,178,346,299,0,0.169997 340,188,358,203,6,0.050106 331,188,349,200,6,0.023825 0,201,70,380,6,0.018065 535,190,557,254,2,0.017728 6,158,93,380,0,0.009475 0,240,89,360,4,0.008262 368,171,378,190,3,0.007235 18,182,66,218,6,0.005208 341,181,357,196,6,0.005014 296,186,328,204,6,0.004969 192,186,209,212,1,0.003815 359,164,369,183,3,0.003033 234,159,377,319,6,0.002477 27,199,56,216,6,0.002109 367,164,376,186,4,0.001633 312,188,338,202,6,0.001491 627,186,640,208,6,0.001413 0,152,138,345,6,0.001356 0,213,41,380,6,0.001111 278,196,301,212,6,0.001079 626,0,638,-57,5,0.001004
/home/dysjin/data/CARLA.v20-carla_v20.coco/valid/004996_png.rf.758bfe0873e6cba6e1d99146894cae01.jpg 493,261,510,321,2,0.873046 360,243,370,269,2,0.044351 53,198,130,254,6,0.004833 280,252,300,262,6,0.003166 289,251,311,261,6,0.002514 0,260,76,480,6,0.002408 368,244,380,268,2,0.001606 626,0,637,-5,5,0.001601 0,241,168,430,6,0.001143
/home/dysjin/data/CARLA.v20-carla_v20.coco/valid/Town02_001620_png.rf.77cda18f042297c4b15936a35acef602.jpg 302,186,332,254,1,0.361957 174,188,187,212,2,0.062441 301,179,330,223,6,0.033833 181,190,194,211,2,0.030250 314,188,335,211,6,0.017531 123,198,140,217,1,0.010424 132,198,148,217,1,0.008636 328,189,342,211,6,0.004068 145,200,161,217,2,0.003399 8,202,102,380,6,0.003230 527,143,597,206,6,0.001907 159,197,173,216,2,0.001678 295,189,312,209,6,0.001386 117,195,163,222,1,0.001033
/home/dysjin/data/CARLA.v20-carla_v20.coco/valid/112362_png.rf.868e587d8bdd37c81e4872223fbdbeb4.jpg 150,231,166,282,2,0.901382 156,234,168,269,2,0.009656 380,233,389,257,2,0.005483 372,234,383,257,2,0.002065 0,260,74,480,6,0.001509 148,211,165,267,2,0.001001
/home/dysjin/data/CARLA.v20-carla_v20.coco/valid/Town05_010080_png.rf.88fb23d739ffa2beacd3c5735d172d03.jpg 271,184,285,201,6,0.775330 313,180,332,221,0,0.722261 265,173,288,205,6,0.083115 270,194,284,215,6,0.013916 557,75,640,220,3,0.013683 243,165,259,185,6,0.011212 277,180,294,196,6,0.004766 246,175,258,191,6,0.004371 269,164,289,187,6,0.004277 0,0,179,188,6,0.002961 317,179,331,200,6,0.002744 357,162,367,181,3,0.002525 246,188,257,202,0,0.001933 0,217,74,380,6,0.001830 279,196,292,217,0,0.001636 256,177,276,196,6,0.001603 357,175,370,191,3,0.001576 330,182,343,196,6,0.001524 230,165,253,183,6,0.001455 260,185,274,202,0,0.001308 469,213,479,280,2,0.001185 346,179,358,192,6,0.001151 241,158,289,192,6,0.001024
/home/dysjin/data/CARLA.v20-carla_v20.coco/valid/026847_png.rf.7a28094ba474fb2fab06e58f1ebea83c.jpg 413,207,445,240,3,0.947245 0,0,240,371,6,0.013797 0,223,9,313,2,0.007204 0,208,9,310,2,0.006311 2,248,9,291,2,0.001684 627,171,637,274,2,0.001270 0,201,10,295,6,0.001103 0,231,8,329,2,0.001085 0,271,76,479,6,0.001022
/home/dysjin/data/CARLA.v20-carla_v20.coco/valid/075709_png.rf.7dd638ab9af378bf60aaa2fb92a0aea4.jpg 307,236,350,277,6,0.919849 172,238,247,303,6,0.781800 0,242,172,426,6,0.768735 237,238,264,280,6,0.555268 0,304,73,480,6,0.031171 226,247,257,288,6,0.027839 0,197,75,480,6,0.025540 252,248,266,273,6,0.016220 62,239,157,320,6,0.009985 60,227,164,392,6,0.008627 354,225,367,246,6,0.007398 9,312,130,480,6,0.005960 0,0,76,204,6,0.005454 0,353,75,480,6,0.004981 0,16,202,480,2,0.004631 0,314,44,480,6,0.002666 144,228,173,366,1,0.002584 0,0,85,260,3,0.002474 346,228,359,246,6,0.001544 0,0,284,392,6,0.001484 211,244,243,295,6,0.001306 295,241,307,257,6,0.001265 0,168,392,446,2,0.001169 227,230,256,274,6,0.001108
/home/dysjin/data/CARLA.v20-carla_v20.coco/valid/Town02_007380_png.rf.8809896fc46f6266a6729640bbc68e4c.jpg 558,186,633,226,6,0.371836 279,190,295,205,6,0.154474 274,190,288,206,1,0.081938 490,173,507,252,2,0.060480 292,180,307,195,6,0.022194 557,184,607,256,0,0.019216 291,189,306,201,6,0.012971 0,169,11,243,6,0.007417 555,170,633,380,6,0.006028 0,178,11,261,6,0.003320 281,179,300,198,6,0.002389 495,199,505,242,2,0.002187 335,187,344,202,1,0.002141 587,178,605,194,3,0.001597 333,177,344,194,1,0.001549 564,153,632,215,6,0.001376 305,189,319,201,6,0.001359 0,166,13,229,3,0.001234 626,0,637,-57,5,0.001219 555,181,592,220,6,0.001114 293,166,308,186,6,0.001070
/home/dysjin/data/CARLA.v20-carla_v20.coco/valid/Town01_007500_png.rf.7e4c2487265d812d93246e09a19aeab2.jpg 555,160,636,229,6,0.857056 258,194,280,213,6,0.835651 526,176,552,220,6,0.281847 294,180,311,190,6,0.047028 304,179,318,189,6,0.021923 363,178,413,212,6,0.021115 155,214,179,227,6,0.007906 264,182,281,197,6,0.006275 530,184,590,229,6,0.004595 281,182,296,194,6,0.004083 305,188,320,198,6,0.002705 221,203,232,215,6,0.002290 292,187,309,198,6,0.001813 532,208,619,380,6,0.001791 143,209,193,230,6,0.001720 248,189,263,209,6,0.001283
/home/dysjin/data/CARLA.v20-carla_v20.coco/valid/Town05_007500_png.rf.8a81a882e564e9e99b5c951d3e18dbbc.jpg 343,178,400,205,6,0.912781 254,178,266,196,0,0.316878 305,178,321,191,6,0.066726 200,103,230,145,3,0.063649 371,185,393,199,6,0.012564 123,189,136,205,0,0.011052 343,177,366,197,6,0.006553 216,112,230,136,3,0.006405 298,178,311,192,6,0.004679 249,183,261,200,0,0.003209 318,176,333,190,6,0.003155 331,175,346,192,6,0.002417 159,191,176,207,0,0.001897 0,151,171,317,6,0.001794 0,194,73,380,6,0.001574 188,69,234,150,3,0.001538 266,181,281,192,6,0.001155 166,154,358,304,6,0.001124 626,0,638,-57,5,0.001050 269,156,448,306,6,0.001024
/home/dysjin/data/CARLA.v20-carla_v20.coco/valid/Town02_005520_png.rf.8a9d2ba4122736ea3845c9e405936cce.jpg 49,192,137,225,6,0.561804 610,187,640,233,6,0.089358 87,199,141,224,6,0.051860 555,193,635,380,6,0.050938 41,203,67,220,6,0.037115 37,201,57,221,1,0.017916 114,203,134,218,6,0.017550 0,194,13,219,6,0.006875 0,187,76,380,6,0.004144 34,196,58,228,0,0.003735 28,176,111,226,6,0.003614 367,199,382,215,6,0.003387 1,194,61,224,6,0.003158 620,199,640,224,6,0.002641 119,193,135,207,6,0.001702 338,189,360,203,6,0.001666 624,194,639,265,6,0.001472 280,179,294,194,6,0.001446 626,0,637,-56,5,0.001258 34,201,104,230,6,0.001240 5,198,24,218,6,0.001034 318,188,337,201,6,0.001008
/home/dysjin/data/CARLA.v20-carla_v20.coco/valid/041735_png.rf.891d950e6341a379e0a80f54f49c126a.jpg 275,244,304,304,0,0.466313 0,148,13,217,3,0.023500 0,139,12,207,3,0.018687 0,197,10,293,2,0.009440 0,158,13,234,3,0.001866 1,161,11,204,4,0.001704 0,106,25,245,3,0.001300 1,150,10,197,4,0.001296 559,9,634,253,6,0.001293 0,189,11,278,2,0.001220 0,258,72,480,6,0.001047
/home/dysjin/data/CARLA.v20-carla_v20.coco/valid/041669_png.rf.8f16c7cc68671f71ba068edf120b2a61.jpg 307,246,334,305,0,0.358513 438,216,454,277,2,0.025078
/home/dysjin/data/CARLA.v20-carla_v20.coco/valid/003814_png.rf.9123d8ff8e23490d6f5201cb816e4fc2.jpg 289,242,319,259,6,0.828910 540,166,628,251,4,0.670581 549,156,623,249,5,0.389627 536,164,638,252,3,0.366819 557,181,634,465,6,0.078514 281,239,303,257,6,0.005152 288,219,315,261,6,0.002357 0,242,178,430,6,0.002066 4,213,216,370,6,0.001843
/home/dysjin/data/CARLA.v20-carla_v20.coco/valid/005413_png.rf.9000d6e877ce40e1d5bd5387ece453c2.jpg 109,234,125,282,2,0.808970 85,233,104,286,2,0.660721 113,237,122,267,2,0.116575 97,235,118,282,2,0.080076 120,241,128,272,2,0.059603 116,231,133,273,2,0.008178 90,239,101,263,2,0.007107 39,232,49,258,2,0.006379 88,248,100,286,2,0.004302 91,214,126,291,2,0.003474 372,246,382,272,1,0.002387 106,238,120,292,2,0.002304 0,206,10,283,2,0.002265 0,198,148,366,6,0.002181 0,246,81,460,6,0.001241 80,208,109,301,2,0.001211 74,230,91,294,2,0.001124 27,230,38,259,2,0.001031 2,225,10,264,2,0.001006
/home/dysjin/data/CARLA.v20-carla_v20.coco/valid/Town01_001500_png.rf.9254a251a5c6eb6313adba6a6adf1620.jpg 388,173,403,191,4,0.271433 386,173,399,190,3,0.069340 230,203,247,215,6,0.003790 295,203,307,215,0,0.003228 284,201,296,213,0,0.003026 220,202,235,213,6,0.001823 626,0,637,-55,5,0.001606 293,193,307,205,6,0.001176
/home/dysjin/data/CARLA.v20-carla_v20.coco/valid/Town05_004680_png.rf.93664881511a21c1adf050e2e8993477.jpg 245,185,267,205,6,0.884958 319,165,410,222,6,0.799979 276,179,296,196,6,0.387079 241,167,265,213,6,0.071768 525,202,632,380,6,0.030602 0,181,74,380,6,0.027743 183,185,202,203,6,0.021548 177,167,204,209,6,0.020305 136,189,148,207,0,0.012199 369,176,423,219,6,0.007505 192,186,207,203,0,0.007248 312,181,369,229,6,0.006364 252,175,300,203,6,0.005280 387,215,640,380,6,0.004463 278,165,297,188,6,0.002704 263,185,287,199,6,0.002130 287,178,312,195,6,0.002068 191,178,210,198,6,0.001854 307,177,324,195,6,0.001461 276,171,326,198,6,0.001425 168,166,193,208,0,0.001359 0,239,162,380,6,0.001242 220,186,234,203,6,0.001218 140,164,162,208,6,0.001089 392,0,631,255,6,0.001071
/home/dysjin/data/CARLA.v20-carla_v20.coco/valid/138312_png.rf.93c512dad514948e54a85fd6860eba4e.jpg 97,230,115,282,2,0.764207 247,234,258,252,1,0.138800 1,238,12,328,2,0.023675 0,284,72,480,6,0.022474 95,204,125,293,2,0.010905 254,237,266,252,1,0.005600 0,202,21,343,2,0.005539 0,249,11,336,2,0.005463 96,159,124,293,2,0.004497 0,228,11,316,2,0.003625 0,235,35,480,6,0.002597 393,284,632,480,6,0.002354 626,0,637,-6,5,0.001479 101,250,113,283,2,0.001453 5,252,25,317,2,0.001293 626,464,637,480,4,0.001188 97,223,127,314,2,0.001036
/home/dysjin/data/CARLA.v20-carla_v20.coco/valid/005160_png.rf.922d9f2da21b5b11121905df87e629d7.jpg 402,209,429,244,5,0.513281 402,211,430,245,4,0.507667 0,236,158,411,6,0.001492
