/home/dysjin/data/CARLA.v20-carla_v20.coco/valid/Town02_006840_png.rf.a4a970c10202604d1dd8c41fe9097525.jpg 563,52,603,98,0,0.035738 565,173,581,191,0,0.034189 1,172,14,191,1,0.014887 566,53,602,95,1,0.012663 0,156,14,209,0,0.006216 443,183,456,202,0,0.004082 2,163,13,181,1,0.003843 209,174,219,191,0,0.003706 172,161,184,179,0,0.003376 245,164,259,180,0,0.002033 200,172,209,189,0,0.001770 0,147,14,197,0,0.001558 199,164,209,182,0,0.001463 236,164,248,180,0,0.001148
/home/dysjin/data/CARLA.v20-carla_v20.coco/valid/Town02_002640_png.rf.ac6bee6a9e4c4b2a1e149670c97196c1.jpg 390,172,406,187,0,0.564931 0,163,15,206,0,0.001245
/home/dysjin/data/CARLA.v20-carla_v20.coco/valid/007096_png.rf.a26873f70f1467f54f0fd09ea8c1731b.jpg 542,164,622,251,0,0.314567 544,159,639,262,1,0.006294 0,0,640,480,0,0.002436 539,168,591,242,1,0.001006
/home/dysjin/data/CARLA.v20-carla_v20.coco/valid/Town02_006480_png.rf.aec43468267a9993201d034f7031ee5c.jpg 345,168,360,182,0,0.080084 335,162,368,188,0,0.003817 352,167,370,178,0,0.002045 332,166,348,179,0,0.001223
/home/dysjin/data/CARLA.v20-carla_v20.coco/valid/051305_png.rf.af3e2dc55ae45fc793f7f25eb6fdf7b4.jpg 430,206,463,243,0,0.238792 424,207,459,239,1,0.001495
/home/dysjin/data/CARLA.v20-carla_v20.coco/valid/007291_png.rf.b33e9d647d42777054dfb5f46d23bbad.jpg 385,224,404,241,0,0.416554
/home/dysjin/data/CARLA.v20-carla_v20.coco/valid/003752_png.rf.bb0716bc5b93fa8b10f41577e20a2f35.jpg 399,219,426,241,1,0.292194 398,215,426,246,0,0.017703 345,225,358,244,0,0.005551
/home/dysjin/data/CARLA.v20-carla_v20.coco/valid/005173_png.rf.c24ac196d86260d3a384e12093bfa5ef.jpg 473,192,527,245,0,0.142820 481,186,523,248,1,0.082989
/home/dysjin/data/CARLA.v20-carla_v20.coco/valid/003769_png.rf.c5c0c17fa97551316c57744e9608f796.jpg 497,192,550,249,0,0.127138 501,186,540,249,1,0.116807 485,194,515,244,0,0.001036
/home/dysjin/data/CARLA.v20-carla_v20.coco/valid/004966_png.rf.c9d8d72d0920460b612251c5fddc5770.jpg 432,204,468,240,0,0.317369 432,199,469,245,1,0.002039
/home/dysjin/data/CARLA.v20-carla_v20.coco/valid/001638_png.rf.c98e4c5bc2a68de358073a26469c81b2.jpg 425,212,453,238,0,0.476527 156,224,174,241,0,0.079047
/home/dysjin/data/CARLA.v20-carla_v20.coco/valid/051274_png.rf.d5f64278c64b556983082379a316485f.jpg 560,163,640,247,0,0.332285 548,163,640,270,1,0.001272 0,0,640,480,0,0.001197
/home/dysjin/data/CARLA.v20-carla_v20.coco/valid/Town01_001440_png.rf.e4b4351effd31d5b433710cffb8243e4.jpg 385,176,399,191,0,0.509191 234,174,246,190,0,0.051657 261,177,271,191,0,0.009363 391,163,405,182,0,0.008208 396,149,408,169,0,0.008097 271,176,282,192,0,0.006663 392,182,403,201,0,0.004693 227,167,249,196,0,0.004206 347,176,357,192,0,0.003412 391,137,410,181,0,0.001902 223,173,237,190,0,0.001317
/home/dysjin/data/CARLA.v20-carla_v20.coco/valid/041811_png.rf.e8d4c17844854d24f9b2bec66a8a8889.jpg 49,223,63,242,0,0.030629 47,213,60,235,0,0.001012
/home/dysjin/data/CARLA.v20-carla_v20.coco/valid/001519_png.rf.e42bb854e84b40164ed2795569b2eb6f.jpg 574,223,589,239,0,0.270471 570,218,581,234,0,0.007544
/home/dysjin/data/CARLA.v20-carla_v20.coco/valid/001509_png.rf.ed3baed466e7f65c1a01fb57bf942b65.jpg 574,223,590,238,0,0.293485 570,218,582,235,0,0.006918
/home/dysjin/data/CARLA.v20-carla_v20.coco/valid/026829_png.rf.e6f26e62f316568466a95ba7fd18d850.jpg 374,222,392,239,0,0.587111 170,213,184,235,0,0.006059 2,159,28,282,0,0.001759 0,141,26,261,0,0.001743
/home/dysjin/data/CARLA.v20-carla_v20.coco/valid/007076_png.rf.d635d979c35f5dd6da756ef9889aef0b.jpg 399,217,425,243,1,0.147132 397,215,412,234,1,0.003642
/home/dysjin/data/CARLA.v20-carla_v20.coco/valid/Town02_006960_png.rf.eedfb90c1deb0d66a31341acd2e08f4f.jpg 150,163,167,182,0,0.492515
/home/dysjin/data/CARLA.v20-carla_v20.coco/valid/041861_png.rf.f5f3812ca6c536c5c25bea3d596be111.jpg 403,212,431,242,0,0.319885
/home/dysjin/data/CARLA.v20-carla_v20.coco/valid/003755_png.rf.f6343810071c5f5401b5697ef363285d.jpg 409,216,438,241,1,0.298541 409,214,439,244,0,0.030609
/home/dysjin/data/CARLA.v20-carla_v20.coco/valid/001630_png.rf.ff5ced110f03f998a7a6998ddf647fd2.jpg 410,216,437,235,0,0.446722 168,223,185,240,0,0.145624 161,224,178,240,0,0.001102
/home/dysjin/data/CARLA.v20-carla_v20.coco/valid/003751_png.rf.0ff9ef7c8c8e4f5eab52437609a3b501.jpg 397,220,423,241,1,0.191163 345,225,359,244,0,0.010299 398,217,425,245,0,0.006041
/home/dysjin/data/CARLA.v20-carla_v20.coco/valid/Town02_008820_png.rf.135414697b8215dc125af6b125d3058c.jpg 143,171,160,188,0,0.242168 390,187,406,202,0,0.008655 2,135,14,155,1,0.005430 198,162,212,176,0,0.004058 0,121,16,171,0,0.002603 197,154,213,170,0,0.002148 2,124,14,146,0,0.001870 206,152,221,168,0,0.001404 210,163,221,177,0,0.001283 2,146,13,168,0,0.001205 223,173,234,190,0,0.001110
/home/dysjin/data/CARLA.v20-carla_v20.coco/valid/006578_png.rf.21f08e8ed63ab67b3ef05528af8ef9e6.jpg 370,221,383,236,0,0.455225 375,223,390,240,0,0.014166
/home/dysjin/data/CARLA.v20-carla_v20.coco/valid/Town02_006720_png.rf.2632fd4f3d65ff215e84d472badfd870.jpg 563,52,603,99,0,0.045928 565,172,581,191,0,0.019634 565,52,602,96,1,0.014347 2,172,14,191,1,0.013584 0,156,14,209,0,0.005631 2,163,13,181,1,0.003921 173,161,184,179,0,0.003460 443,183,456,203,0,0.003446 209,173,220,191,0,0.003113 0,148,14,197,0,0.001540 198,163,208,182,0,0.001379 200,173,209,189,0,0.001279
/home/dysjin/data/CARLA.v20-carla_v20.coco/valid/007070_png.rf.2316a0a54db7e4a749f421570aadd160.jpg 385,222,400,239,1,0.060501 387,213,404,232,1,0.012903 382,204,400,247,1,0.003125
/home/dysjin/data/CARLA.v20-carla_v20.coco/valid/041819_png.rf.374472e0a0868df264a4100cb7734e35.jpg 173,223,188,241,0,0.116525 172,215,185,236,1,0.002516
/home/dysjin/data/CARLA.v20-carla_v20.coco/valid/003766_png.rf.3dbe103da1003d1fb3bd18ad0d0894b4.jpg 461,198,513,244,0,0.365129 356,224,370,242,0,0.004370 461,191,507,253,1,0.001589
/home/dysjin/data/CARLA.v20-carla_v20.coco/valid/026849_png.rf.52e90800c02b90489d2521817c6942f7.jpg 424,209,455,236,0,0.522024 2,97,16,114,0,0.001276 0,77,22,136,0,0.001126
/home/dysjin/data/CARLA.v20-carla_v20.coco/valid/041864_png.rf.51f1d81198f2e5b7a450f586235760ec.jpg 415,211,445,241,0,0.377189
/home/dysjin/data/CARLA.v20-carla_v20.coco/valid/009044_png.rf.59d4a83882b4b6af242cbd9e0e31ba80.jpg 562,220,579,239,0,0.409657 2,211,16,232,1,0.128531 0,198,15,244,0,0.051069 209,217,220,231,0,0.023657 2,218,14,241,1,0.011664 207,221,219,239,0,0.008666 0,204,16,257,0,0.006101 2,205,26,241,1,0.003338 2,232,13,254,1,0.003268 199,215,212,230,0,0.002055 4,210,28,250,0,0.001782 0,163,26,279,0,0.001658 26,96,40,114,0,0.001271 22,87,48,125,0,0.001196 200,222,211,238,0,0.001129 0,217,15,271,0,0.001079
/home/dysjin/data/CARLA.v20-carla_v20.coco/valid/Town01_010680_png.rf.5537782525200ced228c602e6dcc3456.jpg 370,179,384,194,0,0.511875 361,171,386,198,0,0.027204 231,177,245,193,0,0.008144 358,179,374,191,0,0.002558 1,98,13,119,1,0.002308 2,109,13,131,1,0.002048 1,86,12,108,1,0.001582 0,87,14,132,1,0.001386 346,178,361,191,0,0.001004
/home/dysjin/data/CARLA.v20-carla_v20.coco/valid/007085_png.rf.5a7141063cfddac158b01dce18de1e48.jpg 431,204,464,241,1,0.246470
/home/dysjin/data/CARLA.v20-carla_v20.coco/valid/041820_png.rf.69e77a8e269d90d89efc21e5026a7083.jpg 184,225,197,241,0,0.097124 178,218,199,249,0,0.005460 183,214,196,235,1,0.001922 185,232,198,254,0,0.001111
/home/dysjin/data/CARLA.v20-carla_v20.coco/valid/Town05_016500_png.rf.75b431585ae9c755044e81517b796324.jpg 460,178,478,195,0,0.300386 1,150,31,193,1,0.002667 0,149,17,196,0,0.001104
/home/dysjin/data/CARLA.v20-carla_v20.coco/valid/026847_png.rf.7a28094ba474fb2fab06e58f1ebea83c.jpg 416,213,443,236,0,0.682151
/home/dysjin/data/CARLA.v20-carla_v20.coco/valid/003814_png.rf.9123d8ff8e23490d6f5201cb816e4fc2.jpg 544,166,621,250,0,0.360682 545,165,639,257,1,0.012338 0,0,640,480,0,0.001492
/home/dysjin/data/CARLA.v20-carla_v20.coco/valid/Town01_001500_png.rf.9254a251a5c6eb6313adba6a6adf1620.jpg 387,176,404,193,0,0.617315 388,183,397,198,0,0.001432 383,167,398,188,0,0.001052
/home/dysjin/data/CARLA.v20-carla_v20.coco/valid/005160_png.rf.922d9f2da21b5b11121905df87e629d7.jpg 402,210,429,241,1,0.225820 399,212,430,239,2,0.042351
