/home/dysjin/data/CARLA.v20-carla_v20.coco/valid/Town05_011820_png.rf.a721d4435d03a17b63243ff374e790d2.jpg 12,181,108,230,6,0.910394 318,184,328,200,0,0.056103 316,181,333,195,6,0.018453 65,188,116,227,6,0.008606 255,179,273,192,6,0.007670 258,186,270,200,0,0.004279 1,193,14,224,6,0.002209 3,193,65,226,6,0.002006 0,163,13,231,6,0.001378 2,201,28,224,6,0.001324 327,180,347,194,6,0.001091
/home/dysjin/data/CARLA.v20-carla_v20.coco/valid/Town05_005760_png.rf.a5aa9e8688171e7bfb57f36e4a648f69.jpg 309,187,328,206,6,0.792456 257,176,273,189,6,0.009746 266,179,286,190,6,0.007914 10,157,55,183,6,0.002544 245,176,263,191,6,0.002470 0,156,13,182,6,0.002278 354,164,368,179,3,0.002128 0,146,13,172,6,0.001188 345,179,355,192,6,0.001045
/home/dysjin/data/CARLA.v20-carla_v20.coco/valid/075705_png.rf.9f5447b468e0280dc956a534954f8a5e.jpg 168,242,255,296,6,0.911113 308,242,351,275,6,0.886165 7,251,173,413,6,0.841855 236,240,265,277,6,0.665215 213,244,265,289,6,0.159137 253,240,267,276,6,0.063961 283,243,297,255,6,0.002866 295,243,307,257,6,0.001734 265,240,283,257,6,0.001565 3,208,126,472,4,0.001276
/home/dysjin/data/CARLA.v20-carla_v20.coco/valid/Town02_006840_png.rf.a4a970c10202604d1dd8c41fe9097525.jpg 577,180,639,218,6,0.700180 393,183,459,211,6,0.070775 125,192,182,218,6,0.063386 562,177,581,196,3,0.041372 0,149,10,216,3,0.014694 0,153,10,234,2,0.004670 572,171,626,203,6,0.004442 0,188,14,249,6,0.004272 341,189,355,208,0,0.002883 524,179,574,208,6,0.001486 0,191,13,225,6,0.001088
/home/dysjin/data/CARLA.v20-carla_v20.coco/valid/Town02_002640_png.rf.ac6bee6a9e4c4b2a1e149670c97196c1.jpg 298,186,369,248,6,0.886675 262,195,292,215,6,0.613911 390,174,406,193,4,0.473913 280,164,380,279,6,0.003639 294,188,309,206,6,0.003223 302,182,388,254,4,0.002234 296,197,329,243,6,0.002116 304,188,320,206,6,0.001730
/home/dysjin/data/CARLA.v20-carla_v20.coco/valid/007096_png.rf.a26873f70f1467f54f0fd09ea8c1731b.jpg 544,169,618,253,5,0.795181 547,170,635,254,4,0.186950 383,252,396,268,2,0.002184 394,257,407,279,2,0.001735
/home/dysjin/data/CARLA.v20-carla_v20.coco/valid/041683_png.rf.abc13a183255cbb5f9aeca7d55d8b4c0.jpg 305,242,338,316,0,0.433353
/home/dysjin/data/CARLA.v20-carla_v20.coco/valid/041699_png.rf.a4a6f7fb7672ac47b317ec4fe3e21c97.jpg 301,244,336,315,0,0.422834
/home/dysjin/data/CARLA.v20-carla_v20.coco/valid/Town02_006480_png.rf.aec43468267a9993201d034f7031ee5c.jpg 351,177,368,189,3,0.101443 215,190,239,204,6,0.012268 198,187,213,208,1,0.002552 206,173,253,202,6,0.001826 351,168,369,183,3,0.001313 226,189,246,203,1,0.001120 353,185,367,198,3,0.001057
/home/dysjin/data/CARLA.v20-carla_v20.coco/valid/Town02_003060_png.rf.b28380c7e6ad26a4ccdfda39d4db7f85.jpg 550,193,621,220,6,0.521055 598,192,640,224,6,0.094871 555,201,587,221,6,0.003662 524,195,578,221,6,0.002717 552,199,575,222,1,0.002534 621,175,640,226,6,0.001299 611,206,635,228,6,0.001237
/home/dysjin/data/CARLA.v20-carla_v20.coco/valid/Town01_009120_png.rf.b3886317404f3c307752dac4625c4b0e.jpg 306,193,331,215,6,0.709378 271,189,285,203,6,0.001850 326,191,345,207,6,0.001732 370,201,399,219,6,0.001097
/home/dysjin/data/CARLA.v20-carla_v20.coco/valid/051305_png.rf.af3e2dc55ae45fc793f7f25eb6fdf7b4.jpg 428,210,463,243,3,0.905654
/home/dysjin/data/CARLA.v20-carla_v20.coco/valid/007291_png.rf.b33e9d647d42777054dfb5f46d23bbad.jpg 383,220,403,238,3,0.716800
/home/dysjin/data/CARLA.v20-carla_v20.coco/valid/Town05_005820_png.rf.abc3e70595852b4f2320e8b55c805a27.jpg 300,191,335,218,6,0.807868 329,186,343,207,6,0.002312 578,155,640,192,6,0.002276 331,178,344,197,6,0.002085 313,180,337,197,6,0.001838
/home/dysjin/data/CARLA.v20-carla_v20.coco/valid/Town05_006960_png.rf.9d31f2ffd8a1d723122d28555c0e3321.jpg 284,185,296,210,0,0.259621 0,154,294,380,6,0.028654 349,169,640,380,6,0.017412 613,229,636,336,3,0.003652 624,259,640,332,2,0.001658
/home/dysjin/data/CARLA.v20-carla_v20.coco/valid/Town02_009720_png.rf.b20474373a38fe973889a895d5aba03e.jpg 268,187,278,211,0,0.382186 293,204,344,258,6,0.373520 353,203,371,217,6,0.007878 622,162,640,186,6,0.007067 275,181,301,195,6,0.005433
/home/dysjin/data/CARLA.v20-carla_v20.coco/valid/Town01_002220_png.rf.9b6e376c042a4b43cdf2a33f00250d62.jpg 186,183,455,380,6,0.865490 318,185,333,202,6,0.025429 291,188,315,203,6,0.023237 306,187,325,202,6,0.023167 319,180,334,196,0,0.011445 330,186,345,205,6,0.007122 283,188,299,203,6,0.006226 328,179,344,195,6,0.005390 258,175,364,380,4,0.003640 182,190,197,204,1,0.002096 339,196,359,215,6,0.001937
/home/dysjin/data/CARLA.v20-carla_v20.coco/valid/Town01_003900_png.rf.b43a572a2d61a01bb389880cf86179de.jpg 192,182,454,380,6,0.882176 330,192,352,207,6,0.271363 400,179,420,230,2,0.010972 293,190,312,202,6,0.008723 305,189,323,203,6,0.004093 259,182,361,380,4,0.003925 284,190,299,204,6,0.002559 219,191,232,208,0,0.002505 0,192,13,222,6,0.001921 321,190,338,204,6,0.001565 233,150,374,331,6,0.001057
/home/dysjin/data/CARLA.v20-carla_v20.coco/valid/029067_png.rf.b686edaf28a0971571945f7b069613d5.jpg 539,221,581,342,2,0.881372 396,232,407,260,2,0.008444
/home/dysjin/data/CARLA.v20-carla_v20.coco/valid/Town02_004200_png.rf.b4d2f32e1287253b4f35bf521927be39.jpg 266,188,290,210,6,0.799485 291,187,305,200,6,0.003290 304,187,317,199,6,0.001609
/home/dysjin/data/CARLA.v20-carla_v20.coco/valid/Town02_002100_png.rf.b49da10e2c41ab65d4c132e46f15d3e3.jpg 304,196,339,286,1,0.736963 276,188,292,205,6,0.360558 0,180,16,211,6,0.241161 313,189,323,207,5,0.031335 4,193,22,215,6,0.009562 8,181,55,205,6,0.008984 0,156,16,219,6,0.008177 293,197,355,274,6,0.004536 291,189,309,204,6,0.002220 272,180,289,198,6,0.002005
/home/dysjin/data/CARLA.v20-carla_v20.coco/valid/003752_png.rf.bb0716bc5b93fa8b10f41577e20a2f35.jpg 398,216,424,242,4,0.696695 306,238,324,255,6,0.006382
/home/dysjin/data/CARLA.v20-carla_v20.coco/valid/138327_png.rf.b4aecc174d58e25a6e680c2468864172.jpg 14,236,48,299,2,0.378833 0,219,16,319,2,0.009276 238,234,250,256,2,0.003136 7,244,33,316,2,0.001516
/home/dysjin/data/CARLA.v20-carla_v20.coco/valid/Town05_009600_png.rf.b886b3525f44da0ae66796230d91b958.jpg 109,187,217,234,6,0.901589 465,188,503,214,6,0.834690 371,185,412,209,6,0.780390 580,180,636,208,6,0.599570 529,182,546,196,6,0.207469 576,184,598,203,6,0.066925 100,201,163,236,6,0.041906 563,185,585,200,6,0.028683 397,187,422,204,6,0.022711 417,184,428,201,0,0.020165 538,184,552,200,6,0.018574 415,182,431,196,6,0.018559 550,182,572,195,6,0.016058 371,187,390,206,6,0.012379 626,182,640,215,6,0.007513 566,155,638,214,6,0.007151 160,184,213,218,6,0.006550 422,182,448,195,6,0.004647 193,195,212,224,6,0.004642 437,183,460,195,6,0.003019 499,187,518,200,6,0.002902 206,195,218,222,0,0.002600 518,182,535,194,6,0.002554 583,179,610,199,6,0.002029 361,188,373,204,0,0.001892 552,177,594,199,6,0.001561 460,187,473,206,0,0.001418 190,189,214,211,6,0.001069 176,189,206,207,6,0.001010
/home/dysjin/data/CARLA.v20-carla_v20.coco/valid/Town01_002340_png.rf.b8976b6d8f366e29aeb47fb3b3146b33.jpg 186,182,456,380,6,0.864835 279,189,296,207,0,0.156691 319,184,333,202,0,0.040900 288,188,316,203,6,0.009327 308,187,325,203,6,0.008965 327,179,343,194,6,0.006736 329,186,344,205,6,0.006479 258,175,364,380,4,0.003614 182,190,197,204,1,0.003405 339,196,360,215,6,0.001325
/home/dysjin/data/CARLA.v20-carla_v20.coco/valid/Town05_009780_png.rf.c3069a0d7ec82f2e1960c0497cec36fe.jpg 287,196,358,250,6,0.576337 306,190,325,204,6,0.067787 373,188,382,203,1,0.015270 433,202,469,234,6,0.006316 297,190,313,203,6,0.003225 328,187,344,205,6,0.002276 302,187,340,210,6,0.001860 373,190,394,201,6,0.001672
/home/dysjin/data/CARLA.v20-carla_v20.coco/valid/Town05_002700_png.rf.b9dfa75f628efa31633800bb9dfee796.jpg 366,181,388,197,6,0.453809 392,179,407,194,6,0.027268 348,185,359,200,0,0.020747 355,181,375,194,6,0.012002 345,182,360,195,6,0.011868 407,180,418,194,6,0.002614 415,181,429,192,6,0.002611 343,177,392,194,6,0.001686
/home/dysjin/data/CARLA.v20-carla_v20.coco/valid/005173_png.rf.c24ac196d86260d3a384e12093bfa5ef.jpg 473,189,527,245,5,0.287416 403,216,425,233,5,0.001423
/home/dysjin/data/CARLA.v20-carla_v20.coco/valid/Town01_005820_png.rf.c9053a957ff7561268673aaec9e095f0.jpg 294,193,340,312,1,0.900559 185,202,217,219,6,0.132197 178,207,201,224,6,0.004722 173,202,189,221,0,0.003146 403,192,445,220,6,0.003065 174,208,190,228,0,0.002916 436,109,526,191,6,0.001447
/home/dysjin/data/CARLA.v20-carla_v20.coco/valid/Town01_011580_png.rf.c8aa9ea674a7d69974d55bf63b55ddbf.jpg 266,189,289,208,6,0.844116 582,189,640,220,6,0.780554 315,181,333,195,6,0.042698 475,201,525,242,6,0.035866 552,190,594,223,6,0.008783 595,167,640,206,6,0.003100 628,184,640,215,6,0.002920 382,190,396,207,0,0.002755 277,180,293,199,6,0.001652 560,179,613,216,6,0.001463 262,195,278,210,6,0.001419 552,188,573,208,6,0.001201
/home/dysjin/data/CARLA.v20-carla_v20.coco/valid/Town01_007440_png.rf.bed11eeb1dde416bf8789b24a8a5c0f8.jpg 534,169,638,220,6,0.898521 264,187,274,214,0,0.354154 263,192,275,215,1,0.203561 529,176,557,217,6,0.198385 279,187,298,200,6,0.028860 177,209,204,226,6,0.010061 619,183,640,235,6,0.008746 295,186,309,199,6,0.008532 189,208,212,224,6,0.003183 596,177,640,224,6,0.002147 525,178,548,199,6,0.001436 0,217,10,246,6,0.001207
/home/dysjin/data/CARLA.v20-carla_v20.coco/valid/Town05_011760_png.rf.c548e0a947d80bc036151e4db99afcfa.jpg 23,209,195,339,6,0.848377 313,184,323,203,0,0.362203 0,178,258,372,6,0.127145 265,181,287,193,6,0.010081 311,180,324,198,6,0.006941 258,178,275,192,6,0.004722 7,198,123,380,6,0.003095 278,182,297,193,6,0.002205
/home/dysjin/data/CARLA.v20-carla_v20.coco/valid/075708_png.rf.c1818fa586a2b613b2806f928a933d9d.jpg 167,241,254,296,6,0.918392 309,241,350,274,6,0.888246 8,251,171,410,6,0.847949 236,239,266,276,6,0.738702 213,244,264,289,6,0.042650 255,235,268,267,6,0.005695 348,238,361,259,3,0.001996 283,242,297,254,6,0.001524 294,243,307,257,6,0.001338 3,202,126,479,4,0.001102
/home/dysjin/data/CARLA.v20-carla_v20.coco/valid/Town05_009900_png.rf.c90bd5781f975f44de47fd794a1f9ac6.jpg 350,189,431,251,6,0.884836 439,180,462,194,6,0.118270 333,187,348,204,0,0.095651 466,175,510,196,6,0.014567 320,188,338,202,6,0.003950 404,180,422,197,6,0.003793 415,184,430,204,0,0.002973 371,187,419,213,6,0.002280 340,165,451,285,6,0.001609 425,180,450,194,6,0.001576 418,193,431,225,0,0.001409 415,180,429,195,3,0.001402 427,188,445,202,6,0.001328 402,185,425,206,0,0.001171 388,181,413,194,6,0.001096 377,180,398,194,6,0.001066
/home/dysjin/data/CARLA.v20-carla_v20.coco/valid/Town05_009660_png.rf.cc2e0d6a11c64dbe092a6e9321c6a170.jpg 248,207,397,333,6,0.882496 411,189,464,210,6,0.817978 347,182,357,208,0,0.422739 612,184,635,202,6,0.221495 257,181,274,195,6,0.044976 211,186,226,200,6,0.030665 189,141,440,362,6,0.019992 342,186,361,224,0,0.016243 371,179,387,193,6,0.013524 623,174,639,202,6,0.013262 218,186,232,200,0,0.012701 353,185,370,200,6,0.008086 380,184,394,200,1,0.008000 240,181,268,195,6,0.003561 339,185,349,207,0,0.003099 294,187,310,202,6,0.003046 448,190,468,207,6,0.002984 387,179,410,193,6,0.002685 215,181,235,196,6,0.002343 414,197,442,210,6,0.001529 599,179,625,197,6,0.001415 279,182,298,192,6,0.001238 395,174,475,224,6,0.001214 227,181,252,194,6,0.001174 291,182,308,194,6,0.001021
/home/dysjin/data/CARLA.v20-carla_v20.coco/valid/003769_png.rf.c5c0c17fa97551316c57744e9608f796.jpg 493,192,549,245,4,0.233574 500,198,544,244,5,0.005106 306,239,324,255,6,0.002250
/home/dysjin/data/CARLA.v20-carla_v20.coco/valid/121197_png.rf.c99e70822c663f40252f74e6b2ad5094.jpg 257,260,396,386,6,0.887281 190,225,465,430,6,0.011352 311,240,322,259,0,0.001040
/home/dysjin/data/CARLA.v20-carla_v20.coco/valid/004966_png.rf.c9d8d72d0920460b612251c5fddc5770.jpg 429,201,466,241,4,0.588105 423,201,463,246,5,0.286565
/home/dysjin/data/CARLA.v20-carla_v20.coco/valid/Town01_006240_png.rf.cc5628eb556a5a5bd1824a8d19313b41.jpg 312,189,323,211,0,0.391233 315,192,327,215,1,0.260427 0,185,11,255,2,0.040319 300,189,311,203,6,0.015318 621,196,640,248,6,0.007610 0,169,11,253,6,0.003606 0,197,11,261,6,0.001771 619,153,638,260,2,0.001304
/home/dysjin/data/CARLA.v20-carla_v20.coco/valid/001638_png.rf.c98e4c5bc2a68de358073a26469c81b2.jpg 421,206,456,244,3,0.887283 45,232,90,256,6,0.002152 160,233,251,281,6,0.001456
/home/dysjin/data/CARLA.v20-carla_v20.coco/valid/051274_png.rf.d5f64278c64b556983082379a316485f.jpg 561,175,633,256,3,0.450433 558,172,633,250,4,0.438559 357,227,369,244,3,0.001454
/home/dysjin/data/CARLA.v20-carla_v20.coco/valid/Town01_001440_png.rf.e4b4351effd31d5b433710cffb8243e4.jpg 382,176,400,194,3,0.589769 372,175,390,191,3,0.001964 270,190,283,205,1,0.001868 0,202,31,245,6,0.001698 380,174,410,193,4,0.001185 0,192,14,251,6,0.001182
/home/dysjin/data/CARLA.v20-carla_v20.coco/valid/019121_png.rf.deb86464dd224ac85f75272f851fc0a8.jpg 501,238,553,259,6,0.746500 536,235,578,258,6,0.547509 393,244,413,292,2,0.003568 499,247,527,260,6,0.001648 479,222,574,267,6,0.001585 199,234,210,260,2,0.001086
/home/dysjin/data/CARLA.v20-carla_v20.coco/valid/041811_png.rf.e8d4c17844854d24f9b2bec66a8a8889.jpg 46,220,65,243,4,0.702349 0,244,14,296,1,0.117765 7,235,23,255,4,0.012610 2,230,15,293,6,0.011472 0,247,11,311,0,0.005416 0,262,11,296,1,0.003055 8,225,23,247,4,0.002814 3,228,17,262,6,0.002805 44,232,60,249,3,0.002307 5,245,24,267,6,0.002025 333,283,617,480,6,0.001674 8,215,23,233,4,0.001123 0,248,24,289,0,0.001077 45,244,58,263,2,0.001077 6,243,53,270,6,0.001039
/home/dysjin/data/CARLA.v20-carla_v20.coco/valid/041657_png.rf.e06a4a0ae870ee5d8dbe97fc65b5b666.jpg 304,241,331,305,0,0.528423
/home/dysjin/data/CARLA.v20-carla_v20.coco/valid/001519_png.rf.e42bb854e84b40164ed2795569b2eb6f.jpg 573,221,588,242,3,0.723738 608,232,630,256,6,0.033365 567,230,584,251,3,0.020574 501,235,527,329,2,0.013311 603,228,619,247,6,0.007872 625,234,639,261,6,0.003901 584,226,599,243,3,0.001270 416,227,431,244,3,0.001244
/home/dysjin/data/CARLA.v20-carla_v20.coco/valid/Town02_005280_png.rf.ec981f5d8aec80a53ec1f9961c2321af.jpg 50,199,112,221,6,0.770648 73,196,136,222,6,0.698224 154,194,215,265,1,0.352128 0,194,13,221,6,0.108625 42,186,134,233,6,0.028610 175,203,207,246,0,0.007520 41,203,66,222,0,0.003723 114,198,135,219,6,0.002646 0,184,11,213,6,0.002235 139,170,230,291,0,0.002227 35,200,82,221,6,0.002050 2,200,26,220,6,0.001848 0,197,64,220,6,0.001793 162,208,216,256,6,0.001671 0,203,12,228,6,0.001626 629,217,640,250,6,0.001319
/home/dysjin/data/CARLA.v20-carla_v20.coco/valid/001509_png.rf.ed3baed466e7f65c1a01fb57bf942b65.jpg 573,221,587,242,3,0.688275 608,233,631,256,6,0.033069 566,230,584,251,3,0.021903 501,235,527,329,2,0.016434 604,228,620,247,6,0.005665 624,234,638,261,6,0.003225
/home/dysjin/data/CARLA.v20-carla_v20.coco/valid/033890_png.rf.e368755037cdc345b45b625d64db27a1.jpg 261,242,409,367,6,0.900703 590,229,629,320,2,0.835161 200,196,464,404,6,0.032784 609,233,635,306,2,0.006983 624,222,638,301,2,0.002519
/home/dysjin/data/CARLA.v20-carla_v20.coco/valid/075724_png.rf.e0c3e9a2b7f318c71e76ccdcb0dda6a1.jpg 294,243,331,270,6,0.887714 191,240,245,283,6,0.858059 0,251,67,445,6,0.818181 67,251,201,332,6,0.720322 1,279,68,480,6,0.183310 4,228,72,395,6,0.067933 608,235,631,259,6,0.024684 281,243,295,257,6,0.013725 222,241,247,280,6,0.009880 272,243,287,254,6,0.008925 134,247,195,276,6,0.003750 12,236,166,361,6,0.001836 623,233,636,261,6,0.001535 150,252,202,290,6,0.001037
/home/dysjin/data/CARLA.v20-carla_v20.coco/valid/112477_png.rf.ecf5d82849f8b68362ce65c8d2645a1c.jpg 337,235,362,297,2,0.621808
/home/dysjin/data/CARLA.v20-carla_v20.coco/valid/Town02_001980_png.rf.ee7206fcf98c96c61f2900b25e79ce20.jpg 293,203,340,311,1,0.851427 0,188,61,222,6,0.457247 156,179,180,220,0,0.211734 49,175,67,197,3,0.074763 161,190,177,219,1,0.030302 41,181,68,217,1,0.027137 34,191,72,217,6,0.015443 0,182,14,210,6,0.009415 0,191,16,220,6,0.006685 160,176,186,216,1,0.006202 0,187,30,222,6,0.002544 53,197,74,214,6,0.002414 47,184,66,211,3,0.002236 133,181,181,216,6,0.001980
/home/dysjin/data/CARLA.v20-carla_v20.coco/valid/026829_png.rf.e6f26e62f316568466a95ba7fd18d850.jpg 373,219,392,240,3,0.880865 0,217,13,297,2,0.001702
/home/dysjin/data/CARLA.v20-carla_v20.coco/valid/007076_png.rf.d635d979c35f5dd6da756ef9889aef0b.jpg 395,216,420,242,5,0.854715
/home/dysjin/data/CARLA.v20-carla_v20.coco/valid/112475_png.rf.df928fa484eb08e1454caacc1e194352.jpg 332,236,355,298,2,0.773685
/home/dysjin/data/CARLA.v20-carla_v20.coco/valid/Town02_006960_png.rf.eedfb90c1deb0d66a31341acd2e08f4f.jpg 147,161,168,183,3,0.751982 0,180,30,208,6,0.542607 581,174,640,241,6,0.531358 603,140,617,159,3,0.006220 0,171,16,199,6,0.003728 572,153,640,287,6,0.002337 0,166,30,203,6,0.001839 594,169,640,205,6,0.001252
/home/dysjin/data/CARLA.v20-carla_v20.coco/valid/Town05_010860_png.rf.f31c0584fff1474ad2b0f4132e874f7d.jpg 308,184,328,252,0,0.706492 0,182,60,213,6,0.691525 4,196,34,214,6,0.005049 1,194,16,218,6,0.004377 311,184,326,209,0,0.003174 18,173,66,203,6,0.001535 1,183,15,211,6,0.001419
/home/dysjin/data/CARLA.v20-carla_v20.coco/valid/Town05_004800_png.rf.ee7c080c8716cb366969ca625bb6d68b.jpg 241,185,266,205,6,0.762108 347,185,362,203,6,0.425973 217,188,242,204,6,0.215345 350,181,371,197,6,0.059489 216,177,266,201,6,0.034241 328,181,349,196,6,0.028028 381,159,640,380,6,0.020455 318,183,336,194,6,0.016366 364,182,385,195,6,0.014131 391,177,404,192,3,0.011056 184,188,203,204,6,0.006495 252,180,269,199,6,0.006318 196,188,214,204,6,0.004584 380,180,398,193,6,0.003509 279,182,294,195,6,0.003467 393,185,404,201,0,0.002940 266,182,281,195,6,0.001503
/home/dysjin/data/CARLA.v20-carla_v20.coco/valid/Town05_009840_png.rf.f5040ce45ecca2822cb3b1b4ea8a6f61.jpg 293,194,366,251,6,0.900750 292,191,308,206,6,0.010155 280,190,298,204,6,0.006951 269,190,285,204,6,0.003996 346,189,360,211,0,0.001565 275,168,379,287,6,0.001277 352,197,366,219,0,0.001215
/home/dysjin/data/CARLA.v20-carla_v20.coco/valid/041861_png.rf.f5f3812ca6c536c5c25bea3d596be111.jpg 99,237,233,306,6,0.885231 302,240,323,293,0,0.637744 401,207,430,242,4,0.533899 409,211,431,237,3,0.136906 191,231,236,267,6,0.004754 215,233,236,286,1,0.004265 391,195,418,233,3,0.003167 33,298,341,480,6,0.002936 216,232,235,262,6,0.002183
/home/dysjin/data/CARLA.v20-carla_v20.coco/valid/Town02_003120_png.rf.f36fecf8d2ee4965c1f3bddaaaad5f33.jpg 411,188,490,222,6,0.763792 602,185,640,214,6,0.480841 622,192,638,225,6,0.027524 447,190,496,220,1,0.003080 617,172,640,244,6,0.002263 623,199,640,261,6,0.002178 571,188,628,209,6,0.001996
/home/dysjin/data/CARLA.v20-carla_v20.coco/valid/003755_png.rf.f6343810071c5f5401b5697ef363285d.jpg 407,214,434,242,4,0.620237 409,208,433,243,5,0.182058 307,238,323,254,6,0.013911
/home/dysjin/data/CARLA.v20-carla_v20.coco/valid/Town01_003300_png.rf.fae28071a74fa02928094ff14cdbb3aa.jpg 271,202,364,279,6,0.887980 276,193,296,208,6,0.037040 512,178,563,212,6,0.014656 190,195,216,212,1,0.008856 164,187,224,208,6,0.005202 511,165,595,223,6,0.003144 319,190,333,206,6,0.001797 289,191,308,205,6,0.001783 197,197,225,211,6,0.001385 629,217,640,250,6,0.001156
/home/dysjin/data/CARLA.v20-carla_v20.coco/valid/138255_png.rf.fbf65e3e930393318a8312fdaefcae24.jpg 56,235,81,289,2,0.711616 236,235,262,250,6,0.012581 223,222,263,251,6,0.004321 567,219,633,287,6,0.003027 52,239,70,298,2,0.002357
/home/dysjin/data/CARLA.v20-carla_v20.coco/valid/005373_png.rf.f68e0e113c5193c933cbee38c6a6bc2d.jpg 145,236,163,265,2,0.582505 155,235,169,264,2,0.414936 139,233,153,268,2,0.069534 0,222,12,296,2,0.015933 0,247,11,287,2,0.001447 328,242,351,254,6,0.001329 167,235,179,259,2,0.001059 0,196,11,301,2,0.001018
/home/dysjin/data/CARLA.v20-carla_v20.coco/valid/001630_png.rf.ff5ced110f03f998a7a6998ddf647fd2.jpg 408,215,435,242,3,0.869203 56,231,104,255,6,0.008327
/home/dysjin/data/CARLA.v20-carla_v20.coco/valid/006662_png.rf.fa42143249c7b6a780238796639341d3.jpg 469,232,500,311,2,0.352149
/home/dysjin/data/CARLA.v20-carla_v20.coco/valid/Town05_004860_png.rf.f5c138159cbce172c63fa9a736f9c655.jpg 241,185,267,205,6,0.742190 348,185,362,204,6,0.418898 218,188,243,204,6,0.186618 350,181,371,197,6,0.049412 216,177,267,202,6,0.045012 380,161,640,380,6,0.025349 209,189,230,203,6,0.021669 328,182,350,196,6,0.019976 364,181,386,195,6,0.017166 318,183,336,194,6,0.010828 184,188,203,203,6,0.007954 196,188,213,203,6,0.005238 252,180,270,199,6,0.004934 390,176,404,191,3,0.004628 379,180,397,193,6,0.002807 279,182,294,194,6,0.002077 393,185,404,202,0,0.001293 266,182,281,195,6,0.001193
/home/dysjin/data/CARLA.v20-carla_v20.coco/valid/Town01_008460_png.rf.03f3160d63f090b29499596ec3c8c4b5.jpg 33,191,139,246,6,0.929795 559,193,633,224,6,0.589732 432,194,489,216,6,0.127518 540,196,587,223,6,0.109446 108,180,128,218,0,0.010603 628,183,640,213,6,0.005406 537,190,559,212,6,0.004089 612,185,637,207,6,0.003943 459,193,485,207,6,0.002083 511,195,567,218,6,0.001306 0,185,25,267,6,0.001173 0,229,14,258,6,0.001169
/home/dysjin/data/CARLA.v20-carla_v20.coco/valid/005508_png.rf.0ab3da1b4970047c9b42e5bbe5d4e6f1.jpg 31,232,59,283,2,0.776386 89,231,125,317,2,0.655428 25,239,66,275,1,0.007639 69,212,139,340,2,0.001281 94,141,167,218,4,0.001265
/home/dysjin/data/CARLA.v20-carla_v20.coco/valid/Town01_006180_png.rf.089d25ecaf49fe28c7f3bf0c3614732b.jpg 313,187,325,220,0,0.436015 0,208,19,252,6,0.025816 0,205,13,235,6,0.008594 400,180,421,194,3,0.008102 3,211,25,236,6,0.002627 4,207,59,233,6,0.001886 378,174,424,196,6,0.001711 0,198,25,239,6,0.001661
/home/dysjin/data/CARLA.v20-carla_v20.coco/valid/Town02_008340_png.rf.044a76656e2e2fe428cd425926d9acbe.jpg 162,194,243,243,6,0.876043 549,190,621,220,6,0.833596 272,184,287,199,6,0.381371 278,186,291,201,0,0.026301 244,189,257,207,1,0.022364 239,184,250,212,1,0.005116 258,180,277,194,6,0.002977 626,183,639,212,6,0.002378 597,180,640,214,6,0.001966 303,189,322,200,6,0.001533
/home/dysjin/data/CARLA.v20-carla_v20.coco/valid/075710_png.rf.0b62bb94157d1f2113ac6bbefe158022.jpg 168,241,254,296,6,0.912313 309,241,349,274,6,0.869552 8,252,172,412,6,0.846272 236,239,266,277,6,0.708842 213,244,265,289,6,0.061986 255,235,268,267,6,0.006965 295,242,308,256,6,0.001779 283,241,297,254,6,0.001542 347,239,360,259,3,0.001231 3,204,126,477,4,0.001135 143,218,270,330,6,0.001044
/home/dysjin/data/CARLA.v20-carla_v20.coco/valid/041689_png.rf.0d648fbd58416a80b414e4503d51c42e.jpg 301,242,336,313,0,0.264580
/home/dysjin/data/CARLA.v20-carla_v20.coco/valid/003751_png.rf.0ff9ef7c8c8e4f5eab52437609a3b501.jpg 396,215,420,242,4,0.675016 306,238,323,254,6,0.006609 392,215,419,244,5,0.002304
/home/dysjin/data/CARLA.v20-carla_v20.coco/valid/Town02_008820_png.rf.135414697b8215dc125af6b125d3058c.jpg 279,205,364,342,6,0.902242 510,181,561,213,6,0.799372 140,176,162,192,3,0.086446 387,190,412,206,6,0.053002 390,183,432,206,6,0.024823 172,187,205,204,6,0.011475 382,191,400,205,3,0.008754 340,193,358,203,6,0.005681 489,174,588,223,6,0.003278 414,180,434,193,3,0.003201 400,182,423,195,6,0.002453 392,203,405,234,2,0.002010 397,196,423,214,6,0.001724 219,191,232,206,1,0.001334 351,192,372,204,6,0.001110 388,181,410,196,3,0.001093
/home/dysjin/data/CARLA.v20-carla_v20.coco/valid/006664_png.rf.1466f666c872e94bac27eba56bbdfb5b.jpg 483,232,522,317,2,0.747207 475,239,503,311,2,0.006646
/home/dysjin/data/CARLA.v20-carla_v20.coco/valid/014570_png.rf.1235b2ca71c181a49fda1bb53eaa19cd.jpg 58,235,126,260,6,0.893559 434,232,455,283,2,0.800073 301,240,331,261,6,0.713054 0,222,13,294,2,0.002132 0,206,12,288,2,0.001467
/home/dysjin/data/CARLA.v20-carla_v20.coco/valid/112550_png.rf.1ca2fa82e03653536df85cf5faf5753c.jpg 521,224,549,318,2,0.593156 539,228,622,281,6,0.005180 525,234,547,266,2,0.002138 516,234,557,279,1,0.001340
/home/dysjin/data/CARLA.v20-carla_v20.coco/valid/Town02_000780_png.rf.16d5987bcdc7d08470c1b3e757e128e5.jpg 301,197,347,310,1,0.894454 280,186,302,204,6,0.770164 48,184,111,215,6,0.731475 321,178,336,196,6,0.009926 77,182,123,209,6,0.008559 0,177,14,241,6,0.006777 290,179,307,199,6,0.004869 331,185,346,200,6,0.003055 306,179,324,193,6,0.002874 357,162,373,179,3,0.002644 625,184,640,211,6,0.001970 0,202,13,234,6,0.001203
/home/dysjin/data/CARLA.v20-carla_v20.coco/valid/Town02_001500_png.rf.1e8a22666698f8954863a9939bc59942.jpg 176,185,214,216,6,0.468764 181,191,218,215,1,0.180400 618,232,640,283,6,0.010307 185,180,237,208,6,0.003001 182,171,221,232,1,0.001783 610,202,637,298,2,0.001674 491,187,576,257,6,0.001319
/home/dysjin/data/CARLA.v20-carla_v20.coco/valid/Town05_004620_png.rf.0e4a190ca586e0e90df6b90be2c83f5b.jpg 396,177,452,208,6,0.796953 346,181,363,197,6,0.290110 282,185,300,198,6,0.288123 597,171,640,202,6,0.185996 571,164,639,233,6,0.019498 364,181,383,194,6,0.012187 218,186,237,199,6,0.009544 624,173,640,199,6,0.005802 267,181,290,195,6,0.003967 380,181,397,195,6,0.003182 394,190,410,205,6,0.002724 391,180,413,197,6,0.002549 237,182,266,195,6,0.002326 253,181,275,195,6,0.002067 396,186,430,204,6,0.001640 575,178,626,209,6,0.001328 134,187,148,205,0,0.001043
/home/dysjin/data/CARLA.v20-carla_v20.coco/valid/006578_png.rf.21f08e8ed63ab67b3ef05528af8ef9e6.jpg 261,233,298,257,6,0.826526 367,220,385,239,3,0.619036 622,282,640,337,6,0.001608
/home/dysjin/data/CARLA.v20-carla_v20.coco/valid/Town01_004320_png.rf.1f6552094735eb0bd49b614b7e584c58.jpg 265,194,370,291,6,0.852540 321,180,335,194,6,0.013941 332,179,343,196,0,0.010849 507,205,564,236,6,0.009680 335,185,347,205,0,0.009350 305,186,323,200,6,0.004328 493,186,575,250,6,0.002476 296,187,311,202,6,0.002141 0,194,12,221,6,0.001643 626,209,640,236,6,0.001052
/home/dysjin/data/CARLA.v20-carla_v20.coco/valid/Town02_006720_png.rf.2632fd4f3d65ff215e84d472badfd870.jpg 266,191,289,210,6,0.815585 578,180,639,218,6,0.722719 393,183,460,211,6,0.055785 563,178,581,196,3,0.036321 112,192,176,219,6,0.031871 0,149,10,215,3,0.014916 0,153,10,234,2,0.004813 277,193,291,212,0,0.004410 0,188,14,249,6,0.004190 289,191,305,203,6,0.003183 523,179,575,208,6,0.002269 559,177,582,214,0,0.001575 341,189,355,207,0,0.001250 0,191,13,225,6,0.001106 492,208,508,233,1,0.001047
/home/dysjin/data/CARLA.v20-carla_v20.coco/valid/Town05_006900_png.rf.2eaa1f5f6de8c6bffcd968f78f2f53b4.jpg 233,183,257,232,0,0.618531 0,165,285,380,6,0.116004 349,169,640,380,6,0.017294 612,230,636,334,3,0.004153 226,169,262,238,1,0.003504 204,168,539,380,6,0.003157 624,260,640,332,2,0.001543
/home/dysjin/data/CARLA.v20-carla_v20.coco/valid/005482_png.rf.1eef94cb1d26525ab4b64d28fc9be58d.jpg 0,224,30,319,2,0.673684 0,211,18,310,2,0.003053 0,225,21,354,2,0.002486 7,222,44,302,2,0.002432
/home/dysjin/data/CARLA.v20-carla_v20.coco/valid/138251_png.rf.2622df013f55b1f57387212b95c87241.jpg 74,235,94,288,2,0.409501 531,224,623,289,6,0.007706 238,236,261,251,6,0.003954
/home/dysjin/data/CARLA.v20-carla_v20.coco/valid/007070_png.rf.2316a0a54db7e4a749f421570aadd160.jpg 383,218,404,241,5,0.364118 389,207,415,237,5,0.001451
/home/dysjin/data/CARLA.v20-carla_v20.coco/valid/Town05_010920_png.rf.2325292b5e147dc41c10fe128f6256f9.jpg 304,181,344,285,0,0.783087 292,178,314,193,6,0.036251 313,178,336,195,6,0.036243 326,175,346,192,6,0.001615
/home/dysjin/data/CARLA.v20-carla_v20.coco/valid/Town01_006420_png.rf.2b897cd6227874bc930ae1c7e17e3b3b.jpg 312,188,321,213,0,0.481300 313,191,325,214,1,0.074930 298,187,311,202,6,0.009180 380,173,394,191,3,0.006458 0,187,15,253,6,0.005819 211,184,222,201,3,0.003033 284,189,297,201,6,0.002715 0,216,13,244,6,0.001663 0,167,15,251,2,0.001199 343,175,356,190,3,0.001077
/home/dysjin/data/CARLA.v20-carla_v20.coco/valid/Town05_006780_png.rf.253c814d6e368b92a888141244ca1a16.jpg 165,185,215,257,0,0.443775 160,178,218,267,1,0.037799 352,181,374,194,6,0.015143 365,184,378,201,0,0.008184 349,184,359,201,0,0.002179 172,204,208,258,1,0.001346 317,186,333,200,6,0.001224
/home/dysjin/data/CARLA.v20-carla_v20.coco/valid/Town01_008280_png.rf.2f69ce357d9638b109b359e31c238ab4.jpg 312,191,334,208,6,0.503135 286,191,313,209,6,0.211661 70,186,111,210,6,0.165339 385,203,397,221,2,0.009880 270,190,287,204,6,0.002418 187,185,199,210,1,0.001435 388,203,405,218,6,0.001116
/home/dysjin/data/CARLA.v20-carla_v20.coco/valid/Town01_005100_png.rf.262bb9c3104b14f5fb633de3dafd0a52.jpg 576,179,619,215,6,0.091191 579,194,597,221,6,0.055670 579,190,606,222,0,0.043694 3,189,29,204,6,0.036004 0,183,15,205,6,0.014563 572,162,638,230,6,0.014071 29,186,81,204,6,0.005701 549,183,602,211,6,0.003614 17,190,39,203,6,0.001572 597,168,640,202,6,0.001525 29,189,58,202,6,0.001199 584,207,603,225,0,0.001143
/home/dysjin/data/CARLA.v20-carla_v20.coco/valid/Town01_011940_png.rf.2554f5ab3ce2122d2ef300838472450f.jpg 564,196,604,220,6,0.685353 204,184,271,230,6,0.531705 339,186,363,203,6,0.017159 577,192,635,217,6,0.013179 332,186,349,202,6,0.012001 266,184,286,202,6,0.007514 323,186,336,205,0,0.003959 594,177,640,210,6,0.002793 278,186,296,201,6,0.002615 307,191,322,204,6,0.002035
/home/dysjin/data/CARLA.v20-carla_v20.coco/valid/041684_png.rf.2f70db5ab75442cd11fffa13a776ae97.jpg 305,242,338,316,0,0.397686
/home/dysjin/data/CARLA.v20-carla_v20.coco/valid/Town05_010980_png.rf.2071755951cd753466eb2cc53fd2fe0c.jpg 303,186,344,278,0,0.674148 0,165,357,380,6,0.333345 312,178,336,196,6,0.010038 0,211,232,366,6,0.005178 308,181,338,215,6,0.001339
/home/dysjin/data/CARLA.v20-carla_v20.coco/valid/112459_png.rf.33bdc5bd58f0f631808a95c4ceb9a78f.jpg 292,236,315,295,2,0.812220
/home/dysjin/data/CARLA.v20-carla_v20.coco/valid/041653_png.rf.31aa86a50239c7e6cbc52c66846dac06.jpg 305,240,330,306,0,0.677285
/home/dysjin/data/CARLA.v20-carla_v20.coco/valid/041819_png.rf.374472e0a0868df264a4100cb7734e35.jpg 18,243,70,263,6,0.763298 172,223,188,244,4,0.705676 109,241,132,299,0,0.674662 56,241,71,258,0,0.006635 173,242,181,264,2,0.005343 172,232,184,251,4,0.003742 1,233,10,261,2,0.003271 165,223,179,243,4,0.001844 614,176,633,195,6,0.001196
/home/dysjin/data/CARLA.v20-carla_v20.coco/valid/Town05_010800_png.rf.3489607b659edfbc485537135e06f34b.jpg 4,187,129,267,6,0.909390 308,186,329,250,0,0.644728 310,183,332,245,1,0.215227 299,183,313,201,6,0.012696 344,184,353,201,0,0.011179 123,185,168,205,6,0.010379 75,200,135,241,6,0.009624 315,183,331,207,6,0.008997 343,180,355,195,6,0.005901 305,185,324,207,6,0.004674 331,183,347,200,6,0.003360 114,194,135,243,0,0.002037 118,195,135,221,0,0.001590
/home/dysjin/data/CARLA.v20-carla_v20.coco/valid/Town02_001080_png.rf.2d29b90fb99ccf7727caeaa1914436b4.jpg 303,199,346,312,1,0.900310 278,186,301,204,6,0.806076 0,206,85,380,6,0.719175 97,182,231,291,6,0.692028 0,220,73,380,6,0.085865 321,179,334,197,6,0.048255 320,184,334,202,0,0.041350 21,183,70,212,6,0.012906 290,180,307,198,6,0.005235 327,179,348,195,6,0.004694 307,180,325,194,6,0.004141 0,193,11,221,6,0.003972 357,162,372,180,3,0.002475 0,181,10,211,6,0.001532 34,120,287,349,6,0.001368 626,184,640,211,6,0.001306
/home/dysjin/data/CARLA.v20-carla_v20.coco/valid/Town02_005700_png.rf.39e8547ff43ddaa06ed2b24f114c8a27.jpg 255,206,386,334,6,0.815472 284,186,300,203,6,0.593265 315,181,331,194,6,0.076732 289,183,306,201,0,0.072268 292,180,305,198,6,0.030909 473,186,504,201,6,0.019585 555,191,588,206,6,0.014817 194,168,448,380,6,0.004427 303,185,321,197,6,0.004029 240,180,259,192,6,0.002669 232,179,250,191,3,0.001724 465,175,512,199,6,0.001514 297,176,333,194,6,0.001007
/home/dysjin/data/CARLA.v20-carla_v20.coco/valid/Town02_002040_png.rf.3d0fd4b3b3749ac8ebdf480959eb8e66.jpg 292,202,340,312,1,0.851386 13,181,106,372,6,0.648732 277,189,321,209,6,0.323165 49,175,65,192,3,0.298678 266,190,288,209,6,0.279882 56,191,85,226,0,0.147877 64,181,162,229,6,0.042786 105,189,160,222,6,0.017906 69,191,119,221,6,0.012333 14,209,103,380,6,0.007480 140,195,162,217,6,0.003890 262,188,277,207,1,0.003702 47,167,64,186,3,0.003355 50,170,69,220,1,0.002988 62,184,101,214,6,0.002924 63,198,89,237,0,0.002610 78,181,132,213,6,0.001695 51,178,66,205,3,0.001435 57,185,77,207,0,0.001416 300,196,322,214,6,0.001062
/home/dysjin/data/CARLA.v20-carla_v20.coco/valid/075707_png.rf.2ff4a82560cfe658387e361a6cc43ef0.jpg 169,241,255,295,6,0.917903 308,241,351,274,6,0.876995 8,251,171,409,6,0.847392 236,239,265,276,6,0.723651 213,244,264,289,6,0.037708 255,236,268,267,6,0.004876 353,239,367,258,6,0.001563 296,243,308,256,6,0.001559 347,239,361,260,3,0.001411 283,242,297,254,6,0.001160 2,201,127,479,4,0.001051
/home/dysjin/data/CARLA.v20-carla_v20.coco/valid/138320_png.rf.332f3bdf3abffc7dd973858c3061b801.jpg 56,235,83,285,2,0.829164 0,241,14,301,2,0.031493 180,231,229,256,6,0.016289 505,221,603,284,6,0.002863 0,226,14,295,2,0.001437
/home/dysjin/data/CARLA.v20-carla_v20.coco/valid/003766_png.rf.3dbe103da1003d1fb3bd18ad0d0894b4.jpg 462,199,509,243,5,0.445240 468,196,517,243,4,0.035489 306,238,324,254,6,0.003706 354,226,367,245,3,0.001785
/home/dysjin/data/CARLA.v20-carla_v20.coco/valid/121245_png.rf.3c6765f574e34bb200e320d55fc2ffe7.jpg 272,256,362,325,6,0.899042
/home/dysjin/data/CARLA.v20-carla_v20.coco/valid/Town05_011040_png.rf.3f658b3c60547a5478cb61d6b76eb55c.jpg 310,178,328,220,0,0.340183 0,174,294,362,6,0.010314 126,194,342,353,6,0.001608
/home/dysjin/data/CARLA.v20-carla_v20.coco/valid/Town02_004920_png.rf.3cdedb8ebbe317a63567ec577e3789a8.jpg 310,195,331,239,1,0.394521 309,192,329,242,0,0.389440 165,190,188,201,6,0.086535 334,178,347,193,3,0.048034 341,178,358,193,6,0.032851 315,189,330,211,6,0.014437 206,190,225,203,6,0.008685 217,190,236,202,6,0.007963 270,188,287,199,6,0.004121 330,184,344,201,6,0.003526 177,188,200,200,6,0.002793 320,180,337,195,6,0.001963 197,190,213,203,1,0.001302
/home/dysjin/data/CARLA.v20-carla_v20.coco/valid/Town05_002760_png.rf.41faa57cc70298c90c62fe9f6a3f08c9.jpg 256,185,266,202,0,0.134933 248,180,261,196,0,0.011928 322,186,332,200,0,0.011889 108,186,126,204,0,0.011287 380,188,392,203,0,0.006090 117,185,142,202,6,0.005289 366,188,386,200,6,0.003040 328,182,346,193,6,0.001493 363,182,387,194,6,0.001211 232,179,253,194,6,0.001107
/home/dysjin/data/CARLA.v20-carla_v20.coco/valid/Town02_001740_png.rf.4072bb166a4df4f9403df039e28a73f3.jpg 293,203,340,311,1,0.853510 43,176,66,196,3,0.039269 35,185,57,211,1,0.020036 34,183,59,211,0,0.019597 6,181,62,210,6,0.004592 282,188,297,201,6,0.002979 292,190,306,202,6,0.002038 0,179,11,209,6,0.001113 0,150,14,217,6,0.001083
/home/dysjin/data/CARLA.v20-carla_v20.coco/valid/026849_png.rf.52e90800c02b90489d2521817c6942f7.jpg 422,205,458,243,3,0.949330
/home/dysjin/data/CARLA.v20-carla_v20.coco/valid/Town02_001560_png.rf.44c7e46d6d34263ac9f429ccb2cd2655.jpg 81,194,95,222,0,0.474840 75,192,93,220,1,0.379200 62,190,78,210,6,0.181902 9,186,27,206,6,0.093724 20,187,35,206,0,0.058490 73,188,91,213,0,0.047722 1,181,15,206,6,0.026998 49,190,68,206,6,0.010422 30,191,58,205,6,0.004234 51,193,92,213,6,0.003370 0,170,11,199,6,0.001381 32,187,81,206,6,0.001142
/home/dysjin/data/CARLA.v20-carla_v20.coco/valid/Town02_003420_png.rf.4347a7bee8aec9f5c84eb5295856f9a9.jpg 327,194,379,231,6,0.527415 335,194,381,231,1,0.434773 13,194,109,238,6,0.427696 68,201,117,234,6,0.002363 583,183,639,212,6,0.001796 357,193,384,230,0,0.001522 0,207,12,234,6,0.001482 0,195,12,224,6,0.001432 326,202,356,237,0,0.001177
/home/dysjin/data/CARLA.v20-carla_v20.coco/valid/Town01_006060_png.rf.3d76b002da6076434f028293d0c4a498.jpg 300,192,336,269,1,0.425605 190,209,216,225,6,0.056323 203,204,225,220,6,0.035321 182,211,205,227,6,0.020895 214,203,236,217,6,0.006246 202,208,223,223,0,0.003571 170,213,193,229,6,0.001241 0,184,10,258,6,0.001144 182,204,204,220,6,0.001105
/home/dysjin/data/CARLA.v20-carla_v20.coco/valid/Town02_007800_png.rf.4e6520c0e9dd39a93f5048a2caea0283.jpg 329,192,426,239,6,0.854054 516,187,552,203,6,0.297631 608,193,640,232,6,0.190061 315,191,331,206,6,0.118313 309,189,323,202,6,0.114456 0,204,12,235,6,0.053333 389,200,440,234,6,0.026741 324,193,351,208,6,0.017954 619,209,640,254,6,0.016881 322,195,384,225,6,0.012071 0,191,44,227,6,0.007764 0,180,15,240,6,0.007686 507,181,536,198,6,0.005378 318,195,336,217,0,0.004986 282,187,297,200,6,0.003924 321,201,355,221,6,0.002553 297,188,308,202,6,0.001872 0,201,25,234,6,0.001488 528,183,587,205,6,0.001425 0,215,9,242,6,0.001317 48,195,62,223,2,0.001307 270,186,285,200,6,0.001245 544,188,567,204,6,0.001125
/home/dysjin/data/CARLA.v20-carla_v20.coco/valid/Town01_001860_png.rf.53e5db5983ad00d8986ebdc44e1e76ef.jpg 196,183,448,380,6,0.889199 291,184,313,201,6,0.160633 314,185,334,200,6,0.113788 282,180,304,198,6,0.017192 302,180,323,197,6,0.014408 328,184,343,201,0,0.014068 34,168,83,200,6,0.005135 260,181,361,380,4,0.004383 1,179,13,211,6,0.002925 5,187,25,211,6,0.001970 236,186,266,201,6,0.001225 253,182,309,202,6,0.001134
/home/dysjin/data/CARLA.v20-carla_v20.coco/valid/Town01_006120_png.rf.405fede50ad311216cb9943968a5cdf5.jpg 316,192,330,218,1,0.366414 317,189,328,212,6,0.222799 313,190,331,221,0,0.075754 355,177,370,190,4,0.042444 0,187,11,254,6,0.004947 0,201,9,236,3,0.001462 315,180,331,198,6,0.001358 0,214,11,246,6,0.001167
/home/dysjin/data/CARLA.v20-carla_v20.coco/valid/041864_png.rf.51f1d81198f2e5b7a450f586235760ec.jpg 304,240,325,294,0,0.712779 72,234,217,315,6,0.557285 416,207,443,242,4,0.539083 417,214,446,243,3,0.027490 189,227,237,267,6,0.018313 352,223,368,241,4,0.005963 402,194,430,231,4,0.002628 354,234,366,257,2,0.002049 217,231,235,260,1,0.001690
/home/dysjin/data/CARLA.v20-carla_v20.coco/valid/Town01_012060_png.rf.58e57e1a7e8d4f630323ae1827ca68bc.jpg 564,196,603,220,6,0.664021 307,191,322,205,6,0.038971 338,186,363,202,6,0.024856 578,192,634,217,6,0.009809 320,187,335,205,6,0.003580 268,187,287,202,6,0.002976 573,200,619,231,6,0.002345 595,177,640,210,6,0.002067
/home/dysjin/data/CARLA.v20-carla_v20.coco/valid/009044_png.rf.59d4a83882b4b6af242cbd9e0e31ba80.jpg 559,216,579,245,3,0.745802 0,206,12,236,4,0.202367 565,197,637,255,6,0.030081 0,199,11,260,3,0.020197 0,201,9,286,2,0.014521 119,228,141,284,2,0.001584 0,217,11,296,6,0.001526
/home/dysjin/data/CARLA.v20-carla_v20.coco/valid/Town02_002520_png.rf.55f8a7c01a8e4b86c99a794d7b61cd5d.jpg 243,202,410,336,6,0.898627 162,194,225,233,6,0.823845 144,178,162,194,3,0.032217 363,178,380,196,3,0.003668 537,182,620,262,6,0.001637 248,75,370,380,4,0.001444
/home/dysjin/data/CARLA.v20-carla_v20.coco/valid/Town02_008760_png.rf.5bfb07b6a5fbe6700b4b9c150b9c6576.jpg 279,206,363,342,6,0.909897 268,190,292,205,6,0.719471 513,180,561,212,6,0.710764 140,176,162,191,3,0.079919 387,190,412,206,6,0.068602 172,187,205,204,6,0.019811 340,193,358,203,6,0.015687 588,181,632,211,6,0.012322 413,180,433,193,3,0.006054 392,183,427,209,6,0.005463 400,182,424,195,6,0.005151 545,179,594,213,6,0.003596 264,189,276,203,0,0.003373 520,172,616,223,6,0.002590 351,191,372,203,6,0.001927 389,181,411,196,3,0.001807 596,196,625,213,6,0.001587 621,181,640,238,6,0.001445 276,180,297,199,6,0.001308 228,192,250,204,6,0.001077 219,191,232,206,1,0.001072
/home/dysjin/data/CARLA.v20-carla_v20.coco/valid/Town01_008100_png.rf.5942043a53e2ea3c62572bf7029ed896.jpg 275,189,298,205,6,0.784881 386,197,413,212,6,0.599446 421,193,448,208,6,0.095031 91,183,147,210,6,0.022778 380,193,397,209,6,0.019230 289,187,307,201,6,0.018708 367,192,383,206,2,0.015451 361,189,372,205,2,0.007492 304,186,320,196,6,0.004248 435,192,457,207,6,0.003310 609,175,635,194,6,0.003259 340,189,360,200,6,0.002857 400,193,419,207,6,0.002168 63,182,126,209,6,0.001159 330,187,345,199,6,0.001130
/home/dysjin/data/CARLA.v20-carla_v20.coco/valid/Town01_010680_png.rf.5537782525200ced228c602e6dcc3456.jpg 370,181,384,194,3,0.501681 232,188,244,206,0,0.063645 332,190,344,202,0,0.011822 153,186,177,202,6,0.003396 167,178,192,195,6,0.002110 320,189,336,200,6,0.001818 178,179,205,195,6,0.001469 168,186,189,202,6,0.001334 153,178,177,196,6,0.001242
/home/dysjin/data/CARLA.v20-carla_v20.coco/valid/121155_png.rf.5eeb1497380edc240a771f68b9d34669.jpg 257,261,396,387,6,0.886410 563,217,596,303,2,0.793205 190,225,465,431,6,0.011224 545,186,604,329,2,0.001081
/home/dysjin/data/CARLA.v20-carla_v20.coco/valid/007085_png.rf.5a7141063cfddac158b01dce18de1e48.jpg 428,205,467,241,5,0.918386
/home/dysjin/data/CARLA.v20-carla_v20.coco/valid/Town05_006720_png.rf.717ce1e22225ab6a97befb2b8effcc2a.jpg 183,195,218,249,1,0.276992 179,194,211,253,0,0.193656 92,192,118,206,6,0.075082 342,181,357,195,6,0.046942 93,184,143,203,6,0.037561 343,184,354,199,0,0.030635 350,181,375,195,6,0.024025 336,183,347,200,0,0.009244 322,184,335,198,6,0.004002 363,187,382,199,6,0.001019
/home/dysjin/data/CARLA.v20-carla_v20.coco/valid/Town01_006600_png.rf.612f31973b2db2fda3ee5293fd937a64.jpg 372,188,395,211,6,0.420585
/home/dysjin/data/CARLA.v20-carla_v20.coco/valid/112469_png.rf.4fea3a1e3f0858f468ecb362968a08fb.jpg 312,237,342,294,2,0.682706
/home/dysjin/data/CARLA.v20-carla_v20.coco/valid/Town05_009540_png.rf.67accf9da191af14c5f05da1b6fe1e58.jpg 606,188,635,207,6,0.578393 548,187,568,200,6,0.007331 589,190,614,204,6,0.002178 600,195,624,210,6,0.001319 464,191,479,204,6,0.001103
/home/dysjin/data/CARLA.v20-carla_v20.coco/valid/041820_png.rf.69e77a8e269d90d89efc21e5026a7083.jpg 32,243,80,264,6,0.800742 178,221,196,242,4,0.732085 115,241,143,297,0,0.378928 0,231,12,258,6,0.010461 179,232,194,249,4,0.004938 182,243,192,264,2,0.002031 175,217,191,236,4,0.001058
/home/dysjin/data/CARLA.v20-carla_v20.coco/valid/121278_png.rf.6607158f1164a75baf620dcb66d1b07e.jpg 278,252,357,316,6,0.878687 240,240,261,262,1,0.418880 245,241,277,258,6,0.114920 264,241,285,256,6,0.002819 234,243,256,263,6,0.001231 334,237,347,259,0,0.001036
/home/dysjin/data/CARLA.v20-carla_v20.coco/valid/Town02_004620_png.rf.7280640e1c163e7c4b28010b90659788.jpg 251,207,384,332,6,0.831195 281,185,301,201,6,0.676260 313,182,332,200,6,0.492187 133,182,174,204,6,0.038986 290,182,311,196,6,0.028618 329,179,342,197,6,0.026325 187,169,448,379,6,0.004333 341,185,354,204,6,0.002115 154,177,175,198,6,0.002011 270,180,292,195,6,0.001954 169,161,184,179,3,0.001068
/home/dysjin/data/CARLA.v20-carla_v20.coco/valid/Town05_016500_png.rf.75b431585ae9c755044e81517b796324.jpg 121,192,220,244,6,0.919460 344,200,389,235,6,0.805662 0,199,90,290,6,0.773609 457,179,480,195,3,0.336431 453,173,480,199,4,0.196705 373,196,397,232,1,0.031182 335,187,346,202,0,0.009516 342,192,367,232,0,0.008865 381,188,395,214,0,0.006088 173,197,231,239,6,0.006061 432,196,441,213,2,0.005006 350,190,376,209,6,0.004223 344,189,359,205,6,0.003108 336,195,347,217,0,0.002143 205,198,225,222,6,0.001220 349,185,393,217,6,0.001186 242,192,259,203,6,0.001121 0,192,12,219,6,0.001034
/home/dysjin/data/CARLA.v20-carla_v20.coco/valid/Town02_001020_png.rf.79741d4293c684a4f4e895c08f1290d5.jpg 302,198,346,312,1,0.890718 2,196,83,369,6,0.820220 278,187,304,204,6,0.503797 274,181,325,207,6,0.499508 0,220,71,380,6,0.082453 313,184,334,204,6,0.030467 275,187,288,202,0,0.009160 32,184,77,213,6,0.008767 24,194,64,216,6,0.005109 189,181,246,207,6,0.003799 302,179,329,199,6,0.002678 356,162,372,180,3,0.002117 625,183,640,211,6,0.001552 19,156,82,370,0,0.001480 298,184,325,228,6,0.001353 329,184,344,200,6,0.001219 340,185,357,198,6,0.001147
/home/dysjin/data/CARLA.v20-carla_v20.coco/valid/004996_png.rf.758bfe0873e6cba6e1d99146894cae01.jpg 492,261,512,309,2,0.847373
/home/dysjin/data/CARLA.v20-carla_v20.coco/valid/Town02_001620_png.rf.77cda18f042297c4b15936a35acef602.jpg 307,189,336,253,1,0.462598 303,193,333,252,6,0.374179 173,182,188,209,0,0.014321 394,186,438,211,6,0.007602 180,187,195,207,0,0.004996 312,189,335,210,6,0.002603 231,188,249,203,6,0.001514 16,185,118,380,6,0.001388 243,188,260,202,6,0.001187
/home/dysjin/data/CARLA.v20-carla_v20.coco/valid/112362_png.rf.868e587d8bdd37c81e4872223fbdbeb4.jpg 150,233,168,280,2,0.830812
/home/dysjin/data/CARLA.v20-carla_v20.coco/valid/Town05_010080_png.rf.88fb23d739ffa2beacd3c5735d172d03.jpg 316,183,328,215,0,0.560226 269,184,286,199,6,0.383776 316,179,333,199,6,0.006534 327,179,343,194,6,0.003087 276,181,294,195,6,0.002925 259,177,278,195,6,0.002353 241,177,262,191,6,0.002297 16,0,106,62,6,0.001513
/home/dysjin/data/CARLA.v20-carla_v20.coco/valid/026847_png.rf.7a28094ba474fb2fab06e58f1ebea83c.jpg 413,207,446,243,3,0.951364 0,211,10,306,2,0.001198
/home/dysjin/data/CARLA.v20-carla_v20.coco/valid/075709_png.rf.7dd638ab9af378bf60aaa2fb92a0aea4.jpg 166,241,254,296,6,0.918736 309,240,350,274,6,0.866812 8,251,171,412,6,0.844170 236,239,266,276,6,0.724612 213,244,265,289,6,0.047878 255,236,268,267,6,0.005262 348,238,361,259,3,0.002203 353,238,366,256,6,0.001263 3,203,126,477,4,0.001161 282,242,296,254,6,0.001119
/home/dysjin/data/CARLA.v20-carla_v20.coco/valid/Town02_007380_png.rf.8809896fc46f6266a6729640bbc68e4c.jpg 570,191,640,218,6,0.726842 273,190,285,207,1,0.247699 278,187,298,203,6,0.111917 292,184,307,200,6,0.025154 272,194,285,212,0,0.007764 620,175,640,221,6,0.007695 554,193,598,224,6,0.003273 304,184,318,199,6,0.002016 565,184,635,249,6,0.001638 0,192,11,222,6,0.001054
/home/dysjin/data/CARLA.v20-carla_v20.coco/valid/Town01_007500_png.rf.7e4c2487265d812d93246e09a19aeab2.jpg 537,167,638,219,6,0.909442 256,194,281,214,6,0.779313 524,177,552,213,6,0.447185 279,188,292,203,6,0.008210 158,207,205,228,6,0.007532 192,205,212,220,6,0.003008 624,162,638,238,6,0.001491 177,206,204,220,6,0.001380 251,198,266,215,6,0.001213 294,182,309,194,6,0.001031 0,217,10,245,6,0.001007
/home/dysjin/data/CARLA.v20-carla_v20.coco/valid/Town05_007500_png.rf.8a81a882e564e9e99b5c951d3e18dbbc.jpg 352,180,392,202,6,0.857335 304,179,324,191,6,0.224179 346,182,362,196,6,0.064086 252,181,270,194,0,0.022265 315,180,332,192,6,0.020092 248,180,263,195,1,0.008959 297,179,312,191,6,0.008804 336,181,347,193,6,0.006068 390,178,402,193,6,0.001848 407,180,418,194,6,0.001275
/home/dysjin/data/CARLA.v20-carla_v20.coco/valid/Town02_005520_png.rf.8a9d2ba4122736ea3845c9e405936cce.jpg 74,197,132,224,6,0.774898 48,199,114,221,6,0.610139 608,190,640,229,6,0.273882 0,194,14,221,6,0.233420 41,184,134,231,6,0.037812 41,202,64,224,1,0.022662 39,200,56,224,0,0.012588 2,201,26,220,6,0.011388 0,199,61,220,6,0.007083 623,204,640,237,6,0.005600 116,198,134,218,6,0.003784 623,186,640,215,6,0.002486 0,203,13,228,6,0.002464 37,200,78,221,6,0.002136
/home/dysjin/data/CARLA.v20-carla_v20.coco/valid/041735_png.rf.891d950e6341a379e0a80f54f49c126a.jpg 274,240,312,310,0,0.594665
/home/dysjin/data/CARLA.v20-carla_v20.coco/valid/041669_png.rf.8f16c7cc68671f71ba068edf120b2a61.jpg 303,241,331,305,0,0.440229
/home/dysjin/data/CARLA.v20-carla_v20.coco/valid/003814_png.rf.9123d8ff8e23490d6f5201cb816e4fc2.jpg 290,238,318,259,6,0.801476 546,179,619,254,3,0.747369 553,174,629,251,4,0.244089 286,237,301,255,6,0.002558 288,244,300,263,0,0.001413 314,239,328,253,6,0.001043
/home/dysjin/data/CARLA.v20-carla_v20.coco/valid/005413_png.rf.9000d6e877ce40e1d5bd5387ece453c2.jpg 105,234,124,277,2,0.833334 84,237,109,285,2,0.653137 93,240,119,291,2,0.014623 89,239,125,278,1,0.005214 358,210,370,227,3,0.003913 117,239,130,275,2,0.001288
/home/dysjin/data/CARLA.v20-carla_v20.coco/valid/Town01_001500_png.rf.9254a251a5c6eb6313adba6a6adf1620.jpg 385,176,404,196,3,0.696974 221,198,236,216,0,0.050978 294,193,309,205,6,0.002448 174,198,188,218,1,0.002052 295,197,308,211,0,0.001405 229,199,247,215,6,0.001119
/home/dysjin/data/CARLA.v20-carla_v20.coco/valid/Town05_004680_png.rf.93664881511a21c1adf050e2e8993477.jpg 325,168,417,222,6,0.910597 243,184,268,205,6,0.810767 281,181,295,197,6,0.579055 318,180,337,198,6,0.080259 383,156,640,380,6,0.065002 195,187,210,203,0,0.033788 271,183,288,196,6,0.021461 319,180,355,218,6,0.017660 184,187,203,204,6,0.016799 290,182,306,196,6,0.005192 308,182,324,195,6,0.004685 382,179,415,221,6,0.003732 232,181,255,196,6,0.002253 206,187,225,201,6,0.001859 326,180,351,197,6,0.001538 216,181,237,195,6,0.001336 218,177,267,199,6,0.001134
/home/dysjin/data/CARLA.v20-carla_v20.coco/valid/138312_png.rf.93c512dad514948e54a85fd6860eba4e.jpg 94,234,116,281,2,0.826742 181,233,231,255,6,0.004838 248,235,260,255,1,0.004725 97,246,109,284,2,0.002242 539,336,561,378,2,0.001552
/home/dysjin/data/CARLA.v20-carla_v20.coco/valid/005160_png.rf.922d9f2da21b5b11121905df87e629d7.jpg 400,213,431,238,5,0.850767
