/home/dysjin/data/CARLA.v20-carla_v20.coco/valid/Town05_011820_png.rf.a721d4435d03a17b63243ff374e790d2.jpg 11,182,108,231,6,0.256755 316,190,332,202,6,0.058891 62,188,113,227,6,0.012783 1,191,64,227,6,0.010479 308,182,321,195,6,0.006735 319,197,333,209,6,0.004468 30,172,92,236,1,0.004104 294,189,314,199,6,0.003869 315,183,331,195,6,0.003836 327,191,343,203,6,0.003439 41,189,72,227,6,0.002490 1,149,109,261,0,0.002262 54,187,82,227,6,0.001899 304,186,347,204,5,0.001890 91,192,114,224,0,0.001625 285,185,342,204,2,0.001582 293,182,311,193,6,0.001449 93,198,112,222,6,0.001427 329,197,342,210,6,0.001292 1,185,17,234,6,0.001182 311,197,323,210,6,0.001129 0,183,21,327,6,0.001119 329,182,343,193,6,0.001107 117,200,137,212,6,0.001100 67,197,96,218,6,0.001050
/home/dysjin/data/CARLA.v20-carla_v20.coco/valid/Town05_005760_png.rf.a5aa9e8688171e7bfb57f36e4a648f69.jpg 309,188,327,203,6,0.155259 293,186,338,206,3,0.008570 412,191,438,228,6,0.008072 315,195,329,210,6,0.004803 298,186,349,205,1,0.004253 296,188,316,202,6,0.003391 6,141,118,205,6,0.002690 2,157,56,182,6,0.002115 358,178,368,191,6,0.002086 332,164,342,179,3,0.001982 345,164,354,178,3,0.001980 405,190,423,231,2,0.001936 275,184,332,206,6,0.001886 357,165,367,179,6,0.001741 326,189,340,201,6,0.001735 346,178,355,190,6,0.001604 342,155,354,170,3,0.001480 369,178,379,191,6,0.001479 17,163,43,178,6,0.001433 32,163,54,178,6,0.001395 293,181,313,193,6,0.001279 267,179,286,191,6,0.001251 425,187,444,229,2,0.001243 334,155,344,171,3,0.001151 345,189,356,202,6,0.001145 278,180,295,192,6,0.001058 357,154,368,169,3,0.001058
/home/dysjin/data/CARLA.v20-carla_v20.coco/valid/075705_png.rf.9f5447b468e0280dc956a534954f8a5e.jpg 311,243,347,274,6,0.328349 164,242,251,301,6,0.295465 0,251,184,414,6,0.149519 239,238,266,276,6,0.064025 252,244,267,270,3,0.011111 176,234,239,306,1,0.010674 212,245,263,286,6,0.009444 363,261,381,276,6,0.008247 0,190,258,480,4,0.007754 152,221,253,330,0,0.005929 253,239,268,262,6,0.004072 354,238,368,254,3,0.003914 35,236,221,447,5,0.002930 355,251,372,267,6,0.002895 339,246,352,273,1,0.002773 337,238,354,275,0,0.002278 343,241,357,260,6,0.002148 308,245,324,272,0,0.002080 189,250,219,291,6,0.001960 228,248,259,269,6,0.001871 362,254,381,268,6,0.001427 88,266,334,480,6,0.001407 201,248,231,292,6,0.001306 577,205,591,220,3,0.001164 119,237,299,344,6,0.001133 44,242,177,352,6,0.001124
/home/dysjin/data/CARLA.v20-carla_v20.coco/valid/Town02_006840_png.rf.a4a970c10202604d1dd8c41fe9097525.jpg 580,176,638,220,6,0.136526 561,178,584,210,6,0.069826 0,155,13,211,6,0.040798 0,166,9,200,2,0.021099 124,193,178,216,6,0.016870 1,166,14,220,6,0.015638 0,157,9,193,3,0.011455 558,176,573,196,6,0.005947 571,178,587,197,6,0.004643 2,182,16,234,6,0.004132 584,187,608,207,6,0.003880 0,172,25,198,2,0.003861 557,174,593,202,5,0.003856 0,176,11,213,2,0.003212 524,187,544,206,6,0.003027 564,168,580,185,6,0.003021 593,187,627,208,6,0.002396 556,173,613,205,6,0.002100 1,193,12,226,0,0.001986 494,212,508,234,3,0.001759 564,195,580,215,2,0.001730 528,178,544,195,6,0.001729 0,123,10,201,2,0.001649 479,182,542,209,6,0.001638 171,198,182,217,6,0.001615 6,159,22,208,6,0.001576 154,197,175,215,6,0.001383 491,202,510,243,5,0.001331 530,164,542,180,3,0.001308 0,190,13,247,6,0.001307 128,199,157,218,6,0.001220 559,139,640,263,0,0.001130 198,191,212,205,6,0.001123 558,166,571,182,6,0.001053 534,162,640,229,6,0.001043
/home/dysjin/data/CARLA.v20-carla_v20.coco/valid/Town02_002640_png.rf.ac6bee6a9e4c4b2a1e149670c97196c1.jpg 393,174,405,191,3,0.175237 298,187,367,247,6,0.169266 262,195,289,217,6,0.087055 392,170,406,185,4,0.008578 395,184,406,198,3,0.008542 333,188,362,234,3,0.007282 557,163,639,225,6,0.007106 390,170,408,198,5,0.006496 600,167,640,202,6,0.006398 291,183,311,238,0,0.006144 260,196,279,215,0,0.005921 326,189,358,236,6,0.005198 301,196,329,247,6,0.004143 300,177,354,218,6,0.003872 286,169,369,274,0,0.003722 273,190,298,209,6,0.003666 376,176,425,193,2,0.003440 66,189,87,232,2,0.003231 325,188,369,234,4,0.003212 294,197,306,225,0,0.002629 69,208,85,233,2,0.002183 292,188,308,209,6,0.002064 624,170,639,219,6,0.001819 306,187,323,207,6,0.001466 265,189,332,230,6,0.001157 384,169,400,181,4,0.001097 298,208,311,237,0,0.001050 400,174,413,191,6,0.001012 25,193,84,224,6,0.001001
/home/dysjin/data/CARLA.v20-carla_v20.coco/valid/007096_png.rf.a26873f70f1467f54f0fd09ea8c1731b.jpg 542,171,619,249,4,0.249674 537,176,621,255,3,0.013981 532,155,620,260,0,0.006711
/home/dysjin/data/CARLA.v20-carla_v20.coco/valid/041683_png.rf.abc13a183255cbb5f9aeca7d55d8b4c0.jpg 300,245,334,312,0,0.089863 304,247,334,303,2,0.049888 302,249,344,299,3,0.004063 282,243,346,310,4,0.002006 294,257,342,299,5,0.001677 313,258,331,290,3,0.001659 304,251,369,294,6,0.001002
/home/dysjin/data/CARLA.v20-carla_v20.coco/valid/041699_png.rf.a4a6f7fb7672ac47b317ec4fe3e21c97.jpg 300,246,333,314,0,0.093977 307,247,330,311,2,0.088345 301,250,345,299,6,0.001929 281,244,347,312,4,0.001902 293,258,342,299,5,0.001871 309,259,328,291,3,0.001143
/home/dysjin/data/CARLA.v20-carla_v20.coco/valid/Town02_006480_png.rf.aec43468267a9993201d034f7031ee5c.jpg 354,180,368,189,6,0.016965 221,188,236,207,6,0.012309 348,178,361,189,3,0.004935 353,169,368,182,4,0.004847 204,188,226,205,6,0.003027 355,188,370,199,6,0.002893 347,168,361,181,3,0.002716 198,188,209,210,6,0.002582 198,195,208,215,2,0.001095 203,181,248,208,6,0.001066 243,187,262,202,6,0.001035 219,180,238,195,6,0.001023
/home/dysjin/data/CARLA.v20-carla_v20.coco/valid/Town02_003060_png.rf.b28380c7e6ad26a4ccdfda39d4db7f85.jpg 551,188,621,222,6,0.109193 606,187,635,228,6,0.030207 532,195,545,218,6,0.017937 554,189,575,224,6,0.012820 553,178,572,222,2,0.008024 623,206,638,254,6,0.006340 369,192,426,215,6,0.004583 532,188,543,212,2,0.004029 570,189,596,223,6,0.002498 527,192,570,221,6,0.002293 625,215,639,244,3,0.001800 5,167,110,222,6,0.001741 537,189,556,209,6,0.001401 445,185,502,211,6,0.001210 44,192,113,216,6,0.001060 625,170,637,228,6,0.001001
/home/dysjin/data/CARLA.v20-carla_v20.coco/valid/Town01_009120_png.rf.b3886317404f3c307752dac4625c4b0e.jpg 309,196,334,213,6,0.098985 372,197,397,216,6,0.011026 324,192,344,205,6,0.009780 0,204,63,235,6,0.004088 365,182,409,214,6,0.003553 339,191,359,204,6,0.003326 352,190,373,207,6,0.002808 368,190,390,209,6,0.002791 303,191,373,209,6,0.002559 373,197,446,215,6,0.002230 173,198,191,214,6,0.002013 43,204,67,236,6,0.001733 326,197,342,212,0,0.001581 398,201,423,215,6,0.001347 329,192,395,216,6,0.001296 1,168,11,247,6,0.001011
/home/dysjin/data/CARLA.v20-carla_v20.coco/valid/051305_png.rf.af3e2dc55ae45fc793f7f25eb6fdf7b4.jpg 429,210,461,241,3,0.085439 424,212,462,240,6,0.022779 429,215,463,236,4,0.008335 424,212,465,244,5,0.006283
/home/dysjin/data/CARLA.v20-carla_v20.coco/valid/007291_png.rf.b33e9d647d42777054dfb5f46d23bbad.jpg 382,223,401,239,3,0.120763 385,221,404,239,4,0.049685 380,219,403,244,5,0.011978 384,218,405,243,6,0.006216 370,221,413,242,3,0.006182 185,242,218,325,1,0.005442 194,251,211,317,2,0.002722 177,238,210,326,2,0.002225 375,221,420,241,2,0.002180 360,330,412,356,6,0.001920
/home/dysjin/data/CARLA.v20-carla_v20.coco/valid/Town05_005820_png.rf.abc3e70595852b4f2320e8b55c805a27.jpg 302,192,336,216,6,0.083254 326,197,339,216,0,0.002623 347,166,355,179,3,0.002464 326,189,340,207,6,0.001901 357,178,366,190,3,0.001509 279,179,296,191,6,0.001286 347,179,357,190,6,0.001171 346,153,355,170,3,0.001107 296,191,314,207,0,0.001084 311,208,337,223,6,0.001080 0,10,122,84,6,0.001064 358,187,368,201,6,0.001063 597,156,640,190,6,0.001061 629,88,640,156,6,0.001059
/home/dysjin/data/CARLA.v20-carla_v20.coco/valid/Town05_006960_png.rf.9d31f2ffd8a1d723122d28555c0e3321.jpg 284,189,297,211,6,0.043256 391,225,640,358,6,0.029566 272,225,452,354,6,0.017932 282,185,299,213,0,0.006113 614,199,640,355,6,0.005245 280,186,347,205,6,0.003899 301,189,324,203,6,0.002766 619,181,640,329,1,0.002096 438,214,640,380,6,0.002037 266,189,313,209,6,0.001953 267,213,558,380,6,0.001916 180,220,371,339,6,0.001731 271,190,292,206,6,0.001715 327,190,346,204,6,0.001374 585,246,634,355,6,0.001331 568,189,635,380,6,0.001176 317,188,339,201,6,0.001167 335,251,505,380,6,0.001016
/home/dysjin/data/CARLA.v20-carla_v20.coco/valid/Town02_009720_png.rf.b20474373a38fe973889a895d5aba03e.jpg 294,196,342,257,6,0.083216 267,189,279,210,6,0.032008 613,171,635,189,6,0.011806 265,182,281,215,0,0.005060 346,201,359,216,6,0.003624 352,203,369,217,6,0.003054 623,153,639,195,6,0.002467 296,206,313,257,0,0.001930 193,176,205,192,3,0.001736 325,198,345,248,6,0.001463 265,187,283,220,2,0.001385 608,157,640,190,0,0.001338 276,189,294,203,6,0.001301 254,187,299,210,2,0.001198 301,207,331,219,6,0.001072
/home/dysjin/data/CARLA.v20-carla_v20.coco/valid/Town01_002220_png.rf.9b6e376c042a4b43cdf2a33f00250d62.jpg 180,205,462,364,6,0.188581 287,193,315,206,6,0.024875 153,168,491,380,4,0.021246 300,191,324,205,6,0.014601 316,189,335,202,6,0.010807 151,213,336,341,6,0.004771 277,193,330,215,6,0.003341 597,208,640,237,6,0.001967 319,181,333,194,6,0.001839 626,199,640,243,6,0.001505 281,197,299,212,6,0.001416 297,186,351,205,6,0.001368
/home/dysjin/data/CARLA.v20-carla_v20.coco/valid/Town01_003900_png.rf.b43a572a2d61a01bb389880cf86179de.jpg 192,178,451,380,6,0.177289 158,174,486,380,5,0.021575 127,185,459,380,4,0.004926 148,215,339,341,6,0.004179 404,180,420,233,2,0.004067 275,190,328,208,6,0.003323 328,194,351,205,6,0.002480 286,199,311,211,6,0.002009 2,181,15,233,6,0.001451 4,136,112,208,6,0.001450 218,191,231,207,6,0.001310 301,191,323,206,6,0.001275 327,195,418,380,6,0.001105 318,192,335,206,6,0.001069
/home/dysjin/data/CARLA.v20-carla_v20.coco/valid/029067_png.rf.b686edaf28a0971571945f7b069613d5.jpg 539,226,580,336,2,0.272171 524,196,587,357,0,0.006754 517,231,596,330,5,0.003669 541,208,579,319,1,0.001936 397,237,408,257,3,0.001395 6,249,27,265,6,0.001050
/home/dysjin/data/CARLA.v20-carla_v20.coco/valid/Town02_004200_png.rf.b4d2f32e1287253b4f35bf521927be39.jpg 266,190,293,210,6,0.083057 291,186,309,200,6,0.009227 538,140,558,157,3,0.005440 303,188,318,201,6,0.004812 302,181,318,194,6,0.001990 356,188,371,202,6,0.001674 369,189,382,205,6,0.001647 534,136,560,162,4,0.001641 269,183,328,206,6,0.001581 380,191,394,207,6,0.001289 347,187,360,200,6,0.001101 319,188,330,201,6,0.001054 531,164,543,183,3,0.001034
/home/dysjin/data/CARLA.v20-carla_v20.coco/valid/Town02_002100_png.rf.b49da10e2c41ab65d4c132e46f15d3e3.jpg 299,194,335,279,1,0.100974 277,187,292,205,6,0.047093 0,179,17,219,6,0.030932 0,185,13,214,5,0.017572 0,191,13,219,0,0.016686 302,202,332,270,2,0.007084 317,190,327,205,3,0.005169 0,188,27,212,4,0.004296 0,192,26,219,2,0.003681 0,155,13,219,6,0.003340 0,187,15,246,6,0.003307 256,182,300,205,2,0.002523 120,182,164,209,6,0.002237 284,164,342,327,0,0.002234 284,166,295,184,3,0.002232 4,193,23,219,6,0.002186 273,181,289,196,6,0.001914 356,165,366,179,3,0.001863 302,205,343,265,4,0.001856 61,167,121,200,6,0.001488 0,133,13,188,6,0.001417 296,204,336,265,0,0.001358 0,140,12,201,6,0.001315 0,187,39,213,6,0.001309 0,145,9,177,3,0.001255 280,195,293,212,6,0.001106 0,169,9,204,0,0.001082
/home/dysjin/data/CARLA.v20-carla_v20.coco/valid/003752_png.rf.bb0716bc5b93fa8b10f41577e20a2f35.jpg 398,216,421,242,3,0.107326 398,213,423,242,5,0.014909 394,215,430,243,1,0.014620 306,239,325,252,6,0.005969 346,231,358,244,3,0.002703 197,225,212,240,3,0.002332
/home/dysjin/data/CARLA.v20-carla_v20.coco/valid/138327_png.rf.b4aecc174d58e25a6e680c2468864172.jpg 19,237,48,298,2,0.103230 1,234,40,306,2,0.031304 8,243,53,291,3,0.011128 0,244,46,293,0,0.005688 2,233,17,307,2,0.003223 0,221,64,302,6,0.002537 23,255,43,285,6,0.002532 26,233,49,293,6,0.002357 0,255,42,287,2,0.001266 22,247,43,277,3,0.001068 0,186,47,365,0,0.001037 18,223,43,281,2,0.001004
/home/dysjin/data/CARLA.v20-carla_v20.coco/valid/Town05_009600_png.rf.b886b3525f44da0ae66796230d91b958.jpg 97,185,217,233,6,0.190867 582,183,632,207,6,0.126782 373,189,408,209,6,0.082215 458,188,498,213,6,0.068296 532,186,545,200,6,0.053157 98,197,156,238,6,0.030119 573,187,598,204,6,0.027001 158,191,219,227,6,0.021837 191,194,217,226,6,0.007027 485,195,502,214,6,0.005240 482,210,639,348,6,0.004213 497,191,517,206,6,0.004165 628,183,637,211,3,0.003625 560,181,584,194,6,0.003296 400,188,418,206,6,0.003166 627,171,638,221,6,0.002677 520,187,534,202,6,0.002643 552,181,566,194,6,0.002574 535,181,551,196,6,0.002498 611,187,634,207,6,0.002363 181,192,209,229,5,0.002224 551,187,569,202,6,0.002115 130,175,190,239,1,0.001883 556,176,609,201,6,0.001877 370,191,389,207,0,0.001798 512,182,562,203,2,0.001641 479,187,536,209,6,0.001459 530,182,591,205,6,0.001190 90,146,217,267,0,0.001172 153,190,182,229,6,0.001167 413,188,429,202,6,0.001156 553,147,640,217,6,0.001049 415,179,431,195,6,0.001022
/home/dysjin/data/CARLA.v20-carla_v20.coco/valid/Town01_002340_png.rf.b8976b6d8f366e29aeb47fb3b3146b33.jpg 181,205,462,364,6,0.189649 278,192,296,208,6,0.040979 153,167,491,380,4,0.021297 274,189,331,207,6,0.012509 285,192,312,205,6,0.012088 303,190,323,204,6,0.009328 316,189,335,202,6,0.008613 152,213,336,341,6,0.005037 597,208,640,237,6,0.002883 319,180,333,194,6,0.001677 626,200,640,242,6,0.001651
/home/dysjin/data/CARLA.v20-carla_v20.coco/valid/Town05_009780_png.rf.c3069a0d7ec82f2e1960c0497cec36fe.jpg 285,196,349,259,6,0.076389 433,207,469,235,6,0.024835 292,192,343,227,6,0.019560 373,189,383,203,6,0.002154 274,165,356,291,0,0.001969 300,208,330,252,6,0.001871 311,192,337,205,6,0.001525 236,176,409,280,6,0.001512 298,200,331,216,6,0.001360
/home/dysjin/data/CARLA.v20-carla_v20.coco/valid/Town05_002700_png.rf.b9dfa75f628efa31633800bb9dfee796.jpg 367,186,388,197,6,0.052523 357,186,373,197,6,0.010086 352,177,394,196,6,0.009392 389,187,404,199,6,0.005958 404,179,417,192,6,0.002645 209,185,227,200,6,0.002564 347,187,359,199,6,0.002383 344,180,360,193,6,0.002343 213,181,266,204,6,0.002035 415,178,429,191,6,0.001966 404,187,417,199,6,0.001821 2,171,15,225,6,0.001669 228,186,253,202,6,0.001341 418,188,431,199,6,0.001227 119,177,138,212,2,0.001200 243,185,262,202,6,0.001160 256,185,273,202,6,0.001133 359,183,413,201,2,0.001098 432,187,443,201,6,0.001049 381,196,393,211,2,0.001018
/home/dysjin/data/CARLA.v20-carla_v20.coco/valid/005173_png.rf.c24ac196d86260d3a384e12093bfa5ef.jpg 473,193,528,243,3,0.105893 483,193,516,242,5,0.014059 476,185,528,244,4,0.007127 491,193,525,245,6,0.005250 455,163,545,285,0,0.002457 481,209,516,229,6,0.001960
/home/dysjin/data/CARLA.v20-carla_v20.coco/valid/Town01_005820_png.rf.c9053a957ff7561268673aaec9e095f0.jpg 293,195,343,307,6,0.179481 286,177,347,323,0,0.013325 176,204,202,219,6,0.007195 401,191,442,218,6,0.006042 561,161,584,178,6,0.005892 288,190,353,309,1,0.004580 581,139,634,176,6,0.003840 627,123,640,173,6,0.002968 190,203,211,217,6,0.002213 629,132,640,161,3,0.001868 552,154,591,183,6,0.001772 552,163,569,179,6,0.001737 172,210,191,224,6,0.001543 628,157,638,181,3,0.001245 125,200,135,218,3,0.001244 572,153,595,172,6,0.001230 287,190,354,340,5,0.001066
/home/dysjin/data/CARLA.v20-carla_v20.coco/valid/Town01_011580_png.rf.c8aa9ea674a7d69974d55bf63b55ddbf.jpg 583,190,640,221,6,0.226782 262,191,292,209,6,0.138549 464,203,515,243,6,0.068617 560,199,578,221,6,0.016596 317,188,331,199,6,0.012246 51,190,78,225,6,0.010647 581,172,639,205,6,0.009705 418,200,438,215,6,0.007851 557,193,615,223,6,0.005710 455,190,540,255,6,0.003858 608,197,636,219,6,0.003743 575,198,594,221,6,0.003600 464,197,513,254,3,0.002624 566,171,640,229,6,0.002576 90,178,116,191,6,0.001905 290,191,306,203,6,0.001816 587,191,610,223,0,0.001753 562,190,578,209,6,0.001728 470,213,505,233,6,0.001601 381,191,398,206,6,0.001577 83,178,102,191,6,0.001542 613,178,634,196,6,0.001473 625,185,637,227,6,0.001379 465,204,489,243,0,0.001310 5,171,57,198,6,0.001287 471,196,520,252,1,0.001239 560,0,632,210,6,0.001183 487,177,511,190,6,0.001150 550,199,572,237,6,0.001113 272,186,295,209,5,0.001107 80,172,127,193,6,0.001066 328,189,343,202,6,0.001052 628,170,638,199,3,0.001040 13,178,68,209,6,0.001030
/home/dysjin/data/CARLA.v20-carla_v20.coco/valid/Town01_007440_png.rf.bed11eeb1dde416bf8789b24a8a5c0f8.jpg 529,175,637,223,6,0.129246 264,196,275,212,3,0.059785 528,182,551,218,0,0.018817 531,180,556,221,6,0.011988 265,195,277,215,6,0.011097 275,192,303,203,6,0.009174 530,187,549,214,2,0.007694 608,175,639,221,6,0.004968 292,191,309,203,6,0.004950 264,189,313,208,6,0.004594 545,176,573,220,6,0.004525 260,190,278,220,5,0.003766 615,207,635,224,6,0.003193 177,212,202,225,6,0.002707 621,194,639,239,6,0.002454 560,173,587,222,6,0.002331 278,198,300,211,6,0.002272 548,170,610,226,1,0.001986 243,192,292,217,2,0.001704 303,190,317,202,6,0.001525 584,178,611,220,6,0.001186 537,140,640,264,0,0.001099 263,185,280,216,0,0.001082
/home/dysjin/data/CARLA.v20-carla_v20.coco/valid/Town05_011760_png.rf.c548e0a947d80bc036151e4db99afcfa.jpg 0,208,225,341,6,0.199704 315,190,330,202,6,0.060753 172,215,373,328,6,0.013802 0,131,252,380,4,0.006450 309,182,321,195,6,0.006085 326,190,343,203,6,0.003637 90,203,213,296,6,0.002824 318,196,331,210,6,0.002279 304,187,349,204,2,0.001697 1,245,166,380,6,0.001545 115,205,400,380,6,0.001441 64,137,194,346,5,0.001395 182,223,203,270,2,0.001345 312,197,323,210,6,0.001182 308,183,328,208,5,0.001171 297,189,313,200,6,0.001131 0,230,30,361,6,0.001103
/home/dysjin/data/CARLA.v20-carla_v20.coco/valid/075708_png.rf.c1818fa586a2b613b2806f928a933d9d.jpg 311,243,347,273,6,0.319107 163,241,251,300,6,0.283652 0,250,183,411,6,0.154367 218,238,264,281,6,0.057567 243,245,265,271,6,0.012330 252,243,267,270,3,0.011432 250,237,269,273,2,0.010947 175,234,239,305,1,0.010233 353,238,367,254,3,0.008162 0,194,250,480,4,0.007351 152,220,254,330,0,0.005896 364,262,381,276,6,0.004714 251,230,269,272,6,0.003895 345,241,359,260,6,0.003416 32,234,224,449,5,0.003156 339,246,352,272,1,0.002910 337,238,354,274,0,0.002534 355,250,371,266,6,0.002317 0,264,73,472,6,0.002055 190,250,219,291,6,0.001780 308,245,325,271,0,0.001690 228,248,259,270,0,0.001644 214,244,244,290,6,0.001599 363,253,380,268,6,0.001476 43,243,178,354,6,0.001343 340,230,359,272,2,0.001229 201,247,231,293,6,0.001217 85,266,338,480,6,0.001151 65,192,197,393,5,0.001111 576,206,592,220,6,0.001095 118,236,299,343,6,0.001092
/home/dysjin/data/CARLA.v20-carla_v20.coco/valid/Town05_009900_png.rf.c90bd5781f975f44de47fd794a1f9ac6.jpg 358,189,433,250,6,0.142990 330,187,348,200,6,0.025196 413,189,436,225,6,0.012249 416,196,434,219,3,0.006553 321,188,337,201,6,0.004397 473,179,498,191,6,0.003527 368,180,426,213,6,0.002796 443,189,459,201,6,0.002286 344,171,445,278,1,0.002111 413,196,434,239,2,0.001741 462,172,507,194,6,0.001471 331,197,346,211,6,0.001348 489,186,506,198,6,0.001328 317,181,335,194,6,0.001297 451,188,467,199,6,0.001234 294,169,464,280,6,0.001126 423,191,442,208,6,0.001084
/home/dysjin/data/CARLA.v20-carla_v20.coco/valid/Town05_009660_png.rf.cc2e0d6a11c64dbe092a6e9321c6a170.jpg 208,206,419,334,6,0.304190 413,186,467,211,6,0.171674 613,185,634,201,6,0.018869 212,187,227,200,6,0.013640 176,142,471,380,4,0.010703 600,187,624,200,6,0.008753 626,183,637,206,3,0.007062 380,180,393,193,6,0.005555 372,180,382,193,6,0.003853 237,117,415,365,5,0.002668 625,172,638,215,6,0.002591 444,188,469,208,6,0.002555 257,179,270,193,6,0.002550 587,182,634,202,6,0.002366 346,188,356,202,3,0.001579 415,191,436,209,0,0.001214 151,111,398,380,6,0.001071
/home/dysjin/data/CARLA.v20-carla_v20.coco/valid/003769_png.rf.c5c0c17fa97551316c57744e9608f796.jpg 494,193,547,243,4,0.137663 488,187,554,249,3,0.057990 503,194,541,243,5,0.018551 357,229,371,242,3,0.004104 308,239,325,253,6,0.003444 505,210,539,229,6,0.003042 473,166,567,280,0,0.001663 500,190,559,247,2,0.001624
/home/dysjin/data/CARLA.v20-carla_v20.coco/valid/121197_png.rf.c99e70822c663f40252f74e6b2ad5094.jpg 219,265,421,379,6,0.334646 186,177,462,480,4,0.008517 498,242,523,275,6,0.002001 250,162,404,421,5,0.001109 0,226,283,444,6,0.001054
/home/dysjin/data/CARLA.v20-carla_v20.coco/valid/004966_png.rf.c9d8d72d0920460b612251c5fddc5770.jpg 427,202,466,241,3,0.176350 430,212,466,232,6,0.006234 421,202,465,244,4,0.004429 424,204,468,251,5,0.002812 132,223,149,239,3,0.001075
/home/dysjin/data/CARLA.v20-carla_v20.coco/valid/Town01_006240_png.rf.cc5628eb556a5a5bd1824a8d19313b41.jpg 311,192,324,208,6,0.060389 316,194,326,216,2,0.057546 592,197,640,242,6,0.010687 307,182,322,195,4,0.004868 299,191,311,204,6,0.004440 308,186,328,216,5,0.003862 363,179,382,190,6,0.003189 607,160,640,254,2,0.002918 0,186,10,253,6,0.002538 312,184,329,218,6,0.002386 625,203,640,258,6,0.002200 627,142,640,198,6,0.001986 359,178,371,191,3,0.001819 294,188,339,212,2,0.001762 565,182,640,259,6,0.001734 0,173,10,246,6,0.001717 296,180,307,194,3,0.001621 630,156,639,183,3,0.001602 86,208,97,230,2,0.001498 319,206,328,224,2,0.001141 359,186,370,199,6,0.001065 473,110,586,189,6,0.001047
/home/dysjin/data/CARLA.v20-carla_v20.coco/valid/001638_png.rf.c98e4c5bc2a68de358073a26469c81b2.jpg 423,210,456,242,3,0.107962 43,235,93,258,6,0.032462 155,224,169,241,3,0.028033 423,213,452,243,6,0.007005 418,213,457,243,5,0.006862 600,235,623,250,6,0.002284 152,221,171,246,5,0.001912
/home/dysjin/data/CARLA.v20-carla_v20.coco/valid/051274_png.rf.d5f64278c64b556983082379a316485f.jpg 560,168,637,250,3,0.228845 358,229,373,242,3,0.008955 551,155,640,260,0,0.008688
/home/dysjin/data/CARLA.v20-carla_v20.coco/valid/Town01_001440_png.rf.e4b4351effd31d5b433710cffb8243e4.jpg 384,178,399,195,3,0.145488 379,174,402,199,5,0.009533 370,176,411,196,2,0.003829 383,169,397,185,4,0.002250 116,200,166,221,6,0.001687 333,189,346,201,6,0.001460 2,189,14,250,6,0.001359 170,199,184,213,6,0.001328 371,178,389,192,3,0.001210 2,202,28,239,6,0.001200 121,203,140,220,6,0.001003
/home/dysjin/data/CARLA.v20-carla_v20.coco/valid/019121_png.rf.deb86464dd224ac85f75272f851fc0a8.jpg 507,240,560,259,6,0.076744 535,239,578,257,6,0.038610 500,244,529,258,6,0.010067 590,224,606,272,2,0.004578 394,246,412,293,2,0.002592 536,246,559,261,6,0.001411
/home/dysjin/data/CARLA.v20-carla_v20.coco/valid/041811_png.rf.e8d4c17844854d24f9b2bec66a8a8889.jpg 48,228,65,245,3,0.159814 1,246,17,292,6,0.035988 1,241,26,280,6,0.019775 44,224,68,250,6,0.019176 2,229,26,265,6,0.015318 0,254,11,286,0,0.014017 37,226,78,247,3,0.008005 0,247,13,311,6,0.006765 2,246,14,274,0,0.006203 0,258,28,284,2,0.005425 600,243,640,272,6,0.005416 1,244,58,271,6,0.003869 0,244,20,406,2,0.003190 18,249,40,265,6,0.002807 3,231,14,263,0,0.002688 18,237,39,252,6,0.002432 35,247,55,263,6,0.002354 0,248,27,275,0,0.002295 40,228,56,243,6,0.002283 0,258,8,303,0,0.001992 0,237,18,369,6,0.001786 7,227,23,249,6,0.001784 3,208,17,263,6,0.001689 626,235,640,279,6,0.001495 67,230,86,244,6,0.001371 55,234,73,249,6,0.001180 0,264,20,441,6,0.001152 0,234,28,262,2,0.001051 3,217,13,253,0,0.001038 45,225,110,246,6,0.001021
/home/dysjin/data/CARLA.v20-carla_v20.coco/valid/041657_png.rf.e06a4a0ae870ee5d8dbe97fc65b5b666.jpg 304,246,333,302,2,0.080350 301,244,333,310,0,0.074101 302,249,343,297,3,0.006543 0,230,9,309,6,0.003494 0,226,10,293,6,0.003378 0,239,7,280,2,0.003025 313,257,331,289,3,0.002371 0,211,9,284,6,0.001807 0,229,6,268,2,0.001434 281,242,347,307,4,0.001420 0,237,10,326,2,0.001342 295,245,318,305,2,0.001168 0,246,6,295,2,0.001157
/home/dysjin/data/CARLA.v20-carla_v20.coco/valid/001519_png.rf.e42bb854e84b40164ed2795569b2eb6f.jpg 572,223,587,242,3,0.137240 570,218,584,234,4,0.010094 610,238,633,255,6,0.010083 167,247,191,261,6,0.008437 292,245,310,255,6,0.006872 567,218,587,249,6,0.005430 302,245,322,255,6,0.005299 221,242,238,254,6,0.004522 560,224,608,243,3,0.004174 280,245,298,255,6,0.003120 599,191,640,225,6,0.002633 575,233,587,249,3,0.002385 503,248,519,295,2,0.002319 631,231,639,263,1,0.002216 627,183,638,236,6,0.002215 167,244,213,265,6,0.002214 585,224,598,240,0,0.002187 568,202,580,222,4,0.001966 604,229,618,243,6,0.001929 97,251,117,271,6,0.001929 497,238,527,326,0,0.001906 613,200,635,220,6,0.001787 556,219,597,246,5,0.001719 334,239,350,253,6,0.001587 312,243,334,254,6,0.001549 609,229,632,245,6,0.001509 613,213,634,228,6,0.001490 630,217,639,277,6,0.001403 628,191,638,226,3,0.001357 105,249,125,271,6,0.001312 566,188,584,233,6,0.001254 599,220,638,253,6,0.001228 575,203,588,224,3,0.001209 341,238,355,253,3,0.001160 493,245,527,343,1,0.001138 506,239,519,253,3,0.001116 583,217,600,232,6,0.001024
/home/dysjin/data/CARLA.v20-carla_v20.coco/valid/Town02_005280_png.rf.ec981f5d8aec80a53ec1f9961c2321af.jpg 151,197,209,266,6,0.149264 45,194,114,222,6,0.148415 92,197,132,222,6,0.026230 1,188,16,229,6,0.012195 0,194,11,225,0,0.008004 155,203,208,258,4,0.007970 174,199,206,250,6,0.007810 136,170,220,288,0,0.007743 33,200,82,224,6,0.005122 12,175,126,234,6,0.003898 146,194,197,274,2,0.003552 0,198,28,221,2,0.002842 116,199,137,218,6,0.002634 626,106,640,164,6,0.002462 77,195,107,224,5,0.002263 76,200,107,221,6,0.002049 580,54,632,159,3,0.002007 0,190,13,244,6,0.001394 568,13,634,190,0,0.001394 39,209,65,223,6,0.001350 88,171,256,279,6,0.001230 0,194,40,219,6,0.001165 92,200,121,222,0,0.001083
/home/dysjin/data/CARLA.v20-carla_v20.coco/valid/001509_png.rf.ed3baed466e7f65c1a01fb57bf942b65.jpg 572,223,587,242,3,0.127339 570,218,588,248,6,0.010580 167,246,191,261,6,0.010165 292,245,309,255,6,0.010048 302,245,323,255,6,0.008929 570,219,583,234,4,0.008577 609,238,632,256,6,0.007134 281,245,300,255,6,0.004620 97,251,118,271,6,0.004480 560,224,608,244,3,0.004071 568,235,583,251,3,0.002680 167,244,212,265,6,0.002617 311,243,333,254,6,0.002523 496,239,526,326,0,0.002471 585,224,598,241,0,0.002314 221,241,237,254,6,0.002013 599,190,640,225,6,0.001973 627,182,639,237,6,0.001944 335,239,350,254,6,0.001879 555,220,596,247,5,0.001794 632,231,639,263,1,0.001784 503,248,519,296,2,0.001659 568,202,580,222,4,0.001626 604,229,618,244,6,0.001533 493,246,526,342,1,0.001361 341,238,354,254,3,0.001341 613,199,635,219,6,0.001251 629,206,637,234,3,0.001154 631,217,639,278,6,0.001093 269,243,287,253,6,0.001046
/home/dysjin/data/CARLA.v20-carla_v20.coco/valid/033890_png.rf.e368755037cdc345b45b625d64db27a1.jpg 216,247,436,359,6,0.237279 588,229,632,328,2,0.222716 403,248,416,265,6,0.007476 210,151,441,430,2,0.006153 628,218,640,297,6,0.004569 2,241,15,302,6,0.003941 571,223,640,332,6,0.002757 188,183,459,480,4,0.002670 611,228,636,288,2,0.002501 604,266,639,324,2,0.002445 583,204,640,341,0,0.002412 133,240,143,259,3,0.002176 403,240,417,261,2,0.001866 133,247,142,267,2,0.001743 1,250,9,296,0,0.001546 624,258,639,330,6,0.001513 141,241,163,253,6,0.001391 373,225,381,245,3,0.001225 371,236,381,256,2,0.001194 83,251,104,285,2,0.001061 3,253,25,289,6,0.001028
/home/dysjin/data/CARLA.v20-carla_v20.coco/valid/075724_png.rf.e0c3e9a2b7f318c71e76ccdcb0dda6a1.jpg 295,242,329,268,6,0.178761 17,253,226,347,6,0.143725 193,242,240,283,6,0.110496 0,255,78,441,6,0.072928 168,234,242,305,6,0.014060 616,237,634,256,6,0.013453 0,260,170,402,6,0.013382 222,239,247,282,6,0.009370 294,244,316,268,0,0.007691 10,193,241,391,1,0.003986 25,134,232,448,5,0.003365 0,267,69,393,3,0.003251 628,231,637,259,3,0.003060 281,242,301,257,6,0.002588 217,254,240,281,6,0.002386 0,313,81,427,1,0.002041 0,236,119,480,6,0.001955 152,239,211,308,6,0.001896 2,303,66,433,3,0.001643 626,219,638,272,6,0.001627 226,246,244,275,3,0.001242 283,247,299,266,0,0.001071 28,185,229,480,6,0.001049 272,241,287,254,6,0.001043 618,228,633,247,6,0.001043
/home/dysjin/data/CARLA.v20-carla_v20.coco/valid/112477_png.rf.ecf5d82849f8b68362ce65c8d2645a1c.jpg 338,238,362,295,2,0.110330 334,236,362,298,0,0.004542 334,232,364,295,1,0.002863 344,247,361,279,3,0.002517 609,237,632,252,6,0.001979 594,232,640,256,6,0.001022
/home/dysjin/data/CARLA.v20-carla_v20.coco/valid/Town02_001980_png.rf.ee7206fcf98c96c61f2900b25e79ce20.jpg 295,198,340,307,1,0.198601 1,188,64,223,6,0.168628 157,178,177,219,6,0.063851 159,192,175,218,3,0.042753 158,187,177,220,0,0.029493 133,182,176,215,6,0.019861 3,185,30,227,6,0.016197 29,191,71,219,6,0.011158 163,180,183,217,2,0.007867 398,164,408,179,3,0.006814 286,174,345,328,0,0.006517 166,194,180,218,6,0.004919 400,137,414,162,3,0.004874 279,202,352,301,5,0.004576 398,148,410,170,3,0.004305 16,197,47,218,6,0.004141 77,166,127,200,6,0.003518 297,211,339,317,4,0.003290 159,180,218,211,6,0.003175 55,199,70,217,6,0.001938 396,137,412,181,6,0.001780 147,194,170,215,6,0.001738 0,175,75,238,6,0.001670 157,163,179,215,0,0.001634 0,131,12,187,6,0.001386 0,193,45,238,6,0.001373 0,192,36,222,2,0.001335 0,119,13,174,6,0.001223 396,130,414,170,5,0.001197 356,164,367,180,3,0.001132 0,188,11,226,0,0.001123 52,182,74,215,6,0.001082 0,144,8,176,3,0.001057 162,177,176,199,6,0.001051 0,186,35,213,0,0.001026
/home/dysjin/data/CARLA.v20-carla_v20.coco/valid/026829_png.rf.e6f26e62f316568466a95ba7fd18d850.jpg 375,222,392,241,4,0.170690 372,224,390,241,3,0.066883 29,231,80,265,6,0.016660 373,219,393,247,5,0.016609 0,234,30,279,6,0.010264 2,225,16,291,6,0.007774 371,220,389,234,6,0.005032 0,236,14,299,6,0.002189 0,237,9,281,0,0.002014 0,220,87,282,6,0.001872 0,246,35,272,2,0.001333
/home/dysjin/data/CARLA.v20-carla_v20.coco/valid/007076_png.rf.d635d979c35f5dd6da756ef9889aef0b.jpg 396,218,419,240,3,0.062955 393,216,417,243,5,0.013676 394,218,417,236,4,0.005405 192,226,207,242,3,0.004528
/home/dysjin/data/CARLA.v20-carla_v20.coco/valid/112475_png.rf.df928fa484eb08e1454caacc1e194352.jpg 335,239,356,295,2,0.098920 339,249,353,288,3,0.003464 326,246,369,288,0,0.002943 584,234,636,254,6,0.002003 327,235,358,302,1,0.001878 609,237,632,252,6,0.001390 321,243,341,299,2,0.001328
/home/dysjin/data/CARLA.v20-carla_v20.coco/valid/Town02_006960_png.rf.eedfb90c1deb0d66a31341acd2e08f4f.jpg 149,166,166,184,4,0.143734 0,178,31,212,6,0.081522 581,177,639,243,6,0.080318 151,165,170,182,6,0.034132 145,163,169,187,5,0.015946 151,169,165,188,3,0.006086 139,165,175,184,3,0.005284 2,157,18,219,6,0.002683 569,144,640,268,0,0.002550 0,145,31,225,6,0.002459 2,180,15,212,0,0.002127 170,173,183,190,0,0.001953 571,152,640,292,6,0.001758 602,179,638,218,6,0.001686 144,160,207,184,6,0.001501 579,169,640,204,6,0.001447 164,165,184,181,6,0.001400 2,140,13,208,6,0.001197
/home/dysjin/data/CARLA.v20-carla_v20.coco/valid/Town05_010860_png.rf.f31c0584fff1474ad2b0f4132e874f7d.jpg 310,188,328,249,2,0.130548 0,176,56,212,6,0.110340 302,189,333,253,1,0.010398 315,193,328,230,3,0.005851 298,198,347,240,0,0.003424 356,181,369,193,3,0.003298 12,186,48,207,6,0.002399 368,188,380,200,6,0.002320 358,189,369,200,6,0.002081 300,193,346,233,6,0.002062 2,167,16,223,6,0.001858 299,191,335,234,5,0.001851 381,190,394,201,6,0.001803 305,177,328,227,6,0.001715 395,201,405,216,2,0.001535 397,210,406,229,2,0.001360 385,200,395,214,2,0.001335 253,189,273,202,6,0.001235 47,175,63,193,6,0.001114 296,193,316,250,2,0.001088 13,168,66,202,6,0.001013
/home/dysjin/data/CARLA.v20-carla_v20.coco/valid/Town05_004800_png.rf.ee7c080c8716cb366969ca625bb6d68b.jpg 241,189,270,206,6,0.118907 348,186,361,205,6,0.066933 227,190,256,205,6,0.006162 217,191,237,205,6,0.004630 362,187,381,201,6,0.003752 329,183,376,205,2,0.002951 627,155,638,210,6,0.002923 628,167,637,200,3,0.002372 352,180,368,197,6,0.002124 253,195,270,211,6,0.001632 395,177,407,191,6,0.001593 340,182,386,204,6,0.001226 345,168,361,209,0,0.001042
/home/dysjin/data/CARLA.v20-carla_v20.coco/valid/Town05_009840_png.rf.f5040ce45ecca2822cb3b1b4ea8a6f61.jpg 294,195,366,249,6,0.256709 280,171,371,279,0,0.003574 323,200,356,241,6,0.002102 242,169,412,281,6,0.001117
/home/dysjin/data/CARLA.v20-carla_v20.coco/valid/041861_png.rf.f5f3812ca6c536c5c25bea3d596be111.jpg 96,242,227,307,6,0.217982 303,241,323,290,0,0.092407 401,213,430,241,6,0.074558 399,213,431,239,3,0.021139 396,213,433,244,5,0.015603 294,232,330,291,1,0.007298 305,250,321,284,3,0.005662 152,225,245,299,6,0.005208 192,224,237,267,6,0.004451 94,275,137,311,6,0.003918 295,242,320,290,2,0.003822 133,271,197,311,6,0.003368 97,220,219,336,0,0.003205 400,215,441,243,4,0.003119 128,232,196,313,1,0.002639 285,243,327,283,6,0.002511 85,256,257,376,6,0.001645 86,135,274,448,4,0.001637 398,216,413,232,6,0.001532 78,175,255,400,0,0.001467 211,231,237,280,2,0.001157 66,201,272,320,6,0.001121 184,243,239,291,4,0.001029
/home/dysjin/data/CARLA.v20-carla_v20.coco/valid/Town02_003120_png.rf.f36fecf8d2ee4965c1f3bddaaaad5f33.jpg 410,191,488,220,6,0.128273 610,181,638,214,6,0.050258 621,197,640,245,6,0.031535 390,194,436,222,6,0.013511 461,192,487,222,6,0.004519 600,188,624,208,6,0.004480 615,201,640,239,0,0.003582 564,186,627,209,6,0.002771 436,192,463,222,6,0.002344 623,216,640,245,2,0.002266 408,209,433,223,6,0.001768 362,193,415,216,6,0.001565 5,167,112,222,6,0.001446 585,191,608,207,6,0.001306 424,192,448,223,6,0.001098 571,191,598,207,6,0.001048 563,173,640,236,6,0.001022
/home/dysjin/data/CARLA.v20-carla_v20.coco/valid/003755_png.rf.f6343810071c5f5401b5697ef363285d.jpg 408,216,433,241,3,0.089642 404,215,439,242,1,0.017706 306,239,325,252,6,0.004782 406,216,430,242,5,0.003270 405,218,430,239,0,0.002071 346,231,359,245,3,0.001611 404,219,431,235,4,0.001354 193,225,206,241,3,0.001120
/home/dysjin/data/CARLA.v20-carla_v20.coco/valid/Town01_003300_png.rf.fae28071a74fa02928094ff14cdbb3aa.jpg 273,197,357,274,6,0.245199 278,193,298,208,6,0.010130 192,198,217,213,6,0.008313 159,195,221,214,6,0.007876 236,176,410,281,6,0.004402 384,198,392,221,2,0.003759 287,191,308,206,6,0.002740 390,199,406,215,6,0.001531 273,187,329,210,6,0.001432 383,190,392,210,3,0.001085 633,218,640,246,3,0.001067 303,190,324,204,6,0.001041
/home/dysjin/data/CARLA.v20-carla_v20.coco/valid/138255_png.rf.fbf65e3e930393318a8312fdaefcae24.jpg 55,240,80,293,2,0.105889 48,242,74,296,0,0.011727 59,252,77,284,3,0.003420 1,233,12,307,6,0.002681 54,240,100,283,6,0.001668
/home/dysjin/data/CARLA.v20-carla_v20.coco/valid/005373_png.rf.f68e0e113c5193c933cbee38c6a6bc2d.jpg 144,236,158,266,2,0.054695 140,241,152,269,2,0.041932 157,237,171,264,2,0.039102 1,225,14,293,2,0.018142 381,237,440,261,6,0.011143 2,236,14,299,6,0.004117 124,243,165,268,2,0.004116 413,241,436,258,6,0.003133 137,238,172,265,6,0.002827 0,207,11,292,2,0.002672 168,244,180,269,2,0.002292 2,248,11,290,2,0.001447 167,239,181,262,6,0.001433 344,240,361,254,6,0.001414 311,238,322,256,3,0.001350 397,248,425,262,6,0.001333 0,247,29,272,2,0.001294 122,241,141,259,6,0.001160 6,233,22,286,2,0.001128 145,241,190,267,2,0.001000
/home/dysjin/data/CARLA.v20-carla_v20.coco/valid/001630_png.rf.ff5ced110f03f998a7a6998ddf647fd2.jpg 409,212,436,240,3,0.117951 167,225,182,242,3,0.041171 409,218,435,238,4,0.019722 54,233,102,256,6,0.007255 404,215,443,240,5,0.003667 164,222,184,246,5,0.002974
/home/dysjin/data/CARLA.v20-carla_v20.coco/valid/006662_png.rf.fa42143249c7b6a780238796639341d3.jpg 464,233,501,310,2,0.141723 462,248,508,298,6,0.010464 447,230,484,312,2,0.002887 453,246,500,299,0,0.002517 443,197,515,349,0,0.002354 481,242,509,300,2,0.002281 453,223,536,316,2,0.001251
/home/dysjin/data/CARLA.v20-carla_v20.coco/valid/Town05_004860_png.rf.f5c138159cbce172c63fa9a736f9c655.jpg 241,189,270,206,6,0.109241 348,186,361,205,6,0.063597 226,190,255,205,6,0.006610 217,191,237,205,6,0.005509 362,187,381,201,6,0.003672 627,156,638,209,6,0.003361 330,183,375,205,2,0.002973 628,167,637,200,3,0.002810 352,180,368,197,6,0.002090 395,177,407,191,6,0.001850 253,195,270,211,6,0.001689 340,182,386,204,6,0.001274
/home/dysjin/data/CARLA.v20-carla_v20.coco/valid/Town01_008460_png.rf.03f3160d63f090b29499596ec3c8c4b5.jpg 26,196,141,245,6,0.234120 554,191,638,222,6,0.064206 538,195,583,225,6,0.057976 0,185,153,280,6,0.021175 541,199,561,222,6,0.019547 624,187,639,227,6,0.003441 539,180,562,221,0,0.003177 541,207,562,225,0,0.003112 0,176,25,277,6,0.002765 56,187,118,252,1,0.002662 626,194,639,222,3,0.002216 584,199,610,217,6,0.002212 430,194,491,217,6,0.002175 595,192,624,221,6,0.002072 542,189,558,211,6,0.001775 80,201,148,242,6,0.001716 569,199,596,219,6,0.001703 18,169,139,284,0,0.001627 611,197,635,218,6,0.001605 1,211,30,253,6,0.001492 2,202,15,262,6,0.001491 526,200,548,219,6,0.001247 630,173,638,197,3,0.001242 505,177,617,240,6,0.001210 0,189,26,306,6,0.001115 340,191,360,202,6,0.001099 512,194,563,222,6,0.001070
/home/dysjin/data/CARLA.v20-carla_v20.coco/valid/005508_png.rf.0ab3da1b4970047c9b42e5bbe5d4e6f1.jpg 33,233,58,285,2,0.131702 83,238,124,308,6,0.122446 73,234,117,313,2,0.054435 102,237,126,303,2,0.030493 25,235,63,280,0,0.009089 92,233,119,293,2,0.005453 85,224,123,303,1,0.003753 36,230,82,307,2,0.002755 25,235,47,288,2,0.002589 62,207,142,344,0,0.002588 91,242,137,296,4,0.002043 455,242,496,323,2,0.002038 453,271,475,325,2,0.001955 10,238,59,284,6,0.001877 446,241,480,326,0,0.001265 469,242,527,277,6,0.001202 9,217,103,295,6,0.001173 1,206,35,305,2,0.001045
/home/dysjin/data/CARLA.v20-carla_v20.coco/valid/Town01_006180_png.rf.089d25ecaf49fe28c7f3bf0c3614732b.jpg 389,176,414,192,6,0.043127 313,195,325,215,6,0.042527 314,194,327,216,2,0.031311 361,172,413,195,6,0.006671 362,179,386,192,6,0.004327 309,184,328,217,5,0.004110 41,208,91,233,6,0.002605 294,192,340,218,2,0.002381 2,195,16,250,6,0.001949 354,179,369,193,6,0.001708 410,180,431,193,6,0.001617 309,182,324,195,4,0.001384 3,212,26,248,6,0.001364 2,214,11,250,0,0.001138 68,211,88,231,6,0.001028 327,198,340,214,6,0.001011
/home/dysjin/data/CARLA.v20-carla_v20.coco/valid/Town02_008340_png.rf.044a76656e2e2fe428cd425926d9acbe.jpg 552,190,617,222,6,0.231921 155,206,229,241,6,0.080978 271,187,289,199,6,0.071717 551,191,575,226,6,0.022966 260,186,274,199,6,0.012518 552,196,572,221,0,0.006820 142,181,246,247,6,0.006454 290,189,309,200,6,0.003570 631,180,638,212,3,0.003143 307,188,320,199,6,0.002995 257,182,299,203,6,0.002835 592,189,621,224,6,0.002819 177,208,204,240,6,0.002758 247,189,257,204,6,0.002615 190,205,219,241,6,0.002607 630,165,638,227,6,0.002543 581,198,611,220,6,0.001994 200,200,230,238,6,0.001947 235,197,245,217,2,0.001800 630,206,638,234,3,0.001533 280,196,293,210,6,0.001528 165,207,194,242,6,0.001412 541,190,562,228,2,0.001369 579,201,634,231,6,0.001368 608,187,636,225,6,0.001121 551,182,638,249,6,0.001054 307,181,318,193,6,0.001028 291,182,309,193,6,0.001026
/home/dysjin/data/CARLA.v20-carla_v20.coco/valid/075710_png.rf.0b62bb94157d1f2113ac6bbefe158022.jpg 311,242,346,273,6,0.295285 164,241,250,300,6,0.283884 0,249,185,412,6,0.144038 239,238,265,276,6,0.059044 176,234,239,305,1,0.011187 250,237,268,274,2,0.010071 252,242,267,271,3,0.009775 212,245,264,286,6,0.008504 0,193,253,480,4,0.007283 354,238,367,253,3,0.006223 152,220,253,330,0,0.006095 29,233,227,450,5,0.003326 345,241,358,260,6,0.002777 365,262,381,276,6,0.002321 0,264,73,473,6,0.002238 189,249,220,292,6,0.002074 309,241,328,272,0,0.001947 340,247,352,270,1,0.001798 44,242,178,353,6,0.001726 228,248,259,270,0,0.001669 337,237,354,274,0,0.001420 355,250,371,265,6,0.001393 90,266,334,480,6,0.001282 154,216,255,377,6,0.001022
/home/dysjin/data/CARLA.v20-carla_v20.coco/valid/041689_png.rf.0d648fbd58416a80b414e4503d51c42e.jpg 300,246,334,312,0,0.075113 304,247,333,304,2,0.044933 302,250,344,299,3,0.003679 283,243,347,310,4,0.001836 293,257,342,298,5,0.001657 309,259,328,290,3,0.001429
/home/dysjin/data/CARLA.v20-carla_v20.coco/valid/003751_png.rf.0ff9ef7c8c8e4f5eab52437609a3b501.jpg 396,218,419,239,3,0.063664 307,240,324,252,6,0.007495 395,218,416,242,5,0.006670 391,217,429,240,1,0.005143 345,231,358,245,3,0.003403 199,227,212,241,3,0.003185
/home/dysjin/data/CARLA.v20-carla_v20.coco/valid/Town02_008820_png.rf.135414697b8215dc125af6b125d3058c.jpg 500,178,551,214,6,0.110675 142,175,158,192,3,0.105698 270,207,364,343,6,0.077152 555,179,618,214,6,0.075175 276,216,353,334,1,0.013672 379,187,395,206,6,0.010233 139,171,161,196,5,0.009990 387,185,409,204,6,0.008010 387,178,431,206,6,0.005955 546,173,570,218,2,0.004308 532,174,559,216,6,0.004231 519,187,549,209,6,0.004167 401,180,425,197,6,0.004025 496,167,606,224,6,0.003986 414,177,433,194,6,0.003803 1,172,13,243,6,0.003233 501,177,520,194,6,0.002674 1,185,12,252,6,0.002167 1,158,11,235,6,0.002019 486,171,538,202,6,0.001900 2,97,15,151,6,0.001675 1,103,12,165,6,0.001573 632,181,638,210,3,0.001550 370,188,385,204,6,0.001494 244,165,389,380,1,0.001434 497,187,521,207,6,0.001400 426,177,441,193,6,0.001327 552,172,611,224,1,0.001325 567,188,601,208,6,0.001304 342,188,361,201,6,0.001225 141,168,159,185,6,0.001219 378,182,399,196,6,0.001138 631,148,639,220,6,0.001093
/home/dysjin/data/CARLA.v20-carla_v20.coco/valid/006664_png.rf.1466f666c872e94bac27eba56bbdfb5b.jpg 480,235,516,321,2,0.198276 473,251,522,309,6,0.002767 462,199,533,349,0,0.002571 482,243,516,337,0,0.002225
/home/dysjin/data/CARLA.v20-carla_v20.coco/valid/014570_png.rf.1235b2ca71c181a49fda1bb53eaa19cd.jpg 66,237,121,261,6,0.204776 436,234,454,284,2,0.174899 301,240,333,262,6,0.036599 438,242,452,278,3,0.016072 423,242,471,276,0,0.006675 102,240,126,259,6,0.002898 325,239,342,260,6,0.001763 39,224,129,275,6,0.001465 299,245,313,265,0,0.001308 35,231,105,259,6,0.001261 542,291,600,317,6,0.001242 436,220,453,284,0,0.001175 62,242,98,258,6,0.001005
/home/dysjin/data/CARLA.v20-carla_v20.coco/valid/112550_png.rf.1ca2fa82e03653536df85cf5faf5753c.jpg 522,234,549,286,2,0.097923 585,236,634,254,6,0.010981 518,236,553,282,0,0.008139 526,244,546,274,3,0.004705 518,228,552,358,2,0.003609 518,226,551,299,1,0.002748 523,228,547,276,6,0.002653
/home/dysjin/data/CARLA.v20-carla_v20.coco/valid/Town02_000780_png.rf.16d5987bcdc7d08470c1b3e757e128e5.jpg 302,199,343,306,1,0.180644 278,188,303,204,6,0.168122 70,184,109,213,6,0.128551 36,182,98,215,6,0.114073 332,180,349,196,6,0.019883 594,181,640,212,6,0.007313 316,179,334,193,6,0.006129 291,178,354,322,0,0.005046 319,187,335,203,6,0.004368 90,186,111,210,6,0.004284 308,177,324,191,6,0.002552 50,187,82,209,6,0.002208 68,189,97,210,0,0.001684 339,185,354,200,6,0.001556 271,183,326,207,6,0.001455 43,188,71,220,6,0.001449 298,189,339,287,6,0.001160 103,187,123,207,6,0.001082 297,238,350,296,4,0.001052 306,187,323,202,6,0.001024 286,181,306,209,5,0.001017
/home/dysjin/data/CARLA.v20-carla_v20.coco/valid/Town02_001500_png.rf.1e8a22666698f8954863a9939bc59942.jpg 186,185,215,216,6,0.074702 582,179,631,280,2,0.001177 606,234,638,279,6,0.001129 202,196,218,217,6,0.001043 144,185,215,213,6,0.001006
/home/dysjin/data/CARLA.v20-carla_v20.coco/valid/Town05_004620_png.rf.0e4a190ca586e0e90df6b90be2c83f5b.jpg 398,176,452,209,6,0.277029 584,188,636,222,6,0.058919 348,185,361,197,6,0.028964 574,199,623,238,6,0.016616 608,187,636,206,6,0.016307 284,187,298,199,6,0.008674 564,169,637,241,6,0.003611 393,184,411,205,0,0.003598 381,179,395,193,6,0.002956 596,196,627,215,6,0.002921 393,180,415,209,6,0.002473 579,199,610,217,6,0.002319 596,174,639,203,6,0.001902 383,187,397,203,6,0.001886 368,180,381,193,6,0.001752 253,226,274,241,6,0.001750 584,192,607,208,6,0.001589 625,173,638,219,6,0.001498 422,186,449,208,6,0.001429 378,159,472,215,6,0.001254 221,187,237,199,6,0.001042 328,224,347,238,6,0.001031 368,187,380,200,6,0.001015
/home/dysjin/data/CARLA.v20-carla_v20.coco/valid/006578_png.rf.21f08e8ed63ab67b3ef05528af8ef9e6.jpg 370,224,383,241,3,0.185175 260,238,295,258,6,0.101154 367,221,386,248,5,0.007599 369,221,383,234,4,0.005460 356,227,401,244,2,0.003412 362,227,375,241,3,0.002200 290,239,303,257,6,0.001950 279,245,298,261,6,0.001870 626,289,640,349,6,0.001248 405,261,417,279,3,0.001166
/home/dysjin/data/CARLA.v20-carla_v20.coco/valid/Town01_004320_png.rf.1f6552094735eb0bd49b614b7e584c58.jpg 255,197,376,288,6,0.104178 292,195,363,287,1,0.003010 267,195,375,294,0,0.002663 241,187,266,199,6,0.002410 294,189,310,202,6,0.001660 255,179,274,194,6,0.001594 359,153,375,168,3,0.001184 225,182,277,202,6,0.001163 247,79,409,380,4,0.001128 230,129,408,347,0,0.001126 364,152,378,169,6,0.001107 0,180,13,235,6,0.001036
/home/dysjin/data/CARLA.v20-carla_v20.coco/valid/Town02_006720_png.rf.2632fd4f3d65ff215e84d472badfd870.jpg 580,176,638,221,6,0.124872 268,193,289,208,6,0.076284 561,179,584,210,6,0.074521 0,155,13,211,6,0.040769 0,166,9,200,2,0.021153 114,193,172,219,6,0.017940 1,166,14,220,6,0.015180 0,157,9,193,3,0.011800 558,176,573,196,6,0.005552 524,187,544,206,6,0.004053 2,182,16,234,6,0.003953 583,187,609,207,6,0.003931 0,172,25,198,2,0.003860 556,174,592,203,5,0.003859 570,178,588,197,6,0.003707 0,176,11,213,2,0.003109 140,197,167,216,6,0.002949 564,168,580,185,6,0.002753 593,187,626,208,6,0.002232 262,191,278,205,6,0.002218 557,173,613,205,6,0.002205 480,182,542,209,6,0.002107 1,193,12,226,0,0.001895 494,212,508,234,3,0.001892 528,178,544,195,6,0.001805 0,124,10,201,2,0.001700 6,159,22,208,6,0.001624 198,191,211,205,6,0.001453 491,202,510,243,5,0.001431 564,195,581,214,2,0.001424 171,198,183,217,6,0.001393 0,190,13,247,6,0.001260 128,199,157,218,6,0.001254 534,162,640,229,6,0.001241 558,140,640,262,0,0.001183 154,197,174,214,6,0.001123 530,164,542,180,3,0.001103 557,166,572,182,6,0.001063 289,192,308,204,6,0.001006
/home/dysjin/data/CARLA.v20-carla_v20.coco/valid/Town05_006900_png.rf.2eaa1f5f6de8c6bffcd968f78f2f53b4.jpg 237,184,259,230,2,0.138598 235,184,256,230,0,0.042408 392,225,640,357,6,0.035577 265,225,452,354,6,0.020336 237,176,258,228,6,0.014078 240,192,256,225,3,0.012819 614,199,639,356,6,0.005954 619,181,640,330,1,0.002288 438,215,640,380,6,0.002176 232,192,293,224,6,0.001945 268,213,557,380,6,0.001464 586,246,634,354,6,0.001270 180,199,444,380,6,0.001156 22,226,226,342,6,0.001122 566,189,635,380,6,0.001009
/home/dysjin/data/CARLA.v20-carla_v20.coco/valid/005482_png.rf.1eef94cb1d26525ab4b64d28fc9be58d.jpg 0,226,27,317,2,0.175908 0,219,26,363,6,0.005441 0,175,37,373,2,0.002449 2,218,17,302,2,0.002347 455,242,496,322,2,0.001976 0,235,52,309,2,0.001871 13,238,41,298,2,0.001687 453,271,475,325,2,0.001553 0,241,39,295,0,0.001539 448,246,479,341,0,0.001313 469,242,526,277,6,0.001299 2,243,55,291,6,0.001152
/home/dysjin/data/CARLA.v20-carla_v20.coco/valid/138251_png.rf.2622df013f55b1f57387212b95c87241.jpg 79,236,99,288,2,0.088156 72,243,110,280,0,0.004031 464,261,640,402,6,0.002635 69,248,108,284,6,0.001983 75,250,92,286,2,0.001498
/home/dysjin/data/CARLA.v20-carla_v20.coco/valid/007070_png.rf.2316a0a54db7e4a749f421570aadd160.jpg 383,221,402,239,3,0.083958 385,220,404,240,4,0.072945 381,219,404,244,5,0.010212 385,219,405,236,6,0.003034 201,227,215,242,3,0.001276
/home/dysjin/data/CARLA.v20-carla_v20.coco/valid/Town05_010920_png.rf.2325292b5e147dc41c10fe128f6256f9.jpg 304,179,342,281,0,0.180733 298,178,340,287,2,0.047349 292,178,311,192,6,0.003696 298,184,338,296,1,0.003184 254,272,279,287,6,0.001697 314,179,331,195,6,0.001677 280,183,356,281,4,0.001210 264,261,287,281,6,0.001062
/home/dysjin/data/CARLA.v20-carla_v20.coco/valid/Town01_006420_png.rf.2b897cd6227874bc930ae1c7e17e3b3b.jpg 314,195,324,212,3,0.051423 313,192,323,210,6,0.041855 315,194,326,214,2,0.025661 2,189,14,252,6,0.009659 380,186,392,207,2,0.007674 140,200,151,217,6,0.004835 2,171,13,248,6,0.003505 0,202,13,259,6,0.003348 310,183,326,219,5,0.003132 370,179,386,192,6,0.002536 0,214,9,249,5,0.002404 296,193,311,206,6,0.002395 380,178,392,193,3,0.002330 309,181,320,195,3,0.001867 596,203,640,235,6,0.001772 1,200,10,245,2,0.001706 348,179,357,192,3,0.001644 290,194,343,216,2,0.001613 3,199,25,241,6,0.001611 5,185,26,235,2,0.001555 596,163,640,202,6,0.001541 374,185,385,203,6,0.001532 354,178,369,190,6,0.001459 378,179,394,212,5,0.001452 586,160,630,237,2,0.001118 294,180,307,192,6,0.001060 89,208,103,227,6,0.001059 0,208,30,235,2,0.001018
/home/dysjin/data/CARLA.v20-carla_v20.coco/valid/Town05_006780_png.rf.253c814d6e368b92a888141244ca1a16.jpg 165,192,211,259,6,0.191150 355,187,370,199,6,0.011215 166,199,213,256,5,0.009817 185,197,213,246,6,0.007733 327,191,345,203,6,0.005269 363,180,380,193,6,0.004148 347,188,360,201,6,0.004126 146,157,222,296,0,0.004094 177,212,209,233,6,0.002181 317,200,336,214,6,0.002136 317,211,334,224,6,0.001845 174,186,220,254,1,0.001477 420,207,435,257,2,0.001378 446,215,458,273,2,0.001189 0,179,176,296,6,0.001074
/home/dysjin/data/CARLA.v20-carla_v20.coco/valid/Town01_008280_png.rf.2f69ce357d9638b109b359e31c238ab4.jpg 66,186,109,210,6,0.098267 284,196,310,211,6,0.072617 449,196,494,222,6,0.071112 316,192,333,209,6,0.056309 286,189,335,211,6,0.033010 382,203,393,221,3,0.031347 300,198,330,210,6,0.013908 403,204,423,219,6,0.009737 520,201,631,288,6,0.008992 411,211,432,224,6,0.006933 188,187,198,211,2,0.006915 91,189,111,210,6,0.006426 0,194,61,221,6,0.006407 383,206,391,228,2,0.005196 388,203,406,217,6,0.004536 268,191,289,204,6,0.004044 313,186,335,212,5,0.003751 387,200,436,221,6,0.003539 447,195,473,208,6,0.003404 194,197,205,213,2,0.003145 328,198,341,210,6,0.002970 36,181,105,209,6,0.002930 344,191,352,204,6,0.002434 461,206,489,228,6,0.002395 296,194,348,212,2,0.002045 272,191,314,215,2,0.001992 627,207,640,257,6,0.001927 379,196,395,227,5,0.001913 192,190,206,210,6,0.001824 443,199,460,216,6,0.001756 629,219,639,244,3,0.001698 489,202,507,218,6,0.001599 346,201,354,215,6,0.001387 8,166,112,223,6,0.001332 373,202,388,217,6,0.001326 442,208,478,227,6,0.001297 59,180,80,214,6,0.001159 460,193,485,209,6,0.001141 426,209,442,227,0,0.001031 501,203,517,217,6,0.001031 450,154,640,380,6,0.001006
/home/dysjin/data/CARLA.v20-carla_v20.coco/valid/Town01_005100_png.rf.262bb9c3104b14f5fb633de3dafd0a52.jpg 578,196,599,219,6,0.052699 573,184,617,215,6,0.008793 607,207,634,254,2,0.005239 328,182,351,218,6,0.002718 581,168,627,241,2,0.001890 593,189,617,207,6,0.001572 584,208,603,225,6,0.001474 600,208,637,251,6,0.001465 2,188,28,205,6,0.001334 564,199,587,217,0,0.001120 565,189,587,207,6,0.001069 627,199,638,264,6,0.001025
/home/dysjin/data/CARLA.v20-carla_v20.coco/valid/Town01_011940_png.rf.2554f5ab3ce2122d2ef300838472450f.jpg 567,199,602,222,6,0.205290 210,180,266,230,6,0.108462 330,187,348,201,6,0.022880 585,206,608,227,6,0.004336 320,188,336,202,6,0.003402 573,196,639,223,6,0.003108 278,188,293,201,6,0.003010 269,186,286,202,6,0.002624 328,183,375,206,6,0.002476 224,196,258,217,6,0.001578 534,198,589,222,6,0.001271 209,183,228,232,0,0.001254 550,201,572,220,6,0.001197 613,199,635,216,6,0.001149 305,192,325,203,6,0.001148 248,188,272,228,1,0.001047
/home/dysjin/data/CARLA.v20-carla_v20.coco/valid/041684_png.rf.2f70db5ab75442cd11fffa13a776ae97.jpg 300,245,334,312,0,0.078697 304,248,334,303,2,0.046067 302,250,345,299,3,0.004174 282,243,347,309,4,0.001812 313,258,331,290,3,0.001779 295,257,342,299,5,0.001580 303,251,370,294,6,0.001105 295,246,317,305,2,0.001091
/home/dysjin/data/CARLA.v20-carla_v20.coco/valid/Town05_010980_png.rf.2071755951cd753466eb2cc53fd2fe0c.jpg 303,186,340,277,0,0.158189 300,191,337,290,1,0.012510 309,197,337,269,2,0.010174 289,156,353,299,0,0.002748 238,183,291,205,6,0.002225 265,186,287,201,6,0.001876 281,188,353,275,4,0.001860 234,203,396,350,6,0.001418 309,187,337,236,6,0.001290
/home/dysjin/data/CARLA.v20-carla_v20.coco/valid/112459_png.rf.33bdc5bd58f0f631808a95c4ceb9a78f.jpg 292,238,313,293,2,0.100861 295,249,309,287,3,0.002807 282,239,323,286,0,0.002368 609,237,632,252,6,0.002314 287,231,315,295,1,0.002099 594,233,640,256,6,0.001138
/home/dysjin/data/CARLA.v20-carla_v20.coco/valid/041653_png.rf.31aa86a50239c7e6cbc52c66846dac06.jpg 304,246,333,303,0,0.101941 308,245,333,302,2,0.049771 297,248,337,298,5,0.008242 301,249,344,297,3,0.004715 309,259,328,288,3,0.002736 0,201,12,265,6,0.001579 295,245,318,305,2,0.001471 281,242,347,307,4,0.001263
/home/dysjin/data/CARLA.v20-carla_v20.coco/valid/041819_png.rf.374472e0a0868df264a4100cb7734e35.jpg 21,237,68,263,6,0.158831 172,227,186,243,3,0.145984 109,245,135,296,0,0.124812 111,246,137,294,2,0.084090 171,235,186,250,4,0.018748 168,222,189,250,5,0.010245 100,246,141,292,5,0.009887 103,239,137,301,1,0.009221 115,255,134,286,3,0.006601 112,241,137,288,6,0.004639 160,225,200,246,2,0.003388 179,226,191,244,6,0.003360 107,253,170,287,6,0.003314 172,219,184,234,4,0.003057 0,218,77,277,6,0.001638 168,228,189,256,6,0.001601 173,249,186,262,6,0.001569 17,247,43,262,6,0.001427 573,192,640,221,6,0.001288 53,247,72,264,6,0.001224 164,227,179,240,3,0.001155
/home/dysjin/data/CARLA.v20-carla_v20.coco/valid/Town05_010800_png.rf.3489607b659edfbc485537135e06f34b.jpg 0,197,133,269,6,0.179817 310,190,331,248,2,0.131222 76,197,131,245,6,0.018135 303,187,333,255,1,0.015299 137,189,169,203,6,0.012914 128,190,155,205,6,0.011889 107,198,130,243,6,0.009186 345,179,355,192,3,0.007268 113,199,135,239,2,0.005982 154,189,172,204,6,0.005817 314,202,328,239,3,0.005384 299,198,347,240,0,0.004336 355,180,371,191,6,0.004163 302,179,326,225,6,0.003695 0,211,148,320,6,0.002876 53,194,116,258,1,0.002230 0,175,125,292,0,0.002071 347,187,357,200,3,0.001998 301,191,346,235,6,0.001893 179,189,201,201,6,0.001775 93,198,135,241,4,0.001607 28,189,98,272,1,0.001540 142,197,165,210,6,0.001426 297,186,315,205,6,0.001349 115,194,136,230,6,0.001348 140,181,167,194,6,0.001319 120,191,138,206,6,0.001318 334,179,346,191,3,0.001288 356,188,370,199,6,0.001270 296,193,317,252,2,0.001219 118,192,171,218,6,0.001147 367,179,378,193,6,0.001069 116,205,132,235,3,0.001042
/home/dysjin/data/CARLA.v20-carla_v20.coco/valid/Town02_001080_png.rf.2d29b90fb99ccf7727caeaa1914436b4.jpg 304,198,343,306,1,0.198529 276,187,300,203,6,0.155068 63,188,254,286,6,0.153353 0,190,86,373,6,0.111769 297,198,342,310,6,0.026502 333,180,348,195,6,0.011491 0,237,92,357,1,0.007529 318,187,331,204,6,0.005658 310,177,324,192,6,0.005445 290,176,354,323,0,0.005106 0,157,143,380,6,0.004777 316,179,332,194,6,0.004745 594,181,640,212,6,0.004305 5,229,76,359,3,0.003661 93,85,265,380,5,0.003380 60,132,265,341,1,0.003295 150,172,245,269,6,0.003051 279,196,299,210,6,0.002715 0,252,105,380,6,0.002288 147,177,217,263,1,0.002220 118,168,230,280,3,0.001919 537,195,558,247,2,0.001900 549,195,569,244,2,0.001702 273,181,289,195,6,0.001651 187,173,373,286,6,0.001638 0,215,82,380,6,0.001607 0,197,155,314,4,0.001512 0,180,85,281,6,0.001354 0,184,116,380,1,0.001240 298,239,350,295,4,0.001218 340,185,355,200,6,0.001210 44,31,216,380,6,0.001174 271,183,326,206,6,0.001155 289,188,356,343,5,0.001101 24,190,82,219,6,0.001090 0,119,12,174,6,0.001062
/home/dysjin/data/CARLA.v20-carla_v20.coco/valid/Town02_005700_png.rf.39e8547ff43ddaa06ed2b24f114c8a27.jpg 220,205,406,331,6,0.249699 282,185,300,200,6,0.093079 557,191,589,206,6,0.017647 315,180,331,195,6,0.010990 188,135,461,380,4,0.005856 307,186,325,199,6,0.004539 271,182,312,204,2,0.002833 272,183,332,204,6,0.002427 199,165,213,180,3,0.002223 585,187,603,204,6,0.001504 484,187,509,201,6,0.001321 233,180,245,193,3,0.001287 588,178,604,195,6,0.001153 171,177,184,190,3,0.001061
/home/dysjin/data/CARLA.v20-carla_v20.coco/valid/Town02_002040_png.rf.3d0fd4b3b3749ac8ebdf480959eb8e66.jpg 294,200,339,306,1,0.176921 0,209,138,341,6,0.108388 119,190,161,220,6,0.082601 59,174,156,233,6,0.048008 266,190,288,211,6,0.044244 50,199,112,311,6,0.013167 398,164,408,181,3,0.011673 79,167,129,203,6,0.011424 63,191,127,222,6,0.008432 87,179,142,218,6,0.007390 284,176,344,327,0,0.006225 141,195,163,216,6,0.005792 0,178,129,380,6,0.005400 278,204,351,301,6,0.005145 398,149,409,171,3,0.004436 269,187,326,210,6,0.004379 399,139,411,160,3,0.003743 297,212,338,316,4,0.003526 287,189,309,207,6,0.003202 26,209,97,326,1,0.002461 107,187,131,224,0,0.002314 396,137,412,182,2,0.001991 0,133,12,186,6,0.001875 0,145,8,176,3,0.001858 305,189,320,204,6,0.001829 77,174,141,232,1,0.001650 91,176,121,194,6,0.001587 116,196,140,218,6,0.001554 0,142,194,380,4,0.001517 0,139,10,202,6,0.001454 91,197,118,216,6,0.001327 398,138,417,179,6,0.001315 105,188,128,211,6,0.001306 105,176,125,198,6,0.001245 0,120,13,174,6,0.001212 154,188,170,211,6,0.001196 407,173,415,194,2,0.001178 0,125,85,343,6,0.001145 398,173,408,190,2,0.001134 47,175,64,193,6,0.001117 0,152,7,190,3,0.001085 396,130,413,170,5,0.001068 55,194,84,225,6,0.001056
/home/dysjin/data/CARLA.v20-carla_v20.coco/valid/075707_png.rf.2ff4a82560cfe658387e361a6cc43ef0.jpg 310,243,348,273,6,0.325357 164,241,250,300,6,0.281135 0,250,184,413,6,0.149423 218,238,264,281,6,0.052268 243,245,265,271,6,0.012775 252,243,267,270,3,0.011388 250,237,269,273,2,0.011099 176,235,239,305,1,0.010980 353,238,368,254,6,0.008044 363,262,381,276,6,0.007379 0,192,252,480,4,0.007354 151,220,253,330,0,0.005970 251,230,269,272,6,0.003703 344,241,358,260,6,0.003491 339,245,352,272,1,0.003339 355,250,372,266,6,0.003180 33,235,223,448,5,0.003031 337,238,354,274,0,0.002682 189,250,219,292,6,0.002002 363,253,381,268,6,0.001908 215,244,244,290,6,0.001890 308,245,325,271,0,0.001824 228,248,258,270,0,0.001506 202,247,231,293,6,0.001383 0,206,75,480,6,0.001372 339,231,358,271,2,0.001297 85,266,338,480,6,0.001261 349,231,371,262,6,0.001117 42,242,179,353,6,0.001036 66,191,196,395,5,0.001035 118,236,299,343,6,0.001012 0,248,167,480,6,0.001012
/home/dysjin/data/CARLA.v20-carla_v20.coco/valid/138320_png.rf.332f3bdf3abffc7dd973858c3061b801.jpg 59,236,83,287,2,0.136149 51,240,88,282,0,0.008017 49,243,72,292,2,0.003213 2,236,15,305,6,0.003118 53,240,101,283,6,0.001763
/home/dysjin/data/CARLA.v20-carla_v20.coco/valid/003766_png.rf.3dbe103da1003d1fb3bd18ad0d0894b4.jpg 462,198,507,241,3,0.195919 466,198,504,242,5,0.038573 467,211,504,230,6,0.005046 309,239,324,253,6,0.003545 356,229,369,243,3,0.002972 469,197,517,244,6,0.002581
/home/dysjin/data/CARLA.v20-carla_v20.coco/valid/121245_png.rf.3c6765f574e34bb200e320d55fc2ffe7.jpg 272,252,357,318,6,0.270801 234,232,402,334,6,0.003876 261,230,361,334,0,0.002698 629,267,638,295,6,0.001546 614,274,637,290,6,0.001325 534,253,583,285,6,0.001284
/home/dysjin/data/CARLA.v20-carla_v20.coco/valid/Town05_011040_png.rf.3f658b3c60547a5478cb61d6b76eb55c.jpg 313,186,330,213,6,0.038699 310,180,328,216,2,0.023926 231,218,405,341,6,0.018680 313,192,325,216,3,0.006913 313,187,365,209,6,0.005934 316,222,518,347,6,0.005306 310,179,326,197,6,0.002129 233,186,249,203,6,0.001842 406,222,605,348,6,0.001557 121,222,320,337,6,0.001468 160,173,384,380,6,0.001318 262,175,455,380,6,0.001264 337,295,383,337,6,0.001213 371,180,428,205,6,0.001068 12,236,160,340,6,0.001041
/home/dysjin/data/CARLA.v20-carla_v20.coco/valid/Town02_004920_png.rf.3cdedb8ebbe317a63567ec577e3789a8.jpg 311,196,330,239,2,0.076441 308,189,329,235,6,0.075464 342,179,360,192,6,0.025593 331,179,344,194,6,0.021439 164,188,185,203,6,0.013309 313,201,329,237,3,0.010640 370,188,380,203,6,0.009667 352,179,368,193,6,0.005774 355,187,370,200,6,0.005420 316,189,332,211,6,0.003874 300,193,334,231,0,0.003684 320,181,337,194,6,0.003394 346,186,359,199,6,0.003288 329,175,372,196,6,0.002160 207,189,220,205,6,0.002063 332,169,344,183,3,0.002048 342,170,359,181,6,0.001900 367,180,380,195,6,0.001774 178,189,197,203,6,0.001538 200,189,211,205,6,0.001449 327,174,347,201,5,0.001117 218,189,233,203,6,0.001087 353,169,368,181,6,0.001084 298,177,335,244,1,0.001082
/home/dysjin/data/CARLA.v20-carla_v20.coco/valid/Town05_002760_png.rf.41faa57cc70298c90c62fe9f6a3f08c9.jpg 116,187,144,204,6,0.092625 251,185,263,199,6,0.038706 108,187,129,207,6,0.022536 330,188,345,199,6,0.005296 386,187,396,204,6,0.005232 323,187,334,200,6,0.004079 42,178,64,212,6,0.003842 268,187,284,199,6,0.003343 355,188,371,200,6,0.002339 356,155,368,167,3,0.002301 344,188,355,200,6,0.002168 368,188,384,202,6,0.002149 321,180,332,192,6,0.001803 268,180,285,192,6,0.001611 246,179,267,207,6,0.001539 120,180,141,198,6,0.001514 391,187,403,203,6,0.001429 43,184,63,210,2,0.001278 230,180,279,205,2,0.001275 343,180,357,192,6,0.001258 101,186,117,204,6,0.001174 356,163,367,176,3,0.001105 355,180,368,193,6,0.001068 118,196,141,211,6,0.001031
/home/dysjin/data/CARLA.v20-carla_v20.coco/valid/Town02_001740_png.rf.4072bb166a4df4f9403df039e28a73f3.jpg 295,198,340,307,1,0.198973 35,189,53,209,6,0.013780 76,168,128,201,6,0.009065 398,164,408,180,3,0.007089 286,174,345,328,0,0.006620 279,203,352,301,5,0.004790 401,137,414,162,3,0.004171 398,148,410,171,3,0.003812 297,211,339,318,4,0.003398 107,176,127,196,6,0.002586 116,178,137,212,6,0.001936 396,136,412,182,6,0.001556 91,177,119,195,6,0.001537 5,182,56,210,6,0.001453 356,164,366,180,3,0.001452 25,188,46,207,6,0.001402 284,166,295,181,3,0.001361 285,177,297,192,3,0.001318 0,131,12,187,6,0.001227 115,180,164,209,6,0.001163 42,187,60,205,6,0.001124 396,130,413,170,5,0.001090 53,169,109,201,6,0.001067 0,119,13,175,6,0.001058
/home/dysjin/data/CARLA.v20-carla_v20.coco/valid/026849_png.rf.52e90800c02b90489d2521817c6942f7.jpg 422,208,457,240,3,0.162920 422,213,456,234,6,0.009605 419,212,461,244,5,0.001120
/home/dysjin/data/CARLA.v20-carla_v20.coco/valid/Town02_001560_png.rf.44c7e46d6d34263ac9f429ccb2cd2655.jpg 76,196,92,218,6,0.080467 11,185,27,205,6,0.040338 6,162,29,207,6,0.016695 58,191,78,208,6,0.013663 18,186,33,203,6,0.007101 45,193,92,218,6,0.006662 6,145,29,198,2,0.006010 81,207,94,224,6,0.004880 2,180,11,210,0,0.004409 2,168,16,220,6,0.002939 50,192,68,207,6,0.002477 78,207,92,223,2,0.002392 91,200,108,214,6,0.001544 122,190,135,202,6,0.001456 0,184,33,207,2,0.001359 0,94,31,210,2,0.001230 31,190,51,204,6,0.001148 3,132,16,212,2,0.001147 2,166,10,203,5,0.001008
/home/dysjin/data/CARLA.v20-carla_v20.coco/valid/Town02_003420_png.rf.4347a7bee8aec9f5c84eb5295856f9a9.jpg 331,196,377,230,6,0.147978 5,189,111,236,6,0.100793 369,185,426,213,6,0.009992 59,200,116,234,6,0.009990 0,199,65,236,6,0.004640 318,181,394,237,6,0.003667 359,194,384,229,6,0.002989 626,205,639,259,6,0.002781 564,186,627,209,6,0.002168 0,180,157,286,6,0.002021 55,194,84,230,6,0.001167 27,189,91,244,1,0.001066 384,196,411,216,6,0.001029 373,190,398,223,6,0.001020 329,201,352,233,6,0.001002
/home/dysjin/data/CARLA.v20-carla_v20.coco/valid/Town01_006060_png.rf.3d76b002da6076434f028293d0c4a498.jpg 297,195,337,265,6,0.114229 303,197,334,263,0,0.032743 308,196,335,252,2,0.023031 231,201,249,213,6,0.008931 572,162,591,179,6,0.007960 180,212,202,226,6,0.007924 187,211,215,223,6,0.006830 421,194,450,225,6,0.006825 283,194,346,264,4,0.004226 297,200,338,258,5,0.004172 598,141,639,178,6,0.002673 165,209,220,227,6,0.002575 313,207,332,239,3,0.001512 627,157,638,181,3,0.001375 205,205,222,220,6,0.001368 626,146,639,193,6,0.001354 217,203,239,215,6,0.001281 278,151,348,303,0,0.001188 612,161,633,177,6,0.001179 30,204,80,234,6,0.001093 0,184,10,255,6,0.001078 169,213,190,229,6,0.001050
/home/dysjin/data/CARLA.v20-carla_v20.coco/valid/Town02_007800_png.rf.4e6520c0e9dd39a93f5048a2caea0283.jpg 317,189,432,232,6,0.093762 609,197,640,243,6,0.074908 317,190,362,225,6,0.022955 386,194,433,230,6,0.021760 519,189,546,205,6,0.019786 623,211,639,272,6,0.014960 305,188,326,202,6,0.013450 613,211,640,250,0,0.006773 582,192,640,224,6,0.005369 579,189,596,208,6,0.004471 573,189,621,211,6,0.003965 537,188,556,205,6,0.003772 552,14,636,189,6,0.003335 408,208,436,227,6,0.002757 0,187,55,225,6,0.002707 616,183,640,305,2,0.002635 295,189,310,203,6,0.002516 43,188,62,226,2,0.002197 311,184,336,213,6,0.002070 1,173,12,243,6,0.002017 349,191,378,226,6,0.001809 591,185,634,263,6,0.001799 282,189,297,201,6,0.001615 603,190,624,229,6,0.001547 375,194,403,228,6,0.001432 625,227,640,257,2,0.001430 549,189,564,206,6,0.001429 1,160,12,233,6,0.001185 620,194,640,223,6,0.001141 603,196,621,221,0,0.001139 518,183,573,205,6,0.001115 34,174,55,220,2,0.001090 350,183,409,236,1,0.001001
/home/dysjin/data/CARLA.v20-carla_v20.coco/valid/Town01_001860_png.rf.53e5db5983ad00d8986ebdc44e1e76ef.jpg 198,171,437,380,6,0.182889 289,185,310,200,6,0.067317 315,187,335,202,6,0.039910 298,186,328,199,6,0.038344 143,172,502,380,5,0.019996 269,181,309,203,6,0.009028 329,188,342,203,6,0.006963 149,207,339,345,6,0.002447 1,169,14,224,6,0.001644 205,179,226,191,6,0.001612 148,196,161,214,2,0.001465 231,187,248,202,6,0.001075 145,189,161,208,2,0.001001
/home/dysjin/data/CARLA.v20-carla_v20.coco/valid/Town01_006120_png.rf.405fede50ad311216cb9943968a5cdf5.jpg 316,194,329,217,3,0.116412 316,192,330,211,6,0.043522 357,180,367,194,3,0.017714 316,191,331,221,5,0.014210 390,176,412,188,6,0.009814 361,186,371,199,3,0.007483 302,197,350,216,2,0.004676 375,178,401,190,6,0.003938 366,180,379,195,6,0.002290 361,174,415,193,6,0.002219 320,207,330,224,2,0.001774 304,190,350,212,6,0.001412 354,167,365,184,3,0.001345 1,202,14,264,6,0.001309 0,188,11,253,6,0.001124 317,182,331,196,6,0.001123
/home/dysjin/data/CARLA.v20-carla_v20.coco/valid/041864_png.rf.51f1d81198f2e5b7a450f586235760ec.jpg 55,236,249,334,6,0.159806 305,241,326,286,0,0.108739 415,210,444,242,3,0.089551 412,211,444,240,5,0.032300 194,225,234,265,6,0.024520 308,248,324,278,2,0.017957 416,214,443,238,6,0.013045 295,244,333,282,4,0.007273 178,227,230,295,6,0.005991 118,221,240,306,6,0.005004 421,217,443,241,4,0.004909 294,231,332,291,1,0.004810 293,251,335,280,3,0.003863 56,186,253,389,1,0.003549 358,225,367,244,3,0.003223 70,276,113,316,6,0.003086 103,165,255,419,4,0.002439 7,114,251,468,6,0.002377 359,240,368,256,3,0.002091 283,244,328,281,6,0.001741 150,230,215,308,1,0.001715 49,181,236,395,0,0.001650 216,233,236,256,6,0.001213 172,242,231,293,4,0.001155 175,227,371,338,6,0.001141 120,272,182,316,6,0.001118 354,322,373,337,6,0.001110 90,214,210,338,3,0.001054
/home/dysjin/data/CARLA.v20-carla_v20.coco/valid/Town01_012060_png.rf.58e57e1a7e8d4f630323ae1827ca68bc.jpg 568,199,603,222,6,0.205725 330,186,350,200,6,0.024445 585,206,608,227,6,0.004497 573,196,639,223,6,0.002826 317,182,360,205,6,0.002385 319,189,337,202,6,0.001869 268,188,289,200,6,0.001621 550,201,572,220,6,0.001063
/home/dysjin/data/CARLA.v20-carla_v20.coco/valid/009044_png.rf.59d4a83882b4b6af242cbd9e0e31ba80.jpg 559,220,578,242,3,0.131721 0,200,13,249,6,0.044122 0,208,11,241,3,0.029796 0,214,10,247,2,0.016705 564,217,625,253,6,0.008387 557,211,579,244,6,0.007014 131,235,151,276,2,0.006102 0,214,27,238,2,0.004615 0,208,11,278,6,0.003899 121,235,141,277,2,0.002512 0,180,12,248,6,0.002445 544,217,584,245,5,0.001897 630,208,638,234,3,0.001705 570,222,588,243,0,0.001644 132,238,149,262,6,0.001294 5,208,22,254,6,0.001276 0,221,7,267,2,0.001261 492,251,509,314,2,0.001243 123,235,139,263,6,0.001230 343,237,353,253,3,0.001176 628,195,639,248,6,0.001168 577,208,637,238,6,0.001160 486,239,516,324,1,0.001120 584,227,609,245,6,0.001069 140,237,162,271,6,0.001052 562,231,579,251,3,0.001041
/home/dysjin/data/CARLA.v20-carla_v20.coco/valid/Town02_002520_png.rf.55f8a7c01a8e4b86c99a794d7b61cd5d.jpg 204,192,419,318,6,0.217347 168,198,220,235,6,0.215336 520,181,640,265,6,0.058180 216,115,434,367,5,0.006727 368,186,380,207,6,0.005979 181,154,467,380,4,0.005092 147,175,162,189,3,0.003107 202,191,227,234,6,0.002476 2,185,15,236,6,0.002350 231,189,247,204,6,0.002286 169,204,192,238,0,0.002113 393,149,407,167,3,0.002092 358,179,374,195,6,0.001954 626,236,640,279,6,0.001616 136,139,412,380,6,0.001576 168,167,417,375,1,0.001514 134,199,148,215,6,0.001473 321,246,376,291,4,0.001456 236,159,342,362,6,0.001421 1,203,10,234,0,0.001381 187,208,218,230,6,0.001375 544,183,620,262,1,0.001306 413,189,433,203,6,0.001266 157,183,241,249,6,0.001238 1,193,10,230,0,0.001170 304,160,389,354,6,0.001154 222,189,235,207,6,0.001061
/home/dysjin/data/CARLA.v20-carla_v20.coco/valid/Town02_008760_png.rf.5bfb07b6a5fbe6700b4b9c150b9c6576.jpg 272,191,290,205,6,0.102495 142,175,158,192,3,0.100619 270,203,365,344,6,0.075525 510,178,556,215,6,0.066603 554,179,615,212,6,0.065202 497,169,604,220,6,0.014163 276,214,353,334,1,0.011554 596,197,621,212,6,0.009205 138,172,161,196,5,0.009020 378,187,395,206,6,0.007466 387,178,431,207,6,0.005618 387,185,409,204,6,0.005511 584,191,629,216,6,0.004311 401,180,426,197,6,0.004263 547,176,575,216,6,0.003955 414,177,433,193,6,0.003602 260,187,299,207,5,0.003336 582,168,630,205,6,0.003174 274,195,288,211,0,0.002823 2,98,15,151,6,0.002676 1,103,13,165,6,0.002531 561,186,586,210,6,0.002520 1,171,12,244,6,0.002427 279,195,293,211,6,0.002163 1,185,12,252,6,0.001957 264,187,312,205,3,0.001890 290,190,305,203,6,0.001814 342,187,362,201,6,0.001757 370,188,386,204,6,0.001575 244,165,388,380,1,0.001542 550,163,639,224,6,0.001498 533,184,557,208,6,0.001455 1,158,11,236,6,0.001450 262,190,277,204,6,0.001252 1,108,29,141,6,0.001218 484,180,512,211,6,0.001212 305,191,323,203,6,0.001202 495,189,521,208,6,0.001201 270,182,286,196,6,0.001193 525,180,548,197,6,0.001173 426,177,441,192,6,0.001163 1,106,10,143,0,0.001152 0,114,7,155,0,0.001132 353,188,368,203,6,0.001132 610,187,632,207,6,0.001131 630,150,639,218,6,0.001067 480,190,547,217,6,0.001062
/home/dysjin/data/CARLA.v20-carla_v20.coco/valid/Town01_008100_png.rf.5942043a53e2ea3c62572bf7029ed896.jpg 277,190,301,206,6,0.131340 387,197,409,212,6,0.094580 92,186,143,212,6,0.041726 172,188,186,205,6,0.018328 584,175,634,198,6,0.011051 156,188,180,203,6,0.010939 586,186,605,197,6,0.006551 425,192,445,206,6,0.005332 305,191,322,202,6,0.004573 320,189,333,201,6,0.004252 340,192,362,204,6,0.003921 332,190,344,203,6,0.003690 381,193,399,208,6,0.003456 112,196,143,212,6,0.002752 596,185,620,197,6,0.002639 372,200,385,216,6,0.001962 270,186,329,206,6,0.001880 613,185,635,199,6,0.001821 176,195,188,213,2,0.001579 625,163,640,206,6,0.001572 0,106,12,166,6,0.001559 368,191,383,207,6,0.001522 0,159,9,231,6,0.001431 291,196,306,211,0,0.001383 354,190,369,204,6,0.001363 628,182,639,204,3,0.001339 400,198,415,212,0,0.001314 557,174,610,197,6,0.001289 305,198,320,211,6,0.001175 171,180,186,197,6,0.001154 0,112,10,180,6,0.001142 157,181,177,195,6,0.001134 304,181,321,194,6,0.001115 180,187,191,208,6,0.001113 0,150,9,221,6,0.001111 91,190,119,209,6,0.001101 419,197,435,211,6,0.001072 0,119,8,155,2,0.001046 64,182,123,209,6,0.001023
/home/dysjin/data/CARLA.v20-carla_v20.coco/valid/Town01_010680_png.rf.5537782525200ced228c602e6dcc3456.jpg 372,180,383,193,3,0.138096 333,192,341,204,6,0.020584 320,192,334,203,6,0.015862 308,192,324,202,6,0.003951 367,175,387,200,5,0.003269 377,184,389,198,3,0.002367 353,178,401,195,2,0.001942 341,191,354,203,6,0.001805 371,170,383,184,4,0.001788 334,197,343,211,2,0.001778 359,181,375,192,3,0.001298 229,189,245,205,6,0.001117
/home/dysjin/data/CARLA.v20-carla_v20.coco/valid/121155_png.rf.5eeb1497380edc240a771f68b9d34669.jpg 220,265,421,379,6,0.334759 561,223,596,302,2,0.160015 583,223,602,293,2,0.017539 560,230,603,286,6,0.016110 553,235,600,286,4,0.011334 185,177,464,480,4,0.008605 542,179,609,330,2,0.001911 542,193,609,347,0,0.001709 0,224,284,444,6,0.001267 251,162,403,421,5,0.001082 573,246,597,274,6,0.001032
/home/dysjin/data/CARLA.v20-carla_v20.coco/valid/007085_png.rf.5a7141063cfddac158b01dce18de1e48.jpg 428,207,464,243,3,0.137953 423,209,468,247,5,0.007582 430,215,465,235,4,0.007365 423,209,463,243,0,0.006979 427,210,464,246,6,0.004590 170,226,186,240,3,0.002273
/home/dysjin/data/CARLA.v20-carla_v20.coco/valid/Town05_006720_png.rf.717ce1e22225ab6a97befb2b8effcc2a.jpg 173,190,216,254,6,0.081095 178,196,218,245,4,0.058711 92,193,118,207,6,0.018747 89,191,147,208,6,0.016915 344,187,354,200,6,0.009003 316,188,333,200,6,0.008205 116,190,144,204,6,0.005128 354,187,371,199,6,0.004759 128,188,152,203,6,0.003864 333,188,346,201,6,0.003743 186,208,214,233,6,0.003692 367,181,381,193,6,0.003324 368,187,382,199,6,0.003172 173,200,223,255,5,0.001994 200,195,221,243,6,0.001984 100,196,126,211,6,0.001327 385,198,393,217,2,0.001148 291,189,313,201,6,0.001142 344,197,356,212,6,0.001142 156,149,226,304,0,0.001089 383,187,391,205,6,0.001020 284,185,343,202,6,0.001009
/home/dysjin/data/CARLA.v20-carla_v20.coco/valid/Town01_006600_png.rf.612f31973b2db2fda3ee5293fd937a64.jpg 376,188,393,213,2,0.047137 375,185,394,215,6,0.023228 279,198,299,210,6,0.002201 269,198,286,212,6,0.001622 292,198,308,210,6,0.001615 333,191,346,205,6,0.001092
/home/dysjin/data/CARLA.v20-carla_v20.coco/valid/112469_png.rf.4fea3a1e3f0858f468ecb362968a08fb.jpg 314,239,338,294,2,0.133148 313,235,338,293,0,0.051754 304,245,349,287,5,0.004468 318,252,334,285,3,0.003276 310,232,341,295,1,0.002572 609,237,633,252,6,0.002260 594,232,640,256,6,0.001072
/home/dysjin/data/CARLA.v20-carla_v20.coco/valid/Town05_009540_png.rf.67accf9da191af14c5f05da1b6fe1e58.jpg 601,187,636,209,6,0.094030 539,188,554,199,6,0.001595 481,222,630,355,6,0.001333 623,181,639,207,6,0.001280
/home/dysjin/data/CARLA.v20-carla_v20.coco/valid/041820_png.rf.69e77a8e269d90d89efc21e5026a7083.jpg 117,243,141,296,2,0.159708 34,238,77,263,6,0.141997 181,228,196,246,3,0.076729 179,235,194,253,6,0.016012 113,240,142,289,6,0.014927 109,247,149,290,0,0.011388 0,218,14,272,6,0.011014 177,222,198,252,6,0.010615 120,255,138,287,3,0.007101 177,228,190,243,6,0.006097 1,230,10,263,5,0.006086 178,236,190,251,3,0.004446 111,232,146,295,1,0.002947 27,247,56,263,6,0.002639 173,224,210,249,1,0.002287 0,233,26,260,2,0.002189 190,226,206,242,6,0.001528 182,247,196,263,6,0.001451 0,221,12,288,6,0.001397 0,218,84,276,6,0.001346 0,216,9,257,0,0.001341 98,244,146,292,4,0.001272 0,233,62,262,6,0.001050 182,219,195,235,6,0.001042
/home/dysjin/data/CARLA.v20-carla_v20.coco/valid/121278_png.rf.6607158f1164a75baf620dcb66d1b07e.jpg 276,251,356,317,6,0.239567 242,246,264,261,6,0.021828 476,246,488,274,2,0.005051 250,242,272,260,6,0.003118 265,228,361,335,0,0.003030 235,232,407,333,6,0.002114 572,230,587,243,6,0.001746 234,247,253,262,6,0.001495
/home/dysjin/data/CARLA.v20-carla_v20.coco/valid/Town02_004620_png.rf.7280640e1c163e7c4b28010b90659788.jpg 216,209,410,331,6,0.315099 279,186,297,200,6,0.047430 311,185,331,200,6,0.036908 140,187,169,201,6,0.031259 462,222,489,262,6,0.026549 289,186,311,199,6,0.010188 129,189,156,205,6,0.008049 190,134,459,380,4,0.007938 346,188,355,207,3,0.007175 272,183,331,204,6,0.004175 463,230,487,256,3,0.003745 330,179,345,194,6,0.003136 346,178,354,196,3,0.002975 382,150,395,170,3,0.002928 117,190,139,206,6,0.002262 333,187,348,202,6,0.002237 286,181,340,204,2,0.002209 111,188,128,207,6,0.002001 379,142,398,178,6,0.001201
/home/dysjin/data/CARLA.v20-carla_v20.coco/valid/Town05_016500_png.rf.75b431585ae9c755044e81517b796324.jpg 116,193,215,242,6,0.171607 0,197,89,290,6,0.139819 343,193,389,231,6,0.111438 457,181,475,197,4,0.053123 458,180,479,197,3,0.048190 457,184,475,197,6,0.029862 372,195,394,229,3,0.023260 366,199,391,223,6,0.010485 433,196,441,213,3,0.007512 364,197,404,228,4,0.005518 175,199,224,234,6,0.005437 457,176,480,199,5,0.005237 4,191,95,300,1,0.004439 79,183,257,287,6,0.003716 324,181,402,241,6,0.002971 132,188,195,246,1,0.002734 140,202,168,240,6,0.002728 377,193,392,209,3,0.002558 344,197,365,239,6,0.002176 217,202,230,218,6,0.001950 342,192,361,209,6,0.001949 445,177,483,198,6,0.001940 104,164,217,286,0,0.001528 0,206,154,332,6,0.001363 0,158,76,380,6,0.001317 345,198,361,223,0,0.001263 166,198,193,240,5,0.001116 231,201,246,214,6,0.001100
/home/dysjin/data/CARLA.v20-carla_v20.coco/valid/Town02_001020_png.rf.79741d4293c684a4f4e895c08f1290d5.jpg 302,197,343,306,1,0.181792 0,193,87,369,6,0.136422 282,186,323,208,6,0.093815 275,189,299,205,6,0.078414 191,186,215,215,6,0.018807 188,187,246,211,6,0.011828 333,179,350,195,6,0.008560 25,191,80,218,6,0.007081 0,236,92,356,1,0.006785 594,180,640,212,6,0.006671 289,177,354,321,0,0.005367 297,187,339,288,6,0.004293 5,227,75,359,3,0.003385 302,180,328,196,6,0.002765 313,185,331,204,6,0.002670 301,196,324,213,6,0.001759 293,179,350,208,6,0.001715 0,214,82,380,6,0.001560 0,248,111,380,6,0.001451 537,195,558,247,2,0.001336 215,187,241,204,6,0.001309 40,190,68,208,6,0.001165 549,196,569,244,2,0.001155 30,191,55,207,6,0.001151 0,187,116,380,1,0.001143 297,239,350,296,4,0.001031
/home/dysjin/data/CARLA.v20-carla_v20.coco/valid/004996_png.rf.758bfe0873e6cba6e1d99146894cae01.jpg 492,261,511,314,2,0.132691 492,265,510,315,0,0.107747 493,270,509,304,3,0.008722 285,252,316,264,6,0.004342 477,266,522,307,0,0.003956 496,262,515,313,6,0.002401 314,252,335,265,6,0.001314 490,269,548,302,6,0.001109 357,248,366,268,2,0.001052
/home/dysjin/data/CARLA.v20-carla_v20.coco/valid/Town02_001620_png.rf.77cda18f042297c4b15936a35acef602.jpg 303,190,333,251,2,0.083544 300,187,335,254,6,0.051132 298,177,336,250,1,0.009587 299,192,336,246,0,0.007463 514,131,627,209,6,0.005246 298,191,316,253,2,0.003791 221,189,233,204,6,0.002681 307,198,328,225,6,0.002470 253,186,276,198,6,0.002221 315,195,333,226,3,0.002144 174,198,187,212,6,0.001747 308,206,328,236,2,0.001717 173,190,187,208,6,0.001589 313,204,332,236,1,0.001565 243,188,262,201,6,0.001512 282,185,347,253,4,0.001397 123,199,141,216,6,0.001205 145,201,162,217,6,0.001056 316,191,334,210,6,0.001018
/home/dysjin/data/CARLA.v20-carla_v20.coco/valid/112362_png.rf.868e587d8bdd37c81e4872223fbdbeb4.jpg 151,232,167,279,2,0.171789 154,238,167,278,3,0.007375 134,242,181,269,2,0.005222 608,237,633,252,6,0.003698 142,240,185,275,0,0.001837 153,238,170,292,2,0.001013
/home/dysjin/data/CARLA.v20-carla_v20.coco/valid/Town05_010080_png.rf.88fb23d739ffa2beacd3c5735d172d03.jpg 270,186,286,199,6,0.117985 314,186,328,212,2,0.080519 314,185,324,211,6,0.054345 260,187,278,199,6,0.008390 310,181,323,195,6,0.007265 327,185,340,200,6,0.004610 294,188,312,205,6,0.004537 306,187,347,211,6,0.003570 0,0,135,75,6,0.003296 255,183,299,203,2,0.003231 272,185,328,210,6,0.002488 257,180,274,194,6,0.001941 292,181,310,194,6,0.001644 276,181,293,196,6,0.001493 359,177,368,189,6,0.001346 247,188,261,200,6,0.001257 158,182,219,202,6,0.001156 328,196,341,212,2,0.001041
/home/dysjin/data/CARLA.v20-carla_v20.coco/valid/026847_png.rf.7a28094ba474fb2fab06e58f1ebea83c.jpg 414,210,445,240,3,0.113561 414,214,444,241,6,0.003659 417,213,445,236,4,0.003473 410,215,448,240,5,0.001640
/home/dysjin/data/CARLA.v20-carla_v20.coco/valid/075709_png.rf.7dd638ab9af378bf60aaa2fb92a0aea4.jpg 310,242,346,272,6,0.306490 163,241,250,300,6,0.277913 0,250,184,413,6,0.150328 218,239,264,281,6,0.065084 243,245,264,272,6,0.011312 175,234,239,305,1,0.010501 353,238,367,253,3,0.010129 252,243,267,270,3,0.009103 250,237,269,274,2,0.009054 0,193,251,480,4,0.007419 151,220,254,330,0,0.005822 346,241,359,259,6,0.005590 251,230,269,272,6,0.003429 364,262,381,276,6,0.003411 33,235,223,448,5,0.003075 340,246,352,270,1,0.002112 355,250,371,265,6,0.002101 189,249,219,291,6,0.001937 309,241,328,273,0,0.001851 0,263,72,472,6,0.001773 337,237,354,273,0,0.001659 340,231,359,271,2,0.001652 202,247,231,293,6,0.001405 88,266,338,480,6,0.001351 44,242,178,353,6,0.001282 348,229,360,246,3,0.001277 363,253,380,267,6,0.001150 66,191,196,395,5,0.001044 349,231,370,262,6,0.001022
/home/dysjin/data/CARLA.v20-carla_v20.coco/valid/Town02_007380_png.rf.8809896fc46f6266a6729640bbc68e4c.jpg 562,192,633,224,6,0.071452 560,209,586,253,6,0.058130 557,193,588,229,6,0.014479 279,189,298,201,6,0.010731 494,192,508,245,2,0.008950 274,190,287,203,6,0.006233 556,208,588,253,0,0.004893 595,182,640,217,6,0.004870 581,201,609,220,6,0.004190 546,184,618,256,6,0.004012 562,218,584,247,2,0.003654 583,193,610,225,5,0.002719 554,187,567,208,6,0.002469 625,174,639,223,6,0.002402 292,188,304,201,6,0.002265 596,199,623,218,6,0.002170 615,189,637,211,6,0.002082 553,199,576,247,2,0.001896 554,197,571,220,6,0.001423 0,150,10,218,6,0.001155 553,175,564,193,3,0.001111 510,183,535,213,6,0.001077 551,180,571,216,2,0.001038
/home/dysjin/data/CARLA.v20-carla_v20.coco/valid/Town01_007500_png.rf.7e4c2487265d812d93246e09a19aeab2.jpg 549,171,639,221,6,0.159629 253,196,282,212,6,0.131428 528,182,552,217,6,0.027344 528,174,586,219,6,0.016950 274,191,296,204,6,0.003253 549,165,610,224,1,0.002653 292,190,310,202,6,0.002505 622,193,639,241,6,0.002209 530,193,549,216,0,0.002150 617,207,634,224,3,0.002126 179,211,202,224,6,0.001796 538,142,640,258,0,0.001792 249,198,265,212,0,0.001685 254,190,321,209,6,0.001513 276,198,294,211,6,0.001430 608,173,638,220,6,0.001417 302,191,318,203,6,0.001104 256,208,278,223,6,0.001095 545,184,571,207,6,0.001074 585,174,611,220,6,0.001030
/home/dysjin/data/CARLA.v20-carla_v20.coco/valid/Town05_007500_png.rf.8a81a882e564e9e99b5c951d3e18dbbc.jpg 350,183,393,204,6,0.136782 374,186,395,202,6,0.056745 346,185,363,203,0,0.022979 129,185,180,203,6,0.020751 247,179,265,195,6,0.016506 303,179,322,193,6,0.008893 347,181,361,197,6,0.008146 387,186,402,201,6,0.004749 294,177,311,192,6,0.004119 378,196,395,211,6,0.003137 277,179,302,191,6,0.002831 263,180,286,194,6,0.002042 186,104,239,140,6,0.001906 308,199,350,293,1,0.001650 404,179,416,193,6,0.001599 128,189,154,203,6,0.001442 313,180,331,193,6,0.001430 251,175,270,200,0,0.001375 258,175,316,193,6,0.001329 230,175,273,196,6,0.001320 404,188,416,201,6,0.001214 144,182,210,204,6,0.001176 352,195,376,211,6,0.001054 332,181,348,194,6,0.001053
/home/dysjin/data/CARLA.v20-carla_v20.coco/valid/Town02_005520_png.rf.8a9d2ba4122736ea3845c9e405936cce.jpg 605,192,640,228,6,0.095121 51,194,129,223,6,0.061778 0,187,14,232,6,0.005437 39,210,64,224,6,0.005243 37,204,103,228,6,0.004865 603,191,623,232,2,0.004412 0,194,10,227,5,0.004205 626,203,639,256,6,0.002680 64,201,95,219,6,0.002654 603,197,620,224,0,0.002104 45,173,154,230,6,0.002100 102,195,130,223,6,0.002100 120,199,137,218,6,0.002097 585,164,602,181,6,0.001903 79,194,107,226,6,0.001901 624,175,639,227,6,0.001835 50,204,81,220,6,0.001713 0,198,27,222,2,0.001452 588,174,633,244,6,0.001368 0,124,177,246,6,0.001367 610,181,640,221,0,0.001276 600,211,640,246,6,0.001226 0,170,12,228,6,0.001120
/home/dysjin/data/CARLA.v20-carla_v20.coco/valid/041735_png.rf.891d950e6341a379e0a80f54f49c126a.jpg 273,244,307,311,0,0.094584 276,246,304,303,6,0.078673 277,247,303,309,2,0.027655 270,249,309,298,5,0.008980 280,259,301,288,3,0.002639 254,240,320,310,4,0.002062 525,186,545,203,6,0.001398
/home/dysjin/data/CARLA.v20-carla_v20.coco/valid/041669_png.rf.8f16c7cc68671f71ba068edf120b2a61.jpg 300,245,333,313,0,0.097207 306,246,331,311,2,0.043423 302,249,343,299,5,0.003232 281,243,346,311,4,0.002008 309,259,328,290,4,0.001169 313,258,331,290,3,0.001146
/home/dysjin/data/CARLA.v20-carla_v20.coco/valid/003814_png.rf.9123d8ff8e23490d6f5201cb816e4fc2.jpg 544,171,620,250,4,0.217571 286,241,322,259,6,0.094262 541,176,621,256,3,0.014011 534,155,622,261,0,0.006315 284,243,299,265,0,0.002389 248,237,303,260,6,0.002171 266,241,291,257,6,0.001713
/home/dysjin/data/CARLA.v20-carla_v20.coco/valid/005413_png.rf.9000d6e877ce40e1d5bd5387ece453c2.jpg 108,231,122,283,2,0.159109 85,232,108,290,2,0.118662 532,250,593,290,6,0.025453 109,238,121,280,1,0.015734 77,229,94,296,2,0.011875 76,238,115,282,0,0.009405 90,244,140,272,2,0.004236 94,222,117,282,2,0.003886 96,242,114,276,6,0.002724 116,237,132,280,2,0.002572 132,248,153,268,6,0.001900 116,245,163,270,6,0.001468 545,243,598,298,1,0.001053 118,241,130,278,0,0.001046
/home/dysjin/data/CARLA.v20-carla_v20.coco/valid/Town01_001500_png.rf.9254a251a5c6eb6313adba6a6adf1620.jpg 387,177,405,194,3,0.150762 385,173,407,197,5,0.014645 225,201,248,214,6,0.002232 292,199,308,212,6,0.002196 222,199,234,215,6,0.002091
/home/dysjin/data/CARLA.v20-carla_v20.coco/valid/Town05_004680_png.rf.93664881511a21c1adf050e2e8993477.jpg 316,172,414,224,6,0.132425 243,188,270,205,6,0.129047 385,178,414,216,6,0.012501 278,187,296,199,6,0.010855 262,188,289,200,6,0.009690 321,177,356,223,6,0.007742 246,183,304,203,6,0.006291 627,156,638,210,6,0.002949 628,167,637,200,3,0.002344 329,167,393,226,1,0.002321 252,195,269,211,6,0.002028 349,176,377,221,6,0.001301 362,179,391,219,6,0.001285 306,139,417,264,0,0.001026
/home/dysjin/data/CARLA.v20-carla_v20.coco/valid/138312_png.rf.93c512dad514948e54a85fd6860eba4e.jpg 95,237,115,279,2,0.177267 87,240,124,276,0,0.011136 0,220,23,332,2,0.003082 542,334,559,381,2,0.001338 86,245,108,287,2,0.001101 2,242,12,323,6,0.001064
/home/dysjin/data/CARLA.v20-carla_v20.coco/valid/005160_png.rf.922d9f2da21b5b11121905df87e629d7.jpg 400,216,429,241,3,0.056925 395,216,431,241,5,0.028948 399,219,430,239,6,0.026669 398,217,431,238,4,0.010997
