/home/dysjin/data/CARLA.v20-carla_v20.coco/valid/Town05_011820_png.rf.a721d4435d03a17b63243ff374e790d2.jpg 6,183,110,233,6,0.289020 317,187,327,199,6,0.035095 311,186,321,199,6,0.029898 0,195,72,225,6,0.019770 63,193,113,224,6,0.018665 12,127,128,249,6,0.005119 329,187,340,200,6,0.004349 296,186,308,199,6,0.003274 0,187,19,233,6,0.002814 5,205,24,228,6,0.002211 29,178,96,239,3,0.002027 35,186,98,215,6,0.001850 91,196,108,224,0,0.001655 255,179,268,193,6,0.001521 36,189,71,231,6,0.001396 354,176,365,189,3,0.001359 1,203,13,234,6,0.001350 1,196,12,228,0,0.001348 343,180,353,192,3,0.001295 379,196,390,218,2,0.001238 279,181,293,194,6,0.001220 268,186,281,199,6,0.001208 4,200,24,225,1,0.001137 308,195,319,211,0,0.001056 42,201,66,222,0,0.001009
/home/dysjin/data/CARLA.v20-carla_v20.coco/valid/Town05_005760_png.rf.a5aa9e8688171e7bfb57f36e4a648f69.jpg 312,187,330,204,6,0.189299 267,178,282,190,6,0.008913 404,194,446,227,6,0.004329 259,178,271,193,6,0.003782 355,175,365,189,6,0.003577 279,177,292,190,6,0.003539 0,160,10,235,2,0.003199 0,171,10,246,2,0.002881 328,183,339,204,0,0.002419 310,193,324,212,6,0.002305 330,178,338,194,6,0.002068 345,176,354,190,3,0.001869 344,168,353,181,3,0.001841 355,166,365,182,3,0.001796 331,166,340,181,3,0.001793 203,188,222,205,6,0.001697 280,184,293,200,6,0.001527 354,184,364,201,2,0.001479 299,184,311,201,6,0.001302 0,170,18,331,6,0.001171 0,179,10,260,1,0.001135 346,185,356,203,0,0.001118 0,184,22,363,6,0.001110 267,184,282,198,6,0.001107 0,154,11,216,6,0.001091 102,183,113,210,0,0.001087 231,185,246,200,6,0.001035 216,188,236,204,6,0.001023
/home/dysjin/data/CARLA.v20-carla_v20.coco/valid/075705_png.rf.9f5447b468e0280dc956a534954f8a5e.jpg 167,239,261,306,6,0.421244 309,244,350,271,6,0.323185 237,239,268,276,6,0.098326 0,243,176,437,6,0.057684 4,209,81,480,6,0.018927 249,238,270,276,0,0.014185 0,223,71,480,6,0.004688 210,243,265,290,6,0.003807 343,240,355,262,0,0.002616 54,321,98,356,5,0.002361 629,224,640,316,2,0.001530 333,245,387,272,6,0.001466 308,247,326,273,6,0.001415 323,255,347,275,6,0.001335 350,240,366,258,6,0.001316 244,251,261,281,6,0.001289 364,259,381,277,6,0.001239 352,249,370,269,6,0.001105
/home/dysjin/data/CARLA.v20-carla_v20.coco/valid/Town02_006840_png.rf.a4a970c10202604d1dd8c41fe9097525.jpg 580,179,640,219,6,0.205825 114,194,172,218,6,0.049394 343,190,355,210,6,0.030245 564,176,580,198,3,0.015627 0,157,15,208,6,0.013710 0,168,10,198,3,0.012197 0,185,20,232,6,0.011635 560,171,586,202,6,0.011244 0,165,16,225,6,0.006502 343,193,354,212,0,0.004626 335,190,348,206,6,0.003133 317,190,333,202,6,0.003101 556,179,621,207,6,0.003007 0,202,13,236,6,0.002893 340,183,358,212,1,0.002715 610,185,631,210,6,0.002700 0,181,11,210,6,0.002507 139,197,169,215,6,0.002285 489,207,513,254,6,0.001999 116,199,144,217,6,0.001882 0,145,14,205,3,0.001868 350,189,366,206,6,0.001773 281,191,297,205,6,0.001765 623,178,640,230,0,0.001728 498,184,547,210,6,0.001530 524,188,540,209,6,0.001413 292,190,305,206,6,0.001305 0,167,23,201,0,0.001284 0,203,29,237,6,0.001233 597,195,627,216,6,0.001147 612,193,640,380,6,0.001072 0,160,10,192,4,0.001013
/home/dysjin/data/CARLA.v20-carla_v20.coco/valid/Town02_002640_png.rf.ac6bee6a9e4c4b2a1e149670c97196c1.jpg 299,184,370,249,6,0.211778 392,174,403,190,3,0.133612 264,194,288,215,6,0.098224 325,188,359,234,6,0.014233 391,169,403,185,4,0.003296 64,196,88,237,0,0.002286 269,183,330,215,6,0.002285 300,182,327,240,6,0.002167 304,187,320,208,6,0.002086 25,193,83,223,6,0.002011 293,187,307,208,6,0.001894 292,191,316,244,0,0.001729 64,184,87,241,2,0.001707 330,199,354,224,5,0.001603 393,179,403,203,4,0.001557 287,141,381,279,6,0.001422 385,169,412,192,4,0.001376 68,205,85,235,1,0.001070 335,196,358,224,0,0.001040 296,195,308,224,0,0.001002
/home/dysjin/data/CARLA.v20-carla_v20.coco/valid/007096_png.rf.a26873f70f1467f54f0fd09ea8c1731b.jpg 544,172,620,247,3,0.261232 527,150,638,263,4,0.011831
/home/dysjin/data/CARLA.v20-carla_v20.coco/valid/041683_png.rf.abc13a183255cbb5f9aeca7d55d8b4c0.jpg 298,238,337,315,0,0.137610 306,241,335,309,1,0.031522 289,249,338,299,6,0.004019 311,257,326,292,0,0.003943 294,247,355,309,4,0.003019 280,205,352,352,0,0.002421 294,249,335,309,3,0.001723
/home/dysjin/data/CARLA.v20-carla_v20.coco/valid/041699_png.rf.a4a6f7fb7672ac47b317ec4fe3e21c97.jpg 297,237,336,314,0,0.160425 288,246,338,300,3,0.005982 311,254,325,292,0,0.005549 284,243,347,311,4,0.003254 278,205,352,351,0,0.002540 314,252,330,296,1,0.001442 238,244,341,302,6,0.001144
/home/dysjin/data/CARLA.v20-carla_v20.coco/valid/Town02_006480_png.rf.aec43468267a9993201d034f7031ee5c.jpg 354,177,366,190,3,0.028143 347,177,356,191,3,0.005403 252,187,271,201,6,0.005026 355,168,367,182,3,0.004131 354,185,366,201,3,0.002785 293,190,304,207,6,0.002544 283,190,295,205,6,0.002482 218,187,235,205,6,0.002172 345,168,357,182,3,0.001766 195,172,242,203,6,0.001540 302,201,319,216,6,0.001404 205,185,225,206,6,0.001340 364,174,376,190,3,0.001340 365,165,376,180,3,0.001277
/home/dysjin/data/CARLA.v20-carla_v20.coco/valid/Town02_003060_png.rf.b28380c7e6ad26a4ccdfda39d4db7f85.jpg 552,194,619,220,6,0.072361 608,196,638,238,6,0.034350 624,205,640,258,6,0.010726 598,183,636,218,6,0.004488 573,202,640,231,6,0.004255 626,206,637,236,0,0.003036 609,212,640,252,6,0.003019 624,170,638,224,6,0.002500 567,201,599,219,6,0.002160 611,186,633,215,0,0.001749 628,182,638,213,0,0.001664 556,201,584,222,6,0.001654 586,201,609,219,6,0.001487 553,198,572,222,2,0.001315 370,186,425,213,6,0.001279 616,218,634,244,0,0.001196 616,191,640,363,6,0.001135 538,190,633,244,6,0.001109 6,157,70,380,6,0.001096
/home/dysjin/data/CARLA.v20-carla_v20.coco/valid/Town01_009120_png.rf.b3886317404f3c307752dac4625c4b0e.jpg 310,195,332,213,6,0.080741 325,192,344,206,6,0.009359 372,199,395,214,6,0.005853 337,193,359,205,6,0.005523 366,187,412,214,6,0.005167 313,188,362,206,6,0.004647 279,189,293,202,6,0.004008 267,190,282,202,6,0.003270 16,209,67,235,6,0.002946 336,193,395,213,6,0.002519 256,190,268,204,6,0.002393 353,190,373,208,6,0.001657 0,203,11,260,6,0.001435 0,193,14,251,6,0.001399 301,194,312,213,0,0.001291 512,197,529,217,6,0.001252 0,212,7,255,2,0.001223 244,189,257,204,6,0.001195 563,143,633,380,6,0.001157 280,196,294,212,6,0.001030 299,193,310,208,6,0.001028 509,196,562,219,6,0.001015
/home/dysjin/data/CARLA.v20-carla_v20.coco/valid/051305_png.rf.af3e2dc55ae45fc793f7f25eb6fdf7b4.jpg 428,209,463,240,3,0.142451 428,208,462,243,4,0.066914
/home/dysjin/data/CARLA.v20-carla_v20.coco/valid/007291_png.rf.b33e9d647d42777054dfb5f46d23bbad.jpg 383,221,401,239,3,0.125980 382,217,399,238,4,0.020074 380,213,403,240,5,0.003586 379,218,416,242,3,0.001420
/home/dysjin/data/CARLA.v20-carla_v20.coco/valid/Town05_005820_png.rf.abc3e70595852b4f2320e8b55c805a27.jpg 301,191,338,217,6,0.108041 247,179,257,195,6,0.006242 327,185,339,216,0,0.003306 315,182,334,195,6,0.002438 254,176,266,191,6,0.002375 328,178,340,195,6,0.002008 234,185,247,200,6,0.001875 355,177,366,191,3,0.001325 256,166,266,182,3,0.001266 253,185,267,200,6,0.001248 280,177,293,190,6,0.001144 268,185,282,201,6,0.001024
/home/dysjin/data/CARLA.v20-carla_v20.coco/valid/Town05_006960_png.rf.9d31f2ffd8a1d723122d28555c0e3321.jpg 284,189,295,209,6,0.101019 0,229,256,380,6,0.033056 279,183,298,211,1,0.009157 281,193,295,212,0,0.004353 274,189,289,207,6,0.003616 288,189,304,205,6,0.003535 269,185,306,206,5,0.002021 114,277,135,298,6,0.001342 619,168,640,340,6,0.001257 302,189,320,202,6,0.001159
/home/dysjin/data/CARLA.v20-carla_v20.coco/valid/Town02_009720_png.rf.b20474373a38fe973889a895d5aba03e.jpg 299,191,344,256,6,0.098283 267,189,277,210,6,0.051451 191,177,208,194,3,0.007213 263,181,281,214,1,0.004775 281,179,293,192,3,0.004567 347,216,575,326,6,0.002804 278,187,291,200,6,0.001957 292,177,307,189,6,0.001660 270,178,280,198,3,0.001586 625,144,640,199,6,0.001402 319,203,348,262,0,0.001224 608,159,637,202,6,0.001195 279,196,292,217,0,0.001112 314,220,338,244,0,0.001026 416,204,426,235,2,0.001009
/home/dysjin/data/CARLA.v20-carla_v20.coco/valid/Town01_002220_png.rf.9b6e376c042a4b43cdf2a33f00250d62.jpg 210,202,435,375,6,0.261057 289,262,355,315,5,0.007389 289,190,307,207,6,0.003299 281,190,296,207,6,0.002862 306,188,323,205,6,0.002655 315,188,334,203,6,0.002471 183,189,196,207,6,0.002051 254,186,269,201,6,0.002018 628,209,638,235,6,0.001990 329,189,345,207,6,0.001801 190,188,211,204,6,0.001526 305,319,340,355,6,0.001361 245,186,261,203,6,0.001315 317,179,333,195,6,0.001125
/home/dysjin/data/CARLA.v20-carla_v20.coco/valid/Town01_003900_png.rf.b43a572a2d61a01bb389880cf86179de.jpg 208,201,439,380,6,0.189311 337,191,357,207,6,0.046660 0,192,37,222,6,0.021783 399,181,419,232,2,0.009521 294,269,349,309,5,0.006822 288,189,311,206,6,0.005995 301,189,322,204,6,0.004973 282,190,298,206,6,0.002809 320,189,335,206,6,0.002393 302,317,343,357,6,0.002041 0,173,19,223,6,0.002026 0,192,14,225,6,0.002017 329,196,351,211,6,0.001458 297,186,355,206,6,0.001211 316,193,365,215,6,0.001111
/home/dysjin/data/CARLA.v20-carla_v20.coco/valid/029067_png.rf.b686edaf28a0971571945f7b069613d5.jpg 537,217,579,342,2,0.375573
/home/dysjin/data/CARLA.v20-carla_v20.coco/valid/Town02_004200_png.rf.b4d2f32e1287253b4f35bf521927be39.jpg 269,191,289,209,6,0.187591 6,159,64,380,6,0.004106 291,187,305,203,6,0.003843 367,191,381,206,6,0.002749 306,188,319,201,6,0.002548 318,186,330,201,6,0.001835 356,188,369,203,3,0.001614 410,191,464,222,6,0.001486 375,192,393,209,6,0.001326
/home/dysjin/data/CARLA.v20-carla_v20.coco/valid/Town02_002100_png.rf.b49da10e2c41ab65d4c132e46f15d3e3.jpg 275,187,289,206,6,0.116538 297,183,338,297,1,0.084839 304,185,338,288,0,0.066825 0,182,22,216,6,0.045267 0,191,13,219,6,0.029712 1,181,25,213,0,0.007237 311,187,324,205,6,0.005890 0,188,16,245,6,0.003401 293,187,308,202,6,0.003027 306,207,337,280,6,0.001841 261,187,275,204,6,0.001805 274,172,294,205,0,0.001728 293,180,307,194,6,0.001618 310,180,322,193,6,0.001517 289,199,335,250,6,0.001497 305,179,329,242,6,0.001475 268,184,304,202,6,0.001425 0,85,18,140,6,0.001231 309,206,324,243,0,0.001126 0,171,12,207,6,0.001026 316,178,327,196,6,0.001019 0,200,9,233,6,0.001010 0,183,60,206,6,0.001005
/home/dysjin/data/CARLA.v20-carla_v20.coco/valid/003752_png.rf.bb0716bc5b93fa8b10f41577e20a2f35.jpg 398,216,424,242,3,0.091704 399,215,422,239,4,0.020716 306,240,325,254,6,0.013097 298,236,338,255,6,0.001401
/home/dysjin/data/CARLA.v20-carla_v20.coco/valid/138327_png.rf.b4aecc174d58e25a6e680c2468864172.jpg 15,233,43,301,2,0.169573 21,249,37,288,4,0.005398 331,239,344,253,6,0.003489 13,233,52,287,4,0.003343 318,238,332,253,6,0.002719 0,231,13,311,2,0.002357 17,223,44,280,2,0.002253 0,236,49,300,4,0.001262 290,250,307,266,6,0.001251 355,214,365,230,3,0.001248 305,241,322,255,6,0.001101 341,239,353,255,6,0.001057
/home/dysjin/data/CARLA.v20-carla_v20.coco/valid/Town05_009600_png.rf.b886b3525f44da0ae66796230d91b958.jpg 98,185,220,235,6,0.298339 584,178,637,208,6,0.256334 376,186,416,207,6,0.139238 466,190,500,213,6,0.137123 528,186,542,200,6,0.037692 96,199,164,235,6,0.029229 149,191,225,224,6,0.019104 415,186,429,200,6,0.015125 403,185,418,207,6,0.011457 583,187,610,204,6,0.007470 560,185,583,201,6,0.005879 535,185,551,201,6,0.005805 545,182,602,202,6,0.005194 378,195,400,211,6,0.004577 624,169,638,218,0,0.004425 188,191,217,226,6,0.003782 424,186,442,198,6,0.003412 612,184,632,209,6,0.003270 550,185,571,202,6,0.003216 556,159,640,210,6,0.003059 486,186,500,216,0,0.002996 438,185,454,201,6,0.002931 517,187,535,201,6,0.002539 371,186,389,206,6,0.001794 582,180,615,205,3,0.001595 194,198,214,225,0,0.001532 629,190,639,222,0,0.001515 141,186,199,214,6,0.001457 382,177,435,201,6,0.001434 500,191,515,207,6,0.001281 512,183,558,202,6,0.001202 573,179,593,198,6,0.001201 0,202,21,354,6,0.001127 572,191,628,215,6,0.001068
/home/dysjin/data/CARLA.v20-carla_v20.coco/valid/Town01_002340_png.rf.b8976b6d8f366e29aeb47fb3b3146b33.jpg 209,203,435,376,6,0.255070 278,190,293,208,6,0.026363 289,262,355,314,5,0.007428 254,187,271,201,6,0.004452 306,188,322,204,6,0.002376 256,188,299,208,6,0.002300 316,187,334,202,6,0.002297 288,190,307,207,6,0.002126 183,189,196,207,6,0.001999 329,188,344,206,6,0.001999 628,209,638,235,6,0.001884 318,179,334,195,6,0.001860 246,186,261,203,6,0.001811 190,188,211,204,6,0.001499 304,318,340,356,6,0.001399 278,186,323,207,6,0.001217 204,187,224,204,6,0.001043 229,188,247,204,6,0.001009
/home/dysjin/data/CARLA.v20-carla_v20.coco/valid/Town05_009780_png.rf.c3069a0d7ec82f2e1960c0497cec36fe.jpg 279,193,356,255,6,0.217857 432,207,472,235,6,0.051385 372,188,381,203,0,0.009911 376,189,393,201,6,0.007686 313,193,335,206,6,0.003835 254,185,269,199,6,0.003320 246,184,260,200,6,0.002189 0,213,13,279,6,0.001566 0,238,12,301,6,0.001497 266,168,369,290,6,0.001382 266,186,281,200,6,0.001281 0,194,18,302,0,0.001102 296,189,343,210,6,0.001101
/home/dysjin/data/CARLA.v20-carla_v20.coco/valid/Town05_002700_png.rf.b9dfa75f628efa31633800bb9dfee796.jpg 366,185,385,197,6,0.102217 377,181,391,195,6,0.015155 358,184,373,197,6,0.007073 417,177,426,193,6,0.006418 393,179,404,192,6,0.006386 406,177,416,190,6,0.006105 0,173,17,223,6,0.006094 344,180,355,194,6,0.005951 417,183,427,200,0,0.004239 0,192,10,219,0,0.004144 406,168,415,180,6,0.003959 217,185,230,201,6,0.003576 333,179,343,194,6,0.002958 354,178,392,198,6,0.002637 406,184,417,199,0,0.002581 393,169,405,181,6,0.002359 416,167,425,181,3,0.002188 428,184,439,200,2,0.001715 173,187,185,205,6,0.001476 379,168,391,181,6,0.001448 229,186,250,201,6,0.001151 366,168,380,182,6,0.001081 122,187,134,210,0,0.001034 293,185,306,202,6,0.001026
/home/dysjin/data/CARLA.v20-carla_v20.coco/valid/005173_png.rf.c24ac196d86260d3a384e12093bfa5ef.jpg 476,187,529,247,3,0.089557 478,192,518,246,4,0.007461 461,159,543,288,4,0.002238
/home/dysjin/data/CARLA.v20-carla_v20.coco/valid/Town01_005820_png.rf.c9053a957ff7561268673aaec9e095f0.jpg 290,178,345,317,1,0.127426 287,183,348,313,0,0.043718 402,192,448,219,6,0.010461 296,179,346,298,6,0.008523 625,122,640,172,6,0.006080 280,190,351,307,4,0.004892 178,204,201,220,6,0.004135 291,198,340,246,6,0.003920 190,202,209,218,6,0.002721 596,133,640,163,6,0.002208 233,197,248,212,6,0.001983 245,190,255,210,6,0.001702 219,198,234,214,6,0.001174 177,199,223,218,6,0.001094 377,189,390,205,6,0.001028
/home/dysjin/data/CARLA.v20-carla_v20.coco/valid/Town01_011580_png.rf.c8aa9ea674a7d69974d55bf63b55ddbf.jpg 267,192,287,208,6,0.276111 583,193,640,221,6,0.209978 468,202,524,241,6,0.044341 52,192,82,229,6,0.031179 584,169,640,207,6,0.017872 626,186,639,227,0,0.007792 554,188,567,207,6,0.007780 317,182,329,194,6,0.007069 308,187,321,199,6,0.005704 379,192,397,207,6,0.004911 292,188,304,202,6,0.003822 417,197,435,214,6,0.003464 610,198,635,220,6,0.003143 631,166,640,203,0,0.003015 229,190,244,204,6,0.002686 556,179,567,194,3,0.002142 609,189,637,209,6,0.002053 245,190,294,205,6,0.001997 261,196,278,209,6,0.001921 559,196,576,217,6,0.001881 483,210,509,231,6,0.001857 537,189,554,203,6,0.001835 611,176,637,198,0,0.001734 627,188,640,243,6,0.001628 585,200,608,220,6,0.001556 328,180,340,193,6,0.001521 268,180,284,199,6,0.001454 243,191,258,205,6,0.001378 561,176,574,192,3,0.001262 602,134,638,234,6,0.001237 597,156,640,191,6,0.001216 169,196,183,214,2,0.001207 360,188,415,207,6,0.001098 0,179,11,264,1,0.001072 278,181,292,197,6,0.001072 422,191,444,209,6,0.001039 387,195,405,213,6,0.001038 587,191,608,210,3,0.001013 601,179,640,216,6,0.001007
/home/dysjin/data/CARLA.v20-carla_v20.coco/valid/Town01_007440_png.rf.bed11eeb1dde416bf8789b24a8a5c0f8.jpg 534,172,636,221,6,0.162935 261,195,272,212,6,0.104745 266,191,276,208,6,0.027671 152,208,209,229,6,0.027082 525,179,553,213,6,0.023248 608,172,638,225,6,0.020025 176,212,203,227,6,0.009598 282,190,296,202,6,0.007990 265,194,277,212,0,0.007986 258,192,276,216,1,0.006592 294,188,307,200,6,0.005163 615,195,633,221,6,0.005124 189,210,209,226,6,0.003815 305,182,315,194,6,0.003754 615,183,634,213,0,0.002922 363,182,412,208,6,0.002449 220,201,232,216,6,0.002152 249,197,264,211,6,0.001972 626,181,639,211,6,0.001830 557,172,588,221,2,0.001797 154,214,177,233,6,0.001643 230,199,242,214,6,0.001586 553,167,617,228,5,0.001491 0,217,9,246,6,0.001474 569,167,631,226,3,0.001341 82,209,191,252,6,0.001167 281,196,296,212,6,0.001104 625,206,639,231,6,0.001044 0,193,15,252,6,0.001013
/home/dysjin/data/CARLA.v20-carla_v20.coco/valid/Town05_011760_png.rf.c548e0a947d80bc036151e4db99afcfa.jpg 5,210,215,330,6,0.292995 313,185,323,200,6,0.092161 185,179,214,277,0,0.008459 0,213,250,380,6,0.006911 81,233,170,343,5,0.005171 296,186,311,198,6,0.004901 178,205,207,266,0,0.004293 174,192,369,380,6,0.003213 186,203,352,307,6,0.002978 170,186,211,280,6,0.002562 308,180,326,205,1,0.002410 280,186,296,199,6,0.002295 328,186,340,202,6,0.002103 4,192,128,380,6,0.001941 0,211,14,282,6,0.001912 0,226,16,291,6,0.001882 34,137,202,287,6,0.001881 0,200,14,267,6,0.001632 309,193,320,213,0,0.001300 51,265,105,309,6,0.001217 165,191,207,297,1,0.001100 353,177,365,189,3,0.001040 112,223,137,254,3,0.001005
/home/dysjin/data/CARLA.v20-carla_v20.coco/valid/075708_png.rf.c1818fa586a2b613b2806f928a933d9d.jpg 166,240,259,306,6,0.435360 310,243,349,271,6,0.272693 237,239,268,276,6,0.103069 1,220,80,480,6,0.050957 0,240,172,438,6,0.042717 249,238,269,275,0,0.008878 210,244,264,289,6,0.005314 343,239,355,261,0,0.004000 324,242,346,261,6,0.002948 2,214,70,480,6,0.002511 365,259,380,276,6,0.002234 56,322,97,355,5,0.001881 351,240,365,257,6,0.001825 353,249,370,269,6,0.001125 631,225,640,314,2,0.001100 243,251,261,281,6,0.001058
/home/dysjin/data/CARLA.v20-carla_v20.coco/valid/Town05_009900_png.rf.c90bd5781f975f44de47fd794a1f9ac6.jpg 349,189,434,251,6,0.266315 334,185,347,200,6,0.072408 411,189,433,254,0,0.012628 340,180,352,197,6,0.005238 416,187,429,207,6,0.003886 412,187,434,233,2,0.002970 440,180,456,194,6,0.002266 581,0,640,241,6,0.001986 416,192,429,223,0,0.001824 0,198,21,352,6,0.001576 319,183,357,203,6,0.001445 322,186,336,202,6,0.001366 488,180,505,193,6,0.001340 428,178,443,193,6,0.001279 390,177,405,191,6,0.001270 281,186,293,203,6,0.001252 451,185,464,198,6,0.001231 426,186,440,202,6,0.001223 513,188,526,200,6,0.001139 476,180,495,194,6,0.001136 0,190,20,320,6,0.001114 526,189,540,203,6,0.001065 416,200,429,241,1,0.001053 0,189,6,228,2,0.001046
/home/dysjin/data/CARLA.v20-carla_v20.coco/valid/Town05_009660_png.rf.cc2e0d6a11c64dbe092a6e9321c6a170.jpg 227,203,404,334,6,0.301508 414,187,468,211,6,0.171234 341,183,353,204,6,0.076380 260,180,270,195,6,0.012293 612,186,634,201,6,0.011096 208,185,225,199,6,0.009384 368,177,379,195,6,0.008845 338,179,357,210,1,0.007939 382,178,392,196,6,0.007891 267,179,278,194,6,0.006052 628,183,639,209,6,0.005057 278,237,368,339,5,0.004795 354,181,368,195,6,0.004786 381,181,391,201,0,0.003868 292,187,307,203,6,0.003672 336,180,348,197,6,0.003566 413,191,436,209,6,0.003424 199,199,440,380,6,0.003251 389,178,402,193,6,0.002861 216,181,231,197,6,0.002305 302,186,318,202,6,0.002067 587,183,639,204,6,0.001866 600,186,622,200,6,0.001839 300,215,343,262,3,0.001745 631,190,640,224,0,0.001614 320,186,335,202,6,0.001589 251,147,385,281,6,0.001427 448,189,465,212,0,0.001423 245,184,263,200,6,0.001368 291,197,308,214,6,0.001351 199,184,211,203,6,0.001121 318,185,360,206,6,0.001094 0,203,12,264,6,0.001086 281,178,293,193,6,0.001016
/home/dysjin/data/CARLA.v20-carla_v20.coco/valid/003769_png.rf.c5c0c17fa97551316c57744e9608f796.jpg 495,187,549,246,3,0.060741 307,240,325,254,6,0.015299 494,184,552,244,4,0.012603 484,156,562,290,4,0.001567 9,192,76,480,6,0.001413 295,236,338,255,6,0.001409 293,238,311,254,6,0.001188
/home/dysjin/data/CARLA.v20-carla_v20.coco/valid/121197_png.rf.c99e70822c663f40252f74e6b2ad5094.jpg 227,260,406,380,6,0.348707 274,284,372,391,5,0.004918 202,262,451,480,6,0.004225 310,239,323,258,6,0.003057
/home/dysjin/data/CARLA.v20-carla_v20.coco/valid/004966_png.rf.c9d8d72d0920460b612251c5fddc5770.jpg 429,202,467,243,3,0.188706 421,199,464,245,4,0.003665
/home/dysjin/data/CARLA.v20-carla_v20.coco/valid/Town01_006240_png.rf.cc5628eb556a5a5bd1824a8d19313b41.jpg 313,190,324,209,6,0.118678 314,192,324,215,0,0.038930 363,177,381,191,6,0.019606 609,161,640,208,6,0.015957 625,186,639,255,6,0.008328 296,186,307,200,6,0.007918 312,183,330,214,1,0.005547 0,190,12,252,2,0.004350 374,177,394,192,6,0.003492 625,143,640,201,6,0.003364 597,200,640,241,6,0.003128 392,177,410,192,6,0.003038 310,182,322,196,6,0.002612 628,177,639,214,0,0.001932 355,173,399,193,6,0.001753 284,187,296,202,6,0.001676 0,200,12,261,6,0.001518 295,188,333,208,6,0.001506 628,204,639,240,0,0.001438 615,171,636,199,0,0.001435 316,180,327,197,3,0.001395 629,230,640,257,6,0.001225 365,169,380,183,6,0.001181 355,184,370,198,6,0.001015 376,173,427,193,6,0.001002
/home/dysjin/data/CARLA.v20-carla_v20.coco/valid/001638_png.rf.c98e4c5bc2a68de358073a26469c81b2.jpg 420,208,454,241,3,0.102295 40,234,91,259,6,0.005827 420,211,461,245,4,0.002001 0,233,44,260,6,0.001940 607,214,636,255,6,0.001341 624,205,640,264,6,0.001057 153,224,169,242,3,0.001037 611,233,630,255,6,0.001031 614,133,639,269,2,0.001017
/home/dysjin/data/CARLA.v20-carla_v20.coco/valid/051274_png.rf.d5f64278c64b556983082379a316485f.jpg 560,167,639,247,3,0.241759 548,148,640,263,4,0.016074 358,225,373,242,3,0.002006
/home/dysjin/data/CARLA.v20-carla_v20.coco/valid/Town01_001440_png.rf.e4b4351effd31d5b433710cffb8243e4.jpg 384,174,401,192,3,0.152354 380,169,404,193,4,0.015524 0,199,32,242,6,0.004131 316,189,330,203,6,0.003595 306,189,320,205,6,0.002169 268,188,281,202,6,0.001325 106,198,155,222,6,0.001106 0,183,17,238,6,0.001023
/home/dysjin/data/CARLA.v20-carla_v20.coco/valid/019121_png.rf.deb86464dd224ac85f75272f851fc0a8.jpg 499,239,550,258,6,0.067333 536,236,579,257,6,0.057106 507,247,537,260,6,0.006766 390,247,413,290,2,0.004763 623,89,640,230,6,0.001698 631,225,640,291,2,0.001369 535,246,560,262,6,0.001115 481,229,582,272,6,0.001103
/home/dysjin/data/CARLA.v20-carla_v20.coco/valid/041811_png.rf.e8d4c17844854d24f9b2bec66a8a8889.jpg 48,224,63,243,3,0.147504 0,243,13,303,2,0.096612 44,218,67,248,2,0.030108 0,251,10,295,1,0.025071 0,225,30,268,6,0.015944 600,242,640,271,6,0.015207 0,222,21,324,0,0.011936 44,222,88,246,6,0.011356 46,230,61,256,2,0.010341 40,220,70,245,4,0.010269 0,261,8,299,0,0.008664 0,231,16,293,2,0.008513 0,209,28,302,2,0.008383 627,230,639,284,6,0.005995 0,218,18,376,0,0.005632 40,223,55,244,3,0.004973 0,212,20,259,6,0.004814 47,217,61,238,4,0.004248 65,228,89,244,6,0.004011 2,245,58,272,6,0.003659 0,227,18,422,0,0.003189 629,239,640,277,0,0.002848 3,231,27,259,3,0.002841 4,223,25,249,3,0.002754 0,250,19,293,1,0.002739 0,249,24,449,6,0.002124 3,217,55,253,6,0.001816 21,220,72,247,6,0.001737 38,246,52,268,6,0.001650 55,233,73,251,6,0.001539 36,217,52,235,3,0.001486 1,220,14,253,4,0.001486 20,224,37,244,3,0.001486 0,247,11,338,1,0.001363 19,215,37,231,3,0.001259 2,230,14,265,4,0.001180 40,235,54,257,6,0.001161 0,198,17,251,6,0.001142 9,176,65,480,6,0.001096 1,178,36,286,6,0.001093 56,230,105,255,6,0.001085 4,246,24,270,6,0.001007
/home/dysjin/data/CARLA.v20-carla_v20.coco/valid/041657_png.rf.e06a4a0ae870ee5d8dbe97fc65b5b666.jpg 304,235,338,316,0,0.125632 306,241,335,307,1,0.045927 312,255,326,292,0,0.003600 291,246,339,299,3,0.003462 295,246,356,308,4,0.002654 300,247,341,296,6,0.002142 281,204,351,353,0,0.001907 0,230,11,309,1,0.001893 0,234,12,332,2,0.001526 0,228,12,288,6,0.001475 0,217,16,335,0,0.001197 435,228,461,268,2,0.001049
/home/dysjin/data/CARLA.v20-carla_v20.coco/valid/001519_png.rf.e42bb854e84b40164ed2795569b2eb6f.jpg 571,223,583,242,3,0.103905 567,218,587,246,4,0.005655 340,229,354,243,3,0.003693 600,229,638,260,6,0.002930 568,231,580,252,3,0.002854 566,219,596,242,3,0.001678 602,226,616,246,3,0.001553 610,225,630,246,6,0.001388 585,225,600,244,3,0.001222 631,230,640,264,0,0.001158 630,219,639,252,6,0.001024
/home/dysjin/data/CARLA.v20-carla_v20.coco/valid/Town02_005280_png.rf.ec981f5d8aec80a53ec1f9961c2321af.jpg 70,196,136,220,6,0.172797 153,195,210,267,6,0.163974 36,200,107,220,6,0.028140 35,189,141,229,6,0.027481 105,200,128,221,6,0.009077 0,198,11,223,6,0.008109 629,204,640,261,6,0.007127 140,165,224,295,0,0.006619 625,105,640,162,6,0.004458 630,188,640,257,0,0.003952 50,205,82,221,6,0.002995 64,203,95,219,6,0.002970 40,209,66,222,6,0.002938 79,202,108,220,0,0.002501 115,197,133,222,0,0.001932 0,196,16,239,6,0.001753 610,212,640,254,6,0.001711 100,193,147,217,6,0.001256 0,195,39,218,6,0.001190 19,136,145,260,6,0.001162 632,165,640,252,2,0.001125 99,145,222,265,6,0.001066 37,208,55,224,0,0.001029
/home/dysjin/data/CARLA.v20-carla_v20.coco/valid/001509_png.rf.ed3baed466e7f65c1a01fb57bf942b65.jpg 571,224,583,242,3,0.094841 567,218,587,246,4,0.004993 340,229,354,242,3,0.004875 568,232,580,253,3,0.003432 600,230,637,260,6,0.002865 602,226,616,246,3,0.001446 631,230,640,264,6,0.001350 566,219,597,242,3,0.001274 611,225,630,246,6,0.001245 585,224,600,243,3,0.001157 301,241,322,254,6,0.001090 630,215,640,275,2,0.001034
/home/dysjin/data/CARLA.v20-carla_v20.coco/valid/033890_png.rf.e368755037cdc345b45b625d64db27a1.jpg 588,224,628,328,2,0.363526 253,244,421,371,6,0.234039 607,232,633,309,2,0.067281 622,231,639,310,2,0.012579 0,249,18,294,6,0.011094 403,248,416,262,6,0.005470 283,249,363,327,5,0.003972 222,202,457,385,3,0.003783 206,242,440,480,6,0.002676 585,189,640,363,2,0.002669 249,235,285,375,1,0.001906 589,239,635,299,3,0.001454 568,228,610,331,2,0.001454 296,306,350,369,5,0.001220 613,249,629,293,4,0.001213 598,239,639,299,4,0.001051
/home/dysjin/data/CARLA.v20-carla_v20.coco/valid/075724_png.rf.e0c3e9a2b7f318c71e76ccdcb0dda6a1.jpg 294,243,332,269,6,0.219712 0,242,75,456,6,0.177863 69,250,236,341,6,0.094597 191,243,246,282,6,0.084534 0,224,80,480,6,0.044864 222,239,247,281,0,0.026839 37,250,234,480,6,0.005654 2,241,39,371,6,0.004153 219,250,236,284,0,0.003769 312,241,331,262,6,0.002460 0,260,71,350,6,0.002244 1,250,43,410,6,0.002132 280,240,295,256,6,0.001703 215,239,253,276,6,0.001622 2,232,34,339,6,0.001571 271,240,285,255,6,0.001525 269,246,285,264,6,0.001259 102,262,149,314,5,0.001234 0,309,84,427,1,0.001215 203,250,231,273,6,0.001195
/home/dysjin/data/CARLA.v20-carla_v20.coco/valid/112477_png.rf.ecf5d82849f8b68362ce65c8d2645a1c.jpg 336,233,363,292,2,0.167039 332,237,369,285,4,0.004280 586,234,636,257,6,0.004206 349,241,367,273,2,0.001906 340,246,357,288,4,0.001904
/home/dysjin/data/CARLA.v20-carla_v20.coco/valid/Town02_001980_png.rf.ee7206fcf98c96c61f2900b25e79ce20.jpg 292,180,342,313,1,0.187215 0,191,64,219,6,0.125031 161,191,174,216,0,0.067024 30,192,73,215,6,0.053805 289,184,345,312,0,0.028790 159,185,174,217,1,0.022638 157,184,177,216,2,0.022286 295,177,341,299,6,0.008226 3,194,30,219,6,0.006717 0,197,46,235,6,0.006193 164,193,181,216,2,0.005001 54,194,71,217,6,0.004162 54,187,71,213,0,0.003537 395,162,406,179,3,0.003425 18,197,47,217,6,0.002908 162,182,217,210,6,0.002204 148,191,184,216,5,0.001964 1,193,14,223,6,0.001744 146,188,164,210,6,0.001643 1,176,20,221,6,0.001503 145,184,187,214,1,0.001363 0,85,18,141,6,0.001338 0,195,19,242,6,0.001336 30,168,77,208,6,0.001245 305,188,323,203,6,0.001245 65,168,120,200,6,0.001230 280,186,293,200,6,0.001230 401,139,414,159,3,0.001138 37,170,70,207,3,0.001094 127,186,182,211,6,0.001073
/home/dysjin/data/CARLA.v20-carla_v20.coco/valid/026829_png.rf.e6f26e62f316568466a95ba7fd18d850.jpg 375,220,391,239,3,0.136270 0,228,16,288,2,0.010191 375,217,391,238,4,0.005168 0,238,15,299,6,0.002541 630,249,640,316,6,0.001205 0,236,39,276,6,0.001119
/home/dysjin/data/CARLA.v20-carla_v20.coco/valid/007076_png.rf.d635d979c35f5dd6da756ef9889aef0b.jpg 396,215,420,243,3,0.084227 396,213,419,241,4,0.026970 393,212,418,241,5,0.001323
/home/dysjin/data/CARLA.v20-carla_v20.coco/valid/112475_png.rf.df928fa484eb08e1454caacc1e194352.jpg 334,230,357,296,2,0.114122 326,227,359,305,0,0.002730 586,234,635,257,6,0.002530 338,239,350,286,4,0.001748 329,237,365,282,4,0.001676 321,238,363,295,3,0.001649
/home/dysjin/data/CARLA.v20-carla_v20.coco/valid/Town02_006960_png.rf.eedfb90c1deb0d66a31341acd2e08f4f.jpg 146,165,163,182,3,0.205802 584,175,638,244,6,0.132095 0,177,33,208,6,0.126155 143,160,167,184,4,0.024975 105,174,126,190,6,0.005043 141,174,168,246,2,0.004202 177,177,200,193,6,0.004136 571,138,640,276,0,0.003752 140,161,184,185,3,0.003624 571,183,631,216,6,0.003270 2,142,35,223,6,0.002807 78,164,128,185,6,0.002724 560,168,613,202,6,0.002637 89,171,145,190,6,0.002266 167,175,188,193,6,0.002199 151,172,205,192,6,0.002165 0,190,14,218,6,0.001782 17,180,34,212,0,0.001548 106,168,127,183,6,0.001498 93,175,117,190,6,0.001433 80,175,102,191,6,0.001374 573,187,590,207,6,0.001325 1,147,18,204,6,0.001316 0,160,42,194,6,0.001277 0,187,33,221,6,0.001273 566,186,580,207,0,0.001237 153,170,170,191,0,0.001227 192,177,209,194,6,0.001184 1,160,31,289,6,0.001179 140,165,154,181,3,0.001142 598,198,625,221,6,0.001125 0,173,27,332,6,0.001101 12,178,38,210,1,0.001043 613,190,640,380,6,0.001024 575,122,640,288,6,0.001021
/home/dysjin/data/CARLA.v20-carla_v20.coco/valid/Town05_010860_png.rf.f31c0584fff1474ad2b0f4132e874f7d.jpg 309,182,333,256,0,0.088408 307,179,331,259,1,0.088376 1,187,57,214,6,0.063341 0,196,12,221,6,0.011031 17,196,46,213,6,0.009172 3,197,31,215,6,0.006732 29,192,53,209,6,0.006364 314,189,328,234,1,0.005382 355,179,366,193,6,0.004495 313,192,325,232,0,0.003609 312,189,325,209,6,0.002909 308,180,324,196,6,0.001830 356,184,366,200,2,0.001518 0,176,18,222,6,0.001457 296,186,335,250,3,0.001301 0,192,21,356,6,0.001266 0,202,9,232,6,0.001165 366,179,377,193,6,0.001101 346,177,357,194,6,0.001101 296,178,308,194,6,0.001091 300,189,343,243,4,0.001029 46,188,57,213,0,0.001027
/home/dysjin/data/CARLA.v20-carla_v20.coco/valid/Town05_004800_png.rf.ee7c080c8716cb366969ca625bb6d68b.jpg 246,185,266,205,6,0.164829 348,182,361,203,6,0.133934 218,182,271,201,6,0.043097 216,187,235,202,6,0.032031 396,178,406,196,0,0.010606 364,181,379,194,6,0.009856 627,171,638,200,6,0.004730 318,185,332,199,6,0.003341 620,172,640,321,6,0.002657 335,183,349,199,6,0.002506 628,184,640,282,2,0.002038 380,178,393,193,6,0.001824 399,178,418,194,6,0.001724 0,162,18,205,6,0.001423 266,186,280,204,0,0.001361 342,182,381,202,6,0.001349 620,172,632,198,0,0.001152 0,167,41,199,6,0.001116 181,188,197,205,6,0.001034
/home/dysjin/data/CARLA.v20-carla_v20.coco/valid/Town05_009840_png.rf.f5040ce45ecca2822cb3b1b4ea8a6f61.jpg 294,190,368,253,6,0.428618 268,186,280,202,6,0.004142 280,187,293,201,6,0.002781 338,191,363,249,0,0.002360 293,188,308,203,6,0.001707 365,178,378,194,6,0.001420 257,186,269,202,6,0.001387 631,221,640,291,2,0.001200 268,149,381,271,6,0.001087
/home/dysjin/data/CARLA.v20-carla_v20.coco/valid/041861_png.rf.f5f3812ca6c536c5c25bea3d596be111.jpg 98,240,232,311,6,0.276869 298,237,324,289,0,0.152736 402,210,430,242,3,0.064100 398,214,433,244,4,0.021927 306,243,320,282,1,0.016256 211,229,238,287,0,0.010550 292,239,329,285,6,0.008263 212,226,239,270,2,0.006534 355,215,365,233,3,0.005949 188,235,238,285,6,0.003332 308,234,333,287,1,0.003062 201,230,245,264,6,0.002964 217,231,236,259,0,0.002489 138,278,197,310,6,0.001952 113,220,237,331,4,0.001907 305,225,337,307,0,0.001708 314,244,328,277,0,0.001617 97,266,158,304,6,0.001537 364,214,378,231,3,0.001517 347,215,358,233,3,0.001285 153,247,195,329,1,0.001087
/home/dysjin/data/CARLA.v20-carla_v20.coco/valid/Town02_003120_png.rf.f36fecf8d2ee4965c1f3bddaaaad5f33.jpg 409,192,488,220,6,0.152179 607,181,640,215,6,0.124440 622,188,640,249,6,0.024150 610,197,640,241,6,0.003999 437,201,465,219,6,0.002594 462,198,485,222,6,0.002435 618,203,634,232,0,0.001736 407,202,436,222,6,0.001731 365,195,436,218,6,0.001527 407,194,438,222,2,0.001372 614,191,640,364,6,0.001359 627,174,638,201,6,0.001284 45,193,114,218,6,0.001145 629,229,640,259,6,0.001142 558,187,608,211,6,0.001079
/home/dysjin/data/CARLA.v20-carla_v20.coco/valid/003755_png.rf.f6343810071c5f5401b5697ef363285d.jpg 406,214,434,240,3,0.087908 406,215,437,238,4,0.036679 304,240,324,253,6,0.013824 296,236,339,255,6,0.001695 292,243,343,268,6,0.001080
/home/dysjin/data/CARLA.v20-carla_v20.coco/valid/Town01_003300_png.rf.fae28071a74fa02928094ff14cdbb3aa.jpg 270,198,364,271,6,0.257771 195,196,215,212,6,0.018867 277,192,294,207,6,0.005621 157,195,206,212,6,0.004423 632,216,640,252,0,0.004117 630,201,640,264,6,0.003593 381,197,391,217,2,0.002470 274,189,301,222,6,0.001878 319,190,334,206,6,0.001617 178,190,225,210,6,0.001308 613,209,639,253,6,0.001305 630,190,640,254,2,0.001205 24,210,38,233,6,0.001074 616,221,634,243,0,0.001043
/home/dysjin/data/CARLA.v20-carla_v20.coco/valid/138255_png.rf.fbf65e3e930393318a8312fdaefcae24.jpg 56,229,83,291,2,0.210961 222,233,267,255,6,0.006136 62,239,78,281,4,0.005907 53,232,88,286,4,0.003986 49,235,71,301,2,0.002096 626,402,640,480,6,0.002078 0,237,14,306,6,0.001345 579,254,637,288,6,0.001283
/home/dysjin/data/CARLA.v20-carla_v20.coco/valid/005373_png.rf.f68e0e113c5193c933cbee38c6a6bc2d.jpg 158,234,171,264,2,0.139495 143,230,161,267,2,0.086259 139,230,151,269,2,0.030406 168,236,178,263,2,0.017350 0,215,13,304,2,0.005936 134,233,171,264,4,0.004731 166,234,182,274,1,0.002583 123,233,163,264,5,0.001686 0,236,14,303,6,0.001576 382,235,440,262,6,0.001552 0,204,11,293,2,0.001342 0,240,9,282,2,0.001094 0,254,9,289,2,0.001058 253,242,271,257,6,0.001032
/home/dysjin/data/CARLA.v20-carla_v20.coco/valid/001630_png.rf.ff5ced110f03f998a7a6998ddf647fd2.jpg 408,212,436,240,3,0.089748 408,211,439,240,4,0.033974
/home/dysjin/data/CARLA.v20-carla_v20.coco/valid/006662_png.rf.fa42143249c7b6a780238796639341d3.jpg 463,229,501,309,2,0.153435 460,242,512,301,6,0.003735 449,236,517,303,4,0.003715 446,197,518,353,2,0.001781 453,242,501,299,3,0.001582 445,227,484,315,2,0.001404
/home/dysjin/data/CARLA.v20-carla_v20.coco/valid/Town05_004860_png.rf.f5c138159cbce172c63fa9a736f9c655.jpg 245,185,266,205,6,0.145318 348,182,361,203,6,0.144228 218,182,271,202,6,0.046884 216,187,235,202,6,0.025322 364,181,379,194,6,0.010609 396,178,406,195,0,0.009490 626,172,638,199,6,0.004833 620,172,640,321,6,0.002874 318,185,332,199,6,0.002678 335,183,349,199,6,0.002489 399,177,418,194,6,0.001959 380,178,393,193,6,0.001815 629,183,640,283,2,0.001676 0,167,42,199,6,0.001560 342,182,381,202,6,0.001389 620,171,631,198,0,0.001343 181,188,197,205,6,0.001333 0,162,19,206,6,0.001252 266,186,281,204,0,0.001128 346,192,358,213,0,0.001016
/home/dysjin/data/CARLA.v20-carla_v20.coco/valid/Town01_008460_png.rf.03f3160d63f090b29499596ec3c8c4b5.jpg 24,195,141,247,6,0.330948 572,191,640,220,6,0.132362 534,194,611,223,6,0.041997 433,195,486,216,6,0.031640 82,201,147,240,6,0.014389 625,184,639,227,0,0.009777 531,190,640,244,6,0.009738 615,189,636,210,6,0.005425 4,145,70,380,6,0.004520 0,180,28,272,6,0.004281 628,170,638,202,6,0.004097 0,203,43,243,6,0.004055 0,204,17,262,6,0.003876 542,202,573,222,6,0.003766 595,193,622,208,6,0.003401 17,143,136,269,6,0.003221 28,203,91,242,6,0.002810 602,188,640,222,1,0.002578 614,194,634,220,0,0.002152 607,180,640,217,6,0.001969 586,201,611,219,6,0.001522 55,187,121,255,3,0.001326 264,191,287,204,6,0.001309 456,193,515,216,6,0.001300 616,178,633,196,6,0.001242 253,186,302,206,6,0.001230 557,208,582,225,6,0.001173 626,187,640,245,6,0.001167 572,202,598,219,6,0.001084 117,207,138,236,0,0.001048 446,193,474,209,6,0.001028 0,226,9,263,6,0.001004
/home/dysjin/data/CARLA.v20-carla_v20.coco/valid/005508_png.rf.0ab3da1b4970047c9b42e5bbe5d4e6f1.jpg 30,231,60,281,2,0.153875 88,228,122,314,2,0.133588 27,232,64,281,6,0.006602 83,243,127,300,6,0.003682 42,226,82,309,2,0.001799 76,237,138,308,4,0.001785 73,198,137,358,0,0.001401 96,252,115,291,5,0.001016 24,225,47,289,2,0.001014
/home/dysjin/data/CARLA.v20-carla_v20.coco/valid/Town01_006180_png.rf.089d25ecaf49fe28c7f3bf0c3614732b.jpg 313,191,324,217,0,0.086976 313,188,324,211,6,0.083392 393,177,412,192,6,0.068731 309,189,328,220,1,0.016608 363,173,414,192,6,0.014527 363,177,383,193,6,0.010899 356,175,369,190,6,0.007604 45,210,91,235,6,0.004607 0,203,30,241,6,0.004250 69,213,88,234,6,0.002947 0,209,19,253,6,0.002762 295,193,333,215,6,0.001811 95,212,115,227,6,0.001461 4,219,25,240,6,0.001381 311,181,322,196,6,0.001306 355,169,366,183,3,0.001194 344,176,357,189,6,0.001165
/home/dysjin/data/CARLA.v20-carla_v20.coco/valid/Town02_008340_png.rf.044a76656e2e2fe428cd425926d9acbe.jpg 553,192,617,222,6,0.228647 158,195,245,240,6,0.157893 269,187,286,200,6,0.100063 145,214,221,243,6,0.006890 607,178,640,217,6,0.006257 260,185,272,199,6,0.006015 292,190,306,202,6,0.004404 243,185,255,204,2,0.004301 210,195,243,242,6,0.003320 303,189,318,201,6,0.003039 569,200,603,219,6,0.002914 596,200,640,237,6,0.002798 629,185,640,254,6,0.002733 259,184,297,202,6,0.002350 555,191,589,225,2,0.001951 230,194,242,225,0,0.001709 279,180,290,198,6,0.001583 612,187,635,210,0,0.001499 631,178,640,215,0,0.001448 185,201,221,245,6,0.001369 564,151,632,380,6,0.001329 235,184,245,209,2,0.001227 550,196,570,221,3,0.001164 629,154,640,215,6,0.001134 245,180,257,196,3,0.001076 317,190,331,204,6,0.001030 631,202,640,242,0,0.001022 190,214,216,234,0,0.001006
/home/dysjin/data/CARLA.v20-carla_v20.coco/valid/075710_png.rf.0b62bb94157d1f2113ac6bbefe158022.jpg 166,240,259,307,6,0.433517 310,242,349,271,6,0.256064 237,239,268,276,6,0.102711 1,219,79,480,6,0.046762 0,242,174,441,6,0.040576 249,238,270,275,0,0.007986 211,243,264,290,6,0.004783 1,216,71,480,6,0.002519 343,239,355,262,0,0.002229 57,323,95,354,5,0.001780 365,259,380,277,6,0.001192 45,257,179,343,6,0.001121
/home/dysjin/data/CARLA.v20-carla_v20.coco/valid/041689_png.rf.0d648fbd58416a80b414e4503d51c42e.jpg 298,236,336,313,0,0.134013 304,244,338,304,1,0.030564 290,247,339,300,6,0.006255 311,256,326,291,0,0.004029 293,245,355,303,4,0.002110 281,204,350,352,0,0.001835 294,248,336,309,3,0.001207
/home/dysjin/data/CARLA.v20-carla_v20.coco/valid/003751_png.rf.0ff9ef7c8c8e4f5eab52437609a3b501.jpg 397,217,420,241,3,0.053304 307,241,325,254,6,0.051175 397,215,418,239,4,0.020478 297,237,337,254,6,0.002356 393,213,418,239,5,0.002242
/home/dysjin/data/CARLA.v20-carla_v20.coco/valid/Town02_008820_png.rf.135414697b8215dc125af6b125d3058c.jpg 272,206,365,346,6,0.162392 504,180,562,211,6,0.146573 554,183,617,215,6,0.117732 385,181,436,208,6,0.053222 341,187,357,201,6,0.010041 0,182,17,233,6,0.009846 220,189,231,207,6,0.007613 522,186,548,208,6,0.007327 352,186,366,201,6,0.003985 142,175,156,191,3,0.003948 428,196,438,221,0,0.003827 229,189,244,204,6,0.003690 275,195,308,357,1,0.002806 555,168,609,222,4,0.002294 0,180,10,216,6,0.002122 627,186,640,254,6,0.002121 410,178,434,196,6,0.002075 334,186,347,202,6,0.001941 527,175,560,216,2,0.001634 0,160,16,210,6,0.001537 569,189,600,209,6,0.001507 388,180,410,197,6,0.001455 534,184,554,210,0,0.001422 211,189,223,207,6,0.001409 243,188,257,204,6,0.001359 483,171,544,201,6,0.001311 218,194,230,213,0,0.001285 0,98,17,145,6,0.001199 499,164,615,212,6,0.001183 255,187,270,202,6,0.001156 381,186,398,204,6,0.001109 435,181,489,208,6,0.001100 481,190,547,218,6,0.001077
/home/dysjin/data/CARLA.v20-carla_v20.coco/valid/006664_png.rf.1466f666c872e94bac27eba56bbdfb5b.jpg 477,228,521,320,2,0.297481 468,236,536,316,4,0.009698 477,244,524,301,6,0.001820 467,168,542,356,2,0.001402 8,180,76,480,6,0.001346
/home/dysjin/data/CARLA.v20-carla_v20.coco/valid/014570_png.rf.1235b2ca71c181a49fda1bb53eaa19cd.jpg 433,233,456,284,2,0.242744 65,237,124,260,6,0.219682 299,243,338,265,6,0.070173 431,232,463,279,4,0.003196 630,235,640,330,2,0.002284 46,225,138,267,6,0.001771 0,228,14,289,6,0.001325 299,245,313,266,6,0.001066 444,229,468,285,2,0.001024
/home/dysjin/data/CARLA.v20-carla_v20.coco/valid/112550_png.rf.1ca2fa82e03653536df85cf5faf5753c.jpg 516,221,551,318,2,0.152287 585,233,636,257,6,0.003188 515,235,556,286,6,0.002700 530,230,555,292,2,0.002039 503,197,562,361,2,0.001905 498,230,563,307,4,0.001248
/home/dysjin/data/CARLA.v20-carla_v20.coco/valid/Town02_000780_png.rf.16d5987bcdc7d08470c1b3e757e128e5.jpg 300,181,347,317,1,0.235270 279,187,302,203,6,0.198897 44,185,117,215,6,0.098114 294,180,354,321,0,0.018969 338,181,355,196,6,0.016802 76,183,122,210,6,0.013272 289,180,305,197,6,0.006468 305,178,322,192,6,0.005819 367,186,378,205,6,0.005109 78,194,104,214,6,0.005023 4,196,26,238,6,0.004910 275,183,319,206,6,0.004862 317,177,333,191,6,0.004705 296,175,342,300,6,0.004193 0,182,17,238,6,0.003718 1,186,27,235,2,0.003542 318,184,334,202,6,0.002744 355,178,367,195,6,0.002742 8,204,22,235,1,0.002618 55,196,81,216,6,0.002301 275,185,288,202,6,0.002274 329,181,371,204,6,0.002145 69,190,95,211,6,0.002066 50,183,85,218,4,0.001733 304,186,322,203,6,0.001507 41,196,69,217,6,0.001416 257,186,271,204,6,0.001363 2,200,14,240,6,0.001145 278,193,298,213,6,0.001127 187,184,242,208,6,0.001070
/home/dysjin/data/CARLA.v20-carla_v20.coco/valid/Town02_001500_png.rf.1e8a22666698f8954863a9939bc59942.jpg 182,188,217,215,6,0.077172 622,227,640,287,6,0.011253 489,183,580,253,6,0.007548 608,157,640,293,2,0.005233 435,190,485,225,6,0.003993 486,169,534,248,2,0.002584 607,223,640,272,6,0.001700 497,171,563,249,3,0.001382 567,135,640,314,2,0.001135
/home/dysjin/data/CARLA.v20-carla_v20.coco/valid/Town05_004620_png.rf.0e4a190ca586e0e90df6b90be2c83f5b.jpg 396,178,454,207,6,0.294975 345,184,359,198,6,0.110522 283,186,297,198,6,0.051216 351,182,365,195,6,0.043583 587,183,639,206,6,0.023015 364,181,378,194,6,0.007268 318,186,330,198,6,0.004229 426,185,448,205,6,0.003661 396,185,427,206,3,0.003578 565,175,640,234,6,0.003554 218,187,235,199,6,0.003535 396,179,430,207,2,0.003154 305,188,320,200,6,0.003020 336,185,349,198,6,0.002854 0,193,18,357,6,0.002762 278,180,302,206,6,0.002401 0,186,18,322,6,0.001919 291,181,303,197,6,0.001885 383,179,394,197,0,0.001788 408,180,440,198,6,0.001584 273,185,287,200,6,0.001441 0,206,14,257,6,0.001381 0,216,9,248,0,0.001242 629,169,640,204,0,0.001214 606,164,639,247,6,0.001201 344,177,380,196,6,0.001170 629,219,639,247,6,0.001161 405,172,444,207,5,0.001069
/home/dysjin/data/CARLA.v20-carla_v20.coco/valid/006578_png.rf.21f08e8ed63ab67b3ef05528af8ef9e6.jpg 371,222,383,238,3,0.247595 259,235,297,254,6,0.059344 623,291,640,347,6,0.008430 366,217,387,243,4,0.007457 0,208,18,262,6,0.002200 611,299,640,340,6,0.001774 363,222,374,241,3,0.001612 364,219,403,244,3,0.001374 291,237,303,258,0,0.001203 535,255,627,480,6,0.001145
/home/dysjin/data/CARLA.v20-carla_v20.coco/valid/Town01_004320_png.rf.1f6552094735eb0bd49b614b7e584c58.jpg 258,189,375,285,6,0.097507 364,153,376,170,3,0.007100 256,178,271,196,6,0.005617 0,188,19,230,6,0.003960 605,210,640,254,6,0.003665 339,197,354,217,6,0.002670 192,187,205,204,6,0.002389 267,177,280,194,6,0.002221 304,187,321,202,6,0.001712 245,186,261,202,6,0.001591 294,188,308,204,6,0.001578 629,206,640,282,6,0.001458 317,179,333,194,6,0.001414 315,187,335,203,6,0.001122 306,178,320,194,6,0.001044
/home/dysjin/data/CARLA.v20-carla_v20.coco/valid/Town02_006720_png.rf.2632fd4f3d65ff215e84d472badfd870.jpg 268,193,287,208,6,0.224138 580,179,640,218,6,0.214148 114,194,171,219,6,0.038846 342,191,354,210,6,0.015767 0,157,15,208,6,0.013992 564,177,581,198,6,0.013368 0,168,10,198,3,0.012141 0,185,20,232,6,0.011635 0,165,16,225,6,0.006522 135,193,190,216,6,0.005270 556,179,620,207,6,0.004148 0,202,13,236,6,0.002799 610,185,631,211,6,0.002743 290,192,306,206,6,0.002723 342,194,354,213,0,0.002722 0,181,11,210,6,0.002480 334,191,348,206,6,0.002411 498,184,547,210,6,0.002298 317,189,334,203,6,0.002289 263,189,307,206,6,0.002080 0,145,14,205,3,0.001955 623,166,638,226,0,0.001746 489,208,513,254,6,0.001701 263,192,276,207,6,0.001568 523,188,540,209,6,0.001545 116,199,143,218,6,0.001530 0,167,23,201,0,0.001301 350,189,366,207,6,0.001298 339,184,358,212,1,0.001280 0,203,29,237,6,0.001159 557,184,571,205,6,0.001060 0,160,10,192,4,0.001032 612,194,640,380,6,0.001030 569,175,590,198,3,0.001002 597,194,627,216,6,0.001000
/home/dysjin/data/CARLA.v20-carla_v20.coco/valid/Town05_006900_png.rf.2eaa1f5f6de8c6bffcd968f78f2f53b4.jpg 235,182,261,228,0,0.148995 0,224,249,380,6,0.047809 240,187,257,224,1,0.019918 233,184,264,225,6,0.007906 192,163,276,380,6,0.001946 236,168,267,267,0,0.001716 619,169,640,340,6,0.001483 112,274,137,302,6,0.001436 630,220,640,319,2,0.001016
/home/dysjin/data/CARLA.v20-carla_v20.coco/valid/005482_png.rf.1eef94cb1d26525ab4b64d28fc9be58d.jpg 0,221,26,320,2,0.176905 0,244,17,321,2,0.022565 1,221,25,360,2,0.002567 2,264,12,306,2,0.002532 469,242,528,276,6,0.001831 14,238,43,304,2,0.001412 0,184,38,371,5,0.001348 4,251,13,298,2,0.001300 0,235,43,309,4,0.001011
/home/dysjin/data/CARLA.v20-carla_v20.coco/valid/138251_png.rf.2622df013f55b1f57387212b95c87241.jpg 78,232,100,289,2,0.210996 75,235,108,282,4,0.002891 88,232,112,287,2,0.002873 239,236,260,251,6,0.001852 65,236,103,283,3,0.001219
/home/dysjin/data/CARLA.v20-carla_v20.coco/valid/007070_png.rf.2316a0a54db7e4a749f421570aadd160.jpg 383,220,402,241,3,0.094905 380,217,406,242,4,0.022462 626,363,638,474,6,0.002048
/home/dysjin/data/CARLA.v20-carla_v20.coco/valid/Town05_010920_png.rf.2325292b5e147dc41c10fe128f6256f9.jpg 304,171,342,292,0,0.240709 315,180,332,194,6,0.010531 294,178,307,192,6,0.007041 303,179,321,194,6,0.004996 307,186,340,262,6,0.003576 297,187,362,280,4,0.002260 596,158,640,191,6,0.002246 304,181,330,265,1,0.002160 627,143,640,202,6,0.001304 0,177,19,322,6,0.001180
/home/dysjin/data/CARLA.v20-carla_v20.coco/valid/Town01_006420_png.rf.2b897cd6227874bc930ae1c7e17e3b3b.jpg 314,192,324,216,0,0.071231 314,190,324,212,6,0.064254 378,183,391,209,6,0.010021 310,190,327,218,1,0.008171 0,196,18,247,6,0.008014 282,187,292,200,6,0.005354 376,176,394,211,1,0.002864 268,189,281,202,6,0.002591 294,189,306,202,6,0.002335 0,217,10,245,6,0.002232 378,174,391,197,2,0.002068 294,181,304,194,6,0.001423 207,184,218,202,2,0.001384 1,183,28,238,2,0.001022 207,178,219,195,3,0.001005
/home/dysjin/data/CARLA.v20-carla_v20.coco/valid/Town05_006780_png.rf.253c814d6e368b92a888141244ca1a16.jpg 168,186,215,255,6,0.200187 356,181,370,193,6,0.024452 331,188,343,202,6,0.008293 345,186,356,201,6,0.006212 186,190,211,233,6,0.006061 318,189,333,202,6,0.004947 186,189,200,209,6,0.004087 183,206,204,235,0,0.003371 154,164,227,289,0,0.002679 365,180,377,193,6,0.002241 157,144,215,380,6,0.002195 366,184,376,201,2,0.001729 304,187,319,201,6,0.001481 186,176,197,193,6,0.001312 183,200,203,226,6,0.001147 167,191,210,355,1,0.001139 182,180,206,220,6,0.001134 232,187,243,205,6,0.001061 0,176,19,325,6,0.001045
/home/dysjin/data/CARLA.v20-carla_v20.coco/valid/Town01_008280_png.rf.2f69ce357d9638b109b359e31c238ab4.jpg 316,193,331,207,6,0.093919 279,193,305,207,6,0.055183 445,196,498,219,6,0.046848 293,191,336,207,6,0.020793 433,202,495,236,6,0.011617 66,186,112,210,6,0.011055 575,207,640,235,6,0.009695 519,197,640,259,6,0.009462 378,201,390,223,2,0.009364 344,190,352,204,6,0.005819 627,191,640,251,2,0.004814 329,192,342,206,6,0.004494 627,199,639,262,6,0.003634 609,197,638,245,6,0.003600 400,197,449,223,6,0.003108 520,195,578,222,6,0.002933 402,203,424,220,6,0.002679 629,215,639,248,0,0.002452 191,196,205,215,2,0.002416 268,190,286,204,6,0.002378 0,178,32,218,6,0.002180 496,196,551,219,6,0.001996 411,208,431,225,6,0.001622 630,169,640,201,6,0.001479 510,200,533,219,6,0.001325 186,189,199,211,6,0.001218 612,209,635,237,0,0.001115 388,202,407,219,6,0.001045 631,179,640,212,0,0.001006
/home/dysjin/data/CARLA.v20-carla_v20.coco/valid/Town01_005100_png.rf.262bb9c3104b14f5fb633de3dafd0a52.jpg 574,181,602,214,6,0.031675 577,186,598,211,3,0.020400 581,173,638,201,6,0.014656 314,187,362,213,6,0.005887 608,176,635,196,6,0.005385 1,159,74,380,6,0.004212 0,185,41,209,6,0.003514 25,187,84,210,6,0.003029 578,142,628,217,2,0.002187 50,187,110,209,6,0.002181 573,168,600,209,2,0.001897 327,195,346,215,6,0.001721 301,200,323,217,6,0.001606 576,177,594,200,4,0.001527 77,192,103,206,6,0.001521 597,178,622,196,6,0.001507 626,157,639,211,6,0.001498 629,169,640,201,0,0.001427 608,150,640,198,6,0.001316 583,178,604,199,3,0.001292 627,249,640,342,6,0.001191 143,196,157,214,6,0.001120 0,161,17,211,6,0.001119 337,196,360,215,6,0.001118
/home/dysjin/data/CARLA.v20-carla_v20.coco/valid/Town01_011940_png.rf.2554f5ab3ce2122d2ef300838472450f.jpg 209,186,268,227,6,0.214841 564,197,607,219,6,0.203997 336,187,357,202,6,0.053227 333,182,348,197,6,0.008530 305,190,320,204,6,0.006157 321,187,334,202,6,0.005601 618,176,631,193,3,0.003342 277,188,293,201,6,0.003145 212,178,248,223,3,0.002404 581,192,604,210,6,0.002231 390,184,436,211,6,0.002189 303,197,320,213,6,0.002083 265,187,285,201,6,0.002050 583,204,607,227,6,0.001885 245,187,274,226,0,0.001753 388,187,405,212,6,0.001743 626,171,637,198,6,0.001695 227,197,255,219,6,0.001594 349,187,366,202,6,0.001333 596,199,613,224,0,0.001306 540,187,625,230,6,0.001303 253,183,300,205,6,0.001220 295,189,307,205,6,0.001209 563,207,584,224,6,0.001038 574,201,634,233,6,0.001002
/home/dysjin/data/CARLA.v20-carla_v20.coco/valid/041684_png.rf.2f70db5ab75442cd11fffa13a776ae97.jpg 305,236,337,316,0,0.127196 306,241,335,310,1,0.031521 311,256,325,293,0,0.003756 294,246,356,308,4,0.002480 281,204,351,353,0,0.002019 295,249,336,309,3,0.001610
/home/dysjin/data/CARLA.v20-carla_v20.coco/valid/Town05_010980_png.rf.2071755951cd753466eb2cc53fd2fe0c.jpg 305,181,339,284,0,0.234580 306,186,337,263,1,0.011927 0,219,261,380,6,0.011618 289,146,357,314,0,0.004601 165,283,177,294,6,0.003905 607,153,638,195,6,0.002863 298,193,359,275,4,0.001890 265,187,282,203,6,0.001727 308,187,322,207,6,0.001715 119,284,129,292,6,0.001659 0,172,18,333,6,0.001222 368,174,411,198,6,0.001196 166,241,168,243,6,0.001188 626,140,640,204,6,0.001084
/home/dysjin/data/CARLA.v20-carla_v20.coco/valid/112459_png.rf.33bdc5bd58f0f631808a95c4ceb9a78f.jpg 289,229,313,295,2,0.218315 586,234,635,257,6,0.004128 282,234,320,287,4,0.002698 292,244,308,290,4,0.001702
/home/dysjin/data/CARLA.v20-carla_v20.coco/valid/041653_png.rf.31aa86a50239c7e6cbc52c66846dac06.jpg 299,236,335,313,0,0.133998 305,240,336,307,1,0.036528 312,254,326,293,0,0.003723 291,245,338,300,3,0.003698 299,245,342,296,6,0.001934 285,241,347,310,4,0.001926 281,203,350,353,0,0.001871 287,188,355,365,5,0.001021
/home/dysjin/data/CARLA.v20-carla_v20.coco/valid/041819_png.rf.374472e0a0868df264a4100cb7734e35.jpg 19,239,68,263,6,0.223853 171,225,184,240,3,0.197966 106,240,136,297,0,0.058334 44,240,65,262,6,0.017953 167,219,189,247,4,0.008864 172,229,184,254,4,0.008562 109,236,139,292,2,0.008326 165,225,177,243,3,0.006021 21,246,47,263,6,0.005948 177,225,193,244,3,0.005022 169,218,181,237,4,0.004773 114,253,128,288,0,0.004544 162,219,174,233,3,0.003826 97,241,140,295,6,0.003442 171,225,188,259,2,0.002796 115,249,133,291,1,0.002567 0,228,86,271,6,0.002397 579,184,640,214,6,0.002168 0,228,7,268,2,0.002056 0,219,12,274,6,0.001474 146,223,157,244,6,0.001371 107,246,132,309,2,0.001282 145,216,156,230,3,0.001213 0,230,13,284,6,0.001198 0,244,23,413,6,0.001096 178,233,194,253,3,0.001010
/home/dysjin/data/CARLA.v20-carla_v20.coco/valid/Town05_010800_png.rf.3489607b659edfbc485537135e06f34b.jpg 0,189,131,269,6,0.280310 308,180,331,257,1,0.098630 309,183,332,255,0,0.096896 130,183,171,204,6,0.044235 68,198,138,239,6,0.020112 105,195,132,245,0,0.017013 311,189,324,209,6,0.009668 315,189,328,234,1,0.005334 314,192,324,232,0,0.005323 122,190,138,204,6,0.005129 155,188,169,207,6,0.003818 343,184,353,200,6,0.003694 369,185,377,201,0,0.003521 280,187,295,201,6,0.003139 296,188,308,202,6,0.003133 118,191,168,217,6,0.003037 356,185,367,200,6,0.002712 333,185,345,202,6,0.002422 296,180,309,194,6,0.002287 128,195,150,212,6,0.001991 133,180,151,197,6,0.001945 306,180,322,196,6,0.001874 117,199,131,242,1,0.001825 296,187,335,249,3,0.001675 152,179,171,196,6,0.001584 369,179,378,193,3,0.001541 290,189,339,237,1,0.001527 118,196,133,219,0,0.001484 0,128,176,344,1,0.001364 370,193,379,220,2,0.001234 50,186,103,290,2,0.001169 243,188,256,204,6,0.001152 113,187,138,233,1,0.001148 268,188,282,203,6,0.001137 78,203,106,218,6,0.001110 231,189,245,206,6,0.001075 25,182,104,276,1,0.001049 112,198,126,222,0,0.001001
/home/dysjin/data/CARLA.v20-carla_v20.coco/valid/Town02_001080_png.rf.2d29b90fb99ccf7727caeaa1914436b4.jpg 279,186,299,203,6,0.255724 302,183,346,316,1,0.253962 95,185,240,286,6,0.200468 0,195,91,380,6,0.164399 295,181,354,320,0,0.015245 339,181,356,196,6,0.013914 12,187,73,211,6,0.013130 332,184,347,200,6,0.012629 318,178,331,193,6,0.009755 307,180,323,192,6,0.009356 289,180,304,197,6,0.008495 367,187,379,205,6,0.007117 0,191,44,223,6,0.006378 308,187,324,203,6,0.004971 355,178,367,195,6,0.003739 274,183,320,206,6,0.002984 65,195,268,380,6,0.002683 298,174,341,301,6,0.002676 141,190,209,286,5,0.002636 45,189,70,210,6,0.002612 0,182,17,234,6,0.002517 0,208,83,307,6,0.002290 50,188,81,219,6,0.002203 0,191,16,249,6,0.002150 259,185,271,204,6,0.001918 60,141,290,335,1,0.001820 329,181,372,203,6,0.001743 354,167,364,183,3,0.001679 598,182,639,212,6,0.001679 313,177,336,213,6,0.001531 29,189,55,209,6,0.001462 176,170,227,276,6,0.001242 0,193,80,265,6,0.001224 7,151,95,380,6,0.001132 307,195,323,220,0,0.001123 242,186,261,203,6,0.001090 309,192,338,253,6,0.001061 220,172,340,286,6,0.001054 4,196,26,219,6,0.001050 0,201,60,237,6,0.001043 300,197,325,267,0,0.001026 632,180,640,216,0,0.001024 291,192,305,217,0,0.001016 18,197,44,217,6,0.001012 292,174,335,196,6,0.001001
/home/dysjin/data/CARLA.v20-carla_v20.coco/valid/Town02_005700_png.rf.39e8547ff43ddaa06ed2b24f114c8a27.jpg 231,203,399,330,6,0.233030 282,185,300,200,6,0.153511 315,181,330,194,6,0.014310 474,185,500,200,6,0.012303 305,187,324,199,6,0.008998 548,186,594,206,6,0.008093 213,191,425,380,6,0.004855 293,176,333,197,6,0.003799 284,239,363,336,5,0.003385 295,209,350,267,3,0.002361 279,183,322,202,6,0.002343 30,104,80,143,6,0.002138 275,184,288,200,6,0.001687 374,185,383,213,2,0.001656 232,179,248,194,6,0.001430 584,185,600,204,6,0.001413 242,180,256,195,6,0.001326 248,142,381,286,6,0.001078 255,179,266,194,6,0.001051 0,105,45,141,6,0.001018 195,166,208,182,3,0.001001
/home/dysjin/data/CARLA.v20-carla_v20.coco/valid/Town02_002040_png.rf.3d0fd4b3b3749ac8ebdf480959eb8e66.jpg 291,183,343,315,1,0.156248 0,187,119,365,6,0.109075 266,190,290,210,6,0.073359 120,193,163,217,6,0.045750 287,186,345,313,0,0.032705 272,188,322,209,6,0.021776 2,166,94,380,6,0.013284 76,193,133,219,6,0.013048 305,191,322,207,6,0.011705 55,189,84,224,6,0.008153 290,180,343,297,6,0.007343 140,188,161,213,6,0.005420 78,169,131,203,6,0.003957 395,163,406,180,3,0.003793 49,173,62,194,3,0.003282 58,187,74,209,6,0.002811 0,223,14,294,6,0.001608 285,191,336,221,6,0.001572 291,194,311,213,6,0.001492 0,194,12,275,1,0.001485 154,194,167,215,0,0.001400 119,196,141,218,6,0.001386 0,204,12,288,6,0.001357 107,197,124,222,6,0.001319 66,197,84,222,0,0.001246 0,95,16,152,6,0.001220 304,181,320,195,6,0.001217 0,137,16,180,6,0.001149 90,189,119,207,6,0.001080 56,162,71,183,3,0.001080 6,129,124,290,6,0.001068 105,188,125,209,6,0.001059 0,108,158,380,1,0.001051
/home/dysjin/data/CARLA.v20-carla_v20.coco/valid/075707_png.rf.2ff4a82560cfe658387e361a6cc43ef0.jpg 167,240,259,305,6,0.428450 309,243,349,271,6,0.291763 236,239,269,276,6,0.083586 0,242,173,439,6,0.044594 2,218,80,480,6,0.038339 249,238,269,274,0,0.008306 210,243,263,290,6,0.005937 343,239,355,261,0,0.003538 325,241,346,261,6,0.003238 2,214,70,480,6,0.002433 56,322,96,354,5,0.001972 364,259,380,276,6,0.001663 351,240,365,257,6,0.001557 630,225,640,315,2,0.001540 232,245,254,271,6,0.001008
/home/dysjin/data/CARLA.v20-carla_v20.coco/valid/138320_png.rf.332f3bdf3abffc7dd973858c3061b801.jpg 56,229,82,290,2,0.256919 52,232,89,284,4,0.006067 63,227,93,306,2,0.002522 317,237,331,251,6,0.002153 60,247,77,287,2,0.001778 49,235,71,301,2,0.001644 54,232,96,281,5,0.001407 64,225,87,276,2,0.001364 366,245,376,272,2,0.001330 0,238,16,307,2,0.001319 242,236,257,254,6,0.001069
/home/dysjin/data/CARLA.v20-carla_v20.coco/valid/003766_png.rf.3dbe103da1003d1fb3bd18ad0d0894b4.jpg 463,197,508,243,3,0.244083 466,196,503,246,4,0.026587 308,240,324,255,6,0.016959 472,209,499,230,5,0.005303 293,238,311,254,6,0.001277 296,236,338,255,6,0.001245
/home/dysjin/data/CARLA.v20-carla_v20.coco/valid/121245_png.rf.3c6765f574e34bb200e320d55fc2ffe7.jpg 270,247,359,315,6,0.367361 628,268,639,296,6,0.003112 0,234,17,287,6,0.002258 0,242,42,276,6,0.002185 0,254,9,289,6,0.001625
/home/dysjin/data/CARLA.v20-carla_v20.coco/valid/Town05_011040_png.rf.3f658b3c60547a5478cb61d6b76eb55c.jpg 0,228,267,347,6,0.085107 315,185,328,215,1,0.039247 312,182,331,218,0,0.025799 629,159,639,190,6,0.005190 106,271,144,304,6,0.002487 304,185,340,212,5,0.001847 377,183,426,205,6,0.001654 158,269,189,306,6,0.001388 325,189,342,206,6,0.001258
/home/dysjin/data/CARLA.v20-carla_v20.coco/valid/Town02_004920_png.rf.3cdedb8ebbe317a63567ec577e3789a8.jpg 305,189,333,244,0,0.077904 370,187,381,202,6,0.070411 309,183,332,244,1,0.041118 331,176,344,192,6,0.008785 313,195,324,229,0,0.008166 166,188,186,202,6,0.007872 358,184,371,202,6,0.006661 342,177,355,192,6,0.005933 265,189,282,202,6,0.005883 218,189,235,203,6,0.005618 627,155,640,210,6,0.004350 257,188,272,202,6,0.004200 295,192,336,242,6,0.003856 206,189,223,203,6,0.003671 376,187,388,203,6,0.003440 311,190,324,212,6,0.003381 607,170,639,282,6,0.002889 315,187,329,209,1,0.002293 344,184,356,202,6,0.002247 416,187,430,213,0,0.002001 280,187,292,204,6,0.001699 366,180,385,207,1,0.001678 319,178,333,195,6,0.001497 390,190,411,205,6,0.001456 404,188,421,208,6,0.001362 586,177,634,274,2,0.001298 242,187,257,203,6,0.001281 178,188,195,203,6,0.001265 412,180,435,216,6,0.001233 227,188,246,204,6,0.001157 197,187,209,207,0,0.001001
/home/dysjin/data/CARLA.v20-carla_v20.coco/valid/Town05_002760_png.rf.41faa57cc70298c90c62fe9f6a3f08c9.jpg 116,188,141,203,6,0.075310 108,188,128,204,6,0.028681 46,187,61,213,2,0.025584 385,185,395,203,6,0.015687 248,180,259,195,6,0.013351 355,185,368,199,6,0.008848 368,185,381,200,6,0.006887 291,179,308,191,6,0.006260 254,184,265,198,0,0.004661 281,177,293,191,6,0.004541 306,181,320,193,6,0.004454 389,185,402,201,6,0.004240 345,185,356,199,6,0.003931 330,184,341,199,0,0.003898 254,179,265,196,6,0.003646 320,178,330,193,6,0.003423 330,179,340,193,6,0.003123 320,184,330,199,0,0.002660 46,193,60,213,6,0.002399 233,185,247,200,6,0.002332 270,178,283,191,6,0.001990 102,187,114,206,6,0.001966 9,134,70,380,6,0.001801 330,167,340,180,3,0.001485 37,183,71,210,1,0.001327 55,188,70,207,2,0.001216 82,187,100,202,6,0.001213 293,185,308,198,6,0.001153 281,168,293,183,6,0.001128 39,187,55,212,0,0.001032 0,176,18,328,6,0.001030 356,165,364,179,3,0.001017 254,167,268,181,6,0.001005
/home/dysjin/data/CARLA.v20-carla_v20.coco/valid/Town02_001740_png.rf.4072bb166a4df4f9403df039e28a73f3.jpg 292,180,342,314,1,0.188605 289,184,345,312,0,0.028431 36,190,53,208,6,0.010572 295,177,341,300,6,0.007185 395,162,406,179,3,0.002942 280,186,294,199,6,0.001713 19,186,68,207,6,0.001619 0,85,18,140,6,0.001470 65,168,120,201,6,0.001349 305,188,322,203,6,0.001061 292,186,306,200,6,0.001037
/home/dysjin/data/CARLA.v20-carla_v20.coco/valid/026849_png.rf.52e90800c02b90489d2521817c6942f7.jpg 422,206,455,240,3,0.100865 429,205,458,240,4,0.005554
/home/dysjin/data/CARLA.v20-carla_v20.coco/valid/Town02_001560_png.rf.44c7e46d6d34263ac9f429ccb2cd2655.jpg 60,190,76,206,6,0.094408 81,193,94,221,6,0.082377 5,168,32,205,6,0.061273 78,191,92,218,0,0.051158 75,188,89,214,6,0.050557 78,190,97,221,1,0.023905 19,182,32,206,6,0.013508 57,187,96,214,6,0.011972 51,189,66,206,6,0.010288 123,189,136,204,6,0.004769 0,174,20,213,6,0.004425 0,145,19,204,6,0.002549 14,169,37,203,1,0.002329 35,187,48,204,6,0.002129 131,189,144,207,6,0.002061 32,187,87,205,6,0.002018 110,189,124,203,6,0.001990 2,124,33,224,6,0.001657 82,204,94,226,0,0.001556 94,191,106,209,0,0.001406 62,180,75,198,6,0.001283 432,151,475,244,2,0.001252 2,169,12,205,6,0.001048
/home/dysjin/data/CARLA.v20-carla_v20.coco/valid/Town02_003420_png.rf.4347a7bee8aec9f5c84eb5295856f9a9.jpg 328,196,381,230,6,0.181260 3,189,115,236,6,0.116769 46,201,111,232,6,0.037562 348,202,374,223,6,0.007312 624,202,640,264,6,0.004954 582,187,633,209,6,0.004304 0,203,73,232,6,0.004226 79,208,106,229,6,0.002971 0,194,14,246,6,0.002306 2,165,73,380,6,0.002203 326,209,346,229,3,0.002151 628,229,640,258,6,0.001804 358,193,383,231,0,0.001657 15,148,127,263,6,0.001556 0,205,8,242,0,0.001412 86,192,114,230,6,0.001390 373,193,430,219,6,0.001226 363,203,378,231,1,0.001221 50,199,87,236,0,0.001186 614,191,640,365,6,0.001163 91,198,110,227,0,0.001059 325,213,381,242,6,0.001056 335,185,382,248,4,0.001028
/home/dysjin/data/CARLA.v20-carla_v20.coco/valid/Town01_006060_png.rf.3d76b002da6076434f028293d0c4a498.jpg 304,185,338,268,0,0.110432 418,195,460,226,6,0.070400 302,190,333,260,1,0.037788 305,194,337,264,6,0.025387 164,208,220,228,6,0.014002 207,204,222,220,6,0.006826 217,204,236,217,6,0.006153 188,210,212,224,6,0.005215 229,202,244,216,6,0.004618 382,194,392,218,2,0.002380 295,195,352,260,4,0.001965 287,154,348,306,0,0.001963 311,206,326,243,0,0.001919 416,199,438,223,6,0.001800 180,206,203,221,6,0.001491 387,195,444,220,6,0.001344 407,183,503,228,6,0.001342 574,163,591,182,6,0.001339 202,201,252,216,6,0.001282 311,212,325,251,5,0.001242 155,212,172,233,6,0.001239 596,139,640,177,6,0.001191 381,189,393,208,6,0.001106 432,199,457,225,0,0.001063 265,188,282,202,6,0.001050 429,202,491,233,6,0.001033 30,208,79,233,6,0.001000
/home/dysjin/data/CARLA.v20-carla_v20.coco/valid/Town02_007800_png.rf.4e6520c0e9dd39a93f5048a2caea0283.jpg 348,197,424,222,6,0.104528 609,186,640,234,6,0.093391 510,187,533,203,6,0.049160 620,204,640,260,6,0.042574 400,205,441,227,6,0.041367 307,191,320,203,6,0.023897 295,190,307,202,6,0.022432 320,199,391,224,6,0.021854 279,189,296,200,6,0.021015 314,191,329,205,6,0.007354 536,188,556,206,6,0.006365 516,186,574,206,6,0.005161 360,204,390,218,6,0.005154 615,206,634,233,6,0.004954 622,207,639,234,5,0.004762 271,188,287,201,6,0.003595 216,186,233,201,6,0.002840 624,195,638,223,6,0.002711 573,188,590,208,6,0.002645 603,196,640,243,3,0.002497 315,192,421,242,6,0.002409 584,190,606,207,6,0.002080 502,176,549,202,6,0.002054 622,172,640,320,6,0.002028 0,193,13,248,6,0.002002 391,201,413,221,6,0.001761 546,186,599,209,6,0.001716 327,191,346,209,6,0.001636 610,220,640,266,6,0.001551 336,203,363,222,6,0.001459 337,189,395,214,6,0.001412 326,201,349,222,6,0.001390 617,216,635,245,0,0.001379 316,188,368,213,6,0.001326 503,180,521,197,6,0.001300 579,187,640,212,6,0.001264 0,204,8,242,0,0.001202 520,181,544,197,6,0.001177 0,146,14,196,6,0.001058 564,135,628,380,6,0.001025 44,196,59,224,2,0.001021
/home/dysjin/data/CARLA.v20-carla_v20.coco/valid/Town01_001860_png.rf.53e5db5983ad00d8986ebdc44e1e76ef.jpg 211,201,430,365,6,0.340845 290,185,308,201,6,0.117556 299,188,324,202,6,0.035839 314,187,333,203,6,0.020066 144,190,163,210,6,0.010299 283,254,362,322,5,0.007961 137,189,149,210,6,0.007824 283,181,302,197,6,0.007196 407,170,466,198,6,0.005241 233,186,250,201,6,0.004480 280,176,320,201,6,0.002571 155,186,168,213,2,0.002069 328,185,340,206,6,0.001757 272,186,287,200,6,0.001562 287,191,343,216,6,0.001558 98,187,112,208,6,0.001204 253,186,269,200,6,0.001077 0,171,17,225,6,0.001045 155,192,168,216,0,0.001044 290,193,308,212,6,0.001039 135,181,154,212,1,0.001038 216,177,235,192,6,0.001000
/home/dysjin/data/CARLA.v20-carla_v20.coco/valid/Town01_006120_png.rf.405fede50ad311216cb9943968a5cdf5.jpg 317,192,330,217,6,0.135458 315,188,333,221,1,0.031484 314,183,332,218,0,0.029580 355,177,366,194,3,0.009591 357,183,367,201,0,0.006537 388,174,406,188,6,0.004734 347,179,359,192,3,0.002543 317,179,328,198,3,0.002537 364,185,376,200,0,0.001796 308,186,337,213,5,0.001745 0,187,13,255,6,0.001490 353,167,365,182,3,0.001451 367,172,413,193,6,0.001190 346,185,361,202,6,0.001157 295,188,308,202,6,0.001055 317,202,329,228,0,0.001050 329,180,339,195,3,0.001004
/home/dysjin/data/CARLA.v20-carla_v20.coco/valid/041864_png.rf.51f1d81198f2e5b7a450f586235760ec.jpg 88,236,223,317,6,0.169441 300,238,327,288,0,0.144446 415,210,443,241,3,0.103869 192,229,238,260,6,0.026547 308,245,322,281,1,0.015542 292,240,331,285,6,0.008016 69,276,122,317,6,0.005514 214,230,235,257,0,0.004579 411,214,448,243,4,0.003987 355,214,366,234,3,0.003772 293,241,328,290,1,0.003316 178,227,232,318,6,0.002940 354,221,365,244,2,0.002391 211,226,237,286,0,0.002200 202,227,233,287,6,0.002151 144,230,205,347,5,0.002058 48,185,280,384,2,0.001719 30,243,240,480,6,0.001381 181,221,231,249,6,0.001366 364,215,379,232,3,0.001182 203,228,228,248,6,0.001147 105,261,146,315,1,0.001144 572,159,640,480,6,0.001012
/home/dysjin/data/CARLA.v20-carla_v20.coco/valid/Town01_012060_png.rf.58e57e1a7e8d4f630323ae1827ca68bc.jpg 564,197,607,219,6,0.203930 336,185,357,201,6,0.070831 305,192,318,205,6,0.006605 618,177,631,194,3,0.005127 319,187,334,201,6,0.004906 277,190,294,203,6,0.004521 265,190,285,202,6,0.003887 295,191,307,205,6,0.001830 329,178,368,199,6,0.001777 580,192,605,211,6,0.001673 539,186,626,229,6,0.001638 625,171,637,198,6,0.001586 389,184,437,211,6,0.001545 583,205,608,226,6,0.001442 388,187,405,212,6,0.001433 349,186,366,202,6,0.001365 596,199,613,224,0,0.001012
/home/dysjin/data/CARLA.v20-carla_v20.coco/valid/009044_png.rf.59d4a83882b4b6af242cbd9e0e31ba80.jpg 561,219,576,240,3,0.104865 0,210,11,237,4,0.024263 0,199,15,247,3,0.022805 560,216,576,238,4,0.008435 0,200,14,261,6,0.003222 555,214,577,246,5,0.002509 0,206,23,240,4,0.002191 546,218,585,244,4,0.001473 141,240,161,260,6,0.001256 340,228,353,244,3,0.001222 0,208,14,280,6,0.001216 0,228,12,286,6,0.001057
/home/dysjin/data/CARLA.v20-carla_v20.coco/valid/Town02_002520_png.rf.55f8a7c01a8e4b86c99a794d7b61cd5d.jpg 167,199,220,236,6,0.276632 218,204,407,329,6,0.249252 521,184,633,258,6,0.041269 195,196,435,380,6,0.004311 281,240,365,335,5,0.004278 31,205,83,232,6,0.004177 144,175,158,191,3,0.003301 291,206,353,271,3,0.002848 242,142,391,286,6,0.001976 388,149,403,168,3,0.001811 190,208,214,230,6,0.001674 188,202,215,223,0,0.001430 175,208,211,230,0,0.001265 0,196,16,244,6,0.001123 512,213,563,252,6,0.001083
/home/dysjin/data/CARLA.v20-carla_v20.coco/valid/Town02_008760_png.rf.5bfb07b6a5fbe6700b4b9c150b9c6576.jpg 272,201,365,345,6,0.181184 272,189,289,204,6,0.162985 507,180,562,211,6,0.136154 384,181,437,209,6,0.107760 598,189,620,209,6,0.059777 544,180,596,209,6,0.049332 568,183,628,207,6,0.024703 341,186,357,200,6,0.014744 0,182,17,234,6,0.009981 560,186,583,207,6,0.009586 521,186,548,207,6,0.008853 220,188,231,207,6,0.005379 351,185,366,200,6,0.004928 229,189,246,203,6,0.004731 626,190,640,252,6,0.004322 142,175,156,191,3,0.003537 243,189,257,204,6,0.003524 261,188,274,204,6,0.003472 387,180,410,197,6,0.003046 411,178,434,196,6,0.002537 414,183,435,208,0,0.002456 427,195,438,220,0,0.002366 335,186,348,202,6,0.002210 268,184,304,202,6,0.002156 278,181,291,198,6,0.002028 435,181,489,207,6,0.002011 595,191,640,219,6,0.001980 499,163,604,212,6,0.001839 533,185,555,209,0,0.001632 0,180,9,217,6,0.001608 607,195,629,215,6,0.001589 380,186,400,204,6,0.001481 471,182,530,210,6,0.001427 275,190,310,359,1,0.001350 0,199,10,241,6,0.001109 551,185,574,208,0,0.001060 0,160,16,210,6,0.001056 0,200,14,260,6,0.001033 571,176,593,198,6,0.001020 629,194,639,222,0,0.001017 210,189,223,207,0,0.001004
/home/dysjin/data/CARLA.v20-carla_v20.coco/valid/Town01_008100_png.rf.5942043a53e2ea3c62572bf7029ed896.jpg 278,191,295,204,6,0.253309 387,197,405,210,6,0.056232 339,190,360,202,6,0.029091 290,187,302,203,6,0.015307 174,184,186,208,0,0.015305 354,190,366,202,6,0.012482 331,187,343,201,6,0.010490 90,187,145,212,6,0.009883 306,187,317,199,6,0.006435 425,192,443,207,6,0.006149 416,193,434,207,6,0.005639 321,186,332,199,6,0.005111 365,192,380,206,6,0.004877 143,182,193,205,6,0.002296 113,195,142,212,6,0.001945 354,180,366,195,3,0.001937 441,196,457,213,0,0.001538 156,186,178,203,6,0.001484 401,188,453,207,6,0.001432 340,197,358,210,6,0.001393 179,184,191,210,2,0.001374 403,192,416,208,6,0.001343 585,185,604,200,6,0.001289
/home/dysjin/data/CARLA.v20-carla_v20.coco/valid/Town01_010680_png.rf.5537782525200ced228c602e6dcc3456.jpg 371,180,382,192,3,0.095348 319,190,332,203,6,0.018744 330,190,340,203,6,0.014422 232,188,242,206,6,0.010996 310,191,321,205,6,0.010245 370,182,380,199,6,0.006809 222,186,235,203,6,0.002999 341,188,351,204,6,0.002722 375,179,388,195,3,0.002390 154,184,177,200,6,0.002002 166,184,184,200,6,0.001884 178,185,200,199,6,0.001788 294,191,306,204,6,0.001673 190,185,208,199,6,0.001293 281,189,294,205,6,0.001043 320,182,331,195,6,0.001027
/home/dysjin/data/CARLA.v20-carla_v20.coco/valid/121155_png.rf.5eeb1497380edc240a771f68b9d34669.jpg 227,260,406,379,6,0.341590 560,218,597,301,2,0.211386 274,284,372,391,5,0.004855 203,262,449,480,6,0.004625 562,224,609,285,6,0.003640 580,217,606,285,2,0.002961 545,174,616,341,2,0.002960 309,239,322,259,6,0.002234 546,230,613,300,4,0.001711 251,192,378,335,6,0.001067
/home/dysjin/data/CARLA.v20-carla_v20.coco/valid/007085_png.rf.5a7141063cfddac158b01dce18de1e48.jpg 429,206,464,242,3,0.141961 423,205,462,244,4,0.004545 430,213,450,236,4,0.001740 535,179,578,276,2,0.001120
/home/dysjin/data/CARLA.v20-carla_v20.coco/valid/Town05_006720_png.rf.717ce1e22225ab6a97befb2b8effcc2a.jpg 182,194,218,248,6,0.106547 91,193,115,205,6,0.021287 354,181,367,194,6,0.020184 369,182,383,194,6,0.018665 345,181,357,195,6,0.016356 100,188,154,205,6,0.014845 101,193,128,205,6,0.013038 129,190,148,206,6,0.008323 335,186,345,200,6,0.007811 379,178,388,192,3,0.006888 317,186,331,199,6,0.006449 192,205,213,235,6,0.004012 203,195,218,224,0,0.002970 306,186,320,200,6,0.002499 243,187,255,203,6,0.002177 199,190,222,232,1,0.001847 197,195,223,245,0,0.001823 8,145,72,380,6,0.001678 82,194,131,213,6,0.001540 379,183,388,200,0,0.001483 196,191,211,212,6,0.001400 162,160,228,294,0,0.001273 379,168,389,183,3,0.001258 233,187,245,203,6,0.001245 0,167,13,225,6,0.001240 186,206,203,239,0,0.001154 392,207,403,235,2,0.001146 144,189,155,208,0,0.001057
/home/dysjin/data/CARLA.v20-carla_v20.coco/valid/Town01_006600_png.rf.612f31973b2db2fda3ee5293fd937a64.jpg 373,190,393,211,6,0.040729 291,193,306,207,6,0.003466 281,197,296,210,6,0.003453 255,198,270,210,6,0.002326 241,198,258,211,6,0.002139 233,197,249,213,6,0.001423 268,197,282,211,0,0.001317 217,198,236,213,6,0.001088
/home/dysjin/data/CARLA.v20-carla_v20.coco/valid/112469_png.rf.4fea3a1e3f0858f468ecb362968a08fb.jpg 311,235,340,297,2,0.104992 320,243,336,283,4,0.003921 306,236,348,289,1,0.002612 587,233,636,257,6,0.002228 308,234,344,298,4,0.002042
/home/dysjin/data/CARLA.v20-carla_v20.coco/valid/Town05_009540_png.rf.67accf9da191af14c5f05da1b6fe1e58.jpg 598,186,639,208,6,0.100861 625,181,639,213,6,0.003326 622,175,638,214,0,0.002273 0,195,21,354,6,0.001979 415,187,432,201,6,0.001676 603,167,640,209,6,0.001315 598,195,625,211,6,0.001221 0,187,19,324,6,0.001155 404,184,417,201,6,0.001056
/home/dysjin/data/CARLA.v20-carla_v20.coco/valid/041820_png.rf.69e77a8e269d90d89efc21e5026a7083.jpg 32,243,77,264,6,0.213203 113,237,142,295,0,0.083846 180,224,193,243,3,0.041212 105,241,151,285,6,0.012436 180,231,194,257,2,0.009243 120,251,136,287,1,0.005874 177,216,197,253,2,0.004237 108,238,144,294,1,0.003011 173,217,186,234,3,0.002859 123,234,150,291,2,0.001782 180,217,193,236,4,0.001722 15,232,102,274,6,0.001643 172,220,208,246,4,0.001396 190,227,208,244,3,0.001323 0,223,14,271,6,0.001237 593,192,640,223,6,0.001052 117,218,149,365,0,0.001037
/home/dysjin/data/CARLA.v20-carla_v20.coco/valid/121278_png.rf.6607158f1164a75baf620dcb66d1b07e.jpg 271,247,361,313,6,0.322694 242,242,261,260,6,0.019958 231,239,275,262,6,0.004204 233,246,252,261,6,0.003092 277,276,331,316,6,0.001382 249,246,271,260,6,0.001108
/home/dysjin/data/CARLA.v20-carla_v20.coco/valid/Town02_004620_png.rf.7280640e1c163e7c4b28010b90659788.jpg 232,202,396,333,6,0.247371 280,185,299,200,6,0.155397 131,184,174,203,6,0.078263 311,184,326,201,6,0.047643 288,184,310,199,6,0.017478 344,186,354,208,6,0.007622 212,189,426,380,6,0.004425 276,177,325,199,6,0.004290 332,180,342,197,6,0.003935 281,236,365,339,5,0.003918 333,186,347,203,0,0.003496 151,178,171,198,6,0.003118 458,219,491,266,6,0.001992 342,176,353,196,6,0.001976 299,210,345,266,3,0.001952
/home/dysjin/data/CARLA.v20-carla_v20.coco/valid/Town05_016500_png.rf.75b431585ae9c755044e81517b796324.jpg 116,192,217,241,6,0.217441 346,191,397,230,6,0.178948 0,193,89,295,6,0.169554 456,181,475,196,3,0.055330 159,197,222,225,6,0.022466 427,189,439,211,6,0.016941 370,187,395,236,0,0.007853 1,162,80,380,6,0.007377 365,197,388,221,6,0.007101 427,194,439,213,2,0.006857 0,174,19,220,6,0.006195 452,176,480,196,4,0.004235 206,197,222,224,0,0.003897 332,179,342,192,6,0.003736 334,187,344,201,6,0.003713 245,191,257,205,6,0.003597 112,211,177,245,6,0.003251 0,144,45,174,6,0.002931 0,192,11,223,6,0.002825 128,199,188,229,6,0.002704 0,160,18,211,6,0.002704 189,199,215,219,6,0.002612 376,189,389,209,0,0.002542 255,192,267,206,6,0.002259 351,192,374,210,6,0.002151 0,104,88,320,6,0.002052 423,182,443,214,1,0.002027 341,191,359,206,6,0.001981 133,186,198,248,5,0.001962 319,187,331,199,6,0.001778 177,201,204,219,6,0.001719 117,198,143,242,6,0.001656 118,149,225,273,6,0.001624 282,191,292,207,6,0.001624 293,190,305,204,6,0.001460 269,191,281,207,6,0.001434 0,149,19,196,6,0.001393 451,174,489,197,3,0.001367 304,188,316,202,6,0.001261 403,187,418,200,6,0.001257 166,202,189,219,6,0.001134 0,191,15,248,6,0.001072 235,189,248,205,6,0.001046 4,194,23,218,6,0.001006 190,192,212,207,6,0.001000
/home/dysjin/data/CARLA.v20-carla_v20.coco/valid/Town02_001020_png.rf.79741d4293c684a4f4e895c08f1290d5.jpg 300,180,347,318,1,0.216099 0,197,90,380,6,0.183611 290,184,332,211,6,0.096991 30,191,77,218,6,0.089870 277,187,298,202,6,0.075960 295,178,354,322,0,0.020260 0,186,83,380,6,0.014813 339,181,356,196,6,0.013569 332,183,348,202,6,0.011793 295,170,343,299,6,0.010410 367,186,378,205,6,0.006680 182,186,228,213,6,0.005579 314,179,333,196,6,0.005448 356,178,367,196,6,0.003769 196,183,258,208,6,0.002365 298,175,348,200,6,0.002341 0,209,83,305,6,0.002272 191,195,213,212,6,0.002186 328,181,371,203,6,0.002139 300,181,326,197,6,0.001907 271,176,313,202,6,0.001707 358,183,369,204,0,0.001686 354,167,364,184,3,0.001673 257,186,271,204,6,0.001536 0,192,80,261,6,0.001525 294,193,315,215,6,0.001249 307,184,337,231,6,0.001182 281,181,350,240,6,0.001150 17,200,72,234,6,0.001073 365,178,378,197,3,0.001067 278,194,298,212,6,0.001067
/home/dysjin/data/CARLA.v20-carla_v20.coco/valid/004996_png.rf.758bfe0873e6cba6e1d99146894cae01.jpg 489,256,512,315,2,0.174152 302,251,324,264,6,0.002356 492,270,507,313,4,0.002293 315,252,336,265,6,0.002022 482,257,517,311,4,0.001910 290,247,340,265,6,0.001262 327,250,347,264,6,0.001129
/home/dysjin/data/CARLA.v20-carla_v20.coco/valid/Town02_001620_png.rf.77cda18f042297c4b15936a35acef602.jpg 302,188,334,254,1,0.101404 305,178,337,257,0,0.041783 308,185,335,240,6,0.041588 522,140,635,217,6,0.006163 312,203,325,240,0,0.005320 315,188,330,210,6,0.004757 264,178,284,192,6,0.004669 229,186,244,202,6,0.004608 221,186,235,204,6,0.004174 314,192,331,228,0,0.003972 242,186,258,201,6,0.003090 180,189,195,212,6,0.002611 255,179,274,194,6,0.002591 174,184,186,213,0,0.002361 253,173,297,194,6,0.001615 37,194,95,221,6,0.001390 123,182,179,213,6,0.001328 181,194,196,212,2,0.001303 294,176,307,191,6,0.001216 309,179,323,194,6,0.001051 391,189,405,208,6,0.001019
/home/dysjin/data/CARLA.v20-carla_v20.coco/valid/112362_png.rf.868e587d8bdd37c81e4872223fbdbeb4.jpg 149,229,169,281,2,0.121549 141,233,174,277,3,0.002143 586,232,636,257,6,0.001656
/home/dysjin/data/CARLA.v20-carla_v20.coco/valid/Town05_010080_png.rf.88fb23d739ffa2beacd3c5735d172d03.jpg 269,184,284,199,6,0.196068 316,187,328,213,6,0.145061 313,186,325,213,0,0.087286 312,184,331,216,1,0.042571 248,180,258,193,6,0.017575 259,181,271,194,6,0.009605 278,181,290,196,6,0.006849 327,185,338,205,0,0.005378 318,181,329,198,6,0.004649 329,181,340,194,6,0.004456 308,186,337,210,5,0.003832 312,181,323,198,6,0.003210 256,168,266,182,6,0.003173 249,167,257,183,3,0.002602 294,181,307,192,6,0.002393 296,186,310,201,6,0.002101 0,31,44,65,6,0.001873 4,23,126,73,6,0.001833 233,185,246,198,6,0.001537 403,196,414,217,2,0.001022
/home/dysjin/data/CARLA.v20-carla_v20.coco/valid/026847_png.rf.7a28094ba474fb2fab06e58f1ebea83c.jpg 411,208,444,239,3,0.100334 0,233,11,307,2,0.005831 0,221,10,298,2,0.004663 408,213,451,243,4,0.001215
/home/dysjin/data/CARLA.v20-carla_v20.coco/valid/075709_png.rf.7dd638ab9af378bf60aaa2fb92a0aea4.jpg 166,240,259,306,6,0.432768 310,242,349,271,6,0.278144 237,240,268,276,6,0.099472 0,241,173,440,6,0.050056 2,219,81,480,6,0.038776 249,238,270,274,0,0.007411 210,243,264,290,6,0.005366 344,239,356,261,0,0.003948 1,217,70,480,6,0.002524 55,322,97,355,5,0.002129 352,240,365,257,6,0.001704 365,258,381,277,6,0.001525 243,251,261,281,0,0.001077
/home/dysjin/data/CARLA.v20-carla_v20.coco/valid/Town02_007380_png.rf.8809896fc46f6266a6729640bbc68e4c.jpg 578,195,639,219,6,0.162888 273,191,287,205,6,0.040548 555,200,618,234,6,0.019078 582,201,611,218,6,0.014859 556,207,590,258,6,0.005713 596,201,627,217,6,0.005331 256,191,275,203,6,0.003516 291,186,303,201,6,0.003362 560,200,586,218,6,0.003211 625,173,638,224,0,0.003100 267,184,306,203,6,0.002137 548,187,603,216,6,0.002093 558,191,591,223,2,0.001845 612,190,636,212,0,0.001778 604,180,640,218,6,0.001745 0,181,15,234,6,0.001712 571,207,597,226,6,0.001478 0,189,15,250,6,0.001380 616,192,640,367,6,0.001230 317,186,331,201,6,0.001126 549,198,568,218,6,0.001010
/home/dysjin/data/CARLA.v20-carla_v20.coco/valid/Town01_007500_png.rf.7e4c2487265d812d93246e09a19aeab2.jpg 257,196,280,213,6,0.151823 534,168,639,219,6,0.145576 525,177,553,211,6,0.052438 151,209,206,229,6,0.051583 607,169,639,225,6,0.011235 177,212,202,227,6,0.008450 153,215,178,231,6,0.008038 279,191,291,206,6,0.004611 190,209,209,225,6,0.003757 220,201,234,215,6,0.003621 305,181,317,193,6,0.003376 530,182,555,211,0,0.003027 292,189,307,201,6,0.002881 362,183,411,209,6,0.002697 251,196,264,212,6,0.002228 232,199,244,214,6,0.002049 124,212,186,234,6,0.001789 567,163,632,224,5,0.001724 207,203,220,219,6,0.001513 293,182,309,194,6,0.001483 624,194,640,222,6,0.001422 96,216,161,246,6,0.001360 557,171,588,220,2,0.001341 614,182,634,213,0,0.001324 398,184,450,210,6,0.001245 615,185,640,374,6,0.001102 0,218,10,247,6,0.001097 143,216,164,232,6,0.001093 391,188,410,212,0,0.001015
/home/dysjin/data/CARLA.v20-carla_v20.coco/valid/Town05_007500_png.rf.8a81a882e564e9e99b5c951d3e18dbbc.jpg 353,183,395,201,6,0.208703 133,185,180,202,6,0.027840 303,180,318,193,6,0.019821 254,179,267,197,6,0.010625 348,184,363,200,6,0.006370 130,189,150,203,6,0.004702 390,180,401,198,6,0.003745 121,187,134,206,6,0.003611 405,179,415,195,6,0.003096 0,186,19,358,6,0.002989 315,178,328,192,6,0.002843 458,187,469,209,0,0.002671 389,183,401,203,0,0.002372 0,175,17,328,6,0.002332 248,182,262,201,0,0.001933 266,179,280,196,6,0.001790 281,178,295,192,6,0.001751 463,187,475,209,2,0.001551 415,178,426,192,6,0.001349 111,185,125,203,6,0.001001
/home/dysjin/data/CARLA.v20-carla_v20.coco/valid/Town02_005520_png.rf.8a9d2ba4122736ea3845c9e405936cce.jpg 72,200,138,221,6,0.099171 606,187,640,232,6,0.084385 37,200,105,220,6,0.027557 102,202,131,221,6,0.011970 31,187,142,229,6,0.009982 0,199,11,223,6,0.009463 39,209,66,223,6,0.005134 64,204,96,219,6,0.003458 79,202,108,220,6,0.003250 116,199,132,223,0,0.002873 589,171,634,243,6,0.002708 0,196,17,240,6,0.002366 624,193,639,226,6,0.002256 50,204,80,221,6,0.002256 614,204,635,233,5,0.001854 315,188,337,202,6,0.001801 627,202,639,239,0,0.001797 4,199,23,219,6,0.001465 0,197,64,218,6,0.001350 607,161,636,213,6,0.001250 0,196,25,226,0,0.001107 326,190,350,203,6,0.001076
/home/dysjin/data/CARLA.v20-carla_v20.coco/valid/041735_png.rf.891d950e6341a379e0a80f54f49c126a.jpg 271,232,307,313,0,0.205411 264,245,311,301,6,0.007429 282,255,299,291,0,0.003200 254,202,322,352,0,0.002663 259,239,320,309,4,0.002280 281,240,311,305,1,0.001905
/home/dysjin/data/CARLA.v20-carla_v20.coco/valid/041669_png.rf.8f16c7cc68671f71ba068edf120b2a61.jpg 297,235,336,314,0,0.175998 305,241,336,307,1,0.033623 291,246,339,300,6,0.005491 311,256,326,292,0,0.004672 280,204,351,351,0,0.002962 286,241,347,311,4,0.002930 313,253,330,295,1,0.001211 286,191,357,361,5,0.001066
/home/dysjin/data/CARLA.v20-carla_v20.coco/valid/003814_png.rf.9123d8ff8e23490d6f5201cb816e4fc2.jpg 545,173,621,247,3,0.230425 287,242,316,258,6,0.137327 527,148,640,265,4,0.009152 286,245,300,262,0,0.002927 313,241,329,257,6,0.001888 617,68,640,184,6,0.001462 266,241,285,257,6,0.001054 237,243,295,268,6,0.001047
/home/dysjin/data/CARLA.v20-carla_v20.coco/valid/005413_png.rf.9000d6e877ce40e1d5bd5387ece453c2.jpg 105,234,125,275,2,0.210573 81,230,107,283,2,0.123730 92,232,118,281,2,0.112088 87,235,125,275,6,0.013010 115,233,132,277,2,0.003377 98,234,130,273,4,0.002851 413,241,435,260,6,0.001863 533,251,590,290,6,0.001862 73,226,95,287,2,0.001575 90,220,121,313,2,0.001512
/home/dysjin/data/CARLA.v20-carla_v20.coco/valid/Town01_001500_png.rf.9254a251a5c6eb6313adba6a6adf1620.jpg 387,175,403,192,3,0.108248 383,170,407,194,4,0.007097 0,129,17,191,6,0.006120 219,198,233,215,6,0.001910 0,173,15,220,6,0.001899 304,197,320,211,6,0.001701 0,156,16,211,6,0.001526 292,197,306,211,6,0.001412 179,198,192,216,2,0.001382 226,199,247,214,6,0.001175 317,197,332,211,6,0.001118 0,195,9,226,6,0.001061
/home/dysjin/data/CARLA.v20-carla_v20.coco/valid/Town05_004680_png.rf.93664881511a21c1adf050e2e8993477.jpg 318,169,410,221,6,0.267286 245,185,266,204,6,0.201070 280,181,295,196,6,0.055319 383,176,415,215,6,0.037947 269,182,286,196,6,0.014716 251,183,303,201,6,0.005538 319,177,357,220,2,0.005139 627,171,638,200,6,0.004616 290,180,304,195,6,0.004025 394,176,420,212,0,0.003491 400,176,415,197,6,0.003287 620,172,640,321,6,0.002725 325,174,383,203,6,0.002156 628,184,640,282,2,0.002086 219,182,273,201,6,0.001774 0,162,18,205,6,0.001472 0,167,41,198,6,0.001344 236,183,254,201,6,0.001273 319,182,334,210,2,0.001239 182,186,199,203,6,0.001159 336,187,360,209,5,0.001156 620,172,632,198,0,0.001085
/home/dysjin/data/CARLA.v20-carla_v20.coco/valid/138312_png.rf.93c512dad514948e54a85fd6860eba4e.jpg 92,232,114,281,2,0.234496 88,233,120,278,4,0.003668 103,236,121,263,2,0.002224 315,236,330,250,6,0.001754 0,247,13,324,2,0.001600 308,237,322,252,6,0.001187 355,214,366,231,3,0.001096
/home/dysjin/data/CARLA.v20-carla_v20.coco/valid/005160_png.rf.922d9f2da21b5b11121905df87e629d7.jpg 400,212,429,241,3,0.088599 399,211,431,242,4,0.021417
