/home/dysjin/data/CARLA.v20-carla_v20.coco/valid/Town02_006840_png.rf.a4a970c10202604d1dd8c41fe9097525.jpg 565,176,580,193,0,0.378277 560,159,582,194,0,0.016018 564,61,603,105,1,0.015079 444,189,458,200,0,0.006017 555,184,570,198,0,0.003922 0,151,14,217,0,0.002389 172,165,186,177,0,0.001398 518,190,531,202,0,0.001158
/home/dysjin/data/CARLA.v20-carla_v20.coco/valid/Town02_002640_png.rf.ac6bee6a9e4c4b2a1e149670c97196c1.jpg 390,174,408,190,0,0.683949 392,181,408,199,0,0.001661
/home/dysjin/data/CARLA.v20-carla_v20.coco/valid/007096_png.rf.a26873f70f1467f54f0fd09ea8c1731b.jpg 544,169,625,249,1,0.468597 531,184,622,247,0,0.063837 537,184,623,247,2,0.006233
/home/dysjin/data/CARLA.v20-carla_v20.coco/valid/Town02_006480_png.rf.aec43468267a9993201d034f7031ee5c.jpg 354,173,366,185,0,0.343750 346,166,362,185,0,0.198786 366,174,378,186,0,0.041991 346,185,359,196,0,0.028832 357,185,368,196,0,0.004525 335,185,351,196,0,0.001220
/home/dysjin/data/CARLA.v20-carla_v20.coco/valid/051305_png.rf.af3e2dc55ae45fc793f7f25eb6fdf7b4.jpg 431,207,461,244,0,0.824183
/home/dysjin/data/CARLA.v20-carla_v20.coco/valid/007291_png.rf.b33e9d647d42777054dfb5f46d23bbad.jpg 386,223,404,240,0,0.835713 385,232,398,248,0,0.003599
/home/dysjin/data/CARLA.v20-carla_v20.coco/valid/003752_png.rf.bb0716bc5b93fa8b10f41577e20a2f35.jpg 399,219,426,240,1,0.427393 397,220,426,239,0,0.326966
/home/dysjin/data/CARLA.v20-carla_v20.coco/valid/005173_png.rf.c24ac196d86260d3a384e12093bfa5ef.jpg 475,185,526,252,1,0.199889 483,186,532,252,0,0.107871
/home/dysjin/data/CARLA.v20-carla_v20.coco/valid/003769_png.rf.c5c0c17fa97551316c57744e9608f796.jpg 496,185,546,254,0,0.307582 488,188,542,249,1,0.029618
/home/dysjin/data/CARLA.v20-carla_v20.coco/valid/004966_png.rf.c9d8d72d0920460b612251c5fddc5770.jpg 434,200,464,241,1,0.528920 429,202,468,239,2,0.454212 435,198,477,242,0,0.004942
/home/dysjin/data/CARLA.v20-carla_v20.coco/valid/001638_png.rf.c98e4c5bc2a68de358073a26469c81b2.jpg 425,210,455,240,0,0.935930
/home/dysjin/data/CARLA.v20-carla_v20.coco/valid/051274_png.rf.d5f64278c64b556983082379a316485f.jpg 564,170,640,247,0,0.394766 570,161,633,256,1,0.372466 543,129,640,305,0,0.005020
/home/dysjin/data/CARLA.v20-carla_v20.coco/valid/Town01_001440_png.rf.e4b4351effd31d5b433710cffb8243e4.jpg 387,178,403,194,0,0.625772 345,178,356,188,0,0.001903 380,173,396,207,0,0.001866 358,185,372,198,0,0.001665 344,186,360,198,0,0.001106
/home/dysjin/data/CARLA.v20-carla_v20.coco/valid/041811_png.rf.e8d4c17844854d24f9b2bec66a8a8889.jpg 48,223,65,241,0,0.560290 50,215,62,236,0,0.009171
/home/dysjin/data/CARLA.v20-carla_v20.coco/valid/001519_png.rf.e42bb854e84b40164ed2795569b2eb6f.jpg 574,221,591,240,0,0.699855 571,233,583,248,0,0.014533 577,232,591,249,0,0.003072
/home/dysjin/data/CARLA.v20-carla_v20.coco/valid/001509_png.rf.ed3baed466e7f65c1a01fb57bf942b65.jpg 574,220,591,240,0,0.711437 571,233,583,248,0,0.018233 576,232,590,249,0,0.003068
/home/dysjin/data/CARLA.v20-carla_v20.coco/valid/026829_png.rf.e6f26e62f316568466a95ba7fd18d850.jpg 374,222,393,238,0,0.876924 372,232,386,248,0,0.001148
/home/dysjin/data/CARLA.v20-carla_v20.coco/valid/007076_png.rf.d635d979c35f5dd6da756ef9889aef0b.jpg 396,219,420,241,2,0.505030 398,212,422,240,1,0.462886 397,215,417,244,0,0.043850
/home/dysjin/data/CARLA.v20-carla_v20.coco/valid/Town02_006960_png.rf.eedfb90c1deb0d66a31341acd2e08f4f.jpg 145,163,170,184,0,0.795043
/home/dysjin/data/CARLA.v20-carla_v20.coco/valid/041861_png.rf.f5f3812ca6c536c5c25bea3d596be111.jpg 402,208,432,242,0,0.831152 399,175,450,242,0,0.001454
/home/dysjin/data/CARLA.v20-carla_v20.coco/valid/003755_png.rf.f6343810071c5f5401b5697ef363285d.jpg 408,210,437,242,0,0.633636
/home/dysjin/data/CARLA.v20-carla_v20.coco/valid/001630_png.rf.ff5ced110f03f998a7a6998ddf647fd2.jpg 411,214,437,237,0,0.876975
/home/dysjin/data/CARLA.v20-carla_v20.coco/valid/003751_png.rf.0ff9ef7c8c8e4f5eab52437609a3b501.jpg 397,220,421,241,1,0.410691 390,220,421,239,0,0.148832
/home/dysjin/data/CARLA.v20-carla_v20.coco/valid/Town02_008820_png.rf.135414697b8215dc125af6b125d3058c.jpg 142,173,159,189,0,0.068093 394,185,410,199,0,0.049753 428,178,443,189,0,0.020880 394,178,407,192,0,0.020199 419,177,433,189,0,0.015885 386,186,399,198,0,0.003756 405,184,421,199,0,0.002733 418,185,433,198,0,0.002492 394,197,408,210,0,0.002098 372,180,384,190,0,0.002028 372,187,385,199,0,0.001787 405,177,420,191,0,0.001508 384,177,397,190,0,0.001280 429,185,443,199,0,0.001220
/home/dysjin/data/CARLA.v20-carla_v20.coco/valid/006578_png.rf.21f08e8ed63ab67b3ef05528af8ef9e6.jpg 371,222,387,237,0,0.739722 371,232,385,249,0,0.001848
/home/dysjin/data/CARLA.v20-carla_v20.coco/valid/Town02_006720_png.rf.2632fd4f3d65ff215e84d472badfd870.jpg 565,176,581,193,0,0.404329 560,158,584,195,0,0.034424 564,61,603,105,1,0.010949 0,151,14,217,0,0.002300 555,184,570,198,0,0.002189 443,187,458,200,0,0.002167 172,165,185,177,0,0.001875 518,190,531,202,0,0.001060 535,148,581,212,0,0.001055
/home/dysjin/data/CARLA.v20-carla_v20.coco/valid/007070_png.rf.2316a0a54db7e4a749f421570aadd160.jpg 385,222,405,238,2,0.515817 383,220,407,243,1,0.102735 388,198,402,252,2,0.005338 383,218,406,243,0,0.003726
/home/dysjin/data/CARLA.v20-carla_v20.coco/valid/041819_png.rf.374472e0a0868df264a4100cb7734e35.jpg 172,225,186,241,0,0.531959 173,218,184,234,0,0.007021 169,208,185,243,0,0.001449
/home/dysjin/data/CARLA.v20-carla_v20.coco/valid/003766_png.rf.3dbe103da1003d1fb3bd18ad0d0894b4.jpg 467,192,507,253,0,0.362532 460,192,499,248,1,0.186985
/home/dysjin/data/CARLA.v20-carla_v20.coco/valid/026849_png.rf.52e90800c02b90489d2521817c6942f7.jpg 424,208,458,241,0,0.965966
/home/dysjin/data/CARLA.v20-carla_v20.coco/valid/041864_png.rf.51f1d81198f2e5b7a450f586235760ec.jpg 415,208,444,242,0,0.896837 404,201,450,258,0,0.001286
/home/dysjin/data/CARLA.v20-carla_v20.coco/valid/009044_png.rf.59d4a83882b4b6af242cbd9e0e31ba80.jpg 560,223,578,241,0,0.426646 0,195,14,249,0,0.057378
/home/dysjin/data/CARLA.v20-carla_v20.coco/valid/Town01_010680_png.rf.5537782525200ced228c602e6dcc3456.jpg 372,181,385,194,0,0.607658 378,184,389,198,0,0.003696 365,173,383,208,0,0.002281 111,173,127,187,0,0.001863 111,165,127,181,0,0.001754
/home/dysjin/data/CARLA.v20-carla_v20.coco/valid/007085_png.rf.5a7141063cfddac158b01dce18de1e48.jpg 434,203,462,245,1,0.548617 428,205,468,242,2,0.500454
/home/dysjin/data/CARLA.v20-carla_v20.coco/valid/041820_png.rf.69e77a8e269d90d89efc21e5026a7083.jpg 180,225,196,240,0,0.526578 179,205,193,247,0,0.016747
/home/dysjin/data/CARLA.v20-carla_v20.coco/valid/Town05_016500_png.rf.75b431585ae9c755044e81517b796324.jpg 454,179,480,198,0,0.626537
/home/dysjin/data/CARLA.v20-carla_v20.coco/valid/026847_png.rf.7a28094ba474fb2fab06e58f1ebea83c.jpg 413,207,447,244,0,0.960778
/home/dysjin/data/CARLA.v20-carla_v20.coco/valid/003814_png.rf.9123d8ff8e23490d6f5201cb816e4fc2.jpg 549,174,623,244,0,0.423354 561,171,623,248,1,0.171908 532,151,640,264,0,0.004650 548,183,636,248,2,0.003687
/home/dysjin/data/CARLA.v20-carla_v20.coco/valid/Town01_001500_png.rf.9254a251a5c6eb6313adba6a6adf1620.jpg 386,177,405,193,0,0.617989 383,169,396,212,0,0.001009
/home/dysjin/data/CARLA.v20-carla_v20.coco/valid/005160_png.rf.922d9f2da21b5b11121905df87e629d7.jpg 398,213,433,243,2,0.438378 401,212,430,239,1,0.438320 395,213,431,244,0,0.195497
