/home/dysjin/data/CARLA.v20-carla_v20.coco/valid/Town02_006840_png.rf.a4a970c10202604d1dd8c41fe9097525.jpg 563,174,583,196,0,0.824116 442,186,456,203,0,0.469364 557,159,588,192,0,0.020508 0,172,12,197,0,0.001153 450,188,464,204,0,0.001132
/home/dysjin/data/CARLA.v20-carla_v20.coco/valid/Town02_002640_png.rf.ac6bee6a9e4c4b2a1e149670c97196c1.jpg 392,172,406,189,0,0.876626 346,164,360,183,0,0.003945 399,172,414,189,0,0.002501
/home/dysjin/data/CARLA.v20-carla_v20.coco/valid/007096_png.rf.a26873f70f1467f54f0fd09ea8c1731b.jpg 540,173,623,247,1,0.670382 454,0,640,480,2,0.002739 276,0,640,480,2,0.001675 490,155,574,242,1,0.001027
/home/dysjin/data/CARLA.v20-carla_v20.coco/valid/Town02_006480_png.rf.aec43468267a9993201d034f7031ee5c.jpg 347,177,359,190,0,0.267233 345,167,360,185,0,0.070983 349,184,358,199,0,0.023302 365,164,380,179,1,0.005424 366,175,377,189,0,0.004717 367,151,384,167,1,0.003195 354,185,365,202,0,0.002590 236,126,252,144,0,0.001409
/home/dysjin/data/CARLA.v20-carla_v20.coco/valid/051305_png.rf.af3e2dc55ae45fc793f7f25eb6fdf7b4.jpg 424,211,466,242,0,0.976052 433,199,478,259,0,0.001023
/home/dysjin/data/CARLA.v20-carla_v20.coco/valid/007291_png.rf.b33e9d647d42777054dfb5f46d23bbad.jpg 383,223,401,238,0,0.822199 384,231,398,249,0,0.001674
/home/dysjin/data/CARLA.v20-carla_v20.coco/valid/003752_png.rf.bb0716bc5b93fa8b10f41577e20a2f35.jpg 400,219,421,239,1,0.921226 407,202,422,222,1,0.001819
/home/dysjin/data/CARLA.v20-carla_v20.coco/valid/005173_png.rf.c24ac196d86260d3a384e12093bfa5ef.jpg 478,189,528,246,2,0.277926 478,172,533,243,1,0.001733
/home/dysjin/data/CARLA.v20-carla_v20.coco/valid/003769_png.rf.c5c0c17fa97551316c57744e9608f796.jpg 498,185,549,250,1,0.339430
/home/dysjin/data/CARLA.v20-carla_v20.coco/valid/004966_png.rf.c9d8d72d0920460b612251c5fddc5770.jpg 432,205,464,240,1,0.905513
/home/dysjin/data/CARLA.v20-carla_v20.coco/valid/001638_png.rf.c98e4c5bc2a68de358073a26469c81b2.jpg 422,211,455,240,0,0.979119 416,194,471,248,0,0.026411
/home/dysjin/data/CARLA.v20-carla_v20.coco/valid/051274_png.rf.d5f64278c64b556983082379a316485f.jpg 561,172,637,247,1,0.628160
/home/dysjin/data/CARLA.v20-carla_v20.coco/valid/Town01_001440_png.rf.e4b4351effd31d5b433710cffb8243e4.jpg 381,176,401,195,0,0.964345 347,179,357,192,0,0.034692 387,135,413,164,0,0.010471 356,147,372,170,0,0.002851 360,131,387,165,0,0.002467 391,145,407,172,0,0.001940 60,174,69,198,2,0.001644 398,174,416,190,0,0.001465
/home/dysjin/data/CARLA.v20-carla_v20.coco/valid/041811_png.rf.e8d4c17844854d24f9b2bec66a8a8889.jpg 49,222,63,239,1,0.786145 48,212,68,237,1,0.005473
/home/dysjin/data/CARLA.v20-carla_v20.coco/valid/001519_png.rf.e42bb854e84b40164ed2795569b2eb6f.jpg 572,221,589,243,0,0.893410 569,232,584,249,0,0.008546
/home/dysjin/data/CARLA.v20-carla_v20.coco/valid/001509_png.rf.ed3baed466e7f65c1a01fb57bf942b65.jpg 572,220,590,243,0,0.892092 569,232,584,250,0,0.005554
/home/dysjin/data/CARLA.v20-carla_v20.coco/valid/026829_png.rf.e6f26e62f316568466a95ba7fd18d850.jpg 373,221,394,241,0,0.985381 371,231,391,250,0,0.002902
/home/dysjin/data/CARLA.v20-carla_v20.coco/valid/007076_png.rf.d635d979c35f5dd6da756ef9889aef0b.jpg 399,216,418,243,2,0.562188 377,211,435,242,2,0.022366 387,168,429,244,2,0.001268
/home/dysjin/data/CARLA.v20-carla_v20.coco/valid/Town02_006960_png.rf.eedfb90c1deb0d66a31341acd2e08f4f.jpg 147,161,169,181,0,0.942951
/home/dysjin/data/CARLA.v20-carla_v20.coco/valid/041861_png.rf.f5f3812ca6c536c5c25bea3d596be111.jpg 402,207,430,239,1,0.810744
/home/dysjin/data/CARLA.v20-carla_v20.coco/valid/003755_png.rf.f6343810071c5f5401b5697ef363285d.jpg 406,215,436,238,1,0.948593
/home/dysjin/data/CARLA.v20-carla_v20.coco/valid/001630_png.rf.ff5ced110f03f998a7a6998ddf647fd2.jpg 405,215,438,238,0,0.948620
/home/dysjin/data/CARLA.v20-carla_v20.coco/valid/003751_png.rf.0ff9ef7c8c8e4f5eab52437609a3b501.jpg 399,218,419,239,1,0.926508 405,203,420,220,1,0.002124
/home/dysjin/data/CARLA.v20-carla_v20.coco/valid/Town02_008820_png.rf.135414697b8215dc125af6b125d3058c.jpg 391,186,407,207,0,0.170701 478,177,492,192,0,0.010802 415,178,429,195,0,0.003597 505,175,518,189,0,0.001929 381,182,416,212,0,0.001539 403,186,416,206,0,0.001152
/home/dysjin/data/CARLA.v20-carla_v20.coco/valid/006578_png.rf.21f08e8ed63ab67b3ef05528af8ef9e6.jpg 370,222,389,240,0,0.956423 372,230,386,250,0,0.002457
/home/dysjin/data/CARLA.v20-carla_v20.coco/valid/Town02_006720_png.rf.2632fd4f3d65ff215e84d472badfd870.jpg 562,174,583,196,0,0.839539 442,187,456,203,0,0.223664 556,159,588,192,0,0.017846 0,172,13,197,0,0.001319 346,176,359,193,0,0.001090
/home/dysjin/data/CARLA.v20-carla_v20.coco/valid/007070_png.rf.2316a0a54db7e4a749f421570aadd160.jpg 382,220,401,239,2,0.448849 383,211,405,254,2,0.004887
/home/dysjin/data/CARLA.v20-carla_v20.coco/valid/041819_png.rf.374472e0a0868df264a4100cb7734e35.jpg 174,222,188,241,1,0.773585 173,207,192,239,1,0.001157
/home/dysjin/data/CARLA.v20-carla_v20.coco/valid/003766_png.rf.3dbe103da1003d1fb3bd18ad0d0894b4.jpg 463,196,508,245,1,0.881679 431,176,446,193,1,0.001072
/home/dysjin/data/CARLA.v20-carla_v20.coco/valid/026849_png.rf.52e90800c02b90489d2521817c6942f7.jpg 421,209,458,240,0,0.982556 412,193,475,252,0,0.083028
/home/dysjin/data/CARLA.v20-carla_v20.coco/valid/041864_png.rf.51f1d81198f2e5b7a450f586235760ec.jpg 416,208,444,239,1,0.919232 410,232,433,248,1,0.001891
/home/dysjin/data/CARLA.v20-carla_v20.coco/valid/009044_png.rf.59d4a83882b4b6af242cbd9e0e31ba80.jpg 561,219,577,243,0,0.924213 0,202,12,241,0,0.021475 0,217,12,247,0,0.005789 0,212,28,254,1,0.001049
/home/dysjin/data/CARLA.v20-carla_v20.coco/valid/Town01_010680_png.rf.5537782525200ced228c602e6dcc3456.jpg 370,177,384,194,0,0.892103 232,180,245,192,0,0.044824 369,169,388,184,0,0.001721 442,173,456,194,0,0.001245
/home/dysjin/data/CARLA.v20-carla_v20.coco/valid/007085_png.rf.5a7141063cfddac158b01dce18de1e48.jpg 434,206,463,245,2,0.831709 397,211,489,238,2,0.012133 435,184,478,252,2,0.002463
/home/dysjin/data/CARLA.v20-carla_v20.coco/valid/041820_png.rf.69e77a8e269d90d89efc21e5026a7083.jpg 183,222,196,239,1,0.701514 180,210,201,235,1,0.002582
/home/dysjin/data/CARLA.v20-carla_v20.coco/valid/Town05_016500_png.rf.75b431585ae9c755044e81517b796324.jpg 458,179,479,198,0,0.906743 20,126,51,218,1,0.003738 200,203,233,245,2,0.001655 213,214,221,231,2,0.001643
/home/dysjin/data/CARLA.v20-carla_v20.coco/valid/026847_png.rf.7a28094ba474fb2fab06e58f1ebea83c.jpg 413,212,446,240,0,0.990520
/home/dysjin/data/CARLA.v20-carla_v20.coco/valid/003814_png.rf.9123d8ff8e23490d6f5201cb816e4fc2.jpg 556,176,613,245,0,0.987033 527,160,640,249,0,0.074297
/home/dysjin/data/CARLA.v20-carla_v20.coco/valid/Town01_001500_png.rf.9254a251a5c6eb6313adba6a6adf1620.jpg 386,174,405,193,0,0.983073 439,123,486,173,0,0.007066 173,174,189,193,1,0.003133 247,174,261,191,0,0.003090 173,188,187,204,1,0.002521 368,146,383,173,0,0.001187
/home/dysjin/data/CARLA.v20-carla_v20.coco/valid/005160_png.rf.922d9f2da21b5b11121905df87e629d7.jpg 402,211,429,242,2,0.866037 402,191,435,260,1,0.002150 384,165,437,236,2,0.001011
