/home/dysjin/data/CARLA.v20-carla_v20.coco/valid/Town02_006840_png.rf.a4a970c10202604d1dd8c41fe9097525.jpg 441,189,456,206,0,0.031612 566,177,582,194,0,0.029372 0,170,13,195,1,0.022534 208,176,222,195,0,0.019167 0,161,14,201,0,0.015676 234,175,250,193,0,0.009421 562,53,602,98,0,0.007601 234,164,250,182,0,0.005523 0,160,14,186,1,0.005255 200,175,213,192,0,0.004644 565,185,582,205,0,0.003784 245,174,259,193,0,0.003493 492,212,509,230,0,0.002915 418,163,435,181,0,0.002585 245,164,260,182,0,0.002329 196,151,211,169,0,0.001836 441,197,457,216,0,0.001669 343,186,360,206,0,0.001471 493,197,509,219,0,0.001398 432,187,449,203,0,0.001205 566,165,583,185,0,0.001164 0,130,27,223,0,0.001137 427,163,443,183,0,0.001099 344,177,361,194,0,0.001057 366,161,383,181,0,0.001020
/home/dysjin/data/CARLA.v20-carla_v20.coco/valid/Town02_002640_png.rf.ac6bee6a9e4c4b2a1e149670c97196c1.jpg 393,174,408,188,0,0.664966 430,162,446,179,0,0.007879 469,164,483,181,0,0.003152 428,152,446,170,0,0.002855 407,126,442,169,0,0.001855 468,152,484,169,0,0.001639 441,162,455,179,0,0.001460
/home/dysjin/data/CARLA.v20-carla_v20.coco/valid/007096_png.rf.a26873f70f1467f54f0fd09ea8c1731b.jpg 544,164,624,242,2,0.408033 542,143,628,262,1,0.049146 565,162,618,240,0,0.005481 389,0,640,480,2,0.003158
/home/dysjin/data/CARLA.v20-carla_v20.coco/valid/Town02_006480_png.rf.aec43468267a9993201d034f7031ee5c.jpg 350,172,360,191,0,0.251896 393,187,406,203,0,0.056010 348,186,360,201,0,0.055123 356,172,367,194,0,0.048025 357,185,368,202,0,0.010959 269,176,285,194,0,0.006717 393,177,406,194,0,0.005403 347,159,362,187,0,0.002347 337,173,350,189,0,0.002154 336,162,350,181,0,0.001962 385,186,399,202,0,0.001900 369,176,381,192,0,0.001720 432,187,445,205,0,0.001604 431,176,445,193,0,0.001349 336,184,350,201,0,0.001340
/home/dysjin/data/CARLA.v20-carla_v20.coco/valid/051305_png.rf.af3e2dc55ae45fc793f7f25eb6fdf7b4.jpg 426,208,464,241,0,0.229636
/home/dysjin/data/CARLA.v20-carla_v20.coco/valid/007291_png.rf.b33e9d647d42777054dfb5f46d23bbad.jpg 386,222,399,238,0,0.481560 393,231,406,253,0,0.008937 0,2,28,107,0,0.001459 385,210,408,239,0,0.001091
/home/dysjin/data/CARLA.v20-carla_v20.coco/valid/003752_png.rf.bb0716bc5b93fa8b10f41577e20a2f35.jpg 401,216,421,243,1,0.261113 403,210,424,245,0,0.022463 343,226,361,244,0,0.001278
/home/dysjin/data/CARLA.v20-carla_v20.coco/valid/005173_png.rf.c24ac196d86260d3a384e12093bfa5ef.jpg 470,191,536,246,2,0.133405 478,192,530,245,1,0.099071 471,189,527,249,0,0.061435 467,157,551,288,1,0.001782 469,145,549,273,0,0.001575
/home/dysjin/data/CARLA.v20-carla_v20.coco/valid/003769_png.rf.c5c0c17fa97551316c57744e9608f796.jpg 481,179,568,246,0,0.140964 480,152,578,288,1,0.001739
/home/dysjin/data/CARLA.v20-carla_v20.coco/valid/004966_png.rf.c9d8d72d0920460b612251c5fddc5770.jpg 429,205,464,242,1,0.352097 418,199,468,242,0,0.033929 434,208,462,236,2,0.003669
/home/dysjin/data/CARLA.v20-carla_v20.coco/valid/001638_png.rf.c98e4c5bc2a68de358073a26469c81b2.jpg 419,208,454,241,0,0.472748 154,222,171,243,0,0.020824
/home/dysjin/data/CARLA.v20-carla_v20.coco/valid/051274_png.rf.d5f64278c64b556983082379a316485f.jpg 556,166,640,246,0,0.313810 554,143,640,265,1,0.069318 357,227,374,243,0,0.004613
/home/dysjin/data/CARLA.v20-carla_v20.coco/valid/Town01_001440_png.rf.e4b4351effd31d5b433710cffb8243e4.jpg 385,174,401,189,0,0.569076 348,162,360,183,0,0.046737 346,173,358,190,0,0.027171 358,149,372,173,1,0.027112 357,138,374,164,0,0.010066 383,181,401,200,0,0.006225 358,127,390,170,0,0.004447 231,175,248,194,0,0.002487 365,136,385,164,1,0.002467 392,151,410,174,0,0.001884 355,162,369,180,0,0.001708 382,130,419,171,0,0.001374 361,120,406,197,0,0.001125
/home/dysjin/data/CARLA.v20-carla_v20.coco/valid/041811_png.rf.e8d4c17844854d24f9b2bec66a8a8889.jpg 48,224,64,243,0,0.504724 454,213,470,232,0,0.003270 50,216,66,237,0,0.002547 48,231,64,252,0,0.001841
/home/dysjin/data/CARLA.v20-carla_v20.coco/valid/001519_png.rf.e42bb854e84b40164ed2795569b2eb6f.jpg 572,219,588,240,0,0.447024 574,231,589,253,0,0.001088
/home/dysjin/data/CARLA.v20-carla_v20.coco/valid/001509_png.rf.ed3baed466e7f65c1a01fb57bf942b65.jpg 571,219,588,241,0,0.374340 574,231,589,253,0,0.001509
/home/dysjin/data/CARLA.v20-carla_v20.coco/valid/026829_png.rf.e6f26e62f316568466a95ba7fd18d850.jpg 374,221,393,239,0,0.544306 169,216,186,234,0,0.004976 168,224,187,244,0,0.002230 135,215,151,232,0,0.002135 82,203,102,219,0,0.001179 85,213,101,230,0,0.001097
/home/dysjin/data/CARLA.v20-carla_v20.coco/valid/007076_png.rf.d635d979c35f5dd6da756ef9889aef0b.jpg 396,216,421,242,2,0.177718 392,206,428,242,1,0.033099
/home/dysjin/data/CARLA.v20-carla_v20.coco/valid/Town02_006960_png.rf.eedfb90c1deb0d66a31341acd2e08f4f.jpg 150,164,166,178,0,0.625667 147,167,167,191,0,0.001999 85,150,102,168,0,0.001292
/home/dysjin/data/CARLA.v20-carla_v20.coco/valid/041861_png.rf.f5f3812ca6c536c5c25bea3d596be111.jpg 404,213,427,243,0,0.257683 403,198,422,230,0,0.001548 391,195,432,252,0,0.001235
/home/dysjin/data/CARLA.v20-carla_v20.coco/valid/003755_png.rf.f6343810071c5f5401b5697ef363285d.jpg 407,208,434,243,0,0.219005 408,217,437,240,1,0.017593
/home/dysjin/data/CARLA.v20-carla_v20.coco/valid/001630_png.rf.ff5ced110f03f998a7a6998ddf647fd2.jpg 407,209,436,241,0,0.506946 166,223,184,242,0,0.022046 167,214,184,235,0,0.002578
/home/dysjin/data/CARLA.v20-carla_v20.coco/valid/003751_png.rf.0ff9ef7c8c8e4f5eab52437609a3b501.jpg 397,220,419,240,1,0.252399 397,210,419,242,0,0.012773 343,226,361,244,0,0.001179
/home/dysjin/data/CARLA.v20-carla_v20.coco/valid/Town02_008820_png.rf.135414697b8215dc125af6b125d3058c.jpg 395,185,408,205,0,0.117355 147,173,162,192,0,0.052971 145,166,161,185,0,0.013312 385,184,400,204,0,0.011175 501,173,517,193,0,0.003657 477,175,494,193,0,0.002651 392,197,407,214,0,0.002551 403,187,419,204,0,0.002543 391,163,409,185,0,0.002021 467,175,484,193,0,0.001864 429,187,444,206,0,0.001599 369,162,385,182,0,0.001545 479,187,495,204,0,0.001397 358,162,373,181,0,0.001397 623,42,640,106,0,0.001236 418,187,434,203,0,0.001049
/home/dysjin/data/CARLA.v20-carla_v20.coco/valid/006578_png.rf.21f08e8ed63ab67b3ef05528af8ef9e6.jpg 372,223,387,237,0,0.742838 280,239,297,257,0,0.001177
/home/dysjin/data/CARLA.v20-carla_v20.coco/valid/Town02_006720_png.rf.2632fd4f3d65ff215e84d472badfd870.jpg 208,176,222,195,0,0.037326 566,177,583,194,0,0.027248 0,169,13,195,1,0.022214 441,189,456,206,0,0.020867 0,161,14,201,0,0.015723 562,52,602,99,0,0.007252 0,160,14,186,1,0.005437 201,175,213,192,0,0.005058 492,212,510,230,0,0.002998 418,163,435,181,0,0.002883 234,163,249,182,0,0.002558 197,151,211,169,0,0.002377 234,175,250,193,0,0.002362 245,174,259,192,0,0.002274 565,185,582,204,0,0.002253 245,163,260,181,0,0.001503 493,197,509,219,0,0.001479 441,197,457,216,0,0.001421 343,186,360,206,0,0.001325 0,130,27,223,0,0.001144 427,163,443,183,0,0.001129 366,161,383,182,0,0.001120 566,165,583,185,0,0.001088 344,177,361,194,0,0.001075
/home/dysjin/data/CARLA.v20-carla_v20.coco/valid/007070_png.rf.2316a0a54db7e4a749f421570aadd160.jpg 384,219,401,240,2,0.186908 386,220,404,238,1,0.102008 383,203,409,245,1,0.012967
/home/dysjin/data/CARLA.v20-carla_v20.coco/valid/041819_png.rf.374472e0a0868df264a4100cb7734e35.jpg 173,224,186,241,0,0.433774 172,205,190,245,0,0.004991
/home/dysjin/data/CARLA.v20-carla_v20.coco/valid/003766_png.rf.3dbe103da1003d1fb3bd18ad0d0894b4.jpg 460,197,506,245,1,0.284165 450,197,512,251,0,0.005826
/home/dysjin/data/CARLA.v20-carla_v20.coco/valid/026849_png.rf.52e90800c02b90489d2521817c6942f7.jpg 420,205,458,239,0,0.444334
/home/dysjin/data/CARLA.v20-carla_v20.coco/valid/041864_png.rf.51f1d81198f2e5b7a450f586235760ec.jpg 414,207,444,244,0,0.442180 356,223,371,242,0,0.004483 357,214,372,232,0,0.001059
/home/dysjin/data/CARLA.v20-carla_v20.coco/valid/009044_png.rf.59d4a83882b4b6af242cbd9e0e31ba80.jpg 565,223,578,240,0,0.453468 0,212,15,235,1,0.082621 0,206,17,240,0,0.028077 197,225,213,243,0,0.003621 184,200,200,220,0,0.002708 205,225,222,245,0,0.002655 0,159,29,256,0,0.002521 345,226,361,244,0,0.002371 120,214,136,233,0,0.002202 111,212,126,231,0,0.001791 0,205,27,235,1,0.001443 345,236,362,254,0,0.001280 528,212,545,232,0,0.001270 529,224,543,242,0,0.001038
/home/dysjin/data/CARLA.v20-carla_v20.coco/valid/Town01_010680_png.rf.5537782525200ced228c602e6dcc3456.jpg 371,178,385,191,1,0.384027 336,175,347,189,0,0.033443 372,183,387,199,0,0.005435 323,174,336,191,0,0.005239 309,173,323,191,0,0.003576 334,166,346,181,0,0.002874 372,168,384,186,0,0.001855 334,185,348,202,0,0.001853 382,184,395,201,0,0.001760 347,181,358,191,0,0.001166
/home/dysjin/data/CARLA.v20-carla_v20.coco/valid/007085_png.rf.5a7141063cfddac158b01dce18de1e48.jpg 427,208,465,242,2,0.392273 420,205,465,241,1,0.029066
/home/dysjin/data/CARLA.v20-carla_v20.coco/valid/041820_png.rf.69e77a8e269d90d89efc21e5026a7083.jpg 183,226,196,243,0,0.075824 174,224,191,241,0,0.007805 184,215,199,235,0,0.007152 172,214,187,234,0,0.005805 183,234,198,254,0,0.002129
/home/dysjin/data/CARLA.v20-carla_v20.coco/valid/Town05_016500_png.rf.75b431585ae9c755044e81517b796324.jpg 456,177,476,195,0,0.309141 463,181,480,202,0,0.010173 378,199,394,218,0,0.005975 380,189,395,207,0,0.004663 331,176,347,193,0,0.002976 332,187,349,205,0,0.002220 382,176,396,195,0,0.001201 36,239,68,276,0,0.001155 449,167,482,199,0,0.001099
/home/dysjin/data/CARLA.v20-carla_v20.coco/valid/026847_png.rf.7a28094ba474fb2fab06e58f1ebea83c.jpg 414,207,445,241,0,0.476936 132,215,149,233,0,0.001210
/home/dysjin/data/CARLA.v20-carla_v20.coco/valid/003814_png.rf.9123d8ff8e23490d6f5201cb816e4fc2.jpg 541,165,627,246,0,0.449895 534,147,633,255,1,0.026280 367,226,383,245,0,0.001453 366,235,382,256,0,0.001261
/home/dysjin/data/CARLA.v20-carla_v20.coco/valid/Town01_001500_png.rf.9254a251a5c6eb6313adba6a6adf1620.jpg 386,174,405,190,1,0.394766 385,172,402,188,0,0.266845 344,161,359,183,0,0.008430 431,175,447,192,0,0.003913 391,161,406,193,0,0.003417 344,174,357,191,0,0.002113 395,126,426,172,0,0.001938 391,179,407,202,0,0.001731 516,175,532,193,0,0.001659
/home/dysjin/data/CARLA.v20-carla_v20.coco/valid/005160_png.rf.922d9f2da21b5b11121905df87e629d7.jpg 398,209,429,243,2,0.352602 392,207,432,244,1,0.291611
