/home/dysjin/data/CARLA.v20-carla_v20.coco/valid/Town02_006840_png.rf.a4a970c10202604d1dd8c41fe9097525.jpg 444,187,456,204,0,0.185197 569,175,582,193,0,0.081642 4,173,14,192,0,0.050483 208,174,224,190,0,0.009911 0,163,19,205,0,0.008806 437,180,461,210,0,0.007681 4,165,15,183,0,0.006196 346,176,361,193,0,0.005524 446,198,458,214,0,0.002623 235,163,248,181,0,0.002390 0,110,28,207,0,0.002192 0,129,24,221,0,0.002185 560,59,607,106,0,0.002112 202,168,231,197,0,0.001907 209,166,224,181,0,0.001863
/home/dysjin/data/CARLA.v20-carla_v20.coco/valid/Town02_002640_png.rf.ac6bee6a9e4c4b2a1e149670c97196c1.jpg 392,173,405,189,0,0.534824 384,168,411,195,0,0.007431 404,165,416,186,0,0.002436 427,162,444,181,0,0.001030
/home/dysjin/data/CARLA.v20-carla_v20.coco/valid/007096_png.rf.a26873f70f1467f54f0fd09ea8c1731b.jpg 543,162,623,253,2,0.352937 526,149,632,257,1,0.011503 536,178,592,236,2,0.002021 135,0,640,480,2,0.001719
/home/dysjin/data/CARLA.v20-carla_v20.coco/valid/Town02_006480_png.rf.aec43468267a9993201d034f7031ee5c.jpg 350,175,360,191,0,0.092396 395,176,408,194,0,0.011224 347,163,359,186,0,0.006377 393,184,411,201,0,0.004584 348,184,361,200,0,0.004066 354,163,370,185,0,0.001553 340,171,367,198,0,0.001402
/home/dysjin/data/CARLA.v20-carla_v20.coco/valid/051305_png.rf.af3e2dc55ae45fc793f7f25eb6fdf7b4.jpg 423,206,467,242,0,0.318192 429,198,460,251,1,0.002455 427,210,448,237,1,0.001257
/home/dysjin/data/CARLA.v20-carla_v20.coco/valid/007291_png.rf.b33e9d647d42777054dfb5f46d23bbad.jpg 384,220,401,240,0,0.460955 388,231,398,250,0,0.001348
/home/dysjin/data/CARLA.v20-carla_v20.coco/valid/003752_png.rf.bb0716bc5b93fa8b10f41577e20a2f35.jpg 396,217,422,242,0,0.411101 397,208,424,250,1,0.178557
/home/dysjin/data/CARLA.v20-carla_v20.coco/valid/005173_png.rf.c24ac196d86260d3a384e12093bfa5ef.jpg 472,192,528,245,0,0.176119 480,190,529,248,2,0.079040 475,199,523,239,1,0.005326 252,89,640,268,2,0.002660
/home/dysjin/data/CARLA.v20-carla_v20.coco/valid/003769_png.rf.c5c0c17fa97551316c57744e9608f796.jpg 493,195,552,244,0,0.192764
/home/dysjin/data/CARLA.v20-carla_v20.coco/valid/004966_png.rf.c9d8d72d0920460b612251c5fddc5770.jpg 425,203,469,242,0,0.378167 133,221,151,244,1,0.008594 427,202,464,246,1,0.002100
/home/dysjin/data/CARLA.v20-carla_v20.coco/valid/001638_png.rf.c98e4c5bc2a68de358073a26469c81b2.jpg 419,208,456,240,0,0.530508 423,199,445,249,1,0.006686 156,223,174,241,0,0.002345
/home/dysjin/data/CARLA.v20-carla_v20.coco/valid/051274_png.rf.d5f64278c64b556983082379a316485f.jpg 564,164,636,250,1,0.269622 565,168,635,247,0,0.138484 359,225,372,243,0,0.023721 555,151,640,284,2,0.002886
/home/dysjin/data/CARLA.v20-carla_v20.coco/valid/Town01_001440_png.rf.e4b4351effd31d5b433710cffb8243e4.jpg 385,176,399,191,0,0.514282 357,147,372,168,0,0.030650 378,173,405,195,0,0.016041 360,128,389,169,0,0.015108 391,154,408,173,0,0.003798 391,167,403,185,0,0.003000 389,141,413,185,0,0.001803 357,160,373,176,0,0.001252 383,167,395,185,0,0.001207 232,174,249,191,0,0.001158
/home/dysjin/data/CARLA.v20-carla_v20.coco/valid/041811_png.rf.e8d4c17844854d24f9b2bec66a8a8889.jpg 49,225,63,241,0,0.067289 454,212,469,230,0,0.016038 39,220,70,247,0,0.003288
/home/dysjin/data/CARLA.v20-carla_v20.coco/valid/001519_png.rf.e42bb854e84b40164ed2795569b2eb6f.jpg 574,220,589,240,0,0.511339 574,203,593,225,0,0.002027 344,225,360,243,0,0.001114
/home/dysjin/data/CARLA.v20-carla_v20.coco/valid/001509_png.rf.ed3baed466e7f65c1a01fb57bf942b65.jpg 574,220,589,240,0,0.461832 575,203,593,225,0,0.001903 344,225,359,243,0,0.001611
/home/dysjin/data/CARLA.v20-carla_v20.coco/valid/026829_png.rf.e6f26e62f316568466a95ba7fd18d850.jpg 373,220,391,237,0,0.385399 374,231,385,251,0,0.001926
/home/dysjin/data/CARLA.v20-carla_v20.coco/valid/007076_png.rf.d635d979c35f5dd6da756ef9889aef0b.jpg 401,218,419,243,2,0.210081 395,212,412,235,2,0.021578 395,220,427,237,0,0.005415
/home/dysjin/data/CARLA.v20-carla_v20.coco/valid/Town02_006960_png.rf.eedfb90c1deb0d66a31341acd2e08f4f.jpg 150,161,166,181,0,0.572741 155,155,170,174,0,0.001536 150,156,162,173,0,0.001295 295,188,310,205,0,0.001164
/home/dysjin/data/CARLA.v20-carla_v20.coco/valid/041861_png.rf.f5f3812ca6c536c5c25bea3d596be111.jpg 403,207,428,242,0,0.526358
/home/dysjin/data/CARLA.v20-carla_v20.coco/valid/003755_png.rf.f6343810071c5f5401b5697ef363285d.jpg 406,216,434,241,0,0.334633 404,209,438,248,1,0.041234
/home/dysjin/data/CARLA.v20-carla_v20.coco/valid/001630_png.rf.ff5ced110f03f998a7a6998ddf647fd2.jpg 409,212,437,239,0,0.566604 171,221,185,240,0,0.018320
/home/dysjin/data/CARLA.v20-carla_v20.coco/valid/003751_png.rf.0ff9ef7c8c8e4f5eab52437609a3b501.jpg 395,215,419,243,0,0.381479 395,210,420,247,1,0.249175
/home/dysjin/data/CARLA.v20-carla_v20.coco/valid/Town02_008820_png.rf.135414697b8215dc125af6b125d3058c.jpg 389,186,406,202,0,0.056824 146,171,160,190,0,0.016380 391,177,406,193,0,0.012483 395,166,409,181,0,0.009535 148,165,160,183,0,0.007169 385,178,398,196,0,0.003418 399,186,418,202,0,0.002303 383,178,410,208,0,0.001789 402,176,418,192,0,0.001767 389,155,415,192,0,0.001595 403,166,418,181,0,0.001372 394,153,409,173,0,0.001359 143,159,165,190,0,0.001348 243,163,260,180,0,0.001107
/home/dysjin/data/CARLA.v20-carla_v20.coco/valid/006578_png.rf.21f08e8ed63ab67b3ef05528af8ef9e6.jpg 372,222,386,239,0,0.562991
/home/dysjin/data/CARLA.v20-carla_v20.coco/valid/Town02_006720_png.rf.2632fd4f3d65ff215e84d472badfd870.jpg 569,176,582,193,0,0.189254 445,187,457,203,0,0.125523 4,173,14,192,0,0.049192 347,177,360,193,0,0.012216 0,163,20,205,0,0.008474 208,174,224,191,0,0.006994 4,165,15,183,0,0.006134 437,180,461,210,0,0.005989 0,110,28,207,0,0.002189 560,59,607,106,0,0.002178 0,129,24,221,0,0.002061 208,166,224,181,0,0.001635 201,168,231,198,0,0.001425 445,198,458,214,0,0.001336
/home/dysjin/data/CARLA.v20-carla_v20.coco/valid/007070_png.rf.2316a0a54db7e4a749f421570aadd160.jpg 381,219,402,243,2,0.204989 376,218,408,240,0,0.003753 385,215,404,238,1,0.003605
/home/dysjin/data/CARLA.v20-carla_v20.coco/valid/041819_png.rf.374472e0a0868df264a4100cb7734e35.jpg 174,226,186,241,0,0.145106 163,220,193,248,0,0.003837 171,214,186,235,0,0.001008
/home/dysjin/data/CARLA.v20-carla_v20.coco/valid/003766_png.rf.3dbe103da1003d1fb3bd18ad0d0894b4.jpg 458,200,512,242,0,0.347937 465,200,506,243,1,0.036852
/home/dysjin/data/CARLA.v20-carla_v20.coco/valid/026849_png.rf.52e90800c02b90489d2521817c6942f7.jpg 419,207,455,239,0,0.360772 423,201,443,247,1,0.003423
/home/dysjin/data/CARLA.v20-carla_v20.coco/valid/041864_png.rf.51f1d81198f2e5b7a450f586235760ec.jpg 412,206,441,245,0,0.476644
/home/dysjin/data/CARLA.v20-carla_v20.coco/valid/009044_png.rf.59d4a83882b4b6af242cbd9e0e31ba80.jpg 562,221,577,241,0,0.316678 3,213,17,234,0,0.142415 345,227,357,242,0,0.027811 554,217,583,246,0,0.022542 5,220,17,239,0,0.006261 0,163,27,252,0,0.004258 0,183,17,245,0,0.002614 2,203,15,223,0,0.002359 0,207,21,256,0,0.002195 206,224,224,240,0,0.002153 208,214,224,232,0,0.001134 343,214,358,234,0,0.001125 184,213,201,229,0,0.001012
/home/dysjin/data/CARLA.v20-carla_v20.coco/valid/Town01_010680_png.rf.5537782525200ced228c602e6dcc3456.jpg 370,179,384,193,0,0.424076 362,173,389,199,0,0.025141 234,176,249,192,0,0.005277 617,161,630,182,0,0.001349 244,175,261,192,0,0.001229
/home/dysjin/data/CARLA.v20-carla_v20.coco/valid/007085_png.rf.5a7141063cfddac158b01dce18de1e48.jpg 426,206,468,243,2,0.310212 434,207,467,251,0,0.015604 431,211,462,239,1,0.005473 417,185,481,268,2,0.001292
/home/dysjin/data/CARLA.v20-carla_v20.coco/valid/041820_png.rf.69e77a8e269d90d89efc21e5026a7083.jpg 183,226,198,241,0,0.075560 174,220,205,247,0,0.003880
/home/dysjin/data/CARLA.v20-carla_v20.coco/valid/Town05_016500_png.rf.75b431585ae9c755044e81517b796324.jpg 457,177,475,194,0,0.299177 454,167,484,199,0,0.001575
/home/dysjin/data/CARLA.v20-carla_v20.coco/valid/026847_png.rf.7a28094ba474fb2fab06e58f1ebea83c.jpg 412,209,443,238,0,0.466948
/home/dysjin/data/CARLA.v20-carla_v20.coco/valid/003814_png.rf.9123d8ff8e23490d6f5201cb816e4fc2.jpg 548,170,621,253,0,0.308728 558,163,626,256,1,0.013612
/home/dysjin/data/CARLA.v20-carla_v20.coco/valid/Town01_001500_png.rf.9254a251a5c6eb6313adba6a6adf1620.jpg 386,173,403,189,0,0.505054 385,181,400,200,0,0.001229 208,176,225,192,0,0.001167
/home/dysjin/data/CARLA.v20-carla_v20.coco/valid/005160_png.rf.922d9f2da21b5b11121905df87e629d7.jpg 398,213,427,237,2,0.383460 395,208,431,241,1,0.121176 397,214,430,243,0,0.032924 368,202,413,240,0,0.001029
