/home/dysjin/data/CARLA.v20-carla_v20.coco/valid/Town05_011820_png.rf.a721d4435d03a17b63243ff374e790d2.jpg 7,177,105,231,6,0.971520 311,188,323,200,6,0.087827 71,189,110,226,6,0.058273 256,181,273,193,6,0.031649 3,190,58,230,6,0.014868 356,169,374,180,3,0.010427 317,184,331,194,6,0.009498 246,181,263,192,3,0.006621 267,182,284,192,6,0.006237 0,184,19,234,6,0.006022 295,189,313,198,6,0.005018 291,184,312,193,6,0.003570 280,183,298,192,6,0.003298 0,160,15,233,6,0.003252 356,176,371,186,3,0.002127 88,171,116,224,0,0.002126 91,197,113,222,6,0.001824 247,186,259,197,0,0.001784 268,186,283,197,0,0.001748 330,183,346,191,3,0.001019
/home/dysjin/data/CARLA.v20-carla_v20.coco/valid/Town05_005760_png.rf.a5aa9e8688171e7bfb57f36e4a648f69.jpg 307,187,328,206,6,0.961262 342,161,355,175,3,0.077203 242,178,263,193,6,0.022829 334,165,349,177,3,0.011745 366,166,382,180,3,0.007308 367,174,382,188,6,0.005597 314,180,330,199,6,0.005478 410,189,442,228,2,0.004033 347,0,640,302,6,0.003811 355,163,370,178,3,0.003548 343,174,355,187,3,0.003063 335,154,351,171,3,0.002182 408,189,442,228,6,0.001998 328,177,341,190,3,0.001640 217,172,263,189,6,0.001608 355,176,371,188,6,0.001508 232,0,640,380,6,0.001366
/home/dysjin/data/CARLA.v20-carla_v20.coco/valid/075705_png.rf.9f5447b468e0280dc956a534954f8a5e.jpg 304,243,351,277,6,0.995262 164,244,257,303,6,0.986055 0,260,172,396,6,0.893066 239,238,269,274,6,0.755563 282,241,303,254,6,0.025312 10,209,166,480,6,0.023300 222,245,265,288,6,0.010521 0,347,42,449,6,0.008234 340,237,353,256,3,0.004117 230,240,255,258,6,0.002866 0,299,71,480,6,0.001980 251,239,267,263,6,0.001319 344,228,358,244,3,0.001301 628,251,640,334,2,0.001253
/home/dysjin/data/CARLA.v20-carla_v20.coco/valid/Town02_006840_png.rf.a4a970c10202604d1dd8c41fe9097525.jpg 578,177,639,222,6,0.594286 562,176,585,194,3,0.221694 127,194,175,214,6,0.212236 478,182,541,205,6,0.109981 0,158,11,211,3,0.036530 0,197,14,224,6,0.034455 202,191,228,204,6,0.028854 0,164,15,223,6,0.023905 391,184,454,207,6,0.023628 345,191,356,205,1,0.023612 193,189,213,206,6,0.021988 560,176,585,213,0,0.016936 0,200,19,241,6,0.014352 562,164,583,186,3,0.012844 177,191,205,207,6,0.012518 214,192,240,203,6,0.011123 0,206,16,255,6,0.010219 2,183,57,214,6,0.008150 2,198,27,218,6,0.002761 168,189,186,209,2,0.002231 304,190,320,200,6,0.002219 292,190,309,201,6,0.002208 281,191,299,201,6,0.002065 151,191,178,209,6,0.001777 0,156,9,195,3,0.001602 230,189,244,202,6,0.001596 181,194,198,214,2,0.001312 506,187,536,204,6,0.001129 493,186,524,200,6,0.001098
/home/dysjin/data/CARLA.v20-carla_v20.coco/valid/Town02_002640_png.rf.ac6bee6a9e4c4b2a1e149670c97196c1.jpg 295,187,365,247,6,0.954880 391,174,409,190,3,0.670137 260,195,295,214,6,0.654238 67,213,88,233,1,0.008190 290,178,314,194,6,0.004804 256,191,278,210,6,0.004116 391,181,411,199,3,0.003434 302,176,324,192,6,0.003251 25,194,83,222,6,0.002953 609,159,639,205,6,0.002220 276,156,384,267,6,0.002131 289,184,309,206,6,0.002017 422,183,474,212,6,0.001263 0,192,8,223,6,0.001041
/home/dysjin/data/CARLA.v20-carla_v20.coco/valid/007096_png.rf.a26873f70f1467f54f0fd09ea8c1731b.jpg 541,165,616,253,5,0.946174 329,317,370,354,5,0.001260
/home/dysjin/data/CARLA.v20-carla_v20.coco/valid/041683_png.rf.abc13a183255cbb5f9aeca7d55d8b4c0.jpg 302,233,331,312,0,0.668594 0,80,11,160,6,0.002039 296,242,316,327,0,0.001727
/home/dysjin/data/CARLA.v20-carla_v20.coco/valid/041699_png.rf.a4a6f7fb7672ac47b317ec4fe3e21c97.jpg 305,241,330,321,0,0.679440 294,246,317,323,0,0.001227
/home/dysjin/data/CARLA.v20-carla_v20.coco/valid/Town02_006480_png.rf.aec43468267a9993201d034f7031ee5c.jpg 348,173,364,185,3,0.710084 350,163,372,190,3,0.045169 361,162,380,184,3,0.021048 196,170,254,202,6,0.008559 352,184,371,197,3,0.004924 336,177,350,187,3,0.001430
/home/dysjin/data/CARLA.v20-carla_v20.coco/valid/Town02_003060_png.rf.b28380c7e6ad26a4ccdfda39d4db7f85.jpg 533,178,623,223,6,0.603002 582,189,639,223,6,0.386480 366,194,430,212,6,0.016595 612,203,640,254,6,0.012347 525,179,575,218,6,0.008189 611,199,633,223,6,0.004238 624,181,636,215,6,0.003753 626,210,638,248,6,0.003049 448,186,498,211,6,0.001656 0,193,8,222,6,0.001154
/home/dysjin/data/CARLA.v20-carla_v20.coco/valid/Town01_009120_png.rf.b3886317404f3c307752dac4625c4b0e.jpg 306,193,329,215,6,0.866972 374,195,428,218,6,0.118443 336,184,393,213,6,0.041698 367,194,393,216,1,0.036215 631,190,639,220,6,0.017260 1,204,56,234,6,0.013199 191,172,243,201,6,0.005806 0,188,14,250,6,0.003692 310,189,363,211,6,0.003504 321,189,345,206,6,0.003446 499,201,529,213,6,0.003352 537,199,557,218,6,0.003095 3,159,33,251,2,0.002033 334,188,362,204,6,0.001861 0,179,15,238,6,0.001778 362,167,413,206,6,0.001622 522,199,547,217,6,0.001365 0,203,13,258,6,0.001326 617,200,635,218,6,0.001092 311,170,337,209,6,0.001071 324,172,377,201,6,0.001053
/home/dysjin/data/CARLA.v20-carla_v20.coco/valid/051305_png.rf.af3e2dc55ae45fc793f7f25eb6fdf7b4.jpg 425,208,464,243,3,0.988233 269,230,286,245,6,0.004355 169,88,189,155,0,0.001284
/home/dysjin/data/CARLA.v20-carla_v20.coco/valid/007291_png.rf.b33e9d647d42777054dfb5f46d23bbad.jpg 379,220,404,239,3,0.971927 359,0,618,430,6,0.007006 377,196,400,234,3,0.003163
/home/dysjin/data/CARLA.v20-carla_v20.coco/valid/Town05_005820_png.rf.abc3e70595852b4f2320e8b55c805a27.jpg 298,190,338,217,6,0.980785 353,164,366,179,3,0.042796 346,153,363,170,3,0.013322 355,173,367,187,3,0.007953 628,230,640,285,6,0.004338 345,174,358,186,3,0.003177 246,186,257,199,0,0.002271 626,200,640,264,6,0.001249 331,168,350,181,6,0.001061
/home/dysjin/data/CARLA.v20-carla_v20.coco/valid/Town05_006960_png.rf.9d31f2ffd8a1d723122d28555c0e3321.jpg 284,187,297,210,0,0.498677 627,245,640,336,2,0.005816 380,189,395,207,1,0.002150 305,204,406,380,1,0.001720 630,185,640,279,0,0.001429 615,198,640,353,6,0.001285 379,196,394,213,0,0.001278 305,185,404,370,6,0.001179 627,222,639,316,0,0.001009
/home/dysjin/data/CARLA.v20-carla_v20.coco/valid/Town02_009720_png.rf.b20474373a38fe973889a895d5aba03e.jpg 292,197,340,258,6,0.533322 267,188,279,209,0,0.331307 205,201,220,216,1,0.004807 264,196,275,213,0,0.003213 160,0,197,35,5,0.001865 354,202,370,217,6,0.001656 44,119,94,146,6,0.001547 159,2,197,39,6,0.001120 169,211,185,227,1,0.001117 159,213,175,228,1,0.001053 610,163,636,201,3,0.001039
/home/dysjin/data/CARLA.v20-carla_v20.coco/valid/Town01_002220_png.rf.9b6e376c042a4b43cdf2a33f00250d62.jpg 197,225,444,363,6,0.970022 551,177,640,380,6,0.026541 317,184,336,199,0,0.005946 182,188,200,205,1,0.002218 233,153,389,380,6,0.001897 216,174,267,198,6,0.001842 536,200,629,258,6,0.001563 285,187,314,201,6,0.001249 605,216,638,380,6,0.001153 244,179,265,196,1,0.001051
/home/dysjin/data/CARLA.v20-carla_v20.coco/valid/Town01_003900_png.rf.b43a572a2d61a01bb389880cf86179de.jpg 201,226,440,362,6,0.966696 0,191,36,223,6,0.066842 404,188,423,228,0,0.052029 327,191,352,203,6,0.042165 292,188,314,201,6,0.023209 0,196,14,223,6,0.016765 223,191,234,206,0,0.014853 625,255,640,332,6,0.010868 319,189,337,202,6,0.005892 302,187,326,200,6,0.004763 607,189,639,323,2,0.004267 0,173,18,225,6,0.003200 340,196,356,214,0,0.003132 400,204,421,230,1,0.003014 629,287,640,322,6,0.003009 608,271,636,321,0,0.002843 279,183,325,203,6,0.002332 602,273,639,315,6,0.002140 229,139,394,380,6,0.001887 596,260,621,307,0,0.001869 412,196,428,218,0,0.001597 338,194,364,249,0,0.001246 1,182,54,212,6,0.001221
/home/dysjin/data/CARLA.v20-carla_v20.coco/valid/029067_png.rf.b686edaf28a0971571945f7b069613d5.jpg 540,224,580,349,2,0.983248 396,240,408,260,2,0.017233 517,215,609,357,2,0.005381 342,214,359,227,5,0.001568 0,245,11,273,6,0.001212 204,248,221,262,1,0.001155
/home/dysjin/data/CARLA.v20-carla_v20.coco/valid/Town02_004200_png.rf.b4d2f32e1287253b4f35bf521927be39.jpg 267,189,292,208,6,0.972356 376,191,398,207,6,0.101626 304,188,318,199,6,0.021990 305,180,321,193,6,0.017792 290,188,305,202,6,0.017191 363,190,387,204,6,0.017184 355,189,372,200,3,0.006805 365,175,383,191,4,0.005958 292,181,310,195,6,0.004750 0,172,18,219,6,0.003634 354,176,371,190,4,0.003405 0,192,12,220,6,0.002731 345,178,360,189,3,0.002339 368,163,383,182,4,0.002137 446,194,500,223,6,0.001840 0,254,9,284,6,0.001161 5,196,27,215,6,0.001146
/home/dysjin/data/CARLA.v20-carla_v20.coco/valid/Town02_002100_png.rf.b49da10e2c41ab65d4c132e46f15d3e3.jpg 298,188,333,285,1,0.959259 272,186,289,202,6,0.886861 0,185,14,213,6,0.506954 2,188,25,207,6,0.028903 0,157,17,217,6,0.020412 0,177,25,219,6,0.006878 274,176,359,285,1,0.005419 310,189,323,202,6,0.005265 0,185,13,250,6,0.004608 61,171,121,199,6,0.003214 119,182,164,207,6,0.003131 260,191,278,204,6,0.002105 354,162,371,180,4,0.001549 307,181,323,194,6,0.001320 601,213,640,252,6,0.001220 580,192,633,262,6,0.001196 164,184,216,205,6,0.001148
/home/dysjin/data/CARLA.v20-carla_v20.coco/valid/003752_png.rf.bb0716bc5b93fa8b10f41577e20a2f35.jpg 397,218,422,240,4,0.990563 303,240,328,253,6,0.003506
/home/dysjin/data/CARLA.v20-carla_v20.coco/valid/138327_png.rf.b4aecc174d58e25a6e680c2468864172.jpg 15,238,43,304,2,0.687679 0,231,17,310,2,0.097993 4,248,33,307,2,0.016306 383,235,398,250,5,0.011410 23,253,37,292,2,0.001184
/home/dysjin/data/CARLA.v20-carla_v20.coco/valid/Town05_009600_png.rf.b886b3525f44da0ae66796230d91b958.jpg 102,181,219,236,6,0.963196 461,189,502,216,6,0.957961 371,182,410,211,6,0.945894 585,180,639,207,6,0.372744 528,184,545,199,6,0.195046 164,188,217,231,6,0.130193 416,180,433,195,6,0.103110 575,187,599,201,6,0.074314 537,179,554,195,6,0.021351 549,180,569,194,6,0.017245 396,186,418,207,6,0.017213 100,202,156,234,6,0.017160 425,179,445,193,6,0.012780 561,186,586,199,6,0.010725 610,185,635,206,6,0.010319 437,180,462,193,6,0.008927 195,199,215,225,6,0.008162 592,186,621,203,6,0.007497 483,186,502,207,6,0.007084 624,179,638,212,6,0.006580 519,186,533,199,6,0.005662 498,186,520,200,6,0.005002 569,151,635,214,6,0.004791 188,177,219,224,6,0.003178 0,216,6,248,6,0.003036 551,174,598,200,6,0.002393 601,157,640,192,6,0.002370 516,172,552,197,6,0.001770 428,174,473,196,6,0.001361 201,191,220,229,0,0.001298 628,156,639,190,6,0.001022
/home/dysjin/data/CARLA.v20-carla_v20.coco/valid/Town01_002340_png.rf.b8976b6d8f366e29aeb47fb3b3146b33.jpg 197,225,444,364,6,0.968423 551,175,640,380,6,0.020368 317,184,336,199,0,0.010876 276,186,294,202,1,0.003859 232,152,390,380,6,0.001899 252,178,274,194,1,0.001865 190,173,240,196,6,0.001581 279,177,294,195,0,0.001377 536,200,628,258,6,0.001233 265,178,288,193,1,0.001172 215,173,267,198,6,0.001089 326,175,343,192,0,0.001084 182,189,201,205,1,0.001020 605,216,638,380,6,0.001015
/home/dysjin/data/CARLA.v20-carla_v20.coco/valid/Town05_009780_png.rf.c3069a0d7ec82f2e1960c0497cec36fe.jpg 284,194,349,257,6,0.690965 433,206,471,236,6,0.447065 303,188,323,202,6,0.006368 295,188,311,204,0,0.003611 313,186,334,199,6,0.001247
/home/dysjin/data/CARLA.v20-carla_v20.coco/valid/Town05_002700_png.rf.b9dfa75f628efa31633800bb9dfee796.jpg 369,186,387,198,6,0.384565 377,182,393,195,6,0.087742 357,182,373,196,6,0.017686 390,180,406,190,6,0.010505 0,194,10,220,6,0.007599 344,186,357,198,0,0.003803 344,182,359,195,6,0.002608 254,188,275,199,6,0.002477 334,187,346,198,0,0.002328 0,191,9,274,0,0.002122 417,178,430,189,6,0.001819 390,186,404,197,6,0.001579 209,185,223,199,0,0.001474 0,172,15,220,6,0.001375 246,188,261,200,0,0.001114 357,176,396,198,6,0.001043 404,178,417,188,6,0.001030
/home/dysjin/data/CARLA.v20-carla_v20.coco/valid/005173_png.rf.c24ac196d86260d3a384e12093bfa5ef.jpg 471,194,525,241,5,0.757434
/home/dysjin/data/CARLA.v20-carla_v20.coco/valid/Town01_005820_png.rf.c9053a957ff7561268673aaec9e095f0.jpg 299,191,343,320,1,0.989164 178,204,208,220,6,0.576247 346,179,363,188,3,0.215452 402,177,447,218,6,0.031676 399,178,430,217,2,0.008286 408,196,439,217,6,0.004496 630,128,640,162,6,0.003144 0,203,9,238,6,0.003060 625,226,640,283,6,0.002127 314,179,332,191,6,0.001597 172,204,191,221,6,0.001377 607,227,638,374,6,0.001327 307,186,323,201,6,0.001133 402,185,424,210,4,0.001132 0,213,9,246,6,0.001090 247,194,259,207,6,0.001012
/home/dysjin/data/CARLA.v20-carla_v20.coco/valid/Town01_011580_png.rf.c8aa9ea674a7d69974d55bf63b55ddbf.jpg 267,189,291,208,6,0.935100 581,191,639,220,6,0.647428 469,202,523,244,6,0.161252 581,168,635,204,6,0.084308 319,183,337,195,6,0.060961 559,189,609,225,6,0.046718 624,192,638,221,6,0.025694 34,196,76,225,6,0.016016 329,186,342,198,0,0.015994 308,183,326,195,6,0.010822 52,199,78,233,2,0.008905 418,202,439,215,6,0.006222 259,193,277,208,6,0.006195 607,198,635,216,6,0.005711 17,182,68,209,6,0.003041 248,192,261,205,0,0.003015 623,152,639,214,6,0.002675 291,188,304,201,0,0.002643 551,186,569,205,4,0.002267 582,181,616,213,0,0.001235 631,197,640,234,6,0.001202 552,177,569,195,4,0.001154 219,188,237,200,6,0.001137
/home/dysjin/data/CARLA.v20-carla_v20.coco/valid/Town01_007440_png.rf.bed11eeb1dde416bf8789b24a8a5c0f8.jpg 535,162,635,224,6,0.974106 263,196,274,213,1,0.580296 266,191,278,206,0,0.155258 527,176,566,214,6,0.034951 490,82,512,137,4,0.012874 0,219,11,244,6,0.011816 331,162,347,179,4,0.011356 167,214,190,225,6,0.010547 157,215,180,227,6,0.010438 600,172,638,222,6,0.007532 178,213,201,223,6,0.006924 339,163,355,181,4,0.005507 611,182,640,225,1,0.004448 624,150,637,238,6,0.004355 278,189,297,200,6,0.004209 527,184,549,209,6,0.002426 304,180,321,193,6,0.002010 294,188,309,198,6,0.001736 180,206,202,219,6,0.001734 258,192,278,222,0,0.001597 304,187,319,198,6,0.001516 220,203,235,213,6,0.001306 197,203,209,217,0,0.001294 393,197,413,213,1,0.001216 340,174,358,187,4,0.001186 553,173,640,380,6,0.001003
/home/dysjin/data/CARLA.v20-carla_v20.coco/valid/Town05_011760_png.rf.c548e0a947d80bc036151e4db99afcfa.jpg 13,211,212,327,6,0.908760 312,185,323,202,0,0.674217 315,189,329,202,6,0.237313 202,222,348,309,6,0.004497 0,177,12,241,6,0.004050 0,175,140,360,6,0.003999 0,183,10,256,6,0.003767 599,114,640,152,6,0.003760 0,164,13,228,6,0.002981 424,0,633,380,6,0.002831 495,16,607,155,6,0.002506 629,189,639,227,6,0.002318 296,189,314,200,6,0.001988 19,51,216,380,6,0.001712 566,118,626,153,6,0.001475 258,180,273,193,6,0.001153 0,153,13,212,6,0.001103 629,129,639,163,6,0.001049
/home/dysjin/data/CARLA.v20-carla_v20.coco/valid/075708_png.rf.c1818fa586a2b613b2806f928a933d9d.jpg 304,242,350,275,6,0.996262 163,244,257,303,6,0.986455 0,258,173,397,6,0.872364 239,239,270,272,6,0.720181 8,209,165,480,6,0.049330 1,345,42,450,6,0.007553 222,246,265,288,6,0.007161 291,240,308,258,6,0.005133 229,241,256,258,6,0.003398 340,237,353,255,3,0.002900 0,295,71,480,6,0.001352 344,229,358,244,3,0.001222 628,230,640,307,2,0.001203 57,247,172,313,6,0.001173
/home/dysjin/data/CARLA.v20-carla_v20.coco/valid/Town05_009900_png.rf.c90bd5781f975f44de47fd794a1f9ac6.jpg 347,190,433,254,6,0.983932 332,188,347,205,0,0.261953 339,185,354,200,0,0.032193 476,180,497,191,3,0.028006 389,179,411,191,6,0.018739 322,189,339,204,6,0.011144 415,186,436,252,0,0.010181 556,0,640,208,6,0.004601 401,179,420,191,6,0.004324 466,178,484,189,3,0.002843 487,180,506,192,3,0.001801 607,195,635,245,6,0.001761 440,179,460,190,6,0.001371 397,180,427,237,0,0.001300 340,181,359,196,6,0.001291
/home/dysjin/data/CARLA.v20-carla_v20.coco/valid/Town05_009660_png.rf.cc2e0d6a11c64dbe092a6e9321c6a170.jpg 228,214,415,320,6,0.980414 419,189,473,209,6,0.886188 612,185,636,202,6,0.378406 379,184,392,199,0,0.036521 342,185,355,202,0,0.029569 370,185,383,198,0,0.019110 339,180,361,235,0,0.016105 209,188,229,201,6,0.014235 632,171,640,265,0,0.008531 254,180,274,194,6,0.007584 414,189,438,203,6,0.003748 353,180,373,191,6,0.003668 629,185,638,221,6,0.003235 620,168,639,207,6,0.002804 592,175,635,198,6,0.002431 333,180,348,195,0,0.001692 266,179,283,191,6,0.001331
/home/dysjin/data/CARLA.v20-carla_v20.coco/valid/003769_png.rf.c5c0c17fa97551316c57744e9608f796.jpg 495,194,548,244,4,0.784042 304,242,326,255,6,0.020251
/home/dysjin/data/CARLA.v20-carla_v20.coco/valid/121197_png.rf.c99e70822c663f40252f74e6b2ad5094.jpg 233,268,412,370,6,0.975497 311,239,326,256,1,0.050724 502,33,543,66,6,0.014858 0,305,8,333,6,0.012796 255,236,274,252,1,0.005435 212,248,225,264,1,0.002478 496,222,527,273,2,0.001708 220,49,296,269,6,0.001659 211,241,225,259,1,0.001100
/home/dysjin/data/CARLA.v20-carla_v20.coco/valid/004966_png.rf.c9d8d72d0920460b612251c5fddc5770.jpg 427,203,468,244,4,0.989536
/home/dysjin/data/CARLA.v20-carla_v20.coco/valid/Town01_006240_png.rf.cc5628eb556a5a5bd1824a8d19313b41.jpg 316,195,326,215,1,0.771019 311,194,324,209,6,0.511843 601,165,639,245,6,0.183542 317,191,326,211,0,0.183520 0,194,15,245,6,0.158047 356,179,376,190,3,0.031827 298,193,314,205,6,0.028555 0,215,11,244,6,0.016335 625,143,639,217,6,0.014242 622,182,637,252,6,0.012770 0,170,11,249,6,0.010662 306,181,321,198,6,0.008209 295,182,312,196,6,0.005842 355,185,373,197,6,0.005065 8,199,53,235,6,0.003527 20,197,47,237,2,0.003355 308,194,329,222,0,0.002070 29,209,53,234,6,0.001837 284,190,298,200,6,0.001738 605,209,636,247,6,0.001438 302,187,331,215,6,0.001108
/home/dysjin/data/CARLA.v20-carla_v20.coco/valid/001638_png.rf.c98e4c5bc2a68de358073a26469c81b2.jpg 421,211,453,240,3,0.995287 0,231,58,261,6,0.001527 602,140,638,273,6,0.001205
/home/dysjin/data/CARLA.v20-carla_v20.coco/valid/051274_png.rf.d5f64278c64b556983082379a316485f.jpg 567,172,626,252,4,0.945364 358,227,376,241,3,0.001182
/home/dysjin/data/CARLA.v20-carla_v20.coco/valid/Town01_001440_png.rf.e4b4351effd31d5b433710cffb8243e4.jpg 380,177,403,192,3,0.559808 383,136,412,180,4,0.048043 342,177,358,188,3,0.017042 112,196,167,218,6,0.012209 382,154,407,199,3,0.001826 335,181,351,193,3,0.001459
/home/dysjin/data/CARLA.v20-carla_v20.coco/valid/019121_png.rf.deb86464dd224ac85f75272f851fc0a8.jpg 505,236,564,257,6,0.927334 396,255,410,285,2,0.265360 540,237,574,255,6,0.172503 501,241,529,257,6,0.028344 627,224,640,289,2,0.002375 47,259,59,280,2,0.001147 196,238,209,259,2,0.001100 197,245,211,266,2,0.001057
/home/dysjin/data/CARLA.v20-carla_v20.coco/valid/041811_png.rf.e8d4c17844854d24f9b2bec66a8a8889.jpg 45,224,64,242,4,0.956987 0,244,14,296,2,0.108310 6,225,25,246,4,0.075791 1,222,15,247,4,0.050260 0,253,10,288,6,0.038521 6,235,29,253,4,0.016034 20,224,40,245,4,0.009930 0,239,40,275,6,0.008825 35,219,74,249,4,0.007503 1,245,11,277,6,0.004839 0,240,10,316,0,0.004167 0,251,9,334,0,0.003951 4,245,28,265,6,0.003834 7,216,23,235,4,0.003229 0,211,12,239,4,0.003131 19,237,41,252,4,0.002945 8,218,52,248,4,0.002899 20,249,44,261,6,0.002548 3,230,15,259,6,0.002456 546,283,566,303,1,0.001803 0,227,37,260,6,0.001775 0,259,10,298,6,0.001362 0,252,25,294,6,0.001350 0,218,29,254,4,0.001263 44,230,67,250,4,0.001075 306,21,318,50,5,0.001064
/home/dysjin/data/CARLA.v20-carla_v20.coco/valid/041657_png.rf.e06a4a0ae870ee5d8dbe97fc65b5b666.jpg 303,236,332,309,0,0.792471
/home/dysjin/data/CARLA.v20-carla_v20.coco/valid/001519_png.rf.e42bb854e84b40164ed2795569b2eb6f.jpg 570,219,590,242,3,0.942240 603,230,640,259,6,0.089522 221,238,241,255,6,0.014457 622,219,638,269,6,0.006644 96,254,120,268,6,0.006226 229,234,244,252,2,0.004281 0,305,8,334,6,0.001660 603,244,617,265,6,0.001294 574,191,636,262,3,0.001253 583,224,599,245,3,0.001105 573,231,592,249,3,0.001105
/home/dysjin/data/CARLA.v20-carla_v20.coco/valid/Town02_005280_png.rf.ec981f5d8aec80a53ec1f9961c2321af.jpg 69,194,137,222,6,0.820222 157,200,210,267,1,0.405696 47,180,127,230,6,0.372733 0,194,12,224,6,0.358911 44,192,99,224,6,0.098200 178,190,206,252,0,0.093059 0,178,17,223,6,0.032428 153,206,216,274,0,0.030185 98,201,132,218,6,0.012383 633,201,640,238,6,0.009192 0,184,60,212,6,0.006544 370,199,381,214,1,0.001623 163,220,210,260,6,0.001552 0,195,39,222,6,0.001284 626,161,640,229,6,0.001258 12,195,68,220,6,0.001050 133,176,236,278,1,0.001003
/home/dysjin/data/CARLA.v20-carla_v20.coco/valid/001509_png.rf.ed3baed466e7f65c1a01fb57bf942b65.jpg 570,220,590,242,3,0.915566 608,229,636,263,6,0.074561 603,235,620,256,6,0.023121 95,254,120,268,6,0.015785 573,231,591,249,3,0.003392 231,226,246,247,2,0.002354 220,237,241,255,6,0.002204 622,205,638,266,6,0.002135 345,229,359,245,3,0.001834 583,224,600,245,3,0.001821 0,305,8,334,6,0.001780 575,192,636,263,3,0.001506 629,236,639,271,6,0.001479 602,182,639,277,6,0.001130
/home/dysjin/data/CARLA.v20-carla_v20.coco/valid/033890_png.rf.e368755037cdc345b45b625d64db27a1.jpg 243,248,418,374,6,0.943505 591,227,630,330,2,0.892661 612,234,636,305,2,0.058777 0,249,14,296,6,0.013751 0,264,11,296,6,0.004440 624,248,638,338,2,0.003870 404,248,424,265,6,0.003331 609,280,638,329,2,0.003226 0,244,9,276,6,0.002277 626,288,640,369,2,0.002208
/home/dysjin/data/CARLA.v20-carla_v20.coco/valid/075724_png.rf.e0c3e9a2b7f318c71e76ccdcb0dda6a1.jpg 292,241,335,269,6,0.997304 191,243,243,281,6,0.920714 0,232,76,469,6,0.846095 46,243,210,346,6,0.705292 203,245,243,286,1,0.227481 128,241,240,316,6,0.038997 592,231,631,259,6,0.037949 270,241,290,254,6,0.032803 611,214,635,261,2,0.021112 0,285,76,480,6,0.017067 279,243,298,258,6,0.008111 225,246,244,276,6,0.007605 624,183,639,260,2,0.005675 203,252,232,271,6,0.004361 0,316,72,427,6,0.003751 225,251,244,282,1,0.003522 0,180,252,380,6,0.002892 621,231,639,260,6,0.002532 223,246,245,284,0,0.002070 630,227,640,310,2,0.001804 0,270,142,371,6,0.001282 113,235,212,287,6,0.001222 44,250,143,313,6,0.001198 0,269,65,385,6,0.001027
/home/dysjin/data/CARLA.v20-carla_v20.coco/valid/112477_png.rf.ecf5d82849f8b68362ce65c8d2645a1c.jpg 339,240,363,296,2,0.974366 584,232,633,254,6,0.108953 580,240,636,268,6,0.001929 625,229,638,260,6,0.001534
/home/dysjin/data/CARLA.v20-carla_v20.coco/valid/Town02_001980_png.rf.ee7206fcf98c96c61f2900b25e79ce20.jpg 297,187,337,317,1,0.995125 0,189,61,222,6,0.684994 161,189,177,219,1,0.430106 156,177,178,219,0,0.422661 29,191,72,216,6,0.231775 134,182,174,212,6,0.008374 163,183,217,209,6,0.006368 282,179,299,193,6,0.005078 0,181,10,213,6,0.004612 62,170,122,198,6,0.004018 0,190,9,223,6,0.002093 0,153,15,215,6,0.001797 354,163,371,179,4,0.001742 40,181,85,211,6,0.001692 0,186,18,230,6,0.001671 51,195,74,214,6,0.001651 153,183,203,212,1,0.001639 578,192,633,263,6,0.001227 0,256,8,286,6,0.001172
/home/dysjin/data/CARLA.v20-carla_v20.coco/valid/026829_png.rf.e6f26e62f316568466a95ba7fd18d850.jpg 373,220,393,239,3,0.997466 631,275,640,307,6,0.031120 0,232,15,287,6,0.015967 0,240,15,296,2,0.013856 2,236,30,280,2,0.007628 0,224,16,274,6,0.004110 629,236,640,307,2,0.001667 30,245,78,272,6,0.001367 0,217,10,249,6,0.001356 344,227,359,241,3,0.001163
/home/dysjin/data/CARLA.v20-carla_v20.coco/valid/007076_png.rf.d635d979c35f5dd6da756ef9889aef0b.jpg 396,218,419,238,5,0.983934
/home/dysjin/data/CARLA.v20-carla_v20.coco/valid/112475_png.rf.df928fa484eb08e1454caacc1e194352.jpg 333,241,352,293,2,0.984637 583,232,634,254,6,0.018575
/home/dysjin/data/CARLA.v20-carla_v20.coco/valid/Town02_006960_png.rf.eedfb90c1deb0d66a31341acd2e08f4f.jpg 145,163,167,179,3,0.947062 1,176,32,211,6,0.818696 581,183,639,251,6,0.676710 606,223,637,380,6,0.009736 562,168,608,200,6,0.008712 148,177,166,240,2,0.006283 571,152,640,380,6,0.005421 562,152,640,267,6,0.002645 0,171,11,203,6,0.002517 0,179,14,211,6,0.002478 591,182,640,214,6,0.002081 82,177,104,188,6,0.001746 146,171,167,185,3,0.001279
/home/dysjin/data/CARLA.v20-carla_v20.coco/valid/Town05_010860_png.rf.f31c0584fff1474ad2b0f4132e874f7d.jpg 304,180,330,258,0,0.924448 1,182,59,216,6,0.917562 306,181,323,194,6,0.009510 23,194,56,212,6,0.008738 0,190,9,222,6,0.007459 0,175,18,220,6,0.007450 14,192,44,207,6,0.002533 628,245,640,339,2,0.002516 42,187,59,206,6,0.001795 306,185,324,205,0,0.001548 0,151,16,220,6,0.001366 314,197,329,241,0,0.001267 356,179,372,192,3,0.001213 0,190,9,274,0,0.001131 24,170,57,206,6,0.001006
/home/dysjin/data/CARLA.v20-carla_v20.coco/valid/Town05_004800_png.rf.ee7c080c8716cb366969ca625bb6d68b.jpg 239,185,266,206,6,0.877612 216,187,241,202,6,0.288940 345,186,363,203,6,0.240132 353,186,368,202,0,0.179604 207,191,228,205,6,0.054352 626,170,639,200,6,0.025951 183,189,203,204,6,0.020343 363,186,381,199,6,0.012978 344,180,361,198,0,0.012441 196,190,211,206,0,0.010782 394,186,406,199,0,0.003915 249,181,270,198,6,0.003623 335,187,348,201,0,0.003062 220,177,263,201,6,0.002288 318,188,337,198,6,0.002015 264,187,280,201,6,0.001839
/home/dysjin/data/CARLA.v20-carla_v20.coco/valid/Town05_009840_png.rf.f5040ce45ecca2822cb3b1b4ea8a6f61.jpg 289,193,367,255,6,0.982140 271,188,286,202,0,0.014517 281,187,295,201,0,0.005457 269,181,286,196,6,0.003321 339,184,364,234,0,0.002887 343,187,359,204,0,0.001754 631,206,640,283,2,0.001311 292,186,309,201,6,0.001222 259,190,274,202,0,0.001198 279,181,296,196,6,0.001120
/home/dysjin/data/CARLA.v20-carla_v20.coco/valid/041861_png.rf.f5f3812ca6c536c5c25bea3d596be111.jpg 299,241,324,294,0,0.971793 91,248,229,313,6,0.952565 405,206,434,242,4,0.771501 132,230,239,295,6,0.041599 213,228,240,286,0,0.026400 346,225,361,242,4,0.017375 379,253,400,265,6,0.003450 387,180,430,236,4,0.003095 345,238,363,251,4,0.001442
/home/dysjin/data/CARLA.v20-carla_v20.coco/valid/Town02_003120_png.rf.f36fecf8d2ee4965c1f3bddaaaad5f33.jpg 600,178,640,214,6,0.799610 420,191,494,221,6,0.540319 573,182,625,208,6,0.067681 624,186,640,249,6,0.048906 370,193,430,216,6,0.018944 614,163,640,279,6,0.011256 462,199,489,221,1,0.009171 402,191,450,220,6,0.006861 401,199,429,220,1,0.004852 614,202,637,260,0,0.004544 611,198,637,358,6,0.002912 0,193,8,222,6,0.002468 545,182,602,210,6,0.002267 517,181,640,380,6,0.001240 618,203,634,232,6,0.001146 612,199,640,237,6,0.001103
/home/dysjin/data/CARLA.v20-carla_v20.coco/valid/003755_png.rf.f6343810071c5f5401b5697ef363285d.jpg 406,216,434,242,4,0.991005 303,240,327,252,6,0.004267 416,5,637,480,6,0.001029
/home/dysjin/data/CARLA.v20-carla_v20.coco/valid/Town01_003300_png.rf.fae28071a74fa02928094ff14cdbb3aa.jpg 273,198,357,275,6,0.988018 163,186,217,208,6,0.223390 278,192,298,206,6,0.092107 45,186,91,208,6,0.041983 497,180,553,208,6,0.024834 313,188,335,201,6,0.023056 628,203,640,282,6,0.015850 631,205,640,238,6,0.006531 274,187,304,223,6,0.002685 545,205,599,238,6,0.002590 284,192,346,227,6,0.002401 609,205,639,347,6,0.002326 558,182,640,380,6,0.001727 290,186,340,208,6,0.001596 190,196,220,212,1,0.001315 526,168,592,204,6,0.001204 287,189,308,204,6,0.001066
/home/dysjin/data/CARLA.v20-carla_v20.coco/valid/138255_png.rf.fbf65e3e930393318a8312fdaefcae24.jpg 55,240,79,295,2,0.961915 65,231,84,290,2,0.008606 0,233,10,308,2,0.004468 182,250,195,267,6,0.002012 627,256,640,332,2,0.001785 366,227,382,243,5,0.001641
/home/dysjin/data/CARLA.v20-carla_v20.coco/valid/005373_png.rf.f68e0e113c5193c933cbee38c6a6bc2d.jpg 146,238,165,266,2,0.861627 155,238,170,264,2,0.651035 139,238,154,265,2,0.124971 0,255,11,284,6,0.066728 0,228,11,294,2,0.052932 168,239,181,272,2,0.007896 384,233,440,263,6,0.005220 0,261,9,295,6,0.002418 125,240,140,261,2,0.001121
/home/dysjin/data/CARLA.v20-carla_v20.coco/valid/001630_png.rf.ff5ced110f03f998a7a6998ddf647fd2.jpg 408,214,435,239,3,0.994195 49,230,106,255,6,0.015818 600,145,638,269,6,0.015039 629,152,640,240,3,0.002165 629,155,640,257,6,0.001635 379,239,398,253,6,0.001435
/home/dysjin/data/CARLA.v20-carla_v20.coco/valid/006662_png.rf.fa42143249c7b6a780238796639341d3.jpg 465,232,501,311,2,0.924732 462,243,506,305,4,0.004172 483,237,511,307,2,0.001146 449,220,519,329,2,0.001123
/home/dysjin/data/CARLA.v20-carla_v20.coco/valid/Town05_004860_png.rf.f5c138159cbce172c63fa9a736f9c655.jpg 239,185,266,206,6,0.855496 345,186,363,203,6,0.337335 216,187,241,202,6,0.190195 207,190,228,205,6,0.047509 625,169,639,200,6,0.031659 183,189,202,204,6,0.013660 364,180,383,194,6,0.012976 344,180,361,198,0,0.011989 353,180,371,198,0,0.010819 196,190,211,205,0,0.006084 221,177,263,201,6,0.003727 250,181,269,198,6,0.003610 335,187,348,201,0,0.003164 393,186,405,199,0,0.002475 264,187,280,201,6,0.001698 318,188,337,199,6,0.001569 391,179,406,193,0,0.001442 333,173,369,199,6,0.001007
/home/dysjin/data/CARLA.v20-carla_v20.coco/valid/Town01_008460_png.rf.03f3160d63f090b29499596ec3c8c4b5.jpg 27,197,141,250,6,0.979915 536,185,634,232,6,0.693419 534,193,590,223,6,0.079490 432,196,486,215,6,0.063088 598,188,639,225,6,0.044542 626,159,640,230,6,0.036165 0,212,41,255,6,0.019671 372,200,384,214,1,0.018717 263,192,293,203,6,0.012310 0,196,80,255,6,0.009295 380,201,396,214,1,0.008931 632,166,640,204,6,0.007783 108,184,126,206,1,0.006923 537,198,558,220,6,0.006294 239,198,250,215,1,0.005303 0,205,15,261,6,0.004995 585,170,632,201,6,0.003486 563,187,628,212,6,0.003279 513,192,560,220,6,0.002482 0,194,41,228,6,0.002324 342,192,359,207,6,0.002259 243,198,254,214,0,0.002084 0,193,17,250,6,0.001811 593,187,620,202,6,0.001794 393,202,406,214,1,0.001464 534,181,562,220,0,0.001384 594,177,619,194,6,0.001351 463,192,484,208,6,0.001237 0,228,10,258,6,0.001163 630,196,640,236,6,0.001022 0,192,9,225,6,0.001022 612,187,634,209,6,0.001016 107,177,129,215,0,0.001008
/home/dysjin/data/CARLA.v20-carla_v20.coco/valid/005508_png.rf.0ab3da1b4970047c9b42e5bbe5d4e6f1.jpg 33,235,57,286,2,0.980995 92,234,122,314,2,0.495718 23,239,47,291,2,0.010578 85,239,107,305,2,0.009187 476,242,541,277,6,0.004102 0,252,38,290,6,0.001535 0,245,13,298,6,0.001197
/home/dysjin/data/CARLA.v20-carla_v20.coco/valid/Town01_006180_png.rf.089d25ecaf49fe28c7f3bf0c3614732b.jpg 312,194,325,217,1,0.852086 355,179,374,188,3,0.217169 375,173,425,192,6,0.170617 352,175,396,196,6,0.036892 0,210,18,251,6,0.016899 372,176,399,190,6,0.009249 316,180,329,196,6,0.006047 312,189,331,223,0,0.004469 45,207,90,230,6,0.004045 4,221,26,239,6,0.003824 309,181,322,197,6,0.003815 389,169,413,183,3,0.002918 0,207,13,239,6,0.002385 65,212,92,230,6,0.002273 356,171,372,184,3,0.002213 0,202,26,247,6,0.002077 361,185,385,198,6,0.001775 409,175,432,189,6,0.001268
/home/dysjin/data/CARLA.v20-carla_v20.coco/valid/Town02_008340_png.rf.044a76656e2e2fe428cd425926d9acbe.jpg 547,190,618,222,6,0.952425 155,194,242,244,6,0.951082 271,188,291,201,6,0.719585 626,169,640,241,6,0.005964 290,188,307,198,6,0.005920 611,160,639,210,6,0.005636 526,181,573,215,6,0.004759 306,187,320,197,6,0.003466 307,182,323,194,3,0.002496 260,180,275,194,3,0.002063 279,183,294,196,6,0.001605 317,177,331,190,3,0.001352 608,184,637,231,6,0.001277 260,188,274,201,6,0.001174 270,196,291,210,6,0.001161 146,174,251,282,6,0.001134 574,180,635,216,6,0.001055
/home/dysjin/data/CARLA.v20-carla_v20.coco/valid/075710_png.rf.0b62bb94157d1f2113ac6bbefe158022.jpg 305,242,350,275,6,0.996326 163,245,257,303,6,0.986539 0,259,173,398,6,0.879536 239,238,269,273,6,0.627847 8,210,165,480,6,0.046803 221,247,264,288,6,0.009356 0,345,42,450,6,0.007438 281,241,302,254,6,0.004194 228,240,254,258,6,0.002752 339,238,353,255,3,0.002562 0,295,71,480,6,0.002518 57,247,172,313,6,0.001369 187,242,224,298,6,0.001271 142,256,180,345,1,0.001253 251,239,268,262,6,0.001168
/home/dysjin/data/CARLA.v20-carla_v20.coco/valid/041689_png.rf.0d648fbd58416a80b414e4503d51c42e.jpg 303,235,331,309,0,0.602244
/home/dysjin/data/CARLA.v20-carla_v20.coco/valid/003751_png.rf.0ff9ef7c8c8e4f5eab52437609a3b501.jpg 395,218,420,241,4,0.994464 305,240,326,252,6,0.002439 231,122,251,196,0,0.001051
/home/dysjin/data/CARLA.v20-carla_v20.coco/valid/Town02_008820_png.rf.135414697b8215dc125af6b125d3058c.jpg 273,179,360,362,6,0.983240 510,180,558,211,6,0.878833 386,185,409,201,3,0.256136 548,177,617,215,6,0.162519 0,196,18,247,6,0.069987 385,182,432,207,3,0.039570 228,193,250,204,6,0.025922 0,178,16,238,6,0.025742 0,218,14,248,6,0.013304 396,181,419,195,3,0.010959 0,172,15,224,6,0.003937 609,195,637,361,6,0.003512 223,192,237,207,6,0.003458 627,183,640,256,6,0.003065 93,194,139,218,6,0.002679 341,188,358,200,6,0.002102 0,256,8,285,6,0.001905 151,184,205,205,6,0.001843 523,172,593,205,6,0.001686 607,159,639,251,6,0.001381 4,222,26,242,6,0.001369 279,189,297,198,6,0.001333 629,212,640,300,2,0.001250 142,173,163,193,3,0.001228 508,185,542,202,6,0.001200 595,162,640,380,6,0.001120
/home/dysjin/data/CARLA.v20-carla_v20.coco/valid/006664_png.rf.1466f666c872e94bac27eba56bbdfb5b.jpg 476,234,517,319,2,0.975653 0,216,8,248,6,0.001260 0,234,10,305,6,0.001213 0,226,10,290,6,0.001121 0,228,7,263,6,0.001017
/home/dysjin/data/CARLA.v20-carla_v20.coco/valid/014570_png.rf.1235b2ca71c181a49fda1bb53eaa19cd.jpg 434,232,456,284,2,0.994705 64,236,124,260,6,0.972040 301,244,333,263,6,0.859189 0,229,12,288,2,0.005048 0,242,10,274,6,0.003467 0,252,9,285,6,0.002644 0,239,11,299,2,0.002607 0,212,11,282,2,0.001789
/home/dysjin/data/CARLA.v20-carla_v20.coco/valid/112550_png.rf.1ca2fa82e03653536df85cf5faf5753c.jpg 522,234,548,300,2,0.706429 584,233,633,255,6,0.088209
/home/dysjin/data/CARLA.v20-carla_v20.coco/valid/Town02_000780_png.rf.16d5987bcdc7d08470c1b3e757e128e5.jpg 301,193,344,318,1,0.997080 280,184,301,203,6,0.913365 42,184,113,215,6,0.842674 0,187,16,232,6,0.028856 78,182,120,210,6,0.019599 318,178,335,190,6,0.016280 328,180,347,194,6,0.015284 340,186,358,199,6,0.007170 75,193,107,208,6,0.007038 285,178,309,194,6,0.005063 31,179,58,216,0,0.004372 0,171,13,226,6,0.003803 595,182,640,209,6,0.003508 304,174,322,188,6,0.002517 0,191,37,225,6,0.002393 0,203,12,232,6,0.002276 366,187,384,203,6,0.001462 0,176,83,221,6,0.001282 9,180,53,211,6,0.001015
/home/dysjin/data/CARLA.v20-carla_v20.coco/valid/Town02_001500_png.rf.1e8a22666698f8954863a9939bc59942.jpg 184,191,214,216,6,0.744169 487,193,576,255,6,0.200426 601,204,640,293,6,0.093822 622,219,640,287,6,0.025549 534,210,634,288,6,0.006632 559,191,640,355,6,0.001183
/home/dysjin/data/CARLA.v20-carla_v20.coco/valid/Town05_004620_png.rf.0e4a190ca586e0e90df6b90be2c83f5b.jpg 393,178,455,207,6,0.930809 346,183,362,201,6,0.452173 283,185,301,200,6,0.363386 572,193,625,225,6,0.131622 598,168,640,203,6,0.050726 581,185,636,209,6,0.018697 625,179,637,209,6,0.013898 608,188,636,204,6,0.008366 628,175,640,262,0,0.006076 363,179,383,192,6,0.004304 0,216,7,246,6,0.002856 341,173,378,198,6,0.002662 366,185,381,199,6,0.002437 549,171,597,193,6,0.002055 217,185,238,199,6,0.001893 403,187,440,203,6,0.001881 0,207,8,237,6,0.001723 382,185,396,200,0,0.001509 571,214,625,247,6,0.001450 633,197,640,241,6,0.001381 557,180,612,210,6,0.001247 572,191,600,231,0,0.001050
/home/dysjin/data/CARLA.v20-carla_v20.coco/valid/006578_png.rf.21f08e8ed63ab67b3ef05528af8ef9e6.jpg 370,225,388,241,3,0.980401 260,238,295,255,6,0.894549
/home/dysjin/data/CARLA.v20-carla_v20.coco/valid/Town01_004320_png.rf.1f6552094735eb0bd49b614b7e584c58.jpg 258,198,374,288,6,0.956806 303,180,326,195,6,0.070239 506,208,563,235,6,0.031881 229,175,279,197,6,0.030774 0,193,12,222,6,0.018782 255,179,277,195,6,0.015173 0,183,11,214,6,0.008483 607,207,637,351,6,0.005258 193,172,242,198,6,0.004939 296,179,314,193,6,0.003908 559,143,584,193,4,0.002914 193,187,210,202,1,0.002547 0,191,15,245,6,0.002257 264,176,282,190,6,0.002133 603,216,639,250,6,0.002112 314,184,333,198,6,0.001497 625,202,640,284,6,0.001386 592,170,640,380,6,0.001114 240,189,270,202,6,0.001081
/home/dysjin/data/CARLA.v20-carla_v20.coco/valid/Town02_006720_png.rf.2632fd4f3d65ff215e84d472badfd870.jpg 269,192,288,208,6,0.982107 578,176,639,222,6,0.576883 562,176,585,194,3,0.232350 127,194,176,214,6,0.145301 478,182,541,206,6,0.139051 0,158,11,211,3,0.036316 0,196,14,224,6,0.033556 560,176,585,213,0,0.028209 0,164,15,223,6,0.025476 202,191,228,204,6,0.021164 193,189,213,206,6,0.018105 390,184,454,207,6,0.014793 562,164,583,186,3,0.014790 0,200,19,240,6,0.013842 344,191,356,206,1,0.010973 0,206,16,255,6,0.009645 178,191,204,206,6,0.007453 261,194,277,207,6,0.007277 215,192,239,202,6,0.006592 2,193,53,222,6,0.006117 560,178,613,214,6,0.006107 289,190,306,201,6,0.005689 2,198,27,218,6,0.002267 231,189,245,201,6,0.001973 243,190,259,202,6,0.001960 506,187,536,204,6,0.001797 0,156,9,195,3,0.001640 303,191,321,200,6,0.001613 169,195,185,215,2,0.001445 108,187,154,212,6,0.001242 554,174,573,194,3,0.001135 152,191,178,208,6,0.001082
/home/dysjin/data/CARLA.v20-carla_v20.coco/valid/Town05_006900_png.rf.2eaa1f5f6de8c6bffcd968f78f2f53b4.jpg 235,186,256,228,1,0.660217 237,175,260,229,0,0.302612 626,246,640,336,2,0.005992 303,205,407,380,1,0.002655 304,187,406,370,6,0.001902 380,189,395,207,1,0.001808 379,196,394,213,0,0.001653 629,185,640,279,0,0.001463 614,198,640,354,6,0.001355
/home/dysjin/data/CARLA.v20-carla_v20.coco/valid/005482_png.rf.1eef94cb1d26525ab4b64d28fc9be58d.jpg 1,224,28,321,2,0.890023 15,234,38,304,2,0.024252 0,220,20,300,2,0.018317 3,229,33,350,2,0.014007 475,242,541,277,6,0.009589 0,217,12,247,6,0.004884 1,211,19,282,6,0.002065 178,250,200,264,6,0.001518 0,200,42,349,2,0.001237 605,13,640,152,6,0.001114
/home/dysjin/data/CARLA.v20-carla_v20.coco/valid/138251_png.rf.2622df013f55b1f57387212b95c87241.jpg 78,238,99,287,2,0.848360 191,250,200,269,1,0.016385 0,242,13,300,2,0.002529 195,241,208,261,1,0.001439 627,361,639,447,2,0.001297
/home/dysjin/data/CARLA.v20-carla_v20.coco/valid/007070_png.rf.2316a0a54db7e4a749f421570aadd160.jpg 375,220,411,240,5,0.959121
/home/dysjin/data/CARLA.v20-carla_v20.coco/valid/Town05_010920_png.rf.2325292b5e147dc41c10fe128f6256f9.jpg 299,179,344,291,0,0.974620 312,176,334,193,6,0.004357 0,157,11,183,6,0.001768 293,177,314,193,6,0.001306
/home/dysjin/data/CARLA.v20-carla_v20.coco/valid/Town01_006420_png.rf.2b897cd6227874bc930ae1c7e17e3b3b.jpg 315,194,327,213,1,0.483296 582,165,640,232,6,0.417217 317,192,327,209,0,0.257366 0,171,14,246,2,0.138246 2,182,28,239,2,0.039086 380,178,397,194,4,0.032035 377,183,395,202,6,0.014026 0,216,12,243,6,0.012181 0,203,13,238,6,0.009476 268,193,285,202,6,0.008675 293,182,308,194,6,0.008030 297,191,311,204,6,0.006409 347,178,360,188,3,0.006142 281,189,294,200,6,0.005157 0,189,10,229,6,0.002799 355,177,369,189,4,0.002773 373,179,397,206,2,0.002626 259,193,275,204,6,0.002236 0,186,26,237,5,0.002034 0,157,12,239,6,0.001474 7,205,26,234,2,0.001407 629,204,640,237,6,0.001183 0,198,24,245,6,0.001141 284,183,299,195,6,0.001115 389,176,404,192,4,0.001018
/home/dysjin/data/CARLA.v20-carla_v20.coco/valid/Town05_006780_png.rf.253c814d6e368b92a888141244ca1a16.jpg 166,187,209,258,1,0.715532 356,178,375,191,3,0.006842 317,187,338,200,6,0.003575 329,189,346,202,6,0.002754 354,185,372,198,6,0.002563 406,0,640,379,6,0.002038 363,177,383,192,6,0.001107
/home/dysjin/data/CARLA.v20-carla_v20.coco/valid/Town01_008280_png.rf.2f69ce357d9638b109b359e31c238ab4.jpg 280,192,306,208,6,0.848389 315,193,334,207,6,0.575485 287,189,337,207,6,0.339038 383,204,396,222,2,0.204312 458,199,490,215,6,0.175986 72,184,112,207,6,0.069465 137,183,190,204,6,0.028699 447,193,475,209,6,0.018756 192,196,208,213,1,0.018588 326,190,344,201,6,0.014658 448,202,498,234,6,0.012766 185,188,202,210,1,0.012393 388,204,410,216,6,0.009966 428,194,476,221,6,0.009288 630,165,640,199,6,0.008403 469,197,526,219,6,0.006508 601,201,640,240,6,0.005919 262,191,273,204,1,0.005806 346,177,361,189,3,0.005649 508,199,533,217,6,0.004188 407,213,439,225,6,0.003998 625,187,640,250,6,0.003756 370,203,385,220,2,0.003555 300,197,325,209,6,0.003080 398,204,423,217,6,0.002802 345,187,355,199,3,0.002714 356,198,366,214,2,0.002597 399,199,448,223,6,0.002089 483,199,508,216,6,0.002076 629,209,640,276,2,0.001928 438,198,462,238,2,0.001655 456,186,508,215,6,0.001578 353,186,365,199,3,0.001535 604,166,639,197,6,0.001415 522,201,626,257,6,0.001370 487,184,534,214,6,0.001332 77,196,112,210,6,0.001000
/home/dysjin/data/CARLA.v20-carla_v20.coco/valid/Town01_005100_png.rf.262bb9c3104b14f5fb633de3dafd0a52.jpg 574,183,601,214,6,0.199500 579,178,635,215,6,0.106903 574,189,602,219,0,0.099592 5,190,28,205,6,0.042637 330,194,352,216,1,0.024913 0,185,12,209,6,0.014570 627,166,639,201,6,0.005994 146,199,161,214,1,0.004177 282,202,298,216,1,0.003430 598,169,639,198,6,0.002922 594,191,640,227,6,0.002762 571,166,599,211,0,0.002558 320,185,361,213,1,0.001756 227,182,278,214,6,0.001719
/home/dysjin/data/CARLA.v20-carla_v20.coco/valid/Town01_011940_png.rf.2554f5ab3ce2122d2ef300838472450f.jpg 564,193,606,220,6,0.968962 204,186,269,229,6,0.266020 584,203,611,258,0,0.052833 585,206,626,354,2,0.039335 585,199,623,306,0,0.015181 566,169,640,380,2,0.007423 571,183,640,211,6,0.004171 0,0,9,29,6,0.003186 327,178,349,195,6,0.002785 575,179,621,241,6,0.001976 331,184,348,201,0,0.001624 546,196,585,219,6,0.001360 628,178,638,211,6,0.001326 127,191,177,224,6,0.001245 0,6,40,42,6,0.001121 520,183,640,380,6,0.001071 568,198,615,232,0,0.001033
/home/dysjin/data/CARLA.v20-carla_v20.coco/valid/041684_png.rf.2f70db5ab75442cd11fffa13a776ae97.jpg 303,234,331,312,0,0.751480 1,82,11,156,6,0.001749 288,232,358,399,0,0.001124
/home/dysjin/data/CARLA.v20-carla_v20.coco/valid/Town05_010980_png.rf.2071755951cd753466eb2cc53fd2fe0c.jpg 301,187,341,285,0,0.930233 232,200,585,380,6,0.002784 291,175,359,380,0,0.001966 226,323,270,362,5,0.001206
/home/dysjin/data/CARLA.v20-carla_v20.coco/valid/112459_png.rf.33bdc5bd58f0f631808a95c4ceb9a78f.jpg 291,240,313,295,2,0.987083 585,232,634,254,6,0.046512 624,229,638,259,6,0.001356 581,240,636,269,6,0.001035
/home/dysjin/data/CARLA.v20-carla_v20.coco/valid/041653_png.rf.31aa86a50239c7e6cbc52c66846dac06.jpg 304,233,330,310,0,0.889536 481,126,576,191,6,0.001617 288,228,360,406,0,0.001440
/home/dysjin/data/CARLA.v20-carla_v20.coco/valid/041819_png.rf.374472e0a0868df264a4100cb7734e35.jpg 171,224,190,242,4,0.975394 20,238,70,263,6,0.935786 107,241,133,299,0,0.928912 169,231,192,250,4,0.029948 162,228,180,244,4,0.013582 149,226,165,241,4,0.005529 158,221,198,248,4,0.002830 560,284,579,302,1,0.002449 579,184,640,218,6,0.001481 53,237,72,260,0,0.001467
/home/dysjin/data/CARLA.v20-carla_v20.coco/valid/Town05_010800_png.rf.3489607b659edfbc485537135e06f34b.jpg 0,194,135,264,6,0.952865 304,180,330,258,0,0.938412 127,183,174,203,6,0.615676 345,180,358,191,3,0.012778 347,184,355,199,0,0.006652 295,181,313,195,6,0.005943 104,194,133,246,0,0.003735 75,201,130,245,6,0.003344 302,187,321,204,6,0.003290 354,177,373,189,3,0.003170 368,164,383,178,3,0.003056 314,179,330,191,6,0.002665 314,197,329,241,0,0.002331 366,175,380,188,3,0.002063 330,179,348,190,6,0.001967 117,189,142,207,6,0.001379
/home/dysjin/data/CARLA.v20-carla_v20.coco/valid/Town02_001080_png.rf.2d29b90fb99ccf7727caeaa1914436b4.jpg 301,193,343,319,1,0.997490 278,185,298,204,6,0.923367 0,169,87,380,6,0.902953 82,189,228,300,6,0.747433 31,182,78,214,6,0.096202 317,179,334,191,6,0.017841 327,180,347,194,6,0.009534 5,257,88,371,6,0.007221 303,175,326,189,6,0.006914 227,180,251,194,6,0.006886 0,225,84,380,6,0.006442 0,219,98,331,6,0.006320 3,183,60,213,6,0.005443 595,182,640,209,6,0.004442 271,180,289,199,6,0.003531 341,186,358,199,6,0.002819 285,179,310,194,6,0.002249 45,136,265,334,6,0.002038 365,186,384,203,6,0.001514 131,178,232,246,6,0.001126
/home/dysjin/data/CARLA.v20-carla_v20.coco/valid/Town02_005700_png.rf.39e8547ff43ddaa06ed2b24f114c8a27.jpg 237,215,396,322,6,0.962144 282,185,299,201,6,0.765044 557,188,590,202,6,0.287709 315,185,334,199,6,0.057094 609,169,639,220,6,0.023420 472,181,499,195,6,0.020384 584,185,603,205,6,0.008349 300,181,328,196,6,0.008338 544,191,575,204,6,0.007290 482,187,510,199,6,0.006716 585,142,635,222,6,0.001406 627,180,640,255,6,0.001286 286,182,309,196,6,0.001183 0,117,10,149,6,0.001014
/home/dysjin/data/CARLA.v20-carla_v20.coco/valid/Town02_002040_png.rf.3d0fd4b3b3749ac8ebdf480959eb8e66.jpg 295,188,338,315,1,0.992880 266,182,310,210,6,0.872410 121,191,158,218,6,0.391442 0,165,114,372,6,0.352937 90,178,145,214,6,0.020811 63,169,119,199,6,0.014257 54,184,84,231,0,0.009075 280,167,347,305,6,0.006825 0,153,13,212,6,0.004963 0,140,13,201,6,0.004836 0,178,9,210,6,0.003472 47,176,122,237,6,0.003122 260,186,277,207,1,0.002909 602,216,640,252,6,0.002435 47,174,68,194,1,0.002417 0,171,11,244,6,0.002118 44,166,71,202,0,0.001878 273,174,324,200,6,0.001832 31,176,124,326,1,0.001663 139,189,162,213,6,0.001562 0,141,9,176,6,0.001526 112,197,146,216,6,0.001445 41,166,91,200,6,0.001318 262,193,292,212,6,0.001244 300,185,321,202,6,0.001225 0,178,11,261,6,0.001171 623,201,640,264,6,0.001140 266,191,329,225,6,0.001126 111,169,166,206,6,0.001108 43,177,89,213,0,0.001107 53,184,75,207,1,0.001060
/home/dysjin/data/CARLA.v20-carla_v20.coco/valid/075707_png.rf.2ff4a82560cfe658387e361a6cc43ef0.jpg 304,242,351,275,6,0.996086 165,244,258,302,6,0.985439 0,258,172,398,6,0.861147 240,239,270,272,6,0.643758 10,209,163,480,6,0.056224 1,345,42,450,6,0.009563 220,246,264,288,6,0.008225 282,241,302,254,6,0.005303 339,237,353,256,3,0.003273 229,241,255,258,6,0.002502 141,257,180,344,1,0.002068 627,229,640,308,2,0.001635 0,294,70,480,6,0.001336 188,242,223,298,6,0.001047 57,247,173,312,6,0.001043 252,239,268,262,6,0.001039
/home/dysjin/data/CARLA.v20-carla_v20.coco/valid/138320_png.rf.332f3bdf3abffc7dd973858c3061b801.jpg 58,235,81,287,2,0.964811 0,240,12,302,2,0.082550 0,229,11,294,2,0.005376 379,237,393,253,5,0.002794 48,242,72,294,2,0.002762 627,336,640,421,2,0.001502 0,243,9,279,6,0.001183 368,228,381,245,5,0.001175
/home/dysjin/data/CARLA.v20-carla_v20.coco/valid/003766_png.rf.3dbe103da1003d1fb3bd18ad0d0894b4.jpg 461,198,509,245,4,0.985804 304,241,325,254,6,0.007326 465,25,640,466,6,0.001679
/home/dysjin/data/CARLA.v20-carla_v20.coco/valid/121245_png.rf.3c6765f574e34bb200e320d55fc2ffe7.jpg 271,252,356,318,6,0.988854 622,266,637,293,6,0.017522 220,44,294,278,1,0.004462 234,126,279,239,1,0.001279
/home/dysjin/data/CARLA.v20-carla_v20.coco/valid/Town05_011040_png.rf.3f658b3c60547a5478cb61d6b76eb55c.jpg 308,178,327,216,0,0.509603 233,187,248,201,6,0.008187 219,190,243,202,6,0.001542
/home/dysjin/data/CARLA.v20-carla_v20.coco/valid/Town02_004920_png.rf.3cdedb8ebbe317a63567ec577e3789a8.jpg 309,194,329,242,1,0.933645 329,174,345,188,3,0.106152 163,187,189,201,6,0.040808 321,168,339,183,3,0.028232 363,187,381,201,6,0.019262 338,176,356,193,3,0.016889 342,186,359,202,6,0.010355 208,192,225,206,1,0.009284 166,175,214,200,6,0.007391 587,193,630,272,6,0.005223 174,187,204,200,6,0.004957 352,178,371,194,3,0.004035 196,187,213,203,1,0.003811 578,237,637,273,6,0.003602 626,208,640,280,6,0.002334 254,172,297,192,6,0.001842 340,173,386,197,6,0.001706
/home/dysjin/data/CARLA.v20-carla_v20.coco/valid/Town05_002760_png.rf.41faa57cc70298c90c62fe9f6a3f08c9.jpg 118,187,141,203,6,0.744325 381,186,392,205,2,0.528857 110,187,125,205,0,0.098785 45,190,67,210,1,0.068736 245,181,262,197,6,0.053448 368,188,389,200,6,0.034026 254,181,269,196,6,0.012330 103,188,116,203,0,0.011577 303,180,326,190,6,0.010047 254,185,267,199,0,0.009135 179,176,208,189,6,0.008499 231,180,254,194,6,0.007382 282,179,297,190,6,0.006948 316,181,332,192,6,0.005871 626,197,640,267,6,0.004661 352,188,374,198,6,0.003423 44,184,68,211,0,0.003411 389,187,403,203,2,0.002854 354,181,372,192,6,0.002616 267,180,288,192,6,0.002433 291,178,309,189,6,0.001729 56,189,72,204,0,0.001672 344,180,358,191,6,0.001300 40,183,70,207,6,0.001142 331,181,344,191,6,0.001116 379,162,392,177,4,0.001087
/home/dysjin/data/CARLA.v20-carla_v20.coco/valid/Town02_001740_png.rf.4072bb166a4df4f9403df039e28a73f3.jpg 297,186,337,317,1,0.995129 61,172,121,200,6,0.087726 37,189,56,209,1,0.048210 282,180,299,194,6,0.005251 0,180,9,209,6,0.002736 578,193,634,262,6,0.002403 354,163,371,179,4,0.002335 601,213,640,252,6,0.002212 0,151,12,213,6,0.002094 0,257,9,286,6,0.001847 34,184,57,211,0,0.001634 120,182,163,206,6,0.001354 0,139,13,201,6,0.001193 355,0,640,293,6,0.001018
/home/dysjin/data/CARLA.v20-carla_v20.coco/valid/026849_png.rf.52e90800c02b90489d2521817c6942f7.jpg 424,210,455,238,3,0.997084 356,226,369,243,3,0.002269 627,81,640,161,4,0.002218 357,237,372,251,3,0.001899 354,214,368,231,3,0.001872 346,217,360,232,3,0.001750
/home/dysjin/data/CARLA.v20-carla_v20.coco/valid/Town02_001560_png.rf.44c7e46d6d34263ac9f429ccb2cd2655.jpg 68,188,96,221,0,0.745851 7,188,28,206,6,0.115875 60,190,82,210,6,0.067327 1,184,15,208,6,0.046662 18,185,35,204,0,0.021017 425,104,469,138,3,0.015617 81,186,94,215,0,0.005811 8,182,49,205,6,0.003254 0,179,30,213,6,0.003032 49,190,65,207,0,0.002746 353,192,403,229,6,0.002610 0,162,19,210,6,0.002152 606,287,640,380,6,0.001779 32,187,53,205,6,0.001075
/home/dysjin/data/CARLA.v20-carla_v20.coco/valid/Town02_003420_png.rf.4347a7bee8aec9f5c84eb5295856f9a9.jpg 8,186,111,233,6,0.884270 328,193,372,232,1,0.734676 579,183,634,211,6,0.186373 0,181,14,240,6,0.009200 341,194,398,228,6,0.005463 34,203,100,237,6,0.005395 628,177,640,262,0,0.004602 0,203,9,237,6,0.004257 626,181,639,212,6,0.004249 0,202,59,234,6,0.003109 346,202,373,224,1,0.003040 69,192,117,228,6,0.002298 611,203,638,354,6,0.001506 357,206,383,231,1,0.001182
/home/dysjin/data/CARLA.v20-carla_v20.coco/valid/Town01_006060_png.rf.3d76b002da6076434f028293d0c4a498.jpg 305,200,331,267,1,0.711540 353,175,369,188,4,0.140123 418,189,452,228,2,0.073201 417,189,456,230,1,0.053508 228,204,251,215,6,0.027420 310,184,333,265,0,0.025373 191,204,219,219,6,0.021046 216,203,239,216,6,0.017944 205,202,226,218,6,0.017017 166,214,193,227,6,0.015275 413,172,486,225,6,0.007293 417,199,455,231,6,0.006556 177,212,202,225,6,0.005756 625,227,640,283,6,0.005440 154,214,179,229,6,0.003783 414,177,460,222,4,0.002918 606,225,638,376,6,0.001882 0,185,11,254,6,0.001549 0,214,9,299,0,0.001418 389,167,438,200,6,0.001178 168,200,216,223,6,0.001137 0,213,8,247,6,0.001134
/home/dysjin/data/CARLA.v20-carla_v20.coco/valid/Town02_007800_png.rf.4e6520c0e9dd39a93f5048a2caea0283.jpg 328,190,424,230,6,0.635306 603,190,640,230,6,0.537365 315,194,362,226,6,0.533716 517,187,549,204,6,0.375362 405,209,439,228,6,0.238790 391,193,432,230,6,0.123497 303,192,324,203,6,0.079952 611,167,640,275,6,0.021369 292,192,311,203,6,0.012448 280,191,299,201,6,0.007569 575,187,589,208,6,0.006080 0,176,13,241,6,0.005284 552,0,640,282,6,0.005048 504,174,544,202,6,0.004844 626,213,638,248,6,0.004771 613,200,635,223,6,0.004460 0,194,14,246,6,0.004027 0,215,9,246,6,0.003406 269,192,286,202,6,0.002974 628,208,640,298,2,0.002459 505,186,526,201,6,0.002189 320,199,374,232,1,0.001835 373,184,426,218,6,0.001744 631,221,640,263,6,0.001536 0,191,46,229,6,0.001141
/home/dysjin/data/CARLA.v20-carla_v20.coco/valid/Town01_001860_png.rf.53e5db5983ad00d8986ebdc44e1e76ef.jpg 206,225,438,359,6,0.985592 316,184,336,201,6,0.489976 283,185,305,201,6,0.344177 302,184,326,202,6,0.151960 327,183,340,202,0,0.042493 0,173,18,217,6,0.017404 30,168,78,198,6,0.006737 279,175,320,200,6,0.005011 0,157,15,213,6,0.003233 80,171,129,197,6,0.002498 286,174,315,203,0,0.002159 42,169,68,182,3,0.002104 43,172,68,190,4,0.001864 237,137,388,380,6,0.001640 44,173,73,215,2,0.001612 140,197,152,213,1,0.001499 6,185,25,208,6,0.001436 626,176,640,239,2,0.001412 0,189,11,220,6,0.001370 474,178,520,210,6,0.001342 205,175,228,189,6,0.001282 97,187,118,201,6,0.001258 243,199,358,328,6,0.001114 190,171,240,192,6,0.001083 216,177,237,191,6,0.001033
/home/dysjin/data/CARLA.v20-carla_v20.coco/valid/Town01_006120_png.rf.405fede50ad311216cb9943968a5cdf5.jpg 317,194,330,220,1,0.841275 357,174,373,186,4,0.126744 363,167,380,183,4,0.070124 474,169,523,197,6,0.069096 315,190,333,224,0,0.042160 311,192,325,211,6,0.003403 0,216,10,247,6,0.002971 0,190,13,251,6,0.002799 404,169,463,194,6,0.002097 347,175,363,186,4,0.001930 294,192,313,203,6,0.001258 111,223,123,239,1,0.001107
/home/dysjin/data/CARLA.v20-carla_v20.coco/valid/041864_png.rf.51f1d81198f2e5b7a450f586235760ec.jpg 417,207,447,243,4,0.982868 302,241,326,294,0,0.975035 91,241,221,319,6,0.653770 353,222,369,244,4,0.154717 345,225,362,241,4,0.117369 194,229,237,266,6,0.018299 342,215,380,252,4,0.004965 134,223,239,299,6,0.004858 69,264,169,325,6,0.004724 332,227,350,240,4,0.003915 66,278,118,313,6,0.002489 391,178,434,218,4,0.002439 353,235,372,251,4,0.001918 179,226,231,292,1,0.001913 365,221,382,243,4,0.001162 357,247,372,261,6,0.001059
/home/dysjin/data/CARLA.v20-carla_v20.coco/valid/Town01_012060_png.rf.58e57e1a7e8d4f630323ae1827ca68bc.jpg 564,194,607,220,6,0.967909 583,203,611,259,0,0.046356 585,206,627,354,2,0.031805 585,200,624,305,0,0.011706 566,167,640,380,2,0.006807 572,183,640,211,6,0.005473 330,185,349,200,6,0.004803 0,0,9,29,6,0.003138 616,177,634,193,3,0.002922 627,179,637,211,6,0.002429 392,190,408,208,1,0.001649 316,188,335,202,6,0.001621 0,6,40,42,6,0.001268 632,187,640,221,6,0.001140 612,184,635,203,6,0.001127 553,199,577,220,6,0.001053
/home/dysjin/data/CARLA.v20-carla_v20.coco/valid/009044_png.rf.59d4a83882b4b6af242cbd9e0e31ba80.jpg 557,219,581,242,3,0.959132 581,231,635,256,6,0.272509 0,201,12,246,4,0.174077 120,240,141,277,2,0.092759 130,246,151,269,2,0.008428 0,230,13,286,6,0.007208 0,205,12,278,6,0.007199 139,249,166,265,6,0.004739 0,178,11,250,3,0.004599 627,215,639,249,6,0.003564 0,243,12,295,6,0.002615 344,230,358,243,3,0.002536 565,201,638,256,6,0.002126 626,104,640,165,6,0.002080 586,235,612,252,6,0.001163 121,240,141,259,2,0.001035
/home/dysjin/data/CARLA.v20-carla_v20.coco/valid/Town02_002520_png.rf.55f8a7c01a8e4b86c99a794d7b61cd5d.jpg 222,215,411,319,6,0.977340 163,200,223,233,6,0.659334 27,198,80,225,6,0.026276 378,185,422,209,6,0.003973 145,178,164,195,3,0.002204 363,184,381,203,6,0.002119 3,194,62,226,6,0.001813 630,159,640,254,2,0.001412 228,171,276,200,6,0.001354 29,185,80,214,6,0.001212 0,177,13,241,6,0.001104 576,83,640,115,6,0.001056
/home/dysjin/data/CARLA.v20-carla_v20.coco/valid/Town02_008760_png.rf.5bfb07b6a5fbe6700b4b9c150b9c6576.jpg 273,179,360,362,6,0.983498 271,188,289,203,6,0.948965 513,180,556,212,6,0.599995 525,179,595,214,6,0.472390 567,179,630,208,6,0.243370 386,186,408,202,3,0.128668 0,197,18,249,6,0.081761 0,219,15,248,6,0.041650 0,179,16,238,6,0.030249 229,192,250,203,6,0.022376 385,182,433,207,3,0.020965 559,177,588,208,6,0.015248 381,182,400,195,3,0.010774 397,181,420,195,3,0.009458 593,167,640,205,6,0.008600 487,183,540,207,6,0.007044 4,222,25,242,6,0.006716 341,189,358,200,6,0.004614 93,195,139,218,6,0.004462 622,175,640,239,6,0.004350 242,192,261,203,6,0.003998 0,172,15,224,6,0.003257 223,191,236,206,6,0.002844 591,186,623,205,6,0.002682 610,197,637,360,6,0.002426 260,193,275,205,6,0.002310 608,194,636,244,0,0.002011 335,188,346,201,0,0.001872 603,183,635,227,6,0.001727 291,189,304,200,6,0.001650 270,192,290,250,0,0.001637 629,212,640,300,2,0.001622 306,189,321,199,6,0.001406 0,255,8,285,6,0.001389 370,178,386,191,3,0.001050
/home/dysjin/data/CARLA.v20-carla_v20.coco/valid/Town01_008100_png.rf.5942043a53e2ea3c62572bf7029ed896.jpg 277,191,297,206,6,0.862877 387,195,410,212,6,0.774194 339,190,363,202,6,0.441622 425,192,450,207,6,0.388170 94,188,144,212,6,0.324823 330,189,348,202,6,0.083192 352,187,368,199,3,0.073607 178,175,232,199,6,0.068232 366,191,381,204,4,0.025447 154,185,182,200,6,0.022683 436,195,456,212,6,0.015481 321,188,336,201,6,0.012921 352,182,368,195,4,0.011120 169,187,187,205,6,0.005978 305,182,323,194,6,0.005629 316,183,334,195,6,0.005568 289,188,303,201,6,0.004738 145,173,188,199,6,0.003243 369,199,382,212,2,0.002938 395,191,422,206,6,0.002741 448,190,470,205,6,0.002280 415,196,438,210,6,0.001982 341,183,364,196,6,0.001770 626,169,640,198,6,0.001727 273,196,289,209,6,0.001645 583,167,637,197,6,0.001262 126,191,151,207,6,0.001209 0,119,10,151,6,0.001066 176,177,202,197,6,0.001065
/home/dysjin/data/CARLA.v20-carla_v20.coco/valid/Town01_010680_png.rf.5537782525200ced228c602e6dcc3456.jpg 366,178,386,189,3,0.522167 331,192,343,202,6,0.051363 321,192,337,202,6,0.036216 169,171,212,199,6,0.033148 219,190,238,209,1,0.010518 230,189,245,207,1,0.009912 145,169,187,198,6,0.008297 177,186,206,199,6,0.006539 365,184,388,196,3,0.004765 192,186,214,200,6,0.003730 205,188,225,204,1,0.003232 168,186,190,199,6,0.002979 154,185,177,200,6,0.002112 146,176,166,195,0,0.001822 410,201,437,216,6,0.001455 308,192,320,202,6,0.001423
/home/dysjin/data/CARLA.v20-carla_v20.coco/valid/121155_png.rf.5eeb1497380edc240a771f68b9d34669.jpg 232,268,412,372,6,0.976519 562,228,600,310,2,0.918668 311,240,325,255,1,0.022658 0,304,8,334,6,0.011672 254,235,273,251,1,0.010791 501,31,544,66,6,0.009284 314,239,332,254,6,0.003552 552,228,577,289,2,0.002074 497,222,528,273,2,0.001558 221,46,296,272,6,0.001415 546,203,622,311,2,0.001284 211,248,224,265,1,0.001186 552,230,596,289,4,0.001122
/home/dysjin/data/CARLA.v20-carla_v20.coco/valid/007085_png.rf.5a7141063cfddac158b01dce18de1e48.jpg 426,205,467,243,5,0.964877
/home/dysjin/data/CARLA.v20-carla_v20.coco/valid/Town05_006720_png.rf.717ce1e22225ab6a97befb2b8effcc2a.jpg 177,182,220,258,1,0.630265 89,193,119,207,6,0.054939 344,180,358,193,3,0.030091 101,185,157,205,6,0.026569 343,183,354,200,0,0.016077 352,177,371,190,3,0.006388 318,188,337,199,6,0.004016 334,187,347,201,6,0.003402 97,189,130,204,6,0.002646 115,174,161,200,6,0.001877 126,187,152,202,6,0.001435 628,246,640,339,2,0.001426 13,0,69,203,6,0.001005
/home/dysjin/data/CARLA.v20-carla_v20.coco/valid/Town01_006600_png.rf.612f31973b2db2fda3ee5293fd937a64.jpg 374,192,396,210,6,0.219635 583,15,609,54,0,0.028216 625,0,639,66,6,0.008647 605,16,640,54,6,0.005937 583,3,636,45,6,0.005048 124,214,140,229,1,0.003791 581,0,631,63,0,0.002410 131,212,149,227,1,0.002124 565,16,607,50,6,0.001988 570,0,640,67,1,0.001422 408,181,464,213,6,0.001302 458,117,512,151,6,0.001145 609,284,640,380,6,0.001087 595,27,621,72,0,0.001011
/home/dysjin/data/CARLA.v20-carla_v20.coco/valid/112469_png.rf.4fea3a1e3f0858f468ecb362968a08fb.jpg 315,240,339,296,2,0.982228 585,232,634,254,6,0.028641 624,230,638,259,6,0.001516
/home/dysjin/data/CARLA.v20-carla_v20.coco/valid/Town05_009540_png.rf.67accf9da191af14c5f05da1b6fe1e58.jpg 599,182,640,206,6,0.531912 281,170,341,194,6,0.004573
/home/dysjin/data/CARLA.v20-carla_v20.coco/valid/041820_png.rf.69e77a8e269d90d89efc21e5026a7083.jpg 180,223,198,242,4,0.958198 31,238,79,263,6,0.957354 115,242,144,298,0,0.918178 177,230,202,250,4,0.038682 162,226,179,241,4,0.015010 579,284,595,306,1,0.005016 173,217,192,238,4,0.003456 68,237,83,258,0,0.001887 0,229,8,260,6,0.001356 188,224,207,242,4,0.001087
/home/dysjin/data/CARLA.v20-carla_v20.coco/valid/121278_png.rf.6607158f1164a75baf620dcb66d1b07e.jpg 273,252,359,319,6,0.987662 240,238,264,262,1,0.470066 480,251,493,272,1,0.009857 0,231,39,265,6,0.005964 234,244,254,263,1,0.005542 247,230,275,263,1,0.002588 0,221,15,272,6,0.002020 0,233,15,282,6,0.001555
/home/dysjin/data/CARLA.v20-carla_v20.coco/valid/Town02_004620_png.rf.7280640e1c163e7c4b28010b90659788.jpg 235,216,399,318,6,0.964509 133,179,172,203,6,0.717354 276,183,300,201,6,0.417186 305,179,327,198,6,0.381467 285,180,314,196,6,0.022541 441,216,488,250,6,0.001715 106,172,163,201,6,0.001224
/home/dysjin/data/CARLA.v20-carla_v20.coco/valid/Town05_016500_png.rf.75b431585ae9c755044e81517b796324.jpg 115,192,218,244,6,0.959297 345,190,396,233,6,0.957248 2,197,86,295,6,0.800555 453,180,479,196,3,0.675700 335,190,348,206,6,0.049737 15,202,90,285,1,0.016199 335,186,352,233,0,0.007550 453,183,480,198,6,0.007282 351,199,374,222,6,0.006238 242,192,261,201,6,0.004940 0,154,14,212,6,0.004518 0,165,15,222,6,0.003021 176,201,224,237,6,0.002896 232,191,252,203,6,0.001627 283,190,297,201,6,0.001307 331,182,346,196,6,0.001174
/home/dysjin/data/CARLA.v20-carla_v20.coco/valid/Town02_001020_png.rf.79741d4293c684a4f4e895c08f1290d5.jpg 300,192,344,318,1,0.997101 0,175,88,380,6,0.918149 276,186,303,202,6,0.296317 27,183,77,214,6,0.291109 273,181,323,208,6,0.286819 193,192,212,216,1,0.222025 326,179,348,194,6,0.018497 313,176,335,193,6,0.009786 187,181,221,212,1,0.008956 338,179,359,194,6,0.005951 595,182,640,209,6,0.004030 188,183,240,210,6,0.003063 270,180,287,197,6,0.001856 298,176,325,194,6,0.001556 0,221,84,380,6,0.001459
/home/dysjin/data/CARLA.v20-carla_v20.coco/valid/004996_png.rf.758bfe0873e6cba6e1d99146894cae01.jpg 493,268,511,315,2,0.969800 537,281,552,303,2,0.005592 327,254,350,266,6,0.002371 300,253,327,263,6,0.001451 356,250,368,266,2,0.001332 265,248,284,264,6,0.001055
/home/dysjin/data/CARLA.v20-carla_v20.coco/valid/Town02_001620_png.rf.77cda18f042297c4b15936a35acef602.jpg 305,190,330,257,1,0.919173 180,187,197,210,1,0.013140 396,191,448,217,6,0.008150 173,185,190,210,0,0.008056 123,182,180,210,6,0.004770 131,201,153,215,1,0.003556 309,178,335,248,6,0.003148 174,196,189,215,1,0.002899 224,188,237,202,1,0.002290 232,188,247,200,6,0.002224 121,170,182,198,6,0.002201 398,191,426,207,6,0.002048 180,180,200,214,0,0.001946 123,200,141,215,1,0.001859 607,250,640,380,6,0.001503 255,179,274,194,6,0.001460 242,187,259,199,6,0.001425 305,189,321,207,6,0.001218 314,184,329,205,6,0.001080 192,188,212,206,1,0.001022
/home/dysjin/data/CARLA.v20-carla_v20.coco/valid/112362_png.rf.868e587d8bdd37c81e4872223fbdbeb4.jpg 149,234,168,280,2,0.989282 584,232,634,254,6,0.058962 624,229,638,259,6,0.001526 580,240,636,269,6,0.001476
/home/dysjin/data/CARLA.v20-carla_v20.coco/valid/Town05_010080_png.rf.88fb23d739ffa2beacd3c5735d172d03.jpg 270,183,286,202,6,0.833457 316,185,329,210,0,0.749515 353,164,367,179,3,0.129975 0,44,10,74,6,0.057131 0,28,16,73,6,0.035511 28,21,78,51,6,0.028196 0,31,60,64,6,0.018840 347,152,363,170,3,0.010059 257,180,276,198,6,0.006053 326,186,342,201,0,0.003696 0,177,12,240,6,0.003503 0,19,8,56,6,0.003460 245,178,261,194,6,0.003025 355,173,369,187,3,0.002949 0,183,59,211,6,0.002430 0,201,8,237,6,0.001828 328,181,345,193,6,0.001491
/home/dysjin/data/CARLA.v20-carla_v20.coco/valid/026847_png.rf.7a28094ba474fb2fab06e58f1ebea83c.jpg 416,212,443,236,3,0.998284 0,221,8,300,2,0.019903 609,208,637,256,6,0.003447 0,251,9,287,2,0.002900 554,217,613,247,6,0.001140
/home/dysjin/data/CARLA.v20-carla_v20.coco/valid/075709_png.rf.7dd638ab9af378bf60aaa2fb92a0aea4.jpg 305,242,350,275,6,0.996401 164,244,257,303,6,0.986295 0,258,172,398,6,0.863630 239,239,269,273,6,0.664755 8,209,163,480,6,0.051485 222,246,264,288,6,0.010028 0,344,42,451,6,0.008644 340,237,354,255,3,0.005146 281,241,302,254,6,0.003381 291,240,309,258,6,0.002897 228,241,255,258,6,0.002854 344,229,358,244,3,0.002282 0,296,71,480,6,0.002132 187,242,224,297,6,0.001474 56,247,173,313,6,0.001321 142,256,179,345,1,0.001244 251,239,268,262,6,0.001198 1,348,35,480,6,0.001014
/home/dysjin/data/CARLA.v20-carla_v20.coco/valid/Town02_007380_png.rf.8809896fc46f6266a6729640bbc68e4c.jpg 563,191,632,219,6,0.623577 276,189,298,204,6,0.094870 274,191,289,207,1,0.025177 568,171,622,205,6,0.008951 557,196,591,214,6,0.006866 562,205,587,259,1,0.005244 522,181,593,229,6,0.004021 622,189,637,222,6,0.003335 291,188,306,201,6,0.003130 607,179,639,218,6,0.002928 546,7,640,259,6,0.002274 573,197,614,213,6,0.001815 501,183,545,211,6,0.001744 0,188,15,252,6,0.001447 625,147,640,221,6,0.001172
/home/dysjin/data/CARLA.v20-carla_v20.coco/valid/Town01_007500_png.rf.7e4c2487265d812d93246e09a19aeab2.jpg 536,161,635,223,6,0.974321 254,196,281,213,6,0.916138 158,215,180,226,6,0.028715 527,174,565,214,6,0.028222 600,171,638,220,6,0.009102 276,189,292,202,6,0.008249 168,213,189,225,6,0.008169 332,162,349,178,4,0.007636 0,219,10,245,6,0.005669 179,213,201,223,6,0.005305 625,147,637,240,6,0.003924 526,183,549,207,6,0.003480 199,205,210,218,0,0.003451 488,96,512,147,4,0.002906 341,174,358,187,4,0.002150 627,188,638,224,6,0.001607 181,207,202,219,6,0.001364 207,202,222,214,6,0.001320
/home/dysjin/data/CARLA.v20-carla_v20.coco/valid/Town05_007500_png.rf.8a81a882e564e9e99b5c951d3e18dbbc.jpg 350,181,393,202,6,0.979592 254,180,269,195,6,0.246724 302,179,322,190,6,0.105263 130,181,177,201,6,0.046655 249,179,265,195,0,0.042771 345,184,364,199,6,0.018989 388,180,403,194,0,0.002661 315,178,332,190,6,0.002341 263,178,282,190,6,0.002043 418,178,430,189,3,0.001587 550,180,617,212,6,0.001566 331,180,349,195,6,0.001137
/home/dysjin/data/CARLA.v20-carla_v20.coco/valid/Town02_005520_png.rf.8a9d2ba4122736ea3845c9e405936cce.jpg 608,187,640,232,6,0.726195 93,195,134,222,6,0.719007 46,178,128,233,6,0.646076 0,195,13,224,6,0.491097 0,177,16,225,6,0.018998 2,181,58,212,6,0.010839 583,173,634,241,6,0.006866 31,156,81,187,6,0.005184 556,0,640,271,6,0.004043 0,188,23,231,6,0.003590 371,199,381,216,1,0.003026 622,211,636,243,6,0.002627 3,198,23,218,6,0.002529 311,188,367,206,6,0.002347 325,190,350,203,6,0.001734 25,143,144,263,6,0.001282 35,191,78,225,6,0.001158 574,164,592,184,3,0.001106 85,201,121,217,6,0.001065
/home/dysjin/data/CARLA.v20-carla_v20.coco/valid/041735_png.rf.891d950e6341a379e0a80f54f49c126a.jpg 274,245,304,316,0,0.702758 0,152,13,218,3,0.004516 0,161,14,228,3,0.003764 0,255,7,284,6,0.002206
/home/dysjin/data/CARLA.v20-carla_v20.coco/valid/041669_png.rf.8f16c7cc68671f71ba068edf120b2a61.jpg 303,232,330,313,0,0.536385 288,230,358,400,0,0.001125
/home/dysjin/data/CARLA.v20-carla_v20.coco/valid/003814_png.rf.9123d8ff8e23490d6f5201cb816e4fc2.jpg 546,173,613,249,3,0.928322 288,242,322,258,6,0.865341 143,69,165,127,0,0.014870 266,241,290,255,6,0.002238 626,254,640,335,2,0.001747 313,239,328,254,6,0.001465
/home/dysjin/data/CARLA.v20-carla_v20.coco/valid/005413_png.rf.9000d6e877ce40e1d5bd5387ece453c2.jpg 83,233,105,289,2,0.969625 105,235,123,281,2,0.952486 90,237,117,283,2,0.092908 117,241,132,273,2,0.002249 133,249,151,268,2,0.002077 75,235,96,289,2,0.001094
/home/dysjin/data/CARLA.v20-carla_v20.coco/valid/Town01_001500_png.rf.9254a251a5c6eb6313adba6a6adf1620.jpg 384,176,407,191,3,0.973965 0,127,15,189,6,0.061370 1,109,14,184,6,0.008462 219,201,234,215,6,0.005116 0,138,24,186,6,0.001987 210,200,228,214,6,0.001742 0,148,10,188,6,0.001393 2,133,26,188,0,0.001295 304,193,323,205,6,0.001289 0,146,11,215,6,0.001183
/home/dysjin/data/CARLA.v20-carla_v20.coco/valid/Town05_004680_png.rf.93664881511a21c1adf050e2e8993477.jpg 318,164,408,227,6,0.959313 242,184,267,206,6,0.931143 280,181,296,196,6,0.137050 361,174,417,222,6,0.120550 184,189,204,203,6,0.053163 320,173,361,221,6,0.046335 263,182,288,195,6,0.030212 626,170,639,200,6,0.029510 194,188,209,203,0,0.028144 387,199,413,218,6,0.012098 399,186,418,212,6,0.009366 290,178,309,192,6,0.001889 204,187,224,200,6,0.001815 193,195,208,212,0,0.001115 307,175,324,193,6,0.001091
/home/dysjin/data/CARLA.v20-carla_v20.coco/valid/138312_png.rf.93c512dad514948e54a85fd6860eba4e.jpg 96,236,116,281,2,0.921152 2,263,31,307,6,0.080910 1,264,17,323,6,0.005507 0,267,12,304,6,0.001638 176,232,229,255,6,0.001584 626,338,640,422,2,0.001512 0,244,15,303,6,0.001050
/home/dysjin/data/CARLA.v20-carla_v20.coco/valid/005160_png.rf.922d9f2da21b5b11121905df87e629d7.jpg 403,217,427,239,5,0.971087
