/home/dysjin/data/CARLA.v20-carla_v20.coco/valid/Town02_006840_png.rf.a4a970c10202604d1dd8c41fe9097525.jpg 567,171,580,195,0,0.684348 0,168,15,194,1,0.122193 245,162,256,185,0,0.100973 198,160,209,182,0,0.051114 576,160,586,189,0,0.029489 442,182,453,204,0,0.015256 543,180,555,208,0,0.015164 345,172,356,196,0,0.013883 567,194,579,218,0,0.012946 574,197,587,218,0,0.010826 236,162,249,181,0,0.009442 577,208,588,226,0,0.008484 531,158,544,179,0,0.007239 0,141,15,211,1,0.004463 255,163,268,184,0,0.004419 541,157,553,184,0,0.004169 432,183,445,203,0,0.003739 206,163,218,182,0,0.003127 270,164,281,182,0,0.002956 0,165,17,205,0,0.002920 196,148,207,172,0,0.002773 208,170,219,192,0,0.002573 554,180,567,205,0,0.002332 566,206,577,227,0,0.002057 284,172,295,190,0,0.001802 367,157,381,179,0,0.001530 572,183,586,207,0,0.001443 553,195,566,219,0,0.001379 297,170,307,191,0,0.001359 172,158,183,180,0,0.001232 0,144,28,196,0,0.001198 9,152,20,187,0,0.001082 590,209,602,228,0,0.001011 0,128,26,217,0,0.001007
/home/dysjin/data/CARLA.v20-carla_v20.coco/valid/Town02_002640_png.rf.ac6bee6a9e4c4b2a1e149670c97196c1.jpg 393,170,407,193,0,0.630698 347,159,359,179,0,0.080123 430,157,443,182,0,0.059169 341,200,354,222,0,0.050613 431,193,443,217,0,0.024355 72,209,84,231,0,0.021705 467,158,480,181,0,0.009780 440,187,451,208,0,0.009634 387,170,397,193,0,0.009296 468,196,479,215,0,0.007928 371,171,384,193,0,0.006342 335,204,348,229,0,0.004858 345,168,357,193,0,0.004456 439,157,451,182,0,0.003433 467,170,480,196,0,0.002689 211,136,222,158,0,0.002610 466,148,478,170,0,0.001959 432,122,444,147,0,0.001925 73,197,85,224,0,0.001894 427,168,443,197,0,0.001750 430,130,441,161,0,0.001662 388,155,409,208,0,0.001367 354,173,367,192,0,0.001352 416,159,430,184,0,0.001327 406,130,444,164,0,0.001270 356,184,367,205,0,0.001203
/home/dysjin/data/CARLA.v20-carla_v20.coco/valid/007096_png.rf.a26873f70f1467f54f0fd09ea8c1731b.jpg 537,177,625,242,0,0.531564 555,160,628,250,1,0.023390 555,135,630,278,0,0.005497
/home/dysjin/data/CARLA.v20-carla_v20.coco/valid/Town02_006480_png.rf.aec43468267a9993201d034f7031ee5c.jpg 346,167,358,191,0,0.578139 368,160,380,182,0,0.064981 345,180,358,203,0,0.061239 352,168,364,191,0,0.049030 381,182,393,203,0,0.027189 338,158,349,189,0,0.010555 376,160,389,183,0,0.010080 369,183,380,202,0,0.008746 323,170,335,192,0,0.005113 333,136,345,158,0,0.004703 353,182,363,201,0,0.003091 337,163,371,187,0,0.003012 334,147,345,174,0,0.001617 341,148,356,180,0,0.001081 368,135,380,162,0,0.001035
/home/dysjin/data/CARLA.v20-carla_v20.coco/valid/051305_png.rf.af3e2dc55ae45fc793f7f25eb6fdf7b4.jpg 428,206,461,241,0,0.473292 427,207,458,238,1,0.377190
/home/dysjin/data/CARLA.v20-carla_v20.coco/valid/007291_png.rf.b33e9d647d42777054dfb5f46d23bbad.jpg 385,219,399,241,0,0.795419 382,228,395,253,0,0.008915 372,228,384,254,0,0.008460 359,209,370,234,0,0.003441 379,197,393,230,0,0.002192 392,244,403,268,0,0.001990 380,187,394,210,0,0.001517
/home/dysjin/data/CARLA.v20-carla_v20.coco/valid/003752_png.rf.bb0716bc5b93fa8b10f41577e20a2f35.jpg 400,214,422,246,1,0.412712 399,214,423,244,2,0.279516 394,217,424,244,0,0.138357
/home/dysjin/data/CARLA.v20-carla_v20.coco/valid/005173_png.rf.c24ac196d86260d3a384e12093bfa5ef.jpg 474,192,528,245,0,0.233370 467,182,533,244,1,0.212448 474,196,522,228,1,0.001009
/home/dysjin/data/CARLA.v20-carla_v20.coco/valid/003769_png.rf.c5c0c17fa97551316c57744e9608f796.jpg 488,182,555,242,0,0.313527 493,186,552,250,1,0.132946 470,177,556,238,2,0.059622
/home/dysjin/data/CARLA.v20-carla_v20.coco/valid/004966_png.rf.c9d8d72d0920460b612251c5fddc5770.jpg 430,203,467,238,1,0.483647 131,220,150,243,2,0.002745 428,206,466,251,0,0.002161
/home/dysjin/data/CARLA.v20-carla_v20.coco/valid/001638_png.rf.c98e4c5bc2a68de358073a26469c81b2.jpg 428,210,452,240,0,0.927369 157,221,169,245,1,0.037873 36,208,48,231,0,0.001968
/home/dysjin/data/CARLA.v20-carla_v20.coco/valid/051274_png.rf.d5f64278c64b556983082379a316485f.jpg 569,168,630,249,0,0.613355 540,169,637,242,1,0.019361 355,283,370,304,0,0.009443 359,223,371,245,1,0.004635 548,134,640,297,0,0.003910
/home/dysjin/data/CARLA.v20-carla_v20.coco/valid/Town01_001440_png.rf.e4b4351effd31d5b433710cffb8243e4.jpg 385,175,399,195,0,0.700901 346,176,357,196,0,0.019687 360,148,371,168,0,0.004314 356,177,368,196,0,0.001665 393,146,407,173,0,0.001485 378,161,402,204,0,0.001436 50,173,63,194,0,0.001205 86,148,99,170,0,0.001063
/home/dysjin/data/CARLA.v20-carla_v20.coco/valid/041811_png.rf.e8d4c17844854d24f9b2bec66a8a8889.jpg 48,221,64,243,0,0.460003 48,228,64,254,0,0.007358 40,208,67,257,0,0.005239 579,186,590,208,0,0.002012 56,219,67,246,0,0.001596 40,211,53,239,0,0.001441 577,208,589,232,0,0.001033
/home/dysjin/data/CARLA.v20-carla_v20.coco/valid/001519_png.rf.e42bb854e84b40164ed2795569b2eb6f.jpg 574,218,587,245,0,0.729397 344,226,356,247,0,0.077454 568,230,583,251,0,0.002859 588,243,601,266,0,0.002189 333,229,347,254,0,0.001610
/home/dysjin/data/CARLA.v20-carla_v20.coco/valid/001509_png.rf.ed3baed466e7f65c1a01fb57bf942b65.jpg 574,217,587,244,0,0.736824 343,226,355,248,0,0.081366 568,230,583,251,0,0.004056 333,229,347,253,0,0.002168 560,220,596,244,0,0.001760 544,223,556,241,0,0.001020
/home/dysjin/data/CARLA.v20-carla_v20.coco/valid/026829_png.rf.e6f26e62f316568466a95ba7fd18d850.jpg 377,217,391,243,0,0.809473 346,220,357,244,0,0.023137 371,241,381,268,0,0.001845 357,245,369,268,0,0.001761 370,230,385,251,0,0.001658 337,221,347,239,0,0.001557 382,241,391,269,0,0.001518 348,245,358,267,0,0.001387 357,229,371,253,0,0.001153
/home/dysjin/data/CARLA.v20-carla_v20.coco/valid/007076_png.rf.d635d979c35f5dd6da756ef9889aef0b.jpg 398,213,421,245,1,0.449174 397,212,421,240,2,0.241508 395,216,420,243,0,0.089275
/home/dysjin/data/CARLA.v20-carla_v20.coco/valid/Town02_006960_png.rf.eedfb90c1deb0d66a31341acd2e08f4f.jpg 149,160,166,180,0,0.453757 605,98,620,121,1,0.050966 603,135,616,158,0,0.008519 140,148,169,193,0,0.006119 528,118,541,145,0,0.005344 518,185,529,205,0,0.003504 541,111,553,133,0,0.003448 527,131,539,160,0,0.003426 556,183,567,203,0,0.003364 528,186,540,207,0,0.003123 602,106,619,131,0,0.002793 332,120,345,146,0,0.002517 147,166,165,190,0,0.002516 564,175,576,195,0,0.002475 590,173,602,193,0,0.002119 492,146,504,168,0,0.001723 519,147,532,169,0,0.001351 627,208,640,233,0,0.001285 517,157,529,180,0,0.001195 381,135,393,159,0,0.001106 576,174,588,194,0,0.001003
/home/dysjin/data/CARLA.v20-carla_v20.coco/valid/041861_png.rf.f5f3812ca6c536c5c25bea3d596be111.jpg 405,209,427,241,0,0.688916 410,213,428,244,1,0.004326 396,244,408,267,0,0.002732 406,229,421,256,0,0.002130
/home/dysjin/data/CARLA.v20-carla_v20.coco/valid/003755_png.rf.f6343810071c5f5401b5697ef363285d.jpg 412,210,435,243,1,0.456234 405,211,439,241,0,0.282997 412,210,435,240,2,0.127075
/home/dysjin/data/CARLA.v20-carla_v20.coco/valid/001630_png.rf.ff5ced110f03f998a7a6998ddf647fd2.jpg 412,210,437,241,0,0.910193 171,221,182,242,0,0.016357 416,228,429,255,0,0.001826 196,174,209,197,0,0.001172
/home/dysjin/data/CARLA.v20-carla_v20.coco/valid/003751_png.rf.0ff9ef7c8c8e4f5eab52437609a3b501.jpg 397,214,420,245,1,0.363032 392,213,423,248,0,0.049602
/home/dysjin/data/CARLA.v20-carla_v20.coco/valid/Town02_008820_png.rf.135414697b8215dc125af6b125d3058c.jpg 391,182,402,206,0,0.453909 146,170,159,193,1,0.309983 504,171,517,193,0,0.206631 428,176,441,195,0,0.036776 443,173,455,192,0,0.026315 416,183,429,203,0,0.023876 358,175,369,193,0,0.016400 430,195,440,217,0,0.015335 481,173,492,198,0,0.014747 392,146,405,167,0,0.012392 346,174,356,194,0,0.011718 141,168,164,196,0,0.010042 614,72,628,94,1,0.008052 371,182,383,204,0,0.007495 404,186,414,206,0,0.007373 404,161,416,184,0,0.006975 245,159,257,181,0,0.005068 135,136,146,157,0,0.004756 383,193,394,214,0,0.004486 384,177,396,200,0,0.004457 470,174,482,191,0,0.004240 418,197,429,213,0,0.004155 493,174,505,190,0,0.003708 335,174,346,193,0,0.003686 404,149,415,167,0,0.003423 500,158,524,191,0,0.003357 417,161,429,188,0,0.002878 591,150,604,172,0,0.002579 417,150,429,170,0,0.002303 616,158,629,179,0,0.002135 431,206,442,228,0,0.002061 394,205,404,227,0,0.001978 271,161,282,181,0,0.001792 235,158,248,178,0,0.001544 258,161,269,180,0,0.001527 419,206,432,226,0,0.001441 442,196,453,215,0,0.001383 613,62,627,87,0,0.001288 147,178,161,204,0,0.001278 430,146,442,168,0,0.001232 148,133,158,155,0,0.001172 382,184,416,205,0,0.001127 393,157,405,187,0,0.001089 614,82,627,105,0,0.001055 453,175,465,195,0,0.001013
/home/dysjin/data/CARLA.v20-carla_v20.coco/valid/006578_png.rf.21f08e8ed63ab67b3ef05528af8ef9e6.jpg 371,219,387,240,0,0.750915 368,225,384,256,0,0.004452 404,224,416,240,0,0.003566 406,232,418,253,0,0.003229 391,224,401,238,0,0.002786 395,232,409,250,0,0.002223 347,210,359,235,0,0.001394
/home/dysjin/data/CARLA.v20-carla_v20.coco/valid/Town02_006720_png.rf.2632fd4f3d65ff215e84d472badfd870.jpg 567,171,580,195,0,0.676952 0,168,15,194,1,0.119294 244,161,256,183,0,0.047126 345,173,356,197,0,0.031979 576,160,586,189,0,0.022887 567,194,580,219,0,0.014806 197,158,209,181,0,0.013840 543,180,555,208,0,0.013228 441,181,453,204,0,0.011660 574,197,587,219,0,0.010674 283,183,293,202,0,0.009412 577,208,589,226,0,0.009322 196,149,207,171,0,0.007963 236,160,248,181,0,0.007627 272,184,283,202,0,0.007123 432,182,446,203,0,0.004833 530,158,544,179,0,0.004615 0,141,14,211,1,0.004557 208,171,219,193,0,0.004543 543,195,556,217,0,0.004382 199,169,209,192,0,0.004112 541,157,554,184,0,0.003705 0,164,17,205,0,0.002831 256,163,268,182,0,0.002052 567,206,577,227,0,0.001916 554,179,566,205,0,0.001608 589,209,602,228,0,0.001578 295,170,306,191,0,0.001511 553,205,565,229,0,0.001279 572,183,586,207,0,0.001215 272,172,282,191,0,0.001207 368,157,382,179,0,0.001142 206,162,218,182,0,0.001089 0,144,28,196,0,0.001056 455,172,467,194,0,0.001010
/home/dysjin/data/CARLA.v20-carla_v20.coco/valid/007070_png.rf.2316a0a54db7e4a749f421570aadd160.jpg 382,218,403,242,1,0.403275 384,216,407,245,0,0.036426
/home/dysjin/data/CARLA.v20-carla_v20.coco/valid/041819_png.rf.374472e0a0868df264a4100cb7734e35.jpg 174,220,189,242,0,0.673161 173,228,189,253,0,0.014334 179,213,191,238,0,0.001800 168,206,189,257,0,0.001602 150,223,162,240,0,0.001582 136,222,147,240,0,0.001098 150,213,162,231,0,0.001024
/home/dysjin/data/CARLA.v20-carla_v20.coco/valid/003766_png.rf.3dbe103da1003d1fb3bd18ad0d0894b4.jpg 464,197,506,244,1,0.396728 468,200,503,243,0,0.162870 434,169,517,245,1,0.001426
/home/dysjin/data/CARLA.v20-carla_v20.coco/valid/026849_png.rf.52e90800c02b90489d2521817c6942f7.jpg 428,203,452,245,0,0.934109 420,215,444,235,0,0.007422 393,219,405,241,0,0.004591 427,228,441,255,0,0.002592 394,232,406,251,0,0.001085
/home/dysjin/data/CARLA.v20-carla_v20.coco/valid/041864_png.rf.51f1d81198f2e5b7a450f586235760ec.jpg 418,210,441,240,0,0.677823 421,211,441,247,1,0.002651
/home/dysjin/data/CARLA.v20-carla_v20.coco/valid/009044_png.rf.59d4a83882b4b6af242cbd9e0e31ba80.jpg 562,217,578,243,0,0.673437 1,208,15,236,0,0.134285 0,196,15,251,1,0.125077 0,215,16,246,2,0.049391 532,221,543,245,0,0.011289 344,223,355,246,0,0.006671 0,206,20,242,0,0.005842 542,198,556,220,0,0.003930 569,243,580,268,0,0.003563 545,207,556,237,0,0.002127 529,208,541,230,0,0.002032 558,212,570,250,0,0.001681 530,199,543,218,0,0.001412 543,221,554,246,0,0.001191 574,242,586,269,0,0.001182 0,178,25,266,0,0.001061
/home/dysjin/data/CARLA.v20-carla_v20.coco/valid/Town01_010680_png.rf.5537782525200ced228c602e6dcc3456.jpg 371,177,384,195,0,0.471449 362,156,387,213,0,0.001913 347,175,357,197,0,0.001309 360,176,372,195,0,0.001152
/home/dysjin/data/CARLA.v20-carla_v20.coco/valid/007085_png.rf.5a7141063cfddac158b01dce18de1e48.jpg 428,205,464,241,1,0.542198 436,220,461,237,2,0.002505 425,204,459,253,2,0.001777
/home/dysjin/data/CARLA.v20-carla_v20.coco/valid/041820_png.rf.69e77a8e269d90d89efc21e5026a7083.jpg 182,220,196,245,0,0.519774 176,223,191,241,0,0.131039 182,229,196,253,0,0.007759 176,210,201,242,0,0.004173 175,231,188,251,0,0.001454
/home/dysjin/data/CARLA.v20-carla_v20.coco/valid/Town05_016500_png.rf.75b431585ae9c755044e81517b796324.jpg 457,178,476,198,0,0.422987 210,208,223,229,0,0.065300 209,172,222,192,0,0.005422 448,166,483,207,0,0.004686 604,184,617,205,0,0.002803 217,205,229,230,0,0.002261 62,170,73,193,0,0.001193
/home/dysjin/data/CARLA.v20-carla_v20.coco/valid/026847_png.rf.7a28094ba474fb2fab06e58f1ebea83c.jpg 418,207,442,239,0,0.947148 345,211,357,232,0,0.003784 416,227,432,256,0,0.002701 381,210,394,229,0,0.002158
/home/dysjin/data/CARLA.v20-carla_v20.coco/valid/003814_png.rf.9123d8ff8e23490d6f5201cb816e4fc2.jpg 554,172,613,246,0,0.575982 559,172,624,248,1,0.116409 544,136,624,296,0,0.004235 527,104,629,270,1,0.001854
/home/dysjin/data/CARLA.v20-carla_v20.coco/valid/Town01_001500_png.rf.9254a251a5c6eb6313adba6a6adf1620.jpg 389,171,403,196,0,0.638497 385,151,406,211,0,0.001491
/home/dysjin/data/CARLA.v20-carla_v20.coco/valid/005160_png.rf.922d9f2da21b5b11121905df87e629d7.jpg 403,213,428,241,1,0.434165 402,212,427,246,2,0.428634 396,216,429,243,0,0.202424
