/home/dysjin/data/CARLA.v20-carla_v20.coco/valid/Town02_006840_png.rf.a4a970c10202604d1dd8c41fe9097525.jpg 566,174,580,198,0,0.634226 0,152,16,211,1,0.034737 237,163,250,181,0,0.023809 243,174,259,190,0,0.003000 0,160,24,202,0,0.002791 0,160,11,186,1,0.002473 542,210,554,230,0,0.001936 557,174,574,195,0,0.001854 294,166,311,182,0,0.001802 575,200,590,216,0,0.001514 440,188,454,205,0,0.001495 0,141,14,202,0,0.001271 239,156,261,189,0,0.001094
/home/dysjin/data/CARLA.v20-carla_v20.coco/valid/Town02_002640_png.rf.ac6bee6a9e4c4b2a1e149670c97196c1.jpg 395,172,408,189,0,0.402359 414,124,438,169,0,0.025924 338,209,357,232,2,0.001715 426,152,443,168,0,0.001708 400,160,416,184,0,0.001491 209,177,222,194,0,0.001477 334,202,362,237,1,0.001112
/home/dysjin/data/CARLA.v20-carla_v20.coco/valid/007096_png.rf.a26873f70f1467f54f0fd09ea8c1731b.jpg 545,161,618,253,1,0.488991 515,168,635,247,0,0.025065
/home/dysjin/data/CARLA.v20-carla_v20.coco/valid/Town02_006480_png.rf.aec43468267a9993201d034f7031ee5c.jpg 356,176,368,189,0,0.337522 347,166,361,186,0,0.094873 394,189,405,204,0,0.050199 358,184,368,200,0,0.017327 393,176,404,197,0,0.004283 359,158,375,191,0,0.003609 392,199,405,214,0,0.003151 337,176,350,188,0,0.002655 365,174,378,191,0,0.002098 384,189,398,204,0,0.001136
/home/dysjin/data/CARLA.v20-carla_v20.coco/valid/051305_png.rf.af3e2dc55ae45fc793f7f25eb6fdf7b4.jpg 428,206,464,246,0,0.925826
/home/dysjin/data/CARLA.v20-carla_v20.coco/valid/007291_png.rf.b33e9d647d42777054dfb5f46d23bbad.jpg 386,222,404,240,0,0.749125
/home/dysjin/data/CARLA.v20-carla_v20.coco/valid/003752_png.rf.bb0716bc5b93fa8b10f41577e20a2f35.jpg 397,216,424,243,1,0.525622 395,215,422,244,0,0.295537
/home/dysjin/data/CARLA.v20-carla_v20.coco/valid/005173_png.rf.c24ac196d86260d3a384e12093bfa5ef.jpg 476,189,532,249,1,0.318177 475,195,521,241,0,0.023644 484,190,529,249,2,0.012580
/home/dysjin/data/CARLA.v20-carla_v20.coco/valid/003769_png.rf.c5c0c17fa97551316c57744e9608f796.jpg 494,182,553,253,1,0.352522 488,193,543,246,0,0.029041 497,182,544,239,2,0.007199
/home/dysjin/data/CARLA.v20-carla_v20.coco/valid/004966_png.rf.c9d8d72d0920460b612251c5fddc5770.jpg 428,202,466,242,1,0.572300 432,212,462,238,2,0.011585 436,205,475,241,0,0.001135
/home/dysjin/data/CARLA.v20-carla_v20.coco/valid/001638_png.rf.c98e4c5bc2a68de358073a26469c81b2.jpg 424,210,455,241,0,0.878516
/home/dysjin/data/CARLA.v20-carla_v20.coco/valid/051274_png.rf.d5f64278c64b556983082379a316485f.jpg 561,162,636,251,1,0.487044 560,163,635,251,0,0.327750
/home/dysjin/data/CARLA.v20-carla_v20.coco/valid/Town01_001440_png.rf.e4b4351effd31d5b433710cffb8243e4.jpg 385,172,400,194,0,0.849027 344,175,357,194,0,0.004049 392,129,410,192,0,0.001429
/home/dysjin/data/CARLA.v20-carla_v20.coco/valid/041811_png.rf.e8d4c17844854d24f9b2bec66a8a8889.jpg 50,223,64,242,1,0.382044 46,220,69,245,0,0.021409
/home/dysjin/data/CARLA.v20-carla_v20.coco/valid/001519_png.rf.e42bb854e84b40164ed2795569b2eb6f.jpg 572,218,589,242,0,0.923782 342,227,356,243,1,0.003194
/home/dysjin/data/CARLA.v20-carla_v20.coco/valid/001509_png.rf.ed3baed466e7f65c1a01fb57bf942b65.jpg 572,218,589,242,0,0.913085 343,227,356,243,0,0.004532 567,231,583,251,0,0.001336
/home/dysjin/data/CARLA.v20-carla_v20.coco/valid/026829_png.rf.e6f26e62f316568466a95ba7fd18d850.jpg 374,221,391,240,0,0.947725 372,229,393,251,0,0.001638
/home/dysjin/data/CARLA.v20-carla_v20.coco/valid/007076_png.rf.d635d979c35f5dd6da756ef9889aef0b.jpg 393,213,423,241,1,0.563794 393,212,421,245,0,0.183781 395,211,415,242,2,0.013024
/home/dysjin/data/CARLA.v20-carla_v20.coco/valid/Town02_006960_png.rf.eedfb90c1deb0d66a31341acd2e08f4f.jpg 148,162,168,183,0,0.619036 607,91,630,130,0,0.006609 605,98,619,121,0,0.001888 608,44,638,159,0,0.001077 584,59,623,150,0,0.001046
/home/dysjin/data/CARLA.v20-carla_v20.coco/valid/041861_png.rf.f5f3812ca6c536c5c25bea3d596be111.jpg 403,211,429,241,1,0.488164 397,208,431,245,0,0.202661 623,277,640,340,0,0.002146
/home/dysjin/data/CARLA.v20-carla_v20.coco/valid/003755_png.rf.f6343810071c5f5401b5697ef363285d.jpg 407,212,435,242,1,0.551440 406,212,434,246,0,0.388766 407,208,429,243,2,0.002347
/home/dysjin/data/CARLA.v20-carla_v20.coco/valid/001630_png.rf.ff5ced110f03f998a7a6998ddf647fd2.jpg 411,212,435,239,0,0.921175
/home/dysjin/data/CARLA.v20-carla_v20.coco/valid/003751_png.rf.0ff9ef7c8c8e4f5eab52437609a3b501.jpg 396,217,419,241,1,0.444245 392,215,421,245,0,0.130588
/home/dysjin/data/CARLA.v20-carla_v20.coco/valid/Town02_008820_png.rf.135414697b8215dc125af6b125d3058c.jpg 477,178,489,193,0,0.300509 394,186,406,200,0,0.273442 431,188,445,201,0,0.083490 384,177,397,194,0,0.035550 386,186,400,201,0,0.028779 341,176,354,189,0,0.028519 402,187,416,201,0,0.004557 382,164,394,187,0,0.003427 503,176,518,193,0,0.003405 474,170,497,198,0,0.002838 143,174,160,195,2,0.002718 357,175,369,189,0,0.002184 404,176,416,194,0,0.002063 405,151,416,172,0,0.001992 374,177,385,192,0,0.001616 405,163,416,183,0,0.001457 428,197,443,214,0,0.001144 392,161,404,186,0,0.001115 370,165,382,184,0,0.001075
/home/dysjin/data/CARLA.v20-carla_v20.coco/valid/006578_png.rf.21f08e8ed63ab67b3ef05528af8ef9e6.jpg 373,222,387,241,0,0.666611 343,174,357,193,0,0.001065
/home/dysjin/data/CARLA.v20-carla_v20.coco/valid/Town02_006720_png.rf.2632fd4f3d65ff215e84d472badfd870.jpg 566,174,580,197,0,0.622775 0,152,16,211,1,0.034057 235,162,249,181,0,0.002843 0,160,24,202,0,0.002773 0,160,11,186,1,0.002649 543,211,554,230,0,0.002466 566,63,597,106,2,0.001639 241,165,258,182,0,0.001417 0,141,14,201,0,0.001404 557,174,574,195,0,0.001197 575,200,590,216,0,0.001050
/home/dysjin/data/CARLA.v20-carla_v20.coco/valid/007070_png.rf.2316a0a54db7e4a749f421570aadd160.jpg 384,220,401,240,1,0.419042 379,219,402,244,0,0.009300 380,205,411,247,1,0.002347
/home/dysjin/data/CARLA.v20-carla_v20.coco/valid/041819_png.rf.374472e0a0868df264a4100cb7734e35.jpg 172,223,186,241,1,0.428799 164,224,188,245,0,0.002093
/home/dysjin/data/CARLA.v20-carla_v20.coco/valid/003766_png.rf.3dbe103da1003d1fb3bd18ad0d0894b4.jpg 462,198,512,247,1,0.505915 466,213,500,237,2,0.004091
/home/dysjin/data/CARLA.v20-carla_v20.coco/valid/026849_png.rf.52e90800c02b90489d2521817c6942f7.jpg 424,208,458,239,0,0.961908 611,115,638,232,0,0.005274 622,83,640,141,1,0.002488 622,130,640,191,1,0.001785
/home/dysjin/data/CARLA.v20-carla_v20.coco/valid/041864_png.rf.51f1d81198f2e5b7a450f586235760ec.jpg 417,211,446,240,1,0.594080 416,212,447,240,0,0.138429 415,214,443,246,2,0.006472
/home/dysjin/data/CARLA.v20-carla_v20.coco/valid/009044_png.rf.59d4a83882b4b6af242cbd9e0e31ba80.jpg 561,221,577,245,0,0.862222 2,208,14,237,1,0.269987 0,200,17,244,0,0.111674 0,200,16,258,1,0.010747 0,184,16,237,0,0.002258 555,216,572,237,0,0.001913 558,169,583,204,0,0.001505
/home/dysjin/data/CARLA.v20-carla_v20.coco/valid/Town01_010680_png.rf.5537782525200ced228c602e6dcc3456.jpg 371,177,384,193,0,0.586294 234,176,247,192,0,0.003612 543,39,554,58,2,0.002229
/home/dysjin/data/CARLA.v20-carla_v20.coco/valid/007085_png.rf.5a7141063cfddac158b01dce18de1e48.jpg 429,203,464,246,1,0.579659 432,212,461,239,2,0.010544 430,200,477,298,1,0.001282
/home/dysjin/data/CARLA.v20-carla_v20.coco/valid/041820_png.rf.69e77a8e269d90d89efc21e5026a7083.jpg 182,224,197,241,1,0.257659 172,224,203,244,0,0.001382
/home/dysjin/data/CARLA.v20-carla_v20.coco/valid/Town05_016500_png.rf.75b431585ae9c755044e81517b796324.jpg 456,176,477,199,0,0.675893 39,250,53,270,2,0.002674 204,210,221,232,0,0.002017 122,223,139,239,0,0.001692 46,239,67,282,2,0.001184
/home/dysjin/data/CARLA.v20-carla_v20.coco/valid/026847_png.rf.7a28094ba474fb2fab06e58f1ebea83c.jpg 415,212,446,239,0,0.976413 607,121,639,227,0,0.002058
/home/dysjin/data/CARLA.v20-carla_v20.coco/valid/003814_png.rf.9123d8ff8e23490d6f5201cb816e4fc2.jpg 548,171,621,251,0,0.948906
/home/dysjin/data/CARLA.v20-carla_v20.coco/valid/Town01_001500_png.rf.9254a251a5c6eb6313adba6a6adf1620.jpg 386,174,403,195,0,0.885377
/home/dysjin/data/CARLA.v20-carla_v20.coco/valid/005160_png.rf.922d9f2da21b5b11121905df87e629d7.jpg 401,211,430,242,1,0.549224 401,215,429,245,2,0.066418 404,219,434,241,0,0.001701
