/home/dysjin/data/CARLA.v20-carla_v20.coco/valid/Town05_011820_png.rf.a721d4435d03a17b63243ff374e790d2.jpg 12,180,106,228,6,0.801817 296,190,309,203,6,0.008717 321,190,332,202,6,0.005868 308,191,319,203,6,0.005174 246,189,260,206,6,0.004262 586,202,634,303,2,0.003754 31,159,130,217,6,0.003175 258,188,270,203,6,0.002460 284,189,298,202,6,0.002389 1,124,164,255,6,0.002124 609,121,640,231,3,0.001904 64,184,115,229,6,0.001902 271,187,284,201,6,0.001706 332,190,343,204,6,0.001109
/home/dysjin/data/CARLA.v20-carla_v20.coco/valid/Town05_005760_png.rf.a5aa9e8688171e7bfb57f36e4a648f69.jpg 310,185,326,203,6,0.786263 398,178,421,235,2,0.028101 380,164,396,183,3,0.021173 302,184,312,202,6,0.018467 5,153,114,215,6,0.007582 259,178,273,195,6,0.004538 388,173,460,229,6,0.004136 345,184,356,204,0,0.003923 408,179,439,236,2,0.003818 270,179,283,194,6,0.003671 327,180,339,203,6,0.003586 182,161,197,183,3,0.003056 345,194,356,221,0,0.002927 306,180,339,208,6,0.002609 245,184,258,201,0,0.002546 284,181,295,194,6,0.002524 373,162,382,182,3,0.002500 234,185,248,201,0,0.002328 398,189,409,224,2,0.001874 307,192,320,213,6,0.001466 258,184,270,200,0,0.001173 405,186,415,227,2,0.001100
/home/dysjin/data/CARLA.v20-carla_v20.coco/valid/075705_png.rf.9f5447b468e0280dc956a534954f8a5e.jpg 308,240,346,275,6,0.927744 2,253,172,401,6,0.555619 165,243,243,302,6,0.529203 204,248,255,294,6,0.129144 217,243,265,279,6,0.117984 72,262,191,334,6,0.026417 365,258,383,275,6,0.022097 255,246,268,273,0,0.019477 556,226,640,478,6,0.018405 243,248,265,273,6,0.017623 0,278,68,462,6,0.015704 12,31,156,450,6,0.015382 0,252,68,447,1,0.013947 228,258,253,284,6,0.007104 133,254,233,328,6,0.006680 218,239,237,259,6,0.005572 494,253,548,288,6,0.005484 283,239,300,253,6,0.005412 137,364,313,480,6,0.005391 258,240,271,259,6,0.005331 0,221,81,289,6,0.004626 2,225,69,429,6,0.003989 193,239,212,258,6,0.003797 218,249,240,272,6,0.003740 243,241,265,259,6,0.003305 206,239,225,258,6,0.003270 174,246,233,277,6,0.003236 229,240,252,260,6,0.003132 0,319,44,430,6,0.002624 6,239,104,310,6,0.002095 549,237,569,307,2,0.001561 0,250,62,293,6,0.001528 250,247,271,287,0,0.001405 426,253,447,271,6,0.001339 135,250,186,341,1,0.001171 182,237,200,259,6,0.001113 113,261,167,305,6,0.001094 166,270,223,310,6,0.001060
/home/dysjin/data/CARLA.v20-carla_v20.coco/valid/Town02_006840_png.rf.a4a970c10202604d1dd8c41fe9097525.jpg 562,171,640,233,6,0.229263 386,187,442,212,6,0.075615 480,180,545,217,6,0.048425 344,190,358,208,6,0.016145 345,196,358,212,0,0.009473 294,190,309,201,6,0.003892 282,191,299,202,6,0.003417 0,145,15,199,3,0.003254 525,113,575,197,3,0.003052 537,149,626,220,6,0.002654 0,157,15,233,6,0.002604 444,194,457,220,0,0.002586 0,151,15,215,3,0.002228 564,171,580,194,3,0.002228 442,172,454,197,3,0.002200 459,189,513,223,6,0.002174 584,198,636,235,6,0.002037 0,170,16,246,6,0.001829 0,155,26,251,2,0.001767 439,194,462,244,0,0.001739 593,178,630,221,6,0.001702 306,190,320,201,6,0.001186 563,161,579,186,4,0.001154 398,197,430,214,6,0.001092 0,173,25,271,2,0.001087 369,162,380,184,3,0.001047 271,191,286,203,6,0.001038
/home/dysjin/data/CARLA.v20-carla_v20.coco/valid/Town02_002640_png.rf.ac6bee6a9e4c4b2a1e149670c97196c1.jpg 298,196,369,251,6,0.415430 264,197,290,216,6,0.257122 64,199,88,238,0,0.035683 307,190,326,208,6,0.028344 335,188,364,254,6,0.014499 329,190,349,210,6,0.013088 303,186,349,214,6,0.008520 346,190,370,253,0,0.006481 478,182,520,210,6,0.006406 485,184,507,206,3,0.006067 67,204,85,235,1,0.005550 8,169,103,229,6,0.005299 489,177,531,210,3,0.004988 341,189,356,209,6,0.004566 393,176,405,198,3,0.003235 277,191,298,210,6,0.002959 324,186,355,231,6,0.002905 383,186,398,200,6,0.002453 299,190,329,243,6,0.002150 314,197,343,218,6,0.002113 347,187,373,233,6,0.001750 427,198,447,214,6,0.001467 436,198,460,215,6,0.001374 418,198,436,211,6,0.001342 294,194,313,242,0,0.001306 369,187,385,202,6,0.001255 339,197,357,223,6,0.001243 355,189,367,207,6,0.001223 513,171,529,197,3,0.001208 265,186,309,216,6,0.001201 168,191,211,225,6,0.001160 392,187,406,205,0,0.001005
/home/dysjin/data/CARLA.v20-carla_v20.coco/valid/007096_png.rf.a26873f70f1467f54f0fd09ea8c1731b.jpg 547,168,612,253,5,0.452188 543,181,619,251,4,0.310432 536,170,624,271,3,0.009344
/home/dysjin/data/CARLA.v20-carla_v20.coco/valid/041683_png.rf.abc13a183255cbb5f9aeca7d55d8b4c0.jpg 307,237,335,309,0,0.426887
/home/dysjin/data/CARLA.v20-carla_v20.coco/valid/041699_png.rf.a4a6f7fb7672ac47b317ec4fe3e21c97.jpg 305,239,330,309,0,0.402900 302,230,341,351,0,0.003783
/home/dysjin/data/CARLA.v20-carla_v20.coco/valid/Town02_006480_png.rf.aec43468267a9993201d034f7031ee5c.jpg 240,187,263,206,6,0.041772 359,174,369,192,3,0.019456 197,177,240,207,6,0.019184 288,194,336,219,6,0.017912 219,185,241,207,6,0.015672 302,192,321,209,6,0.007196 292,191,310,209,6,0.006085 370,174,380,193,3,0.005615 253,189,271,206,6,0.004835 349,173,357,193,3,0.004407 199,180,212,211,1,0.003929 196,176,216,215,0,0.003222 358,184,368,203,3,0.002800 198,188,209,220,0,0.002768 368,162,380,184,3,0.002522 283,190,298,207,6,0.001827 346,162,356,184,3,0.001502 268,189,283,205,6,0.001384 216,170,266,207,6,0.001338 369,185,382,203,3,0.001171
/home/dysjin/data/CARLA.v20-carla_v20.coco/valid/Town02_003060_png.rf.b28380c7e6ad26a4ccdfda39d4db7f85.jpg 531,179,629,226,6,0.071995 622,192,639,248,6,0.005980 523,189,576,225,6,0.004561 613,208,634,231,6,0.002733 575,190,640,225,6,0.001953 623,201,640,263,0,0.001817 197,193,260,219,6,0.001322 534,177,563,218,3,0.001192
/home/dysjin/data/CARLA.v20-carla_v20.coco/valid/Town01_009120_png.rf.b3886317404f3c307752dac4625c4b0e.jpg 313,196,332,212,6,0.160391 0,201,63,238,6,0.014437 372,195,432,216,6,0.007894 43,195,67,242,2,0.006690 267,192,285,205,6,0.005073 246,192,261,208,6,0.004733 255,192,272,206,6,0.004423 55,196,74,242,2,0.003975 553,145,640,220,6,0.003497 218,200,243,215,6,0.002196 280,192,297,204,6,0.002072 549,196,570,218,6,0.001942 77,194,134,214,6,0.001827 307,186,342,215,6,0.001456 377,197,399,214,6,0.001387 233,197,248,214,6,0.001213 560,194,611,223,6,0.001087 30,196,59,240,2,0.001083 329,190,342,209,6,0.001064 82,196,105,214,6,0.001035 295,193,311,206,6,0.001031
/home/dysjin/data/CARLA.v20-carla_v20.coco/valid/051305_png.rf.af3e2dc55ae45fc793f7f25eb6fdf7b4.jpg 428,208,462,245,3,0.693119 427,214,457,237,4,0.059443 304,242,322,255,6,0.010928 266,238,291,252,6,0.003438
/home/dysjin/data/CARLA.v20-carla_v20.coco/valid/007291_png.rf.b33e9d647d42777054dfb5f46d23bbad.jpg 387,219,406,242,3,0.413057 180,237,221,352,0,0.014442 265,247,306,274,6,0.010326 412,189,437,229,3,0.002907 415,206,431,232,3,0.002805 99,210,133,291,2,0.001733
/home/dysjin/data/CARLA.v20-carla_v20.coco/valid/Town05_005820_png.rf.abc3e70595852b4f2320e8b55c805a27.jpg 301,180,330,220,6,0.951904 431,159,443,184,3,0.008281 305,179,319,198,6,0.006050 269,184,283,198,6,0.004879 317,178,330,197,6,0.004822 397,159,407,182,3,0.004494 332,179,342,194,6,0.003541 220,185,240,200,6,0.003457 295,180,306,196,6,0.002684 284,182,294,195,6,0.002630 395,172,406,195,3,0.001875 346,176,356,190,6,0.001851 260,185,272,199,6,0.001709 233,185,246,199,6,0.001489 358,176,370,191,3,0.001464 379,185,399,203,6,0.001340 302,185,311,212,6,0.001294 370,176,380,194,3,0.001169
/home/dysjin/data/CARLA.v20-carla_v20.coco/valid/Town05_006960_png.rf.9d31f2ffd8a1d723122d28555c0e3321.jpg 283,187,296,209,1,0.102488 0,216,171,371,6,0.022222 283,193,293,213,0,0.015201 289,185,305,207,6,0.006257 368,183,385,207,6,0.001620 273,186,288,205,6,0.001540 300,250,348,365,6,0.001510 629,186,640,283,0,0.001085 0,296,117,361,6,0.001023
/home/dysjin/data/CARLA.v20-carla_v20.coco/valid/Town02_009720_png.rf.b20474373a38fe973889a895d5aba03e.jpg 294,204,343,257,6,0.882937 268,188,283,211,6,0.018438 269,193,281,216,0,0.014706 0,206,35,288,6,0.014054 77,198,131,242,6,0.012612 405,218,553,334,6,0.007512 0,214,118,272,6,0.006578 115,200,168,235,6,0.004600 354,200,370,221,6,0.004549 111,187,203,230,6,0.003831 2,223,60,272,6,0.002980 260,190,275,207,6,0.002854 152,204,203,233,6,0.002793 1,233,31,280,1,0.002770 304,190,324,207,6,0.002690 303,200,329,223,6,0.001665 345,199,359,219,6,0.001579 41,210,97,251,6,0.001508 0,183,34,280,2,0.001475 359,174,368,196,3,0.001436 0,128,171,259,6,0.001092 280,188,293,207,6,0.001054
/home/dysjin/data/CARLA.v20-carla_v20.coco/valid/Town01_002220_png.rf.9b6e376c042a4b43cdf2a33f00250d62.jpg 222,192,435,369,6,0.983718 376,147,392,172,3,0.078948 279,182,326,210,6,0.014758 283,185,299,208,6,0.004316 302,187,325,205,6,0.003417 341,186,357,208,6,0.003388 330,188,347,206,6,0.002981 341,195,357,218,0,0.002427 317,188,336,205,6,0.001980 0,117,57,174,6,0.001713 214,172,264,202,6,0.001538 204,185,228,203,6,0.001381 291,178,311,197,6,0.001199 372,138,387,164,4,0.001059 0,146,84,207,6,0.001005
/home/dysjin/data/CARLA.v20-carla_v20.coco/valid/Town01_003900_png.rf.b43a572a2d61a01bb389880cf86179de.jpg 220,194,441,375,6,0.956781 0,188,39,230,6,0.280942 398,182,421,236,0,0.172862 400,146,417,172,3,0.079435 282,190,300,208,6,0.023466 3,178,56,220,6,0.011181 551,184,592,233,6,0.003779 341,189,361,205,6,0.003779 302,189,324,207,6,0.002903 329,188,350,205,6,0.002715 405,181,418,213,0,0.002554 546,179,573,234,1,0.002478 270,189,287,207,6,0.002231 316,189,337,206,6,0.001798 536,163,578,244,0,0.001674 54,166,108,203,6,0.001672 277,191,382,266,6,0.001627 554,157,569,181,3,0.001610 285,185,341,211,6,0.001550 0,167,17,227,6,0.001512 602,185,640,232,6,0.001477 608,207,638,260,6,0.001256 601,183,638,316,6,0.001171 625,190,640,254,6,0.001021
/home/dysjin/data/CARLA.v20-carla_v20.coco/valid/029067_png.rf.b686edaf28a0971571945f7b069613d5.jpg 547,220,580,341,2,0.926511 57,233,81,286,2,0.087660 485,239,504,302,2,0.005254 205,237,219,261,6,0.004798 32,232,55,285,2,0.004763 559,270,582,345,2,0.004212 44,231,72,283,2,0.003458 541,271,561,348,2,0.001991 241,239,265,254,6,0.001823 207,244,220,264,0,0.001692 136,238,145,275,2,0.001538 200,245,214,263,0,0.001529 123,241,135,273,2,0.001447 534,191,600,360,2,0.001198 36,239,77,277,6,0.001070 62,217,100,288,2,0.001043
/home/dysjin/data/CARLA.v20-carla_v20.coco/valid/Town02_004200_png.rf.b4d2f32e1287253b4f35bf521927be39.jpg 267,189,289,210,6,0.678068 456,194,518,224,6,0.058553 6,184,26,211,6,0.018057 6,195,27,217,6,0.008538 15,195,74,218,6,0.007561 0,174,19,217,6,0.006801 486,198,512,218,6,0.004940 334,187,346,200,6,0.002781 104,181,152,214,6,0.002458 267,179,285,198,6,0.002226 294,189,306,203,6,0.002193 475,198,498,217,6,0.001940 487,190,509,207,6,0.001799 345,178,354,196,3,0.001785 356,188,370,204,6,0.001717 368,189,384,205,6,0.001652 345,187,357,201,6,0.001607 308,187,321,199,6,0.001456 321,188,333,199,6,0.001241 26,180,81,214,6,0.001137 462,197,486,217,6,0.001099
/home/dysjin/data/CARLA.v20-carla_v20.coco/valid/Town02_002100_png.rf.b49da10e2c41ab65d4c132e46f15d3e3.jpg 296,184,335,290,1,0.941994 0,172,17,221,6,0.034550 281,186,295,204,6,0.023631 309,185,324,203,6,0.022166 270,187,289,205,6,0.006996 292,185,309,203,6,0.005199 330,186,344,204,6,0.004038 57,178,128,209,6,0.003932 310,194,336,274,6,0.003647 395,171,405,194,3,0.003469 0,157,31,253,6,0.003201 385,172,395,193,3,0.002466 5,184,24,210,6,0.001683 0,150,14,222,6,0.001606 302,181,327,229,6,0.001308 0,183,16,251,6,0.001305
/home/dysjin/data/CARLA.v20-carla_v20.coco/valid/003752_png.rf.bb0716bc5b93fa8b10f41577e20a2f35.jpg 400,210,425,242,3,0.642775 313,239,337,253,6,0.124259 326,238,347,253,6,0.010953 297,238,313,255,6,0.002229 396,212,415,237,4,0.001807 398,195,426,236,4,0.001132
/home/dysjin/data/CARLA.v20-carla_v20.coco/valid/138327_png.rf.b4aecc174d58e25a6e680c2468864172.jpg 17,234,43,304,2,0.258703 1,203,35,316,2,0.101698 29,224,49,296,2,0.011233 0,229,32,357,2,0.005060 0,233,19,309,2,0.004062 146,242,160,266,2,0.004009 426,166,448,224,5,0.003611 24,239,37,277,2,0.002889 1,215,17,302,2,0.002050 24,249,39,288,2,0.001994 359,246,371,270,2,0.001766 80,215,101,278,2,0.001347 70,217,91,276,2,0.001120 17,217,39,282,2,0.001095 134,244,152,265,2,0.001019 368,239,376,276,2,0.001015 427,196,446,220,4,0.001012
/home/dysjin/data/CARLA.v20-carla_v20.coco/valid/Town05_009600_png.rf.b886b3525f44da0ae66796230d91b958.jpg 381,181,416,210,6,0.938604 465,187,503,220,6,0.894782 586,183,636,208,6,0.459195 97,187,207,225,6,0.340854 156,188,227,224,6,0.022808 588,187,610,206,6,0.016340 528,184,543,202,6,0.015203 415,185,429,202,6,0.013105 93,194,145,230,6,0.010302 378,192,402,213,6,0.004304 458,187,471,211,6,0.003983 598,176,622,197,6,0.003915 375,178,401,200,6,0.003542 372,185,388,208,6,0.003413 516,183,535,203,6,0.003377 444,186,459,204,6,0.003149 607,10,637,150,6,0.003116 0,174,16,239,6,0.003042 430,185,442,202,6,0.003032 606,100,639,206,3,0.002432 610,176,634,198,6,0.002416 475,180,493,198,6,0.002316 240,185,289,205,6,0.002063 464,181,482,197,6,0.001911 630,177,640,262,0,0.001630 485,185,502,212,6,0.001607 625,182,638,210,6,0.001476 539,183,552,201,6,0.001240 580,185,595,204,6,0.001169 109,197,173,236,6,0.001104 402,178,418,199,6,0.001097 454,180,467,196,6,0.001042
/home/dysjin/data/CARLA.v20-carla_v20.coco/valid/Town01_002340_png.rf.b8976b6d8f366e29aeb47fb3b3146b33.jpg 221,192,435,368,6,0.983536 373,147,387,171,3,0.069631 277,183,327,210,6,0.011032 282,186,299,207,6,0.007847 342,186,356,208,6,0.003543 303,187,326,205,6,0.003409 342,195,357,218,0,0.003380 330,187,347,206,6,0.002241 316,188,336,205,6,0.002049 203,185,228,203,6,0.001816 291,178,310,197,6,0.001284 0,146,84,206,6,0.001210 0,177,63,211,6,0.001176 272,184,286,205,6,0.001153
/home/dysjin/data/CARLA.v20-carla_v20.coco/valid/Town05_009780_png.rf.c3069a0d7ec82f2e1960c0497cec36fe.jpg 287,189,360,253,6,0.703471 403,172,418,195,3,0.052087 192,185,215,200,6,0.032346 404,184,423,232,2,0.013585 202,184,227,199,6,0.013382 304,187,325,204,6,0.011965 316,187,338,205,6,0.011922 396,183,477,235,6,0.010252 370,186,380,203,0,0.009826 244,184,260,200,6,0.008733 377,183,396,200,6,0.006096 220,185,236,199,6,0.003979 191,174,238,203,6,0.003220 395,176,408,194,3,0.003136 296,187,308,204,6,0.002707 233,184,247,201,6,0.002461 406,188,444,228,6,0.002385 284,187,297,202,6,0.002124 359,186,371,202,6,0.001787 330,186,343,206,6,0.001777 270,186,284,200,6,0.001714 181,184,201,203,6,0.001665 424,182,448,236,2,0.001554 255,184,272,200,6,0.001492 250,183,385,294,6,0.001479 344,186,357,203,6,0.001151 169,186,188,204,6,0.001052
/home/dysjin/data/CARLA.v20-carla_v20.coco/valid/Town05_002700_png.rf.b9dfa75f628efa31633800bb9dfee796.jpg 370,184,384,201,6,0.402441 419,185,430,198,6,0.013562 360,184,373,201,6,0.012841 379,181,393,197,6,0.012719 406,182,419,196,6,0.009386 392,185,404,198,6,0.006651 344,180,358,195,6,0.002901 429,184,441,199,0,0.001917
/home/dysjin/data/CARLA.v20-carla_v20.coco/valid/005173_png.rf.c24ac196d86260d3a384e12093bfa5ef.jpg 472,193,527,248,5,0.252198 483,195,533,245,4,0.145195 468,186,505,243,4,0.001213
/home/dysjin/data/CARLA.v20-carla_v20.coco/valid/Town01_005820_png.rf.c9053a957ff7561268673aaec9e095f0.jpg 298,190,344,327,1,0.970330 409,189,435,223,6,0.058509 179,208,200,225,6,0.027635 204,202,225,219,6,0.015301 194,202,214,222,6,0.015125 216,200,239,214,6,0.010094 269,191,286,202,6,0.009200 232,198,249,211,6,0.008757 169,210,190,228,6,0.008613 13,205,76,231,6,0.004528 308,186,322,206,6,0.004455 171,198,212,227,6,0.004097 259,184,378,297,6,0.003586 409,180,465,219,6,0.003054 296,172,338,305,6,0.002426 245,192,259,208,6,0.002025 258,192,273,204,6,0.001674 0,201,44,236,6,0.001652 192,198,239,222,6,0.001503 281,187,295,200,6,0.001284 404,186,424,213,6,0.001281 318,187,331,206,6,0.001162 377,192,431,219,6,0.001047 295,188,310,201,6,0.001044
/home/dysjin/data/CARLA.v20-carla_v20.coco/valid/Town01_011580_png.rf.c8aa9ea674a7d69974d55bf63b55ddbf.jpg 267,191,289,207,6,0.185915 582,189,638,226,6,0.162757 50,188,79,231,6,0.107210 470,197,523,245,6,0.061973 240,188,292,208,6,0.035193 309,186,320,198,6,0.027345 416,197,437,214,6,0.019339 14,189,72,223,6,0.018721 585,168,633,205,6,0.010833 231,191,248,208,6,0.010772 96,181,115,195,6,0.010218 220,191,240,208,6,0.009399 319,185,333,197,6,0.008604 565,170,579,193,3,0.008472 55,194,76,224,0,0.006934 425,189,444,210,6,0.006759 482,197,513,244,1,0.006275 464,186,482,205,6,0.005563 332,186,343,200,0,0.005174 489,186,505,206,6,0.005008 482,187,510,234,6,0.005008 297,188,309,202,6,0.004977 478,186,495,205,6,0.004756 58,185,75,211,0,0.004729 86,179,101,194,6,0.004486 539,183,562,233,0,0.004373 170,187,186,210,6,0.004005 0,179,63,213,6,0.003190 565,168,640,235,6,0.002752 0,172,12,244,6,0.002601 185,195,197,219,2,0.002569 121,186,134,203,6,0.002558 111,186,124,201,0,0.002251 0,166,12,225,6,0.002238 453,187,472,207,6,0.001974 601,139,640,222,6,0.001741 255,196,281,211,6,0.001700 74,183,86,206,0,0.001614 552,186,592,229,6,0.001565 183,188,197,210,2,0.001523 343,185,356,201,6,0.001487 609,106,640,206,3,0.001384 242,196,263,211,6,0.001342 500,184,520,204,6,0.001310 108,181,122,195,6,0.001272 45,186,72,228,1,0.001264 380,189,396,206,6,0.001263 0,177,11,261,0,0.001241 134,185,149,201,6,0.001151 498,186,549,229,6,0.001048
/home/dysjin/data/CARLA.v20-carla_v20.coco/valid/Town01_007440_png.rf.bed11eeb1dde416bf8789b24a8a5c0f8.jpg 554,170,637,225,6,0.531575 261,195,274,213,6,0.060698 178,210,201,228,6,0.023226 533,174,590,221,6,0.023113 167,211,190,232,6,0.014748 130,209,180,234,6,0.013371 190,209,212,226,6,0.013032 523,179,551,215,6,0.011094 473,193,495,245,0,0.006121 205,209,226,225,6,0.005355 156,211,176,233,6,0.005183 281,190,298,204,6,0.005134 219,203,235,219,6,0.004602 294,188,309,200,6,0.004249 266,192,278,214,0,0.003384 625,165,640,231,6,0.003023 92,217,141,245,6,0.002792 479,194,492,222,0,0.002417 484,148,577,215,6,0.002313 249,197,264,214,6,0.001710 114,217,171,242,6,0.001641 142,220,167,239,6,0.001240 499,111,549,197,3,0.001200
/home/dysjin/data/CARLA.v20-carla_v20.coco/valid/Town05_011760_png.rf.c548e0a947d80bc036151e4db99afcfa.jpg 25,185,217,310,6,0.936743 98,190,210,278,6,0.024145 309,186,321,198,6,0.012791 233,187,248,201,6,0.006974 320,187,331,199,6,0.006888 587,203,636,304,2,0.006803 257,185,273,200,6,0.006663 269,185,284,198,6,0.006483 27,59,200,344,6,0.005826 3,174,112,377,6,0.005005 370,171,381,193,3,0.004590 333,188,344,200,6,0.004482 244,186,259,202,6,0.004021 296,186,311,198,6,0.003232 220,187,238,201,6,0.002805 601,192,637,309,6,0.002661 67,215,108,336,2,0.001580 99,230,211,308,6,0.001497 558,219,640,286,6,0.001440 282,185,297,198,6,0.001207 0,175,14,241,6,0.001086 5,232,154,380,6,0.001056 142,184,166,203,6,0.001047
/home/dysjin/data/CARLA.v20-carla_v20.coco/valid/075708_png.rf.c1818fa586a2b613b2806f928a933d9d.jpg 309,240,346,273,6,0.935940 3,250,173,400,6,0.566545 166,240,245,300,6,0.498036 217,239,265,280,6,0.275891 555,234,640,429,6,0.033907 12,33,156,448,6,0.022654 255,245,268,272,0,0.022333 73,257,191,333,6,0.018053 257,240,270,260,6,0.014859 0,283,66,459,6,0.012240 243,240,265,258,6,0.012174 243,248,265,273,6,0.011938 219,239,237,259,6,0.011912 180,239,200,259,6,0.010231 192,240,213,258,6,0.008927 228,240,253,260,6,0.005895 206,239,226,257,6,0.005842 365,259,383,275,6,0.005772 179,236,227,262,6,0.005237 0,222,81,288,6,0.004761 213,245,246,292,6,0.004609 133,252,230,330,6,0.004510 229,248,254,273,6,0.004401 495,254,548,288,6,0.004315 218,247,240,271,6,0.004230 129,366,313,480,6,0.003657 163,243,219,278,6,0.003570 283,239,299,253,6,0.003040 135,249,184,340,1,0.002825 249,245,271,289,0,0.002143 166,270,224,310,6,0.001995 141,247,194,295,6,0.001862 172,236,189,258,6,0.001358 0,337,41,451,6,0.001307 312,244,324,271,1,0.001183 179,250,205,269,6,0.001145 2,232,72,421,6,0.001088 0,296,42,416,6,0.001082 426,253,447,271,6,0.001059 206,234,251,265,6,0.001052 553,244,640,312,6,0.001016
/home/dysjin/data/CARLA.v20-carla_v20.coco/valid/Town05_009900_png.rf.c90bd5781f975f44de47fd794a1f9ac6.jpg 355,186,436,248,6,0.837135 327,182,344,204,6,0.038401 415,188,429,209,6,0.031330 452,184,470,201,6,0.011750 428,186,442,204,6,0.009833 443,185,457,203,6,0.007118 0,176,12,240,6,0.006445 411,187,433,253,0,0.006206 408,189,434,231,6,0.005563 367,183,430,215,6,0.005504 48,183,64,204,0,0.005332 466,185,482,200,6,0.004629 414,195,430,222,0,0.004176 491,178,504,194,3,0.003705 0,167,14,226,6,0.003632 378,178,395,195,6,0.003413 376,188,401,208,6,0.003373 389,189,414,209,6,0.003010 59,182,72,205,0,0.002694 607,187,637,229,6,0.002080 8,184,25,206,6,0.001814 320,176,336,198,6,0.001762 306,183,325,202,6,0.001536 282,184,299,201,6,0.001459 23,184,39,203,6,0.001133
/home/dysjin/data/CARLA.v20-carla_v20.coco/valid/Town05_009660_png.rf.cc2e0d6a11c64dbe092a6e9321c6a170.jpg 250,181,405,330,6,0.975814 412,180,470,208,6,0.825010 208,183,226,200,6,0.034104 343,181,356,204,0,0.029464 343,176,358,197,6,0.019933 404,162,490,205,6,0.013472 488,170,534,201,6,0.009881 611,186,635,205,6,0.007648 332,185,351,204,6,0.006028 215,179,233,198,6,0.004741 417,185,438,207,6,0.003067 624,183,638,211,6,0.002622 354,176,367,194,3,0.002515 294,187,309,204,6,0.002441 369,175,382,192,3,0.002032 257,180,271,196,6,0.001784 601,184,620,205,6,0.001686 304,187,324,203,6,0.001659 379,175,394,195,6,0.001500 318,187,339,203,6,0.001343 247,181,261,194,6,0.001309 195,183,216,202,6,0.001244 498,182,523,202,6,0.001131 336,179,360,230,0,0.001042 404,173,420,194,3,0.001042 603,165,640,206,6,0.001013 406,162,418,184,3,0.001003
/home/dysjin/data/CARLA.v20-carla_v20.coco/valid/003769_png.rf.c5c0c17fa97551316c57744e9608f796.jpg 497,190,549,249,3,0.270419 493,188,548,248,5,0.179907 490,190,548,245,4,0.113479 305,238,326,255,6,0.101782 294,238,317,254,6,0.005688 282,237,301,252,6,0.001460
/home/dysjin/data/CARLA.v20-carla_v20.coco/valid/121197_png.rf.c99e70822c663f40252f74e6b2ad5094.jpg 245,266,411,374,6,0.945129 205,249,223,268,6,0.007831 0,302,14,330,6,0.002067
/home/dysjin/data/CARLA.v20-carla_v20.coco/valid/004966_png.rf.c9d8d72d0920460b612251c5fddc5770.jpg 431,204,462,244,3,0.484031 434,210,460,237,4,0.042050 510,195,541,368,2,0.029654
/home/dysjin/data/CARLA.v20-carla_v20.coco/valid/Town01_006240_png.rf.cc5628eb556a5a5bd1824a8d19313b41.jpg 316,190,328,218,0,0.251327 311,187,324,207,0,0.081129 297,188,313,201,6,0.009287 366,185,384,200,6,0.007416 497,201,612,253,6,0.006722 258,194,273,205,6,0.006074 270,192,283,203,6,0.004561 283,189,296,201,6,0.004378 316,180,330,197,6,0.003323 358,185,370,201,6,0.002971 329,182,341,204,6,0.002881 245,193,262,206,6,0.002847 0,187,13,253,2,0.002506 611,210,638,256,6,0.001901 309,181,321,197,6,0.001643 346,185,359,202,6,0.001351 378,179,393,195,6,0.001315 193,208,212,225,6,0.001054
/home/dysjin/data/CARLA.v20-carla_v20.coco/valid/001638_png.rf.c98e4c5bc2a68de358073a26469c81b2.jpg 423,208,451,242,3,0.903195 37,227,94,261,6,0.019596 421,210,439,233,4,0.006305 0,230,65,262,6,0.003058 306,241,323,255,6,0.002062 283,238,299,252,6,0.001811 294,239,308,254,6,0.001181
/home/dysjin/data/CARLA.v20-carla_v20.coco/valid/051274_png.rf.d5f64278c64b556983082379a316485f.jpg 562,165,626,253,3,0.620508 557,169,634,249,4,0.418604 121,191,155,302,2,0.003016 357,225,370,248,3,0.001423
/home/dysjin/data/CARLA.v20-carla_v20.coco/valid/Town01_001440_png.rf.e4b4351effd31d5b433710cffb8243e4.jpg 2,201,32,242,6,0.086174 390,173,403,193,3,0.061486 0,178,17,240,6,0.006785 386,165,396,186,3,0.005653 421,147,452,177,3,0.003715 319,188,334,200,6,0.003264 305,188,323,201,6,0.003259 0,176,29,268,2,0.001738 332,187,345,199,6,0.001474 294,187,312,203,6,0.001371 7,196,27,222,6,0.001351 1,181,13,209,6,0.001140
/home/dysjin/data/CARLA.v20-carla_v20.coco/valid/019121_png.rf.deb86464dd224ac85f75272f851fc0a8.jpg 509,238,564,258,6,0.031302 547,238,569,258,6,0.024863 367,233,379,257,2,0.010798 371,208,386,232,4,0.006776 0,256,46,286,6,0.006507 502,239,522,256,6,0.006178 34,232,57,290,2,0.004938 371,221,380,249,2,0.004728 359,234,373,257,2,0.003462 539,246,561,264,6,0.002999 218,252,239,268,6,0.002809 379,208,394,232,4,0.002710 551,234,594,261,6,0.002682 227,250,248,266,6,0.001301 396,243,406,273,2,0.001131 0,228,32,318,2,0.001128
/home/dysjin/data/CARLA.v20-carla_v20.coco/valid/041811_png.rf.e8d4c17844854d24f9b2bec66a8a8889.jpg 76,193,106,231,3,0.048731 1,223,15,294,6,0.003949 545,257,567,313,0,0.003391 0,234,13,305,6,0.002135 601,238,639,277,6,0.001757 0,212,15,278,6,0.001696 11,221,24,248,4,0.001367 0,240,11,322,0,0.001068
/home/dysjin/data/CARLA.v20-carla_v20.coco/valid/041657_png.rf.e06a4a0ae870ee5d8dbe97fc65b5b666.jpg 305,238,331,305,0,0.445959 0,221,23,328,2,0.133402 0,219,15,298,6,0.005769 0,222,22,367,2,0.004520 252,236,274,252,6,0.004228 0,215,14,278,6,0.003067 502,228,520,293,2,0.002703 313,251,325,295,0,0.001130
/home/dysjin/data/CARLA.v20-carla_v20.coco/valid/001519_png.rf.e42bb854e84b40164ed2795569b2eb6f.jpg 23,255,66,281,6,0.046517 580,199,630,264,3,0.040573 573,205,600,240,3,0.016674 15,235,102,277,6,0.012229 118,228,134,288,2,0.006289 255,242,276,256,6,0.005904 41,259,71,279,6,0.004955 497,227,531,341,2,0.004382 281,241,299,252,6,0.003851 68,235,117,259,6,0.003215 292,241,311,252,6,0.003082 609,203,638,243,3,0.002942 230,240,247,258,6,0.002598 96,245,115,266,2,0.002457 166,249,214,271,6,0.002406 241,242,263,257,6,0.002177 220,248,235,266,6,0.001916 625,219,639,275,6,0.001875 267,242,286,254,6,0.001862 568,218,582,243,4,0.001716 304,241,322,252,6,0.001665 207,252,225,270,6,0.001550 193,252,214,270,6,0.001486 0,233,154,337,6,0.001472 625,206,640,264,3,0.001444 106,232,129,277,2,0.001351 609,229,638,265,6,0.001331 222,237,237,260,6,0.001145
/home/dysjin/data/CARLA.v20-carla_v20.coco/valid/Town02_005280_png.rf.ec981f5d8aec80a53ec1f9961c2321af.jpg 155,193,207,264,6,0.374173 599,199,640,245,6,0.053212 45,189,118,223,6,0.042624 101,190,129,228,6,0.040656 581,172,632,248,6,0.013912 73,177,134,224,6,0.010917 36,150,140,222,6,0.007519 138,185,280,275,6,0.006804 149,186,191,265,1,0.005121 198,182,260,213,6,0.003118 268,187,284,203,6,0.001884 181,197,200,218,6,0.001869 586,161,604,185,3,0.001816 579,163,640,380,6,0.001671 0,191,14,221,6,0.001654 188,191,213,250,0,0.001565 583,188,611,232,6,0.001179 181,188,200,209,6,0.001063 28,192,87,224,6,0.001000
/home/dysjin/data/CARLA.v20-carla_v20.coco/valid/001509_png.rf.ed3baed466e7f65c1a01fb57bf942b65.jpg 23,255,66,281,6,0.050097 579,200,630,264,3,0.044615 572,206,601,240,3,0.016488 13,235,101,277,6,0.008852 255,242,275,256,6,0.006895 41,260,71,279,6,0.005332 118,228,135,287,2,0.004351 220,249,236,266,6,0.003689 387,240,407,260,6,0.003498 68,235,118,260,6,0.002852 166,249,214,271,6,0.002460 497,229,531,339,2,0.002458 293,242,311,252,6,0.002446 230,240,246,258,6,0.002380 242,242,263,257,6,0.002240 193,252,213,270,6,0.002126 569,218,582,243,4,0.002070 281,242,299,252,6,0.001923 206,252,225,270,6,0.001884 604,228,638,265,6,0.001851 97,244,115,266,2,0.001823 304,241,322,252,6,0.001638 625,219,639,275,6,0.001609 624,194,639,252,3,0.001513 221,238,237,260,6,0.001467 267,243,285,254,6,0.001353 380,245,399,263,6,0.001216 478,219,493,244,3,0.001175 580,230,594,256,3,0.001148 0,232,154,337,6,0.001147 106,232,130,277,2,0.001137 588,235,604,257,3,0.001023
/home/dysjin/data/CARLA.v20-carla_v20.coco/valid/033890_png.rf.e368755037cdc345b45b625d64db27a1.jpg 262,233,411,378,6,0.924194 605,255,632,332,2,0.157838 23,244,88,274,6,0.036016 80,245,129,272,6,0.024243 600,238,622,304,2,0.014705 621,255,640,334,2,0.011537 0,240,16,296,2,0.005277 105,250,130,268,6,0.003198 586,242,607,295,2,0.002934 2,253,14,283,6,0.002515 372,237,418,362,0,0.002477 613,263,626,300,2,0.002383 577,255,590,285,2,0.002279 242,239,281,366,0,0.002207 0,231,27,326,2,0.002198 244,247,302,365,1,0.002143 606,264,619,301,2,0.002063 78,237,101,278,2,0.001909 610,225,631,297,2,0.001659 4,247,110,295,6,0.001537 4,192,164,309,6,0.001517 5,248,28,289,2,0.001512 134,241,144,271,2,0.001502 30,231,130,277,6,0.001248 407,248,419,264,6,0.001152
/home/dysjin/data/CARLA.v20-carla_v20.coco/valid/075724_png.rf.e0c3e9a2b7f318c71e76ccdcb0dda6a1.jpg 297,240,329,270,6,0.751734 36,240,214,338,6,0.619604 68,270,171,322,6,0.321378 2,246,71,414,6,0.146102 176,240,232,276,6,0.094955 133,236,224,309,6,0.057712 189,248,243,290,6,0.039819 0,266,148,378,6,0.021073 0,261,65,471,6,0.019177 223,247,249,295,0,0.012036 154,240,203,275,6,0.005233 495,259,608,306,6,0.005166 180,237,199,259,6,0.004806 296,239,310,261,6,0.004593 270,239,286,256,6,0.004055 246,238,258,256,6,0.003894 163,257,218,303,6,0.003621 232,245,248,273,0,0.003521 370,245,381,271,0,0.003081 191,239,216,258,6,0.003068 234,237,249,258,6,0.002875 168,233,215,265,6,0.002793 219,259,240,282,6,0.002546 170,237,188,258,6,0.002420 258,239,275,254,6,0.002298 203,239,229,258,6,0.002259 333,224,345,246,3,0.001999 283,240,298,257,6,0.001866 630,229,640,312,2,0.001846 179,246,200,268,6,0.001723 169,247,190,268,6,0.001605 212,238,243,281,6,0.001523 191,248,218,269,6,0.001358 0,59,160,424,6,0.001354 328,256,375,287,6,0.001219 624,221,640,273,6,0.001162 143,232,189,265,6,0.001152 0,251,44,360,6,0.001149 203,249,230,270,6,0.001042
/home/dysjin/data/CARLA.v20-carla_v20.coco/valid/112477_png.rf.ecf5d82849f8b68362ce65c8d2645a1c.jpg 338,224,359,299,2,0.944857 39,258,95,280,6,0.005944 587,234,633,259,6,0.002831 344,235,354,265,2,0.002076 216,251,241,265,6,0.001750 348,224,367,287,2,0.001692 230,251,251,264,6,0.001171
/home/dysjin/data/CARLA.v20-carla_v20.coco/valid/Town02_001980_png.rf.ee7206fcf98c96c61f2900b25e79ce20.jpg 292,187,336,324,1,0.974178 400,146,420,172,3,0.033288 0,188,61,227,6,0.017268 295,174,336,304,6,0.013678 396,171,407,195,3,0.013535 308,185,322,203,6,0.008878 393,184,406,206,3,0.007600 318,186,331,204,6,0.006168 397,156,409,183,3,0.004591 60,180,125,210,6,0.003177 331,186,345,203,6,0.001772 16,180,71,217,6,0.001707 156,183,177,231,0,0.001575 3,177,36,222,6,0.001352 296,186,308,200,6,0.001347 306,193,324,216,6,0.001263 288,179,346,299,0,0.001221 44,194,67,217,6,0.001027
/home/dysjin/data/CARLA.v20-carla_v20.coco/valid/026829_png.rf.e6f26e62f316568466a95ba7fd18d850.jpg 377,218,392,242,3,0.655612 93,216,116,278,2,0.003195 81,216,104,278,2,0.003005 0,213,29,298,2,0.002390 31,230,57,286,2,0.001985 1,229,15,306,2,0.001780 6,240,53,278,6,0.001659 259,261,354,324,6,0.001452 360,222,372,242,4,0.001099
/home/dysjin/data/CARLA.v20-carla_v20.coco/valid/007076_png.rf.d635d979c35f5dd6da756ef9889aef0b.jpg 399,213,418,236,4,0.071277 401,217,417,242,5,0.036869 395,190,423,233,4,0.002572
/home/dysjin/data/CARLA.v20-carla_v20.coco/valid/112475_png.rf.df928fa484eb08e1454caacc1e194352.jpg 337,226,354,294,2,0.955497 39,259,96,280,6,0.008104 587,234,634,259,6,0.004322 342,235,351,265,2,0.003657 215,251,242,265,6,0.003410 157,233,175,284,2,0.001513 229,251,252,264,6,0.001336 245,249,260,263,6,0.001170
/home/dysjin/data/CARLA.v20-carla_v20.coco/valid/Town02_006960_png.rf.eedfb90c1deb0d66a31341acd2e08f4f.jpg 583,192,638,245,6,0.259203 2,180,31,212,6,0.173638 0,161,19,210,6,0.012468 6,174,28,199,6,0.006496 158,179,169,207,0,0.004383 152,177,173,236,0,0.004002 83,177,104,191,6,0.002844 95,178,115,192,6,0.002579 192,176,214,194,6,0.002567 156,173,172,197,6,0.002443 181,176,204,192,6,0.001564 45,176,67,192,6,0.001334 150,181,163,206,0,0.001327 204,176,222,193,6,0.001311 0,140,14,207,6,0.001232 0,180,21,227,6,0.001188 6,168,57,206,6,0.001037 0,140,33,219,6,0.001006
/home/dysjin/data/CARLA.v20-carla_v20.coco/valid/Town05_010860_png.rf.f31c0584fff1474ad2b0f4132e874f7d.jpg 310,186,332,255,1,0.648452 1,182,58,216,6,0.552731 311,179,331,244,0,0.352946 317,185,329,209,0,0.016496 246,187,260,202,6,0.008125 232,187,252,201,6,0.007758 345,184,358,200,6,0.007521 318,178,332,198,6,0.006557 367,183,382,201,6,0.006122 310,184,322,209,0,0.005702 269,185,287,201,6,0.005616 356,183,369,201,0,0.004755 282,186,298,201,6,0.004218 257,185,271,202,6,0.004093 18,196,46,217,6,0.004041 296,184,310,200,6,0.003797 311,180,334,220,6,0.003750 0,166,42,238,6,0.003588 331,179,346,195,6,0.003320 308,180,320,197,6,0.002238 219,187,239,202,6,0.002061 207,187,226,203,6,0.001734 0,168,16,224,6,0.001684 355,180,367,195,6,0.001672 7,196,33,218,6,0.001464 396,176,405,196,3,0.001429 31,188,51,210,6,0.001419 381,183,395,200,0,0.001242
/home/dysjin/data/CARLA.v20-carla_v20.coco/valid/Town05_004800_png.rf.ee7c080c8716cb366969ca625bb6d68b.jpg 217,182,270,205,6,0.790060 249,185,271,207,6,0.234776 351,182,367,201,6,0.219554 218,186,240,207,6,0.068147 183,185,200,201,6,0.043450 583,165,634,203,6,0.025648 209,186,228,204,6,0.014793 192,183,213,202,6,0.011679 0,167,41,203,6,0.009421 534,162,588,206,6,0.009008 317,181,333,194,6,0.002448 240,178,265,199,6,0.002448 172,185,190,202,6,0.001689 230,192,272,212,6,0.001560 334,184,350,200,6,0.001525 364,182,379,200,6,0.001496 227,179,252,198,6,0.001197 625,156,639,216,6,0.001147 382,175,393,195,3,0.001032 266,184,278,203,6,0.001027
/home/dysjin/data/CARLA.v20-carla_v20.coco/valid/Town05_009840_png.rf.f5040ce45ecca2822cb3b1b4ea8a6f61.jpg 293,190,362,251,6,0.906326 271,186,285,201,6,0.016788 329,188,350,207,6,0.011478 281,184,294,201,6,0.010505 316,186,335,207,6,0.007854 343,187,356,206,6,0.006570 247,186,262,200,6,0.005373 258,186,273,201,6,0.004865 307,186,320,205,6,0.003974 405,181,420,195,6,0.003312 294,185,308,202,6,0.002927 356,187,367,204,0,0.002374 347,193,372,254,0,0.002117 0,154,15,211,6,0.001545 233,186,251,200,6,0.001461 429,176,441,196,3,0.001309 9,173,26,196,6,0.001097
/home/dysjin/data/CARLA.v20-carla_v20.coco/valid/041861_png.rf.f5f3812ca6c536c5c25bea3d596be111.jpg 301,245,318,296,0,0.611850 395,191,428,233,3,0.420718 106,258,215,306,6,0.399418 214,233,236,289,0,0.083551 306,248,318,294,1,0.040108 394,208,414,234,3,0.021133 141,273,197,309,6,0.016566 329,240,349,258,6,0.011032 197,237,233,282,6,0.008599 403,219,422,244,3,0.008483 280,230,296,247,6,0.006876 342,239,358,256,6,0.006784 268,231,288,246,6,0.005801 555,244,640,311,6,0.004265 404,231,420,255,3,0.004215 317,237,335,258,6,0.003908 221,236,235,260,0,0.003893 207,223,223,243,3,0.003615 356,236,367,258,4,0.003486 305,237,319,261,6,0.003207 382,243,392,271,2,0.003025 292,230,306,246,6,0.002970 368,237,382,257,3,0.002291 167,233,244,291,6,0.001772 503,180,555,270,3,0.001685 99,274,163,313,6,0.001588 218,226,233,246,3,0.001255 209,213,221,235,3,0.001247 295,234,308,253,0,0.001194 258,236,277,249,6,0.001157 198,221,211,245,3,0.001134 394,198,415,225,4,0.001016 382,233,393,259,4,0.001005
/home/dysjin/data/CARLA.v20-carla_v20.coco/valid/Town02_003120_png.rf.f36fecf8d2ee4965c1f3bddaaaad5f33.jpg 414,189,487,223,6,0.409792 611,187,637,227,6,0.009379 622,200,640,266,0,0.008838 199,193,258,218,6,0.003996 552,170,640,227,6,0.002356 522,186,550,226,6,0.001390 536,194,557,244,0,0.001317 624,184,638,212,6,0.001270 558,179,610,216,6,0.001175 513,194,533,219,6,0.001147
/home/dysjin/data/CARLA.v20-carla_v20.coco/valid/003755_png.rf.f6343810071c5f5401b5697ef363285d.jpg 407,210,435,244,3,0.377067 408,214,436,239,4,0.204370 304,240,327,254,6,0.121582 328,239,348,253,6,0.003691 295,238,315,254,6,0.003612
/home/dysjin/data/CARLA.v20-carla_v20.coco/valid/Town01_003300_png.rf.fae28071a74fa02928094ff14cdbb3aa.jpg 278,200,365,269,6,0.983070 14,189,73,230,6,0.034215 367,191,385,208,6,0.024007 0,185,44,229,6,0.022935 380,195,394,216,0,0.017954 203,195,220,212,6,0.016813 280,191,296,209,6,0.008969 165,188,219,211,6,0.007829 269,191,285,209,6,0.007658 377,189,394,210,6,0.006822 318,192,337,207,6,0.006170 257,190,273,207,6,0.004577 358,189,374,206,6,0.004552 330,191,345,207,6,0.004294 511,181,559,212,6,0.004073 306,192,324,206,6,0.003949 293,191,307,208,6,0.003651 389,195,406,214,6,0.003501 275,189,302,225,6,0.003250 54,189,78,229,0,0.002852 549,187,597,231,6,0.002260 297,193,351,244,6,0.001641 245,190,262,207,6,0.001605 192,192,216,210,6,0.001579 33,180,77,216,6,0.001509 523,186,544,207,6,0.001227 585,200,634,238,6,0.001133 537,201,584,241,6,0.001052 344,190,357,205,6,0.001049 562,180,609,210,6,0.001023
/home/dysjin/data/CARLA.v20-carla_v20.coco/valid/138255_png.rf.fbf65e3e930393318a8312fdaefcae24.jpg 55,229,80,289,2,0.676902 182,222,202,270,2,0.097516 555,264,616,303,6,0.044276 60,214,95,298,2,0.042189 94,230,114,285,2,0.019238 81,227,105,287,2,0.007945 47,237,72,299,2,0.006094 195,228,205,262,2,0.004787 185,239,197,269,2,0.002653 72,235,82,277,2,0.002520 61,247,75,289,2,0.002445 172,220,192,271,2,0.001904 579,273,636,315,6,0.001766 625,260,640,331,6,0.001568 98,231,111,266,2,0.001485 87,239,100,274,2,0.001273 18,202,63,309,2,0.001020
/home/dysjin/data/CARLA.v20-carla_v20.coco/valid/005373_png.rf.f68e0e113c5193c933cbee38c6a6bc2d.jpg 158,227,176,270,2,0.169189 166,224,183,272,2,0.108501 380,235,441,261,6,0.089826 316,236,365,255,6,0.063060 146,226,165,271,2,0.055066 462,183,508,228,3,0.033648 0,220,17,296,2,0.030605 308,240,326,256,6,0.026470 6,225,29,291,2,0.014174 136,224,155,272,2,0.009364 33,217,54,278,2,0.004491 311,244,322,263,0,0.003458 107,223,127,272,2,0.003233 19,224,43,288,2,0.002909 43,227,65,287,2,0.002685 386,238,411,259,6,0.001814 68,229,118,267,6,0.001571 0,219,28,321,2,0.001213 269,241,287,252,6,0.001139 281,240,297,252,6,0.001107 3,239,14,277,2,0.001018
/home/dysjin/data/CARLA.v20-carla_v20.coco/valid/001630_png.rf.ff5ced110f03f998a7a6998ddf647fd2.jpg 409,208,437,243,3,0.887908 37,228,102,259,6,0.029664 408,211,427,237,4,0.028316 0,231,66,261,6,0.021505 0,210,92,258,6,0.004475 280,240,299,254,6,0.004388 353,239,369,261,6,0.003631 304,241,324,253,6,0.002865 292,240,309,254,6,0.002310 270,239,287,254,6,0.001840 422,208,441,238,4,0.001821 423,217,440,245,3,0.001537
/home/dysjin/data/CARLA.v20-carla_v20.coco/valid/006662_png.rf.fa42143249c7b6a780238796639341d3.jpg 527,195,574,264,3,0.023743 588,238,630,425,2,0.018944 474,238,500,305,2,0.017208 0,185,25,319,2,0.010211 437,220,457,273,2,0.005166 1,196,14,297,2,0.004336 270,231,282,262,0,0.002225 0,168,27,295,2,0.001898 423,202,451,238,3,0.001584
/home/dysjin/data/CARLA.v20-carla_v20.coco/valid/Town05_004860_png.rf.f5c138159cbce172c63fa9a736f9c655.jpg 217,183,269,205,6,0.764659 249,185,271,207,6,0.279043 352,182,366,201,6,0.156687 217,187,240,207,6,0.045855 183,185,199,201,6,0.035984 583,165,634,202,6,0.018335 208,186,229,205,6,0.015187 192,184,213,203,6,0.009070 0,167,41,203,6,0.005102 344,179,360,198,6,0.004839 534,162,588,206,6,0.004285 240,178,264,199,6,0.003005 317,181,334,194,6,0.002667 333,184,350,200,6,0.002085 172,185,190,202,6,0.001842 365,182,379,201,6,0.001337 228,180,252,198,6,0.001282 230,192,272,212,6,0.001252
/home/dysjin/data/CARLA.v20-carla_v20.coco/valid/Town01_008460_png.rf.03f3160d63f090b29499596ec3c8c4b5.jpg 38,195,144,246,6,0.552953 535,191,587,227,6,0.073685 530,174,628,225,6,0.049651 532,182,637,330,6,0.026506 578,188,640,223,6,0.020689 2,135,159,262,6,0.013643 557,142,635,214,6,0.010702 60,185,122,231,6,0.009563 0,195,90,258,6,0.006522 187,196,246,221,6,0.006386 598,186,620,207,6,0.004999 608,178,637,217,6,0.003582 624,170,639,224,6,0.003373 83,212,147,248,6,0.003348 416,201,431,217,3,0.002002 587,186,607,206,6,0.001824 371,199,384,218,6,0.001754 391,203,409,219,6,0.001721 268,191,287,204,6,0.001416 344,192,358,204,6,0.001411 559,199,585,223,6,0.001222 377,202,396,219,6,0.001060 553,146,607,216,3,0.001039 589,165,630,206,6,0.001038
/home/dysjin/data/CARLA.v20-carla_v20.coco/valid/005508_png.rf.0ab3da1b4970047c9b42e5bbe5d4e6f1.jpg 32,224,59,290,2,0.629300 96,212,127,307,2,0.524616 0,204,38,299,2,0.120683 40,213,63,280,2,0.083617 36,210,76,306,2,0.018038 72,209,110,308,2,0.013978 459,273,483,342,2,0.012552 472,240,527,275,6,0.008961 443,220,481,348,2,0.007836 0,238,41,282,6,0.007564 0,205,13,285,2,0.007216 95,214,116,283,2,0.005819 11,186,56,290,2,0.005199 39,241,53,276,2,0.005037 54,211,78,278,2,0.003434 38,232,52,265,2,0.002558 1,225,73,288,6,0.002498 21,215,45,279,2,0.002442 0,219,16,292,2,0.001982 109,237,121,276,2,0.001754 47,227,58,265,2,0.001646 17,214,59,318,2,0.001508 46,233,57,278,2,0.001453 105,242,127,319,2,0.001079
/home/dysjin/data/CARLA.v20-carla_v20.coco/valid/Town01_006180_png.rf.089d25ecaf49fe28c7f3bf0c3614732b.jpg 313,193,324,216,0,0.159909 393,172,407,190,3,0.043481 26,204,89,233,6,0.008607 402,172,416,193,3,0.008215 0,205,17,255,6,0.007673 0,206,65,236,6,0.004072 298,189,313,204,6,0.003803 317,179,328,197,6,0.002644 382,177,397,191,6,0.002624 309,181,320,196,6,0.002601 258,192,271,204,6,0.002232 412,184,504,223,6,0.002170 5,219,26,242,6,0.002029 3,203,32,241,6,0.001987 245,193,263,205,6,0.001454 384,164,397,183,4,0.001402 284,190,298,201,6,0.001266 371,179,384,194,6,0.001112 329,181,341,206,6,0.001088
/home/dysjin/data/CARLA.v20-carla_v20.coco/valid/Town02_008340_png.rf.044a76656e2e2fe428cd425926d9acbe.jpg 153,192,244,245,6,0.602449 248,185,257,206,0,0.020541 258,184,272,201,6,0.020538 556,193,615,221,6,0.015353 269,186,283,204,6,0.013740 236,183,248,206,0,0.005770 402,180,429,216,6,0.005401 279,189,297,206,6,0.003915 228,183,253,231,0,0.002552 234,192,247,222,0,0.002254 554,174,640,237,6,0.002037 249,178,259,195,3,0.001758 290,191,311,209,6,0.001630 271,194,334,217,6,0.001361 585,178,633,218,6,0.001134 598,196,619,217,6,0.001100
/home/dysjin/data/CARLA.v20-carla_v20.coco/valid/075710_png.rf.0b62bb94157d1f2113ac6bbefe158022.jpg 308,240,345,273,6,0.900122 24,236,197,359,6,0.512995 164,240,244,301,6,0.473311 217,241,266,279,6,0.172836 6,215,163,442,6,0.041247 557,233,639,430,6,0.039293 13,37,157,446,6,0.030209 255,245,268,272,0,0.022988 0,249,70,449,1,0.021724 243,247,265,273,6,0.021623 78,248,188,319,6,0.020065 0,278,67,462,6,0.018636 257,240,270,259,6,0.015198 244,240,264,258,6,0.012752 218,240,237,259,6,0.011655 365,259,384,276,6,0.008196 0,223,68,433,6,0.007967 193,240,213,258,6,0.007469 495,254,548,287,6,0.007097 213,246,246,292,6,0.006841 230,248,252,273,6,0.005264 133,252,230,330,6,0.005176 162,244,221,279,6,0.005101 205,240,226,257,6,0.004971 229,240,251,260,6,0.004941 218,248,240,271,6,0.004476 230,258,254,282,6,0.003936 0,318,44,428,6,0.003685 133,367,311,480,6,0.002922 283,239,299,253,6,0.002751 135,249,184,340,1,0.002484 249,246,272,288,0,0.002395 0,219,81,288,6,0.002339 181,239,201,258,6,0.002330 180,236,226,263,6,0.001656 231,235,270,263,6,0.001643 549,234,570,308,2,0.001572 140,249,195,295,6,0.001485 311,244,325,270,6,0.001400 553,244,640,311,6,0.001332 164,270,226,310,6,0.001314 539,226,559,295,2,0.001154 270,240,281,256,6,0.001064 206,234,249,266,6,0.001042
/home/dysjin/data/CARLA.v20-carla_v20.coco/valid/041689_png.rf.0d648fbd58416a80b414e4503d51c42e.jpg 307,235,335,309,0,0.434155 501,229,519,290,2,0.002448 409,208,420,235,3,0.001672
/home/dysjin/data/CARLA.v20-carla_v20.coco/valid/003751_png.rf.0ff9ef7c8c8e4f5eab52437609a3b501.jpg 397,210,420,243,3,0.363384 312,236,335,253,6,0.135787 396,213,415,238,4,0.020162 326,236,347,252,6,0.012315 305,229,325,248,6,0.001871 299,236,314,254,6,0.001777 396,193,424,236,4,0.001278
/home/dysjin/data/CARLA.v20-carla_v20.coco/valid/Town02_008820_png.rf.135414697b8215dc125af6b125d3058c.jpg 269,200,368,348,6,0.946919 0,190,21,249,6,0.035897 494,180,553,210,6,0.027973 379,189,421,223,6,0.019142 415,196,436,217,6,0.012473 1,183,28,240,0,0.009932 401,197,423,218,6,0.009580 429,196,442,220,0,0.007766 377,187,395,210,6,0.007516 231,192,249,207,6,0.006866 244,191,260,205,6,0.005333 320,187,336,199,6,0.005310 0,193,27,245,1,0.004861 0,160,15,236,6,0.004435 0,156,26,253,2,0.004110 551,192,620,222,6,0.004100 333,186,347,200,6,0.003782 388,188,409,208,6,0.003604 402,188,421,207,6,0.003488 372,187,384,209,6,0.002990 307,187,323,200,6,0.002842 258,189,272,202,6,0.002708 344,187,356,204,6,0.002454 220,191,237,209,6,0.001796 404,204,418,230,0,0.001673 282,188,298,200,6,0.001669 295,187,311,199,6,0.001636 519,179,575,214,6,0.001604 430,173,442,196,3,0.001355 388,197,418,238,0,0.001353 403,181,445,215,6,0.001305 416,187,433,207,6,0.001154 271,188,284,201,6,0.001114 434,185,487,209,6,0.001090 393,176,406,196,3,0.001083
/home/dysjin/data/CARLA.v20-carla_v20.coco/valid/006664_png.rf.1466f666c872e94bac27eba56bbdfb5b.jpg 478,234,518,323,2,0.041055 545,196,592,266,3,0.008352 476,243,498,297,2,0.005819 438,218,456,278,2,0.005358 267,232,282,261,0,0.004944 498,242,521,305,2,0.001187 448,214,471,279,2,0.001053 443,226,452,266,2,0.001008 261,232,274,259,0,0.001007
/home/dysjin/data/CARLA.v20-carla_v20.coco/valid/014570_png.rf.1235b2ca71c181a49fda1bb53eaa19cd.jpg 437,228,454,288,2,0.620994 302,242,329,259,6,0.395852 72,235,136,261,6,0.378621 16,230,44,285,2,0.025708 118,226,141,269,2,0.022641 0,208,37,300,2,0.016425 464,228,487,294,2,0.014577 43,230,66,287,2,0.014555 29,229,56,286,2,0.012859 128,223,148,275,2,0.011784 134,236,144,274,2,0.007133 1,224,16,293,2,0.007062 108,235,126,263,2,0.004822 50,241,115,267,6,0.004280 298,245,314,264,6,0.002904 92,239,121,259,6,0.002857 0,208,14,288,2,0.002299 518,224,553,330,2,0.001715 0,222,73,281,6,0.001388 283,249,302,263,6,0.001207 446,227,468,282,2,0.001143 48,240,61,276,2,0.001090
/home/dysjin/data/CARLA.v20-carla_v20.coco/valid/112550_png.rf.1ca2fa82e03653536df85cf5faf5753c.jpg 518,224,551,332,2,0.710372 532,239,553,302,2,0.009284 585,232,634,259,6,0.008575 525,218,545,280,2,0.008401 40,258,94,281,6,0.005236 550,205,640,262,6,0.004862 157,231,174,284,2,0.003904 216,250,242,264,6,0.003774 228,250,253,264,6,0.002624 531,249,544,289,2,0.002134 244,248,260,262,6,0.001236 380,211,398,234,4,0.001066
/home/dysjin/data/CARLA.v20-carla_v20.coco/valid/Town02_000780_png.rf.16d5987bcdc7d08470c1b3e757e128e5.jpg 300,190,344,327,1,0.989620 281,184,297,200,6,0.111025 38,177,98,214,6,0.070856 286,167,351,311,0,0.016327 328,184,349,204,6,0.007244 319,183,334,206,6,0.003413 608,185,638,230,6,0.003407 605,193,635,246,0,0.003104 290,181,304,202,6,0.002800 625,170,640,225,6,0.002634 64,176,118,214,6,0.002607 271,186,291,203,6,0.002339 0,173,15,243,6,0.001095 343,185,357,203,0,0.001063
/home/dysjin/data/CARLA.v20-carla_v20.coco/valid/Town02_001500_png.rf.1e8a22666698f8954863a9939bc59942.jpg 180,181,221,217,6,0.157566 0,167,14,224,6,0.007341 183,194,205,215,6,0.004424 551,189,640,264,6,0.004165 0,180,38,219,6,0.002339 0,190,16,220,6,0.001343 153,192,214,215,6,0.001188 393,173,405,195,3,0.001064
/home/dysjin/data/CARLA.v20-carla_v20.coco/valid/Town05_004620_png.rf.0e4a190ca586e0e90df6b90be2c83f5b.jpg 395,181,454,205,6,0.419291 282,185,296,198,6,0.109144 343,180,357,197,6,0.061155 588,174,631,202,6,0.040597 221,184,235,199,6,0.019556 392,185,411,204,6,0.011809 271,185,288,199,6,0.008986 333,182,348,195,6,0.004047 611,185,633,205,6,0.004017 292,185,304,198,6,0.003160 353,179,365,197,6,0.002618 587,185,609,203,6,0.002617 625,181,638,209,6,0.002509 423,184,448,203,6,0.002214 625,172,638,201,3,0.001918 563,172,640,238,6,0.001877 322,182,335,195,6,0.001827 625,184,640,260,2,0.001613 391,178,406,195,6,0.001604 259,185,275,200,6,0.001369 382,179,393,194,3,0.001316 383,185,396,201,6,0.001243 308,186,321,198,6,0.001219 401,178,422,197,6,0.001050 210,184,226,201,6,0.001001
/home/dysjin/data/CARLA.v20-carla_v20.coco/valid/006578_png.rf.21f08e8ed63ab67b3ef05528af8ef9e6.jpg 262,229,291,258,6,0.893218 369,220,383,240,3,0.794727 363,220,374,240,4,0.013144 439,205,465,241,3,0.012360 375,214,389,236,3,0.005356 332,239,345,256,6,0.002794 482,218,496,245,3,0.002673 420,221,432,245,3,0.002032 483,173,526,240,3,0.001309
/home/dysjin/data/CARLA.v20-carla_v20.coco/valid/Town01_004320_png.rf.1f6552094735eb0bd49b614b7e584c58.jpg 275,190,371,280,6,0.897248 256,182,270,200,6,0.016372 0,178,17,241,6,0.010066 305,178,320,196,6,0.007102 217,177,238,198,6,0.006343 246,183,263,200,6,0.006334 250,171,274,203,6,0.003212 296,177,309,196,6,0.002792 230,183,251,201,6,0.002272 2,187,29,233,0,0.001825 0,164,14,230,6,0.001807 2,197,27,243,1,0.001340 369,159,379,184,3,0.001146
/home/dysjin/data/CARLA.v20-carla_v20.coco/valid/Town02_006720_png.rf.2632fd4f3d65ff215e84d472badfd870.jpg 562,171,640,233,6,0.209933 270,193,288,209,6,0.150841 481,181,544,216,6,0.047384 386,187,441,213,6,0.040875 344,190,358,209,6,0.020886 344,196,358,212,0,0.008779 510,112,556,196,3,0.003982 0,146,15,199,3,0.003393 292,191,307,204,6,0.003315 444,194,457,220,0,0.003294 260,192,276,209,6,0.003240 536,148,625,219,6,0.003069 459,190,513,223,6,0.003058 0,157,15,233,6,0.003017 0,151,15,215,3,0.002430 442,173,454,197,3,0.002163 439,195,462,244,0,0.002119 524,144,577,214,3,0.001893 593,178,630,221,6,0.001864 0,170,16,246,6,0.001796 0,155,26,250,2,0.001774 369,162,381,184,3,0.001770 441,185,455,209,3,0.001688 584,198,636,235,6,0.001655 564,171,580,194,3,0.001562 398,197,429,214,6,0.001281 353,190,366,209,6,0.001120 307,190,321,200,6,0.001079 559,173,588,218,3,0.001050 0,173,26,271,2,0.001040 491,206,507,231,0,0.001025 335,190,348,205,6,0.001014
/home/dysjin/data/CARLA.v20-carla_v20.coco/valid/Town05_006900_png.rf.2eaa1f5f6de8c6bffcd968f78f2f53b4.jpg 235,186,260,232,0,0.545813 10,255,210,380,6,0.011872 367,184,385,207,6,0.007302 244,184,259,214,0,0.005349 299,251,349,364,6,0.002851 319,186,339,202,6,0.001236 292,186,309,203,6,0.001192 629,176,640,267,0,0.001003
/home/dysjin/data/CARLA.v20-carla_v20.coco/valid/005482_png.rf.1eef94cb1d26525ab4b64d28fc9be58d.jpg 0,210,34,334,2,0.633561 9,208,54,303,2,0.207915 459,273,482,342,2,0.018533 43,224,65,290,2,0.017496 3,221,32,294,2,0.017438 471,240,529,275,6,0.016199 10,234,53,279,6,0.011850 0,206,18,307,2,0.011243 0,232,31,354,2,0.008964 444,223,481,347,2,0.008772 0,237,19,324,2,0.006836 1,200,15,290,2,0.003764 0,182,51,322,2,0.002076 1,186,34,291,2,0.001848 56,213,78,273,2,0.001694 70,220,91,267,2,0.001651 339,251,365,264,6,0.001473 45,201,66,272,2,0.001133
/home/dysjin/data/CARLA.v20-carla_v20.coco/valid/138251_png.rf.2622df013f55b1f57387212b95c87241.jpg 79,231,101,283,2,0.360529 192,222,211,270,2,0.170218 518,254,627,307,6,0.024410 207,229,218,261,2,0.022728 71,235,94,300,2,0.018019 0,203,27,310,2,0.011095 189,229,200,264,2,0.010521 92,229,117,282,2,0.008931 107,231,126,282,2,0.007263 78,240,90,275,2,0.007144 6,228,29,293,2,0.006677 71,219,93,277,2,0.005526 530,264,586,302,6,0.005107 219,230,231,259,2,0.003434 185,227,203,282,2,0.002334 0,233,18,303,2,0.002181 98,239,112,272,2,0.001887 204,212,225,263,2,0.001562 83,233,96,262,2,0.001253 196,236,206,271,2,0.001236 190,238,199,271,2,0.001140 85,247,96,286,2,0.001102
/home/dysjin/data/CARLA.v20-carla_v20.coco/valid/007070_png.rf.2316a0a54db7e4a749f421570aadd160.jpg 385,219,398,240,5,0.028796 388,218,403,243,4,0.005049 611,203,640,341,2,0.003154 380,207,405,240,5,0.002931 589,188,628,317,2,0.002703 0,216,14,300,2,0.002317 0,197,28,306,2,0.001747 0,202,12,290,2,0.001087
/home/dysjin/data/CARLA.v20-carla_v20.coco/valid/Town05_010920_png.rf.2325292b5e147dc41c10fe128f6256f9.jpg 301,182,341,305,1,0.727036 301,173,341,300,0,0.560866 271,180,385,289,6,0.007637 584,166,636,201,6,0.006816 316,174,335,194,6,0.002675 296,176,310,190,6,0.001443 355,175,372,195,6,0.001241 283,176,298,192,6,0.001093
/home/dysjin/data/CARLA.v20-carla_v20.coco/valid/Town01_006420_png.rf.2b897cd6227874bc930ae1c7e17e3b3b.jpg 309,190,323,208,6,0.288930 357,173,369,189,3,0.049715 368,173,380,191,3,0.031725 0,194,17,247,6,0.021102 315,194,327,213,0,0.017289 297,191,313,205,6,0.012116 348,173,357,191,3,0.011893 270,191,285,204,6,0.008402 2,204,29,240,6,0.007004 0,215,18,243,6,0.005373 0,175,25,273,2,0.004746 0,158,28,255,2,0.004387 282,190,295,203,6,0.003325 0,174,14,247,6,0.003118 256,193,275,206,6,0.003078 379,172,391,194,3,0.002887 243,193,262,207,6,0.002775 232,192,249,207,6,0.001162 329,194,343,213,6,0.001052
/home/dysjin/data/CARLA.v20-carla_v20.coco/valid/Town05_006780_png.rf.253c814d6e368b92a888141244ca1a16.jpg 166,183,214,264,0,0.330789 175,187,211,256,6,0.107637 243,187,259,204,6,0.043218 166,172,214,256,1,0.038379 186,179,212,243,0,0.030136 320,188,332,204,0,0.012025 310,188,323,201,6,0.005622 254,186,271,202,6,0.004691 368,178,379,195,3,0.003703 194,185,209,209,6,0.003605 369,185,380,202,0,0.003249 221,187,239,202,6,0.002570 245,192,256,214,0,0.002482 296,188,308,202,6,0.002348 270,188,287,201,6,0.002185 331,187,343,205,6,0.001848 158,183,238,265,6,0.001848 359,186,371,200,0,0.001847 346,186,358,201,6,0.001653 207,185,221,204,6,0.001492 284,188,296,203,6,0.001332 185,185,201,208,6,0.001098
/home/dysjin/data/CARLA.v20-carla_v20.coco/valid/Town01_008280_png.rf.2f69ce357d9638b109b359e31c238ab4.jpg 437,203,490,238,6,0.440482 292,197,307,212,6,0.158542 524,218,630,280,6,0.120562 191,190,208,218,1,0.049792 381,199,392,221,2,0.036707 190,179,213,214,0,0.027906 0,180,62,218,6,0.020872 283,194,299,209,6,0.018943 49,180,115,210,6,0.016796 302,198,320,211,6,0.015979 318,199,333,211,6,0.012697 183,185,201,209,1,0.010179 219,188,236,204,6,0.006588 204,186,221,208,6,0.006079 135,184,196,203,6,0.005759 373,198,385,219,2,0.005321 186,192,201,217,0,0.005143 382,189,391,207,3,0.002886 244,190,264,203,6,0.002844 388,202,405,218,6,0.002784 259,190,273,204,6,0.002720 185,180,219,213,6,0.002273 230,188,249,203,6,0.002163 373,189,383,205,3,0.002102 565,203,629,236,6,0.002006 272,192,283,207,6,0.001935 382,177,391,197,3,0.001795 521,211,572,251,6,0.001788 404,203,420,218,6,0.001658 627,208,640,285,0,0.001365 360,196,369,219,2,0.001346 502,199,521,220,6,0.001297 450,211,476,234,6,0.001128 332,199,346,211,6,0.001111 116,171,139,222,2,0.001082 625,191,640,252,6,0.001025
/home/dysjin/data/CARLA.v20-carla_v20.coco/valid/Town01_005100_png.rf.262bb9c3104b14f5fb633de3dafd0a52.jpg 605,208,635,258,6,0.039189 572,179,599,217,6,0.022760 3,196,59,219,6,0.010655 69,201,94,217,6,0.009583 82,201,102,218,6,0.007580 609,182,637,235,6,0.006646 588,177,634,218,6,0.006158 303,183,351,217,6,0.005350 622,191,640,255,6,0.004540 326,194,346,215,6,0.002900 562,171,640,240,6,0.002852 584,187,635,271,6,0.002661 57,200,80,217,6,0.002614 44,200,67,217,6,0.002331 31,201,57,217,6,0.002068 0,193,15,220,6,0.001753 6,199,30,218,6,0.001729 598,206,628,256,1,0.001482 135,197,149,214,6,0.001461 95,201,110,218,6,0.001380 18,200,45,216,6,0.001144 337,194,358,216,6,0.001127 42,197,97,219,6,0.001036 581,187,608,227,0,0.001000
/home/dysjin/data/CARLA.v20-carla_v20.coco/valid/Town01_011940_png.rf.2554f5ab3ce2122d2ef300838472450f.jpg 201,187,260,228,6,0.401079 561,193,607,226,6,0.085008 577,190,640,229,6,0.021599 4,197,56,241,6,0.011516 333,190,347,206,6,0.006713 304,191,325,206,6,0.005985 538,168,626,234,6,0.003746 159,172,176,197,3,0.002992 270,189,282,205,6,0.002838 250,188,277,228,0,0.002595 319,191,335,206,6,0.002324 607,197,640,243,6,0.001930 256,188,274,209,6,0.001900 340,188,354,207,6,0.001810 562,197,583,220,6,0.001565 282,188,297,202,6,0.001419 601,177,640,220,6,0.001367 584,198,604,220,6,0.001309 307,195,321,213,0,0.001266 626,167,640,229,6,0.001247 294,190,312,204,6,0.001218 549,181,596,218,6,0.001021 155,182,180,236,2,0.001014
/home/dysjin/data/CARLA.v20-carla_v20.coco/valid/041684_png.rf.2f70db5ab75442cd11fffa13a776ae97.jpg 300,241,336,321,0,0.426819 306,232,327,292,0,0.001649
/home/dysjin/data/CARLA.v20-carla_v20.coco/valid/Town05_010980_png.rf.2071755951cd753466eb2cc53fd2fe0c.jpg 299,173,337,309,0,0.735186 304,177,338,291,1,0.599090 585,178,638,209,6,0.027143 0,212,165,374,6,0.009832 362,181,413,207,6,0.005497 255,185,276,202,6,0.005150 267,184,285,199,6,0.003235 0,315,117,380,6,0.002063 261,178,350,286,0,0.001963 365,183,383,205,6,0.001556 318,175,334,193,6,0.001469 243,186,263,203,6,0.001200 374,185,397,205,6,0.001111
/home/dysjin/data/CARLA.v20-carla_v20.coco/valid/112459_png.rf.33bdc5bd58f0f631808a95c4ceb9a78f.jpg 291,227,313,295,2,0.939969 38,258,97,280,6,0.006428 587,234,633,259,6,0.003232 216,251,242,264,6,0.003069 296,236,307,265,2,0.001413 304,231,313,282,2,0.001088
/home/dysjin/data/CARLA.v20-carla_v20.coco/valid/041653_png.rf.31aa86a50239c7e6cbc52c66846dac06.jpg 304,240,331,304,0,0.454220 32,234,51,312,2,0.017214 10,221,28,246,3,0.008628 9,225,50,322,2,0.006517 0,209,37,309,6,0.003861 0,229,38,263,6,0.003379 154,218,200,254,6,0.002741 12,217,43,251,3,0.002725 252,235,273,252,6,0.002635 11,211,29,236,3,0.002195 0,218,17,272,6,0.001982 7,235,28,257,6,0.001597 1,241,15,269,6,0.001426 303,228,339,352,0,0.001117 18,212,38,236,4,0.001103
/home/dysjin/data/CARLA.v20-carla_v20.coco/valid/041819_png.rf.374472e0a0868df264a4100cb7734e35.jpg 22,231,68,263,6,0.781038 107,247,130,296,1,0.674831 201,201,226,235,3,0.030124 105,231,134,305,0,0.010736 172,222,184,246,3,0.010497 22,243,41,265,6,0.006768 27,244,56,264,6,0.003425 5,218,59,257,6,0.002296 368,221,381,246,3,0.002097 111,225,138,299,6,0.002033 163,223,175,246,4,0.001451 173,211,185,236,3,0.001346 43,245,68,263,6,0.001335 0,229,46,266,6,0.001299
/home/dysjin/data/CARLA.v20-carla_v20.coco/valid/Town05_010800_png.rf.3489607b659edfbc485537135e06f34b.jpg 310,183,332,254,1,0.552069 1,192,124,258,6,0.431666 311,179,332,239,0,0.302963 142,188,168,206,6,0.203385 1,117,153,276,6,0.082707 316,185,329,210,6,0.035515 231,187,250,201,6,0.015537 310,180,334,221,6,0.009192 328,181,343,201,6,0.008372 245,186,259,200,6,0.007714 282,185,298,199,6,0.006637 269,185,286,199,6,0.005685 297,184,311,200,6,0.005387 59,179,143,241,6,0.004874 219,188,240,201,6,0.004367 258,185,271,200,6,0.004232 308,180,319,197,6,0.003674 384,170,393,193,3,0.003382 168,187,185,201,6,0.002973 343,184,356,200,6,0.002822 130,180,162,212,6,0.002713 185,187,200,200,6,0.001633 142,179,166,198,6,0.001419 372,174,383,191,3,0.001186 208,187,225,201,6,0.001141
/home/dysjin/data/CARLA.v20-carla_v20.coco/valid/Town02_001080_png.rf.2d29b90fb99ccf7727caeaa1914436b4.jpg 300,192,343,327,1,0.986121 0,188,80,364,6,0.863460 89,195,243,283,6,0.793787 278,182,297,203,6,0.485081 29,182,79,215,6,0.022788 327,184,347,205,6,0.018109 320,184,334,206,6,0.013566 0,190,155,305,6,0.011915 1,169,80,307,6,0.007395 0,238,158,344,6,0.006840 289,181,305,203,6,0.006313 269,179,287,199,6,0.005311 342,185,357,203,6,0.004443 307,184,323,202,6,0.003417 608,186,638,230,6,0.003167 605,193,635,246,0,0.003058 297,213,362,319,6,0.002919 625,171,640,226,6,0.002804 0,204,273,329,6,0.002572 105,177,216,359,6,0.002201 7,204,96,380,6,0.002175 285,170,350,307,0,0.001880 32,126,239,285,6,0.001637 0,176,15,239,6,0.001610 31,211,86,342,6,0.001411 324,180,351,229,6,0.001380 180,181,234,270,0,0.001347 69,187,88,233,0,0.001282 272,181,324,204,6,0.001276 245,177,261,196,6,0.001103 315,183,338,226,0,0.001003
/home/dysjin/data/CARLA.v20-carla_v20.coco/valid/Town02_005700_png.rf.39e8547ff43ddaa06ed2b24f114c8a27.jpg 253,186,395,326,6,0.968731 487,187,511,201,6,0.032329 281,186,301,202,6,0.010858 456,194,468,221,0,0.004353 513,186,533,206,6,0.001814 155,184,178,233,0,0.001721 499,185,520,203,6,0.001712 465,183,511,206,6,0.001675 306,185,322,202,6,0.001409
/home/dysjin/data/CARLA.v20-carla_v20.coco/valid/Town02_002040_png.rf.3d0fd4b3b3749ac8ebdf480959eb8e66.jpg 291,194,336,319,1,0.937962 0,189,147,303,6,0.483757 268,189,288,211,6,0.183053 303,188,321,211,6,0.094810 267,185,311,214,6,0.057082 103,188,157,224,6,0.026997 275,191,351,310,6,0.018927 292,189,311,210,6,0.017669 393,186,405,207,3,0.013617 126,186,156,229,0,0.011230 78,192,135,221,6,0.011225 277,193,296,213,6,0.010542 79,198,159,237,6,0.010298 401,146,419,172,3,0.008916 0,178,108,380,6,0.007338 0,180,16,261,6,0.006258 396,172,407,198,3,0.005024 329,196,346,217,6,0.003388 52,186,81,230,6,0.003367 294,188,331,222,6,0.003049 0,207,215,309,6,0.002976 0,172,14,247,6,0.002819 315,188,330,208,6,0.002706 76,210,135,255,6,0.002198 331,205,344,233,0,0.001964 396,156,408,184,3,0.001844 57,184,113,285,6,0.001718 131,195,152,221,6,0.001612 62,192,115,300,1,0.001465 332,189,345,206,6,0.001325 54,192,82,248,0,0.001213 260,188,274,208,6,0.001186 269,178,284,196,6,0.001167 327,196,347,245,0,0.001151 117,185,146,228,1,0.001065 144,194,158,222,0,0.001016 306,179,319,196,6,0.001009
/home/dysjin/data/CARLA.v20-carla_v20.coco/valid/075707_png.rf.2ff4a82560cfe658387e361a6cc43ef0.jpg 309,240,346,273,6,0.952850 2,249,173,401,6,0.559618 166,240,244,300,6,0.479431 216,239,266,280,6,0.250803 556,232,640,431,6,0.038598 255,245,268,272,0,0.024765 72,257,190,334,6,0.020214 13,34,155,448,6,0.020076 0,280,66,461,6,0.016435 257,240,270,260,6,0.015019 243,240,265,258,6,0.013209 243,248,265,272,6,0.012707 218,239,237,259,6,0.011800 180,239,201,259,6,0.007019 192,240,213,258,6,0.006744 494,254,548,288,6,0.006482 213,245,245,293,6,0.006267 0,223,80,288,6,0.005797 228,239,253,259,6,0.005697 365,258,382,276,6,0.005529 206,239,225,257,6,0.004807 283,239,300,254,6,0.004774 229,258,253,282,6,0.004362 163,243,219,278,6,0.004316 134,252,230,330,6,0.004163 218,247,239,271,6,0.003897 229,248,253,273,6,0.003875 136,249,184,340,1,0.003096 230,235,271,263,6,0.003054 179,236,226,262,6,0.002758 131,365,314,480,6,0.002504 2,227,72,428,6,0.002130 250,246,272,288,0,0.001825 142,247,192,295,6,0.001701 165,270,224,310,6,0.001697 554,243,640,311,6,0.001650 308,238,322,262,6,0.001620 549,234,570,307,2,0.001475 269,239,282,256,6,0.001405 0,339,42,449,6,0.001321 539,227,559,293,2,0.001225 134,233,181,330,2,0.001131 206,234,250,265,6,0.001121 300,231,370,280,6,0.001005
/home/dysjin/data/CARLA.v20-carla_v20.coco/valid/138320_png.rf.332f3bdf3abffc7dd973858c3061b801.jpg 56,227,80,286,2,0.183310 0,206,26,308,2,0.007546 65,217,86,282,2,0.004527 0,227,13,310,2,0.001587 62,230,75,266,2,0.001544 107,214,127,280,2,0.001463 379,198,397,221,4,0.001114
/home/dysjin/data/CARLA.v20-carla_v20.coco/valid/003766_png.rf.3dbe103da1003d1fb3bd18ad0d0894b4.jpg 466,199,507,242,5,0.360960 465,197,504,245,3,0.298220 463,199,495,245,4,0.200463 304,240,327,254,6,0.125278 283,237,299,253,6,0.001018
/home/dysjin/data/CARLA.v20-carla_v20.coco/valid/121245_png.rf.3c6765f574e34bb200e320d55fc2ffe7.jpg 272,253,361,317,6,0.980196 403,240,419,257,6,0.010382 303,238,327,254,6,0.002972 274,235,301,280,0,0.001796 274,240,360,392,6,0.001746 198,249,213,272,0,0.001529 314,239,338,254,6,0.001186 280,243,296,270,0,0.001013
/home/dysjin/data/CARLA.v20-carla_v20.coco/valid/Town05_011040_png.rf.3f658b3c60547a5478cb61d6b76eb55c.jpg 310,183,325,211,1,0.084590 309,178,327,213,0,0.042248 324,183,381,204,6,0.008735 9,220,222,361,6,0.005892 355,185,375,204,6,0.003360 365,183,380,208,0,0.002666 281,186,298,200,6,0.002227 243,186,261,203,6,0.001765 296,185,312,203,6,0.001583 254,186,276,202,6,0.001329 269,187,289,201,6,0.001248
/home/dysjin/data/CARLA.v20-carla_v20.coco/valid/Town02_004920_png.rf.3cdedb8ebbe317a63567ec577e3789a8.jpg 307,180,329,243,0,0.560292 306,189,331,245,1,0.543844 353,186,374,203,6,0.017554 364,187,384,204,6,0.013870 311,184,323,215,0,0.005825 387,184,439,211,6,0.004508 343,186,362,202,6,0.003823 328,183,346,202,6,0.003672 316,183,329,210,6,0.003421 267,186,287,202,6,0.002728 280,186,296,203,6,0.002641 358,193,371,215,0,0.001675 310,176,333,222,6,0.001521 296,184,311,202,6,0.001394 255,187,278,201,6,0.001281
/home/dysjin/data/CARLA.v20-carla_v20.coco/valid/Town05_002760_png.rf.41faa57cc70298c90c62fe9f6a3f08c9.jpg 356,185,369,199,6,0.019386 333,182,345,195,6,0.015973 345,184,357,198,6,0.006638 366,183,385,200,6,0.005093 323,185,332,198,6,0.003816 269,181,284,194,6,0.002710 256,180,271,195,6,0.002557 295,182,307,194,6,0.002307 381,185,395,200,6,0.002232 309,185,322,197,6,0.001559 285,182,296,194,6,0.001218 284,185,295,199,0,0.001129 245,179,260,196,6,0.001005
/home/dysjin/data/CARLA.v20-carla_v20.coco/valid/Town02_001740_png.rf.4072bb166a4df4f9403df039e28a73f3.jpg 292,187,336,323,1,0.970177 400,146,419,172,3,0.031782 396,171,407,195,3,0.015044 295,174,336,303,6,0.012028 308,186,323,204,6,0.010403 393,184,406,206,3,0.009665 57,179,128,209,6,0.007522 318,186,331,205,6,0.007435 397,156,409,184,3,0.004863 331,186,344,204,6,0.002766 296,186,309,201,6,0.002123 288,180,347,298,0,0.001209 306,193,324,216,6,0.001208 434,168,445,196,3,0.001140 32,179,82,212,6,0.001032
/home/dysjin/data/CARLA.v20-carla_v20.coco/valid/026849_png.rf.52e90800c02b90489d2521817c6942f7.jpg 425,206,453,239,3,0.902874 421,206,437,232,4,0.003565 90,230,142,267,6,0.002356 6,226,51,271,6,0.002087 410,176,438,221,3,0.001366 358,221,368,248,3,0.001218
/home/dysjin/data/CARLA.v20-carla_v20.coco/valid/Town02_001560_png.rf.44c7e46d6d34263ac9f429ccb2cd2655.jpg 77,191,97,226,0,0.388403 80,191,94,226,1,0.168191 72,188,95,224,6,0.157398 59,189,79,208,6,0.117930 68,186,89,211,6,0.055187 48,189,70,205,6,0.016461 0,183,14,205,6,0.010068 8,187,28,203,6,0.007029 558,174,640,244,3,0.005513 47,191,94,216,6,0.004945 82,200,93,230,0,0.004744 35,184,81,208,6,0.004024 561,187,640,259,6,0.003134 57,179,76,198,6,0.002790 9,176,25,196,6,0.002498 0,154,15,212,6,0.001750 106,189,131,205,6,0.001509 35,188,55,205,6,0.001438 94,186,112,207,6,0.001302
/home/dysjin/data/CARLA.v20-carla_v20.coco/valid/Town02_003420_png.rf.4347a7bee8aec9f5c84eb5295856f9a9.jpg 329,191,376,231,6,0.838830 2,190,106,229,6,0.264911 325,187,355,230,1,0.004193 623,202,640,264,0,0.004189 64,188,117,229,6,0.003423 549,172,640,226,6,0.001818 535,193,556,245,0,0.001643 338,207,365,232,6,0.001440 210,197,269,218,6,0.001421
/home/dysjin/data/CARLA.v20-carla_v20.coco/valid/Town01_006060_png.rf.3d76b002da6076434f028293d0c4a498.jpg 303,193,338,276,1,0.302145 156,208,202,231,6,0.121570 309,191,336,258,6,0.089255 421,194,450,227,6,0.061897 155,212,176,233,6,0.041368 179,211,202,229,6,0.030924 192,209,211,226,6,0.019663 305,193,333,286,0,0.014699 269,193,285,204,6,0.012093 233,200,247,213,6,0.010543 0,203,40,241,6,0.006606 220,203,237,218,6,0.006469 308,190,322,208,6,0.003681 281,191,295,203,6,0.003144 206,208,221,224,6,0.003058 308,197,326,220,6,0.002842 417,206,437,228,6,0.002566 388,192,439,223,6,0.001839 32,205,78,233,6,0.001384 259,193,273,205,6,0.001299 295,192,308,203,6,0.001224 317,190,330,209,6,0.001163 245,198,258,211,6,0.001156
/home/dysjin/data/CARLA.v20-carla_v20.coco/valid/Town02_007800_png.rf.4e6520c0e9dd39a93f5048a2caea0283.jpg 321,192,378,230,6,0.245558 510,181,558,212,6,0.118074 352,191,421,228,6,0.095504 270,188,286,200,6,0.027226 623,207,639,262,6,0.026809 387,203,439,232,6,0.008551 283,188,296,200,6,0.008114 604,150,637,252,6,0.007611 520,187,548,206,6,0.007550 327,198,352,223,6,0.006209 259,187,275,201,6,0.005772 507,151,555,210,3,0.004390 613,209,637,258,0,0.004059 295,188,308,202,6,0.003671 318,187,332,210,6,0.003410 326,189,349,210,6,0.003147 410,209,434,230,6,0.002613 308,188,322,205,6,0.002227 489,150,567,209,6,0.002149 611,184,635,232,6,0.002038 172,159,184,184,3,0.001771 4,184,117,224,6,0.001739 0,185,43,233,6,0.001637 532,167,626,230,6,0.001475 464,194,483,246,0,0.001210
/home/dysjin/data/CARLA.v20-carla_v20.coco/valid/Town01_001860_png.rf.53e5db5983ad00d8986ebdc44e1e76ef.jpg 219,190,433,359,6,0.965479 95,185,118,202,6,0.059248 317,185,334,204,6,0.046224 291,185,311,204,6,0.034839 283,186,299,205,6,0.033733 304,186,325,204,6,0.029644 30,179,80,215,6,0.029458 243,185,260,201,6,0.019952 2,177,62,212,6,0.008977 385,242,434,355,1,0.007988 136,183,151,206,0,0.007716 254,185,274,200,6,0.007101 220,178,234,194,6,0.006027 328,185,342,204,6,0.005749 144,181,160,206,0,0.005045 235,184,250,202,6,0.004934 210,178,223,192,6,0.003680 435,190,487,226,6,0.003388 364,187,435,377,0,0.002664 12,158,108,206,6,0.002637 270,185,285,202,6,0.002619 56,185,77,210,6,0.002592 280,182,325,208,6,0.002359 184,176,200,190,6,0.002102 133,175,150,198,6,0.002082 0,155,18,212,6,0.001794 2,166,31,206,6,0.001673 232,179,245,196,6,0.001641 158,180,169,209,0,0.001483 197,177,212,191,6,0.001402
/home/dysjin/data/CARLA.v20-carla_v20.coco/valid/Town01_006120_png.rf.405fede50ad311216cb9943968a5cdf5.jpg 319,194,330,220,0,0.353348 0,221,114,271,6,0.212112 313,194,326,216,6,0.021817 3,219,31,275,6,0.010548 358,185,371,201,6,0.008412 368,164,381,185,3,0.008203 366,177,379,195,3,0.007539 47,213,108,250,6,0.006436 243,193,260,208,6,0.006215 256,193,272,206,6,0.004082 296,191,312,204,6,0.003019 234,193,248,208,6,0.002902 364,183,380,202,6,0.002889 0,209,18,279,6,0.002803 478,147,493,174,3,0.002439 359,178,371,194,4,0.002277 235,198,247,212,0,0.001814 6,221,27,245,6,0.001773 394,176,408,191,6,0.001718 0,205,16,260,6,0.001708 270,192,283,203,6,0.001688 4,202,30,242,6,0.001446 79,215,130,246,6,0.001431 0,191,14,250,6,0.001413 3,216,59,253,6,0.001409 377,165,394,182,3,0.001181 284,191,296,202,6,0.001129
/home/dysjin/data/CARLA.v20-carla_v20.coco/valid/041864_png.rf.51f1d81198f2e5b7a450f586235760ec.jpg 397,188,425,232,3,0.705239 303,242,320,296,1,0.447173 96,255,214,316,6,0.301649 302,234,321,291,0,0.288993 398,206,412,234,3,0.020693 307,235,317,263,0,0.012345 157,234,205,316,1,0.008818 66,268,170,324,6,0.007689 458,155,506,247,3,0.007480 180,240,224,278,6,0.007423 396,218,408,241,3,0.005819 556,183,637,272,6,0.004738 416,199,455,243,3,0.004580 215,229,235,290,0,0.004544 294,230,308,245,6,0.003821 482,148,519,253,3,0.003634 282,231,297,245,6,0.003165 222,234,233,258,0,0.002885 595,227,640,321,6,0.002577 202,235,230,284,6,0.002450 221,224,233,245,3,0.002442 316,235,332,257,6,0.002410 331,239,347,258,6,0.002342 359,221,368,249,4,0.002046 297,234,310,252,0,0.002044 210,211,222,233,3,0.001931 203,243,230,294,1,0.001726 626,248,640,318,2,0.001723 163,233,244,305,6,0.001420 208,222,223,243,3,0.001337 404,217,419,241,3,0.001207 359,233,367,261,2,0.001074 220,212,233,235,3,0.001040 433,217,463,251,3,0.001006
/home/dysjin/data/CARLA.v20-carla_v20.coco/valid/Town01_012060_png.rf.58e57e1a7e8d4f630323ae1827ca68bc.jpg 560,193,607,226,6,0.150860 267,191,283,205,6,0.039767 333,190,347,205,6,0.036851 256,191,275,206,6,0.036811 576,190,640,228,6,0.024480 245,190,261,207,6,0.017053 160,172,177,197,3,0.014771 5,188,56,234,6,0.011356 182,190,223,224,6,0.011150 235,190,250,207,6,0.010533 204,196,223,221,6,0.006306 320,190,336,205,6,0.004957 339,188,354,207,6,0.004564 307,191,324,206,6,0.003818 539,172,626,232,6,0.002683 280,191,294,204,6,0.002579 562,197,584,220,6,0.002561 601,177,640,220,6,0.002232 607,196,640,242,6,0.001960 626,167,640,228,6,0.001401 165,174,183,197,4,0.001352 584,198,604,220,6,0.001195 155,153,180,199,3,0.001183 308,195,322,213,0,0.001073
/home/dysjin/data/CARLA.v20-carla_v20.coco/valid/009044_png.rf.59d4a83882b4b6af242cbd9e0e31ba80.jpg 482,239,517,331,2,0.346882 545,249,640,480,6,0.028353 488,245,514,325,0,0.019410 0,187,14,255,3,0.007288 0,156,31,255,3,0.005901 566,221,582,244,3,0.003082 0,201,26,303,2,0.002240 418,209,431,236,3,0.002052 188,240,243,269,6,0.001555 131,222,152,274,2,0.001403
/home/dysjin/data/CARLA.v20-carla_v20.coco/valid/Town02_002520_png.rf.55f8a7c01a8e4b86c99a794d7b61cd5d.jpg 309,180,396,337,6,0.757024 162,188,220,234,6,0.535819 553,192,640,264,6,0.229673 229,196,298,349,6,0.149173 21,187,93,228,6,0.107106 202,190,370,317,6,0.030854 244,194,305,275,6,0.028653 253,191,302,225,6,0.020498 367,193,380,222,0,0.019540 507,201,610,254,6,0.010091 256,194,271,221,6,0.007677 294,189,309,209,6,0.005627 265,196,286,220,6,0.005228 343,189,362,206,6,0.004600 303,194,319,219,0,0.004398 142,186,196,229,6,0.004338 603,178,637,270,6,0.004048 426,184,442,208,3,0.004034 304,188,319,208,6,0.003690 244,187,262,205,6,0.003035 363,191,385,246,0,0.003014 279,198,302,219,6,0.002920 341,197,363,217,6,0.002751 356,196,373,217,6,0.002503 623,172,640,224,3,0.002270 298,188,323,226,6,0.001858 625,175,640,242,6,0.001660 281,190,302,207,6,0.001660 249,196,277,240,6,0.001630 248,194,261,219,0,0.001516 267,187,284,208,6,0.001466 232,187,254,203,6,0.001355 167,196,197,237,1,0.001310 526,179,635,380,6,0.001053 331,188,348,206,6,0.001027
/home/dysjin/data/CARLA.v20-carla_v20.coco/valid/Town02_008760_png.rf.5bfb07b6a5fbe6700b4b9c150b9c6576.jpg 269,201,368,348,6,0.949545 279,189,293,206,6,0.083297 0,190,21,249,6,0.031373 378,188,422,224,6,0.029701 494,180,553,209,6,0.021885 415,197,436,217,6,0.010531 319,187,336,199,6,0.009167 566,181,630,212,6,0.008575 400,196,424,218,6,0.008246 1,182,29,240,0,0.007231 430,196,442,219,0,0.006309 377,187,395,210,6,0.006091 518,179,576,216,6,0.005482 307,188,324,200,6,0.005008 230,192,247,208,6,0.004997 258,191,276,205,6,0.004812 292,186,307,201,6,0.003972 1,193,27,245,1,0.003739 0,160,15,237,6,0.003638 332,186,347,200,6,0.003476 371,187,385,209,6,0.003448 272,194,284,213,0,0.003429 0,155,27,254,2,0.003379 388,189,410,208,6,0.003331 244,191,260,205,6,0.002981 220,191,237,209,6,0.002555 564,197,629,241,6,0.001867 344,187,356,203,6,0.001806 387,197,418,237,0,0.001452 280,191,292,215,0,0.001403 435,185,486,209,6,0.001395 403,182,445,215,6,0.001362 416,187,433,207,6,0.001228 403,204,419,230,0,0.001164 430,173,442,197,3,0.001159 372,193,384,217,0,0.001069
/home/dysjin/data/CARLA.v20-carla_v20.coco/valid/Town01_008100_png.rf.5942043a53e2ea3c62572bf7029ed896.jpg 280,190,295,206,6,0.126853 391,199,409,212,6,0.076487 344,192,356,206,6,0.039725 85,180,153,210,6,0.028871 336,190,348,204,6,0.015259 379,199,398,213,6,0.012453 353,192,367,205,6,0.009452 218,188,239,206,6,0.007817 292,188,305,203,6,0.005994 229,189,247,206,6,0.004419 256,189,279,202,6,0.004011 345,196,357,211,0,0.003423 322,188,336,201,6,0.002589 372,196,383,216,2,0.002370 321,182,333,194,6,0.001918 601,178,620,195,6,0.001905 481,181,494,194,6,0.001674 191,184,243,205,6,0.001631 382,193,395,207,3,0.001576 64,178,122,212,6,0.001566 429,190,447,206,6,0.001495 370,191,382,204,6,0.001481 444,197,456,213,0,0.001292 614,178,631,195,6,0.001285 469,181,482,194,6,0.001254 11,188,76,223,6,0.001249 170,184,187,203,6,0.001059 417,191,436,207,6,0.001022
/home/dysjin/data/CARLA.v20-carla_v20.coco/valid/Town01_010680_png.rf.5537782525200ced228c602e6dcc3456.jpg 220,189,241,211,6,0.171524 333,190,347,203,6,0.003934 241,188,257,208,6,0.002893 296,189,310,203,6,0.001951 344,190,356,204,6,0.001629 358,188,371,203,6,0.001570 321,192,336,203,6,0.001220 171,185,187,200,6,0.001154 306,190,322,203,6,0.001070
/home/dysjin/data/CARLA.v20-carla_v20.coco/valid/121155_png.rf.5eeb1497380edc240a771f68b9d34669.jpg 246,266,411,375,6,0.946838 561,209,601,304,2,0.161269 580,230,606,308,2,0.071439 206,248,223,268,6,0.004496 0,303,15,330,6,0.002570 552,199,640,274,6,0.001110 5,308,28,328,6,0.001098 540,209,580,303,2,0.001051
/home/dysjin/data/CARLA.v20-carla_v20.coco/valid/007085_png.rf.5a7141063cfddac158b01dce18de1e48.jpg 432,207,463,242,5,0.652678 432,212,464,238,4,0.238284 276,250,326,295,6,0.110132 0,192,31,312,2,0.003351 625,205,640,263,3,0.003040 611,207,640,337,2,0.002942 17,198,55,303,2,0.002234 424,196,457,233,4,0.001469 21,223,44,296,2,0.001027
/home/dysjin/data/CARLA.v20-carla_v20.coco/valid/Town05_006720_png.rf.717ce1e22225ab6a97befb2b8effcc2a.jpg 176,182,220,260,0,0.320639 186,188,216,258,6,0.317914 174,180,216,262,1,0.105084 381,173,393,192,3,0.054735 356,175,366,193,3,0.026987 320,186,333,197,6,0.021800 346,184,356,201,0,0.020197 93,187,144,210,6,0.018343 297,186,309,198,6,0.017357 234,185,251,200,6,0.012399 308,186,321,197,6,0.011900 246,186,259,200,6,0.011786 334,185,344,197,6,0.011751 130,189,148,207,6,0.009374 370,173,382,188,3,0.009002 119,190,140,208,6,0.008280 355,183,365,202,0,0.007586 358,166,366,183,3,0.007517 284,186,298,199,6,0.006484 222,185,235,202,6,0.003725 258,185,270,200,6,0.003708 207,184,221,205,6,0.003378 349,180,357,195,3,0.003343 197,178,225,242,0,0.003212 271,186,284,200,6,0.002979 148,182,223,259,6,0.002353 105,196,131,213,6,0.001794 196,184,209,207,0,0.001770 143,188,160,205,6,0.001700 173,182,210,237,6,0.001092 95,190,117,209,6,0.001019
/home/dysjin/data/CARLA.v20-carla_v20.coco/valid/Town01_006600_png.rf.612f31973b2db2fda3ee5293fd937a64.jpg 483,121,531,189,3,0.104259 476,152,519,195,3,0.082468 292,193,315,208,6,0.047082 559,115,640,202,3,0.003581 625,166,640,227,6,0.002695 368,186,382,209,6,0.002317 609,125,640,224,3,0.002136 521,161,572,207,6,0.001727 625,154,640,216,3,0.001148
/home/dysjin/data/CARLA.v20-carla_v20.coco/valid/112469_png.rf.4fea3a1e3f0858f468ecb362968a08fb.jpg 314,225,336,296,2,0.941966 38,258,97,280,6,0.006867 587,234,634,259,6,0.004281 215,251,241,265,6,0.002673 319,237,330,263,2,0.002410
/home/dysjin/data/CARLA.v20-carla_v20.coco/valid/Town05_009540_png.rf.67accf9da191af14c5f05da1b6fe1e58.jpg 599,183,640,210,6,0.304454 502,184,520,200,6,0.010506 590,185,610,203,6,0.006877 444,186,457,201,6,0.003355 599,177,621,199,6,0.002880 287,183,338,204,6,0.002822 367,187,384,203,6,0.002425 512,183,532,201,6,0.002261 418,186,432,202,6,0.002247 406,186,422,200,6,0.002110 454,185,468,201,6,0.001987 553,185,569,201,6,0.001685 539,185,559,201,6,0.001677 599,143,638,219,6,0.001128 431,185,445,201,6,0.001093 527,185,546,202,6,0.001011
/home/dysjin/data/CARLA.v20-carla_v20.coco/valid/041820_png.rf.69e77a8e269d90d89efc21e5026a7083.jpg 33,231,79,263,6,0.897247 115,247,138,298,1,0.473661 207,200,232,235,3,0.385431 113,233,141,295,0,0.053701 113,246,136,309,0,0.052252 19,218,69,255,6,0.011078 173,222,186,243,4,0.006606 42,244,70,264,6,0.005410 185,223,197,245,4,0.003877 34,237,58,260,6,0.002932 381,221,394,244,3,0.001725 163,222,173,245,4,0.001420 117,226,142,272,6,0.001138 109,232,132,293,6,0.001036
/home/dysjin/data/CARLA.v20-carla_v20.coco/valid/121278_png.rf.6607158f1164a75baf620dcb66d1b07e.jpg 273,248,360,315,6,0.951905 476,241,490,269,1,0.026484 472,236,493,275,0,0.021412 244,230,282,263,6,0.004462 0,208,32,298,2,0.002473 476,236,492,262,6,0.001752 0,251,37,288,6,0.001167
/home/dysjin/data/CARLA.v20-carla_v20.coco/valid/Town02_004620_png.rf.7280640e1c163e7c4b28010b90659788.jpg 239,208,396,335,6,0.970121 281,184,297,205,6,0.184843 377,149,397,175,3,0.134556 316,184,332,204,6,0.086287 116,181,167,205,6,0.045451 290,183,309,204,6,0.018286 441,206,499,296,6,0.015300 273,184,288,204,6,0.012190 396,174,424,220,6,0.008011 428,154,504,348,6,0.007789 342,184,357,207,0,0.005514 278,183,328,206,6,0.005509 328,183,344,203,6,0.005202 246,186,260,202,6,0.003602 365,149,446,217,6,0.003574 81,175,106,220,0,0.002704 258,185,273,202,6,0.002267 79,187,182,258,6,0.002195 306,180,325,198,6,0.001989 96,163,181,209,6,0.001984 374,146,387,172,4,0.001833 156,183,172,204,0,0.001817 305,180,344,209,6,0.001370 205,187,227,204,6,0.001168 460,220,493,270,6,0.001062 195,187,217,202,6,0.001048 352,185,372,206,6,0.001032 118,185,142,203,6,0.001027
/home/dysjin/data/CARLA.v20-carla_v20.coco/valid/Town05_016500_png.rf.75b431585ae9c755044e81517b796324.jpg 342,194,394,239,6,0.808052 123,194,213,242,6,0.737295 457,179,472,195,3,0.458947 0,203,84,286,6,0.439554 352,188,376,210,6,0.033179 430,193,440,218,0,0.023361 116,187,167,230,6,0.014089 377,187,390,212,6,0.013776 160,188,222,228,6,0.013187 345,187,359,207,6,0.010392 342,182,386,217,6,0.009644 370,189,394,244,1,0.007899 444,185,458,202,6,0.004984 334,187,346,202,6,0.004711 421,195,435,216,0,0.003951 89,137,257,262,6,0.003913 321,187,333,200,6,0.003840 0,204,171,294,6,0.003331 271,185,285,202,6,0.002873 44,199,90,244,6,0.002661 281,185,296,202,6,0.002495 354,181,371,195,6,0.002473 294,186,311,200,6,0.002306 0,193,80,380,6,0.002299 3,190,57,227,6,0.002154 308,187,323,200,6,0.001830 446,176,458,192,4,0.001667 178,179,227,215,6,0.001608 124,179,181,214,6,0.001451 431,176,442,196,3,0.001321 0,134,79,290,6,0.001319 0,165,15,225,6,0.001295 428,178,445,215,0,0.001152 3,176,31,220,6,0.001124 30,189,82,226,6,0.001086 104,178,156,213,6,0.001062 0,153,14,216,6,0.001046 407,187,422,202,6,0.001022 10,170,101,251,6,0.001011
/home/dysjin/data/CARLA.v20-carla_v20.coco/valid/Town02_001020_png.rf.79741d4293c684a4f4e895c08f1290d5.jpg 299,189,344,327,1,0.990549 0,187,80,365,6,0.881153 284,175,351,303,0,0.034214 281,185,299,202,6,0.027721 289,184,312,203,6,0.022222 29,192,80,220,6,0.017643 302,184,324,205,6,0.016600 0,237,162,346,6,0.010119 272,186,288,203,6,0.006265 330,185,348,204,6,0.004651 315,183,333,205,6,0.004472 609,185,639,230,6,0.003203 606,193,635,246,0,0.003040 625,171,640,226,6,0.002848 0,185,138,304,6,0.002586 344,185,357,203,0,0.001573 44,188,68,209,6,0.001535 6,194,97,380,6,0.001514
/home/dysjin/data/CARLA.v20-carla_v20.coco/valid/004996_png.rf.758bfe0873e6cba6e1d99146894cae01.jpg 491,248,511,318,2,0.420924 433,245,463,272,6,0.039802 434,243,443,275,2,0.032936 103,216,129,278,2,0.015371 117,215,141,277,2,0.012489 316,254,336,265,6,0.012452 330,254,347,265,6,0.009675 359,248,367,268,2,0.007888 463,232,479,286,2,0.006341 346,252,361,263,6,0.005690 93,223,116,287,2,0.004230 88,188,129,279,2,0.003991 305,254,327,264,6,0.003337 497,262,508,304,2,0.002650 0,223,28,332,2,0.002601 294,252,314,263,6,0.001781 0,210,30,296,2,0.001438 71,205,110,297,2,0.001276 38,238,96,276,6,0.001189
/home/dysjin/data/CARLA.v20-carla_v20.coco/valid/Town02_001620_png.rf.77cda18f042297c4b15936a35acef602.jpg 301,184,334,256,1,0.259320 308,184,334,257,6,0.114154 305,186,325,211,6,0.056605 312,194,333,221,6,0.005625 243,187,263,203,6,0.002893 298,186,310,208,6,0.002079 307,180,321,196,6,0.001910 229,187,252,203,6,0.001801 113,181,169,211,6,0.001265 191,186,213,204,6,0.001146 205,187,227,203,6,0.001131 327,186,341,209,6,0.001074
/home/dysjin/data/CARLA.v20-carla_v20.coco/valid/112362_png.rf.868e587d8bdd37c81e4872223fbdbeb4.jpg 146,227,168,288,2,0.688027 157,234,168,278,2,0.011447 587,233,634,258,6,0.007031 229,251,253,264,6,0.003301 40,258,95,280,6,0.002772 216,250,241,265,6,0.002728 149,233,164,267,2,0.002537 134,226,157,289,2,0.002326 244,249,259,262,6,0.001739 156,250,169,283,2,0.001692 381,212,398,236,4,0.001492 166,257,211,279,6,0.001296 156,228,167,266,2,0.001029
/home/dysjin/data/CARLA.v20-carla_v20.coco/valid/Town05_010080_png.rf.88fb23d739ffa2beacd3c5735d172d03.jpg 315,181,327,210,0,0.427114 310,181,325,204,6,0.329914 270,182,283,199,6,0.301912 358,174,368,190,3,0.130461 296,182,311,196,6,0.029201 261,184,275,199,6,0.024473 332,178,343,193,6,0.017803 280,181,292,196,6,0.011170 406,170,419,194,3,0.008654 219,185,240,199,6,0.008364 366,172,378,192,3,0.007942 348,177,358,189,6,0.007484 232,184,247,199,6,0.004446 246,184,260,200,6,0.003076 329,180,338,202,0,0.002187 206,172,249,202,6,0.001090
/home/dysjin/data/CARLA.v20-carla_v20.coco/valid/026847_png.rf.7a28094ba474fb2fab06e58f1ebea83c.jpg 420,209,446,241,3,0.859898 395,209,408,232,3,0.005763 102,232,154,266,6,0.002900 358,221,368,247,3,0.002800 256,267,360,480,6,0.002184 357,233,368,258,0,0.001335 0,203,32,301,2,0.001185 406,207,423,228,4,0.001159 406,165,449,235,3,0.001112
/home/dysjin/data/CARLA.v20-carla_v20.coco/valid/075709_png.rf.7dd638ab9af378bf60aaa2fb92a0aea4.jpg 308,240,346,274,6,0.905222 165,240,244,301,6,0.547243 2,249,174,400,6,0.493850 216,240,265,280,6,0.163013 555,231,640,431,6,0.034715 73,258,191,333,6,0.028417 255,245,268,273,0,0.027636 13,36,156,446,6,0.024196 0,281,67,461,6,0.019005 258,240,271,260,6,0.015714 244,248,265,272,6,0.010951 244,240,264,257,6,0.010776 219,239,237,259,6,0.009874 192,240,213,258,6,0.008118 180,239,200,259,6,0.007596 0,222,81,289,6,0.006991 365,259,383,275,6,0.006550 132,252,231,330,6,0.006014 179,236,228,262,6,0.005398 205,240,227,257,6,0.005190 495,253,548,288,6,0.005066 229,239,251,259,6,0.004618 164,243,219,279,6,0.004330 213,246,246,292,6,0.004231 230,248,253,273,6,0.004119 134,250,184,340,1,0.004045 1,226,70,430,6,0.003530 218,248,240,271,6,0.003493 229,258,253,281,6,0.003467 283,239,299,254,6,0.003261 130,366,313,480,6,0.002284 250,246,271,288,0,0.002217 231,235,271,262,6,0.001499 179,250,205,269,6,0.001446 140,248,196,294,6,0.001411 549,235,570,308,2,0.001304 0,293,43,417,6,0.001162 0,339,42,449,6,0.001126 312,245,324,272,1,0.001123 270,239,281,256,6,0.001103 539,228,559,293,2,0.001096 165,270,225,311,6,0.001037
/home/dysjin/data/CARLA.v20-carla_v20.coco/valid/Town02_007380_png.rf.8809896fc46f6266a6729640bbc68e4c.jpg 555,174,633,234,6,0.156566 281,186,296,200,6,0.081880 353,188,374,203,6,0.067709 272,189,287,203,6,0.049140 559,197,589,246,6,0.039395 438,183,486,214,6,0.027275 580,191,638,224,6,0.020266 558,205,588,259,1,0.016704 548,186,597,259,0,0.014256 488,179,510,240,0,0.005512 293,185,305,199,6,0.004170 259,188,276,204,6,0.003191 333,187,348,202,6,0.001237
/home/dysjin/data/CARLA.v20-carla_v20.coco/valid/Town01_007500_png.rf.7e4c2487265d812d93246e09a19aeab2.jpg 252,196,279,216,6,0.568736 557,168,636,226,6,0.514891 179,211,201,229,6,0.030724 532,175,591,220,6,0.020919 190,210,211,227,6,0.015099 168,212,189,232,6,0.014152 144,209,190,233,6,0.013725 523,179,551,215,6,0.006691 205,209,226,225,6,0.005725 111,209,175,236,6,0.004755 473,194,495,244,0,0.003964 99,216,160,244,6,0.003630 220,203,235,220,6,0.003277 624,166,640,230,6,0.003154 144,213,166,233,6,0.002799 154,218,175,238,6,0.002121 507,153,605,215,6,0.001906 606,172,638,223,6,0.001711 296,187,309,200,6,0.001518 235,203,248,218,6,0.001366 479,193,492,223,0,0.001313 75,214,137,248,6,0.001125
/home/dysjin/data/CARLA.v20-carla_v20.coco/valid/Town05_007500_png.rf.8a81a882e564e9e99b5c951d3e18dbbc.jpg 346,180,362,203,6,0.281171 303,179,321,194,6,0.240688 343,178,385,206,6,0.204395 376,174,393,200,6,0.015377 317,180,329,194,6,0.009017 377,180,391,202,0,0.008669 334,180,346,196,6,0.007050 199,96,251,169,3,0.004953 554,138,640,219,6,0.003226 365,169,406,206,6,0.001684 388,175,405,196,6,0.001492 0,153,85,205,6,0.001336 305,168,321,185,6,0.001232
/home/dysjin/data/CARLA.v20-carla_v20.coco/valid/Town02_005520_png.rf.8a9d2ba4122736ea3845c9e405936cce.jpg 599,195,640,246,6,0.082224 56,189,130,224,6,0.061317 0,180,15,232,6,0.018137 33,192,82,223,6,0.017766 530,202,541,235,0,0.010896 621,186,640,237,6,0.005501 611,197,635,222,6,0.003607 12,176,116,226,6,0.002096 598,196,625,244,1,0.002070 101,189,132,226,6,0.002009 44,199,69,221,6,0.001984 625,186,638,212,6,0.001871 0,186,13,247,6,0.001840 614,191,632,208,6,0.001663 31,150,143,221,6,0.001605 270,187,285,203,6,0.001251 586,195,614,244,0,0.001139 567,169,640,247,6,0.001046
/home/dysjin/data/CARLA.v20-carla_v20.coco/valid/041735_png.rf.891d950e6341a379e0a80f54f49c126a.jpg 277,236,302,306,0,0.122376 628,214,640,283,6,0.001198
/home/dysjin/data/CARLA.v20-carla_v20.coco/valid/041669_png.rf.8f16c7cc68671f71ba068edf120b2a61.jpg 299,238,337,318,0,0.526030 230,244,330,324,6,0.002277 142,215,187,254,6,0.001089
/home/dysjin/data/CARLA.v20-carla_v20.coco/valid/003814_png.rf.9123d8ff8e23490d6f5201cb816e4fc2.jpg 548,171,616,250,3,0.604569 287,241,316,258,6,0.316561 550,173,632,247,4,0.211023 268,241,294,255,6,0.018622 285,243,297,263,6,0.005740 303,245,318,260,6,0.002693 315,241,330,256,6,0.001526 277,231,305,258,6,0.001137
/home/dysjin/data/CARLA.v20-carla_v20.coco/valid/005413_png.rf.9000d6e877ce40e1d5bd5387ece453c2.jpg 106,221,129,276,2,0.320287 82,226,106,286,2,0.198255 92,225,117,285,2,0.069949 540,241,602,278,6,0.066031 366,237,388,280,0,0.042985 115,225,136,284,2,0.026144 406,235,444,261,6,0.020047 147,220,166,276,2,0.019895 496,245,520,265,6,0.013715 111,235,124,276,2,0.010724 131,219,153,276,2,0.007770 74,215,107,318,2,0.006969 88,240,101,274,2,0.005980 100,238,112,274,2,0.004217 159,225,168,265,2,0.003628 121,228,132,267,2,0.002488 73,224,95,287,2,0.002159 88,232,101,266,2,0.001856 316,243,338,258,6,0.001744 598,232,619,284,2,0.001440 416,237,486,260,6,0.001259 366,227,386,272,6,0.001070
/home/dysjin/data/CARLA.v20-carla_v20.coco/valid/Town01_001500_png.rf.9254a251a5c6eb6313adba6a6adf1620.jpg 390,176,404,198,3,0.005960 0,119,13,200,6,0.003764 385,176,395,196,3,0.003744 318,197,334,210,6,0.002202 401,189,420,208,6,0.001677 626,168,640,226,6,0.001182
/home/dysjin/data/CARLA.v20-carla_v20.coco/valid/Town05_004680_png.rf.93664881511a21c1adf050e2e8993477.jpg 244,184,267,206,6,0.724521 320,179,412,220,6,0.609515 182,183,201,201,6,0.112010 323,179,353,215,6,0.026873 375,175,419,220,6,0.018974 583,165,634,203,6,0.015270 265,182,278,202,6,0.013876 0,166,41,203,6,0.009654 282,185,296,200,6,0.007635 534,162,588,206,6,0.005267 320,186,338,209,6,0.005178 237,183,253,204,6,0.003884 156,182,205,202,6,0.002359 206,183,220,200,6,0.002335 191,179,210,198,6,0.002081 439,183,459,202,6,0.001594 222,184,237,201,6,0.001299 294,185,308,201,6,0.001055
/home/dysjin/data/CARLA.v20-carla_v20.coco/valid/138312_png.rf.93c512dad514948e54a85fd6860eba4e.jpg 1,219,31,335,2,0.473596 94,223,114,274,2,0.067234 0,232,17,310,2,0.025306 18,237,41,304,2,0.022849 44,227,65,294,2,0.014235 191,231,235,259,6,0.007696 0,253,16,332,2,0.007508 9,203,51,313,2,0.006668 34,227,56,292,2,0.004560 85,220,106,273,2,0.004155 99,238,110,272,2,0.003543 103,221,123,274,2,0.002998 250,238,273,253,6,0.002964 0,214,13,306,2,0.002247 6,224,30,299,2,0.001494 0,250,25,395,2,0.001461 378,198,397,220,4,0.001215 3,263,15,299,2,0.001034
/home/dysjin/data/CARLA.v20-carla_v20.coco/valid/005160_png.rf.922d9f2da21b5b11121905df87e629d7.jpg 399,212,428,240,5,0.619518 398,213,430,239,4,0.430060 400,215,412,242,4,0.001626 586,226,628,323,2,0.001226
