/home/dysjin/data/CARLA.v20-carla_v20.coco/valid/Town05_011820_png.rf.a721d4435d03a17b63243ff374e790d2.jpg 8,188,114,237,6,0.547000 1,192,62,226,6,0.120977 61,192,113,229,6,0.077094 310,188,318,205,0,0.076632 317,190,325,205,0,0.055148 6,207,24,227,6,0.003938 356,167,368,185,3,0.003701 407,165,416,182,3,0.003609 6,198,24,220,6,0.003409 364,166,381,183,3,0.002497 1,204,15,231,6,0.002342 0,186,19,235,6,0.001949 295,187,310,201,0,0.001928 463,148,480,173,6,0.001879 0,196,12,222,6,0.001289 377,166,394,182,3,0.001218 394,166,406,182,3,0.001144 266,179,281,194,6,0.001049
/home/dysjin/data/CARLA.v20-carla_v20.coco/valid/Town05_005760_png.rf.a5aa9e8688171e7bfb57f36e4a648f69.jpg 313,187,330,206,6,0.594275 347,165,355,184,3,0.022693 0,146,40,179,6,0.010527 6,158,26,180,6,0.006282 0,145,13,220,6,0.002970 337,166,345,186,3,0.002562 0,149,11,241,2,0.001667 333,178,344,197,6,0.001526 0,144,17,199,6,0.001404 1,155,12,187,6,0.001321 8,156,52,183,6,0.001303 355,165,364,185,3,0.001295 298,188,313,203,0,0.001110 0,146,12,176,6,0.001048
/home/dysjin/data/CARLA.v20-carla_v20.coco/valid/075705_png.rf.9f5447b468e0280dc956a534954f8a5e.jpg 307,242,348,270,6,0.982650 159,248,257,306,6,0.908726 0,248,194,411,6,0.895267 232,240,268,280,6,0.317714 221,249,258,286,6,0.081820 358,226,369,245,6,0.016179 253,243,266,272,6,0.012855 0,299,66,480,6,0.010645 242,240,261,264,6,0.004596 283,237,296,253,6,0.004042 232,242,251,261,6,0.003603 0,326,378,360,6,0.002483 324,240,343,263,6,0.002128 310,244,326,267,6,0.001960 0,271,314,321,6,0.001750 0,248,78,455,6,0.001690 0,337,271,353,6,0.001590 211,246,246,296,6,0.001469 0,170,198,480,6,0.001361 359,235,367,254,6,0.001275 350,236,357,262,0,0.001243
/home/dysjin/data/CARLA.v20-carla_v20.coco/valid/Town02_006840_png.rf.a4a970c10202604d1dd8c41fe9097525.jpg 565,173,577,194,3,0.768514 594,189,640,224,6,0.528725 0,166,10,198,3,0.451960 530,161,538,186,3,0.038148 496,211,505,234,0,0.023140 567,171,640,229,6,0.019960 2,193,12,226,6,0.010189 573,174,585,193,3,0.006619 0,190,17,248,6,0.006125 0,151,14,203,3,0.005579 1,185,27,233,6,0.004389 556,165,569,188,3,0.003808 558,174,581,209,3,0.003534 195,186,209,205,6,0.003331 446,204,453,233,0,0.002976 142,191,163,207,6,0.002652 560,180,570,204,3,0.001966 572,181,587,202,6,0.001522 591,199,626,218,6,0.001308 606,130,636,242,6,0.001300 0,162,15,220,6,0.001062 346,196,354,214,0,0.001039
/home/dysjin/data/CARLA.v20-carla_v20.coco/valid/Town02_002640_png.rf.ac6bee6a9e4c4b2a1e149670c97196c1.jpg 394,174,405,191,3,0.877187 291,189,372,251,6,0.771977 263,195,289,216,6,0.591350 262,194,276,216,0,0.018796 306,184,316,211,6,0.008353 386,173,400,190,3,0.007948 300,180,325,235,6,0.007864 388,170,412,197,3,0.007861 417,185,475,211,6,0.007042 260,191,277,209,6,0.005576 299,185,309,209,6,0.004026 275,188,294,210,6,0.003880 293,185,315,252,0,0.002228 67,174,87,246,2,0.001644 332,188,364,236,6,0.001160
/home/dysjin/data/CARLA.v20-carla_v20.coco/valid/007096_png.rf.a26873f70f1467f54f0fd09ea8c1731b.jpg 543,159,613,264,5,0.917738 533,149,636,268,4,0.177951 133,223,148,241,4,0.002248
/home/dysjin/data/CARLA.v20-carla_v20.coco/valid/041683_png.rf.abc13a183255cbb5f9aeca7d55d8b4c0.jpg 309,237,334,305,0,0.759915 295,239,319,320,0,0.007254 305,266,327,313,0,0.001253
/home/dysjin/data/CARLA.v20-carla_v20.coco/valid/041699_png.rf.a4a6f7fb7672ac47b317ec4fe3e21c97.jpg 302,236,329,312,0,0.767517 198,246,208,268,0,0.002852 96,226,107,242,3,0.001134
/home/dysjin/data/CARLA.v20-carla_v20.coco/valid/Town02_006480_png.rf.aec43468267a9993201d034f7031ee5c.jpg 349,173,358,189,3,0.246495 380,161,392,184,3,0.095050 353,176,366,189,3,0.072631 373,162,383,184,3,0.020184 374,134,394,187,3,0.011281 368,174,379,188,3,0.002127 293,199,303,217,0,0.001840 391,163,401,185,3,0.001767 284,198,293,219,0,0.001282 375,135,383,168,3,0.001228
/home/dysjin/data/CARLA.v20-carla_v20.coco/valid/Town02_003060_png.rf.b28380c7e6ad26a4ccdfda39d4db7f85.jpg 549,191,617,222,6,0.130327 551,197,570,219,6,0.006999 542,181,640,238,6,0.006676 611,166,640,254,6,0.006417 527,186,539,210,6,0.006187 535,182,582,237,6,0.004802 528,196,538,219,0,0.002757 537,197,553,216,6,0.001849 369,158,382,180,3,0.001767
/home/dysjin/data/CARLA.v20-carla_v20.coco/valid/Town01_009120_png.rf.b3886317404f3c307752dac4625c4b0e.jpg 314,186,331,213,6,0.604058 327,186,339,207,6,0.005626 370,197,386,215,6,0.004304
/home/dysjin/data/CARLA.v20-carla_v20.coco/valid/051305_png.rf.af3e2dc55ae45fc793f7f25eb6fdf7b4.jpg 427,207,460,244,3,0.995425 435,218,456,238,3,0.013777 269,229,282,244,6,0.002449 162,221,173,247,4,0.001048
/home/dysjin/data/CARLA.v20-carla_v20.coco/valid/007291_png.rf.b33e9d647d42777054dfb5f46d23bbad.jpg 385,220,398,239,3,0.899070 383,210,405,242,3,0.009320
/home/dysjin/data/CARLA.v20-carla_v20.coco/valid/Town05_005820_png.rf.abc3e70595852b4f2320e8b55c805a27.jpg 297,190,337,220,6,0.937541 348,164,357,183,3,0.154925 355,173,365,186,3,0.022665 396,197,404,218,0,0.002852 328,186,340,212,0,0.001299
/home/dysjin/data/CARLA.v20-carla_v20.coco/valid/Town05_006960_png.rf.9d31f2ffd8a1d723122d28555c0e3321.jpg 283,186,292,213,0,0.369155 611,215,640,340,0,0.104157 278,189,300,246,0,0.003721 627,226,640,313,0,0.001434 125,160,131,182,3,0.001097
/home/dysjin/data/CARLA.v20-carla_v20.coco/valid/Town02_009720_png.rf.b20474373a38fe973889a895d5aba03e.jpg 291,203,341,259,6,0.860766 268,195,277,216,0,0.058083 456,177,465,194,3,0.054396 263,195,271,215,0,0.018151 194,177,208,196,4,0.016658 357,200,369,218,6,0.003818 614,173,629,192,4,0.003369 154,0,202,39,6,0.003178 262,189,275,209,1,0.002967 54,2,76,22,6,0.002737 279,175,293,194,6,0.002098 102,2,155,48,6,0.002025 380,177,391,195,3,0.001202 446,177,458,194,3,0.001198 333,176,343,192,3,0.001169
/home/dysjin/data/CARLA.v20-carla_v20.coco/valid/Town01_002220_png.rf.9b6e376c042a4b43cdf2a33f00250d62.jpg 186,206,442,368,6,0.920156 156,141,461,380,6,0.055205 292,188,310,203,6,0.016320 317,186,329,204,0,0.014067 305,185,320,202,0,0.008363 39,282,577,302,6,0.005104 274,192,420,318,6,0.003350 369,174,380,191,4,0.002330 477,159,491,184,4,0.002177 170,243,434,259,6,0.001190 300,246,406,343,6,0.001139 70,133,113,163,6,0.001095
/home/dysjin/data/CARLA.v20-carla_v20.coco/valid/Town01_003900_png.rf.b43a572a2d61a01bb389880cf86179de.jpg 180,184,457,380,6,0.923162 343,193,354,217,0,0.023475 609,163,637,345,2,0.019101 329,192,348,206,6,0.015172 62,281,554,302,6,0.006437 339,193,364,244,0,0.004260 275,191,420,318,6,0.003765 565,159,576,180,3,0.002660 110,176,121,194,3,0.001662 241,244,393,380,6,0.001590 297,247,411,340,6,0.001176
/home/dysjin/data/CARLA.v20-carla_v20.coco/valid/029067_png.rf.b686edaf28a0971571945f7b069613d5.jpg 535,221,589,344,2,0.994646 394,235,406,263,2,0.133409
/home/dysjin/data/CARLA.v20-carla_v20.coco/valid/Town02_004200_png.rf.b4d2f32e1287253b4f35bf521927be39.jpg 269,183,287,211,6,0.776458 375,185,392,203,6,0.071048 536,125,561,168,3,0.017111 305,178,317,195,6,0.005855 295,178,306,197,6,0.005672 370,163,380,182,3,0.002667 371,176,382,194,3,0.002274 277,176,292,203,6,0.002216 347,176,356,190,3,0.001905 381,163,389,181,3,0.001247 235,161,243,186,3,0.001128
/home/dysjin/data/CARLA.v20-carla_v20.coco/valid/Town02_002100_png.rf.b49da10e2c41ab65d4c132e46f15d3e3.jpg 294,188,341,296,1,0.965087 1,183,14,216,6,0.469143 273,186,286,203,6,0.440321 358,164,367,181,3,0.035028 311,187,319,206,1,0.032275 279,175,290,201,6,0.016677 144,186,159,203,6,0.008530 343,165,357,180,3,0.005451 404,162,413,185,3,0.004918 317,186,327,204,6,0.004745 332,164,342,180,3,0.004014 57,149,72,174,3,0.003015 134,185,152,202,6,0.002745 111,177,123,193,3,0.002559 52,161,62,180,3,0.002423 0,158,19,220,6,0.002298 0,202,10,230,6,0.002185 399,162,408,186,3,0.002020 19,189,35,204,6,0.001888 0,188,16,244,6,0.001671 64,169,119,203,6,0.001644 123,207,132,228,0,0.001613 52,148,65,174,3,0.001584 43,125,70,175,3,0.001532 309,180,319,197,6,0.001291 261,186,275,201,6,0.001162 321,177,330,195,6,0.001093 366,165,376,182,3,0.001054 3,157,13,190,6,0.001030
/home/dysjin/data/CARLA.v20-carla_v20.coco/valid/003752_png.rf.bb0716bc5b93fa8b10f41577e20a2f35.jpg 400,213,419,242,4,0.747500 395,217,423,242,5,0.233394 344,227,356,244,4,0.112889 309,236,323,251,6,0.030933 381,212,397,234,4,0.001889
/home/dysjin/data/CARLA.v20-carla_v20.coco/valid/138327_png.rf.b4aecc174d58e25a6e680c2468864172.jpg 19,228,43,306,2,0.747070 2,232,40,316,2,0.031127 0,225,15,317,2,0.001778
/home/dysjin/data/CARLA.v20-carla_v20.coco/valid/Town05_009600_png.rf.b886b3525f44da0ae66796230d91b958.jpg 463,189,499,214,6,0.864642 97,189,217,238,6,0.784460 369,182,408,211,6,0.780331 583,180,633,205,6,0.764533 157,190,217,227,6,0.614919 100,202,156,240,6,0.448262 530,185,542,203,6,0.165936 583,186,608,204,6,0.012968 416,176,428,199,6,0.007688 517,187,534,204,6,0.005164 439,180,455,196,6,0.004838 539,184,549,202,0,0.004392 384,177,430,209,6,0.003256 549,178,564,196,6,0.002330 99,211,110,229,0,0.002172 540,177,550,197,6,0.002064 563,150,640,215,6,0.001802 100,211,127,229,6,0.001751 319,194,329,215,0,0.001737 360,184,368,207,0,0.001611 406,177,420,201,6,0.001341 626,150,640,223,2,0.001191
/home/dysjin/data/CARLA.v20-carla_v20.coco/valid/Town01_002340_png.rf.b8976b6d8f366e29aeb47fb3b3146b33.jpg 186,206,442,368,6,0.918927 158,140,459,380,6,0.058672 280,189,292,208,0,0.032219 270,187,281,205,0,0.009417 289,188,308,204,6,0.007097 317,186,329,204,0,0.005473 39,282,577,302,6,0.005141 275,192,420,317,6,0.003139 369,174,380,191,4,0.002779 278,185,328,205,6,0.001707 257,187,269,202,0,0.001641 478,159,491,184,4,0.001356 305,186,321,201,0,0.001198 301,247,405,342,6,0.001189 70,133,113,163,6,0.001137 172,243,431,259,6,0.001128
/home/dysjin/data/CARLA.v20-carla_v20.coco/valid/Town05_009780_png.rf.c3069a0d7ec82f2e1960c0497cec36fe.jpg 288,201,342,267,6,0.305839 427,207,471,236,6,0.082649 315,190,331,205,6,0.041588 374,186,382,202,3,0.020622 307,188,319,204,6,0.014703 287,193,343,229,6,0.004096 378,189,390,202,3,0.002061 247,176,261,197,6,0.001609 297,187,307,204,6,0.001440
/home/dysjin/data/CARLA.v20-carla_v20.coco/valid/Town05_002700_png.rf.b9dfa75f628efa31633800bb9dfee796.jpg 366,186,386,200,6,0.116526 374,188,392,201,0,0.044147 358,179,396,198,6,0.019601 357,185,369,201,0,0.006788 344,185,352,202,0,0.002969 329,179,345,193,6,0.002159 367,195,379,211,0,0.001674 379,194,389,212,0,0.001270
/home/dysjin/data/CARLA.v20-carla_v20.coco/valid/005173_png.rf.c24ac196d86260d3a384e12093bfa5ef.jpg 476,197,521,245,5,0.704256 471,192,500,227,5,0.031866 469,159,543,281,5,0.011427 479,197,494,220,5,0.010642 406,212,418,234,5,0.008341
/home/dysjin/data/CARLA.v20-carla_v20.coco/valid/Town01_005820_png.rf.c9053a957ff7561268673aaec9e095f0.jpg 293,185,343,325,1,0.969164 410,198,431,218,6,0.167233 345,174,355,190,3,0.096700 311,186,320,207,1,0.020491 411,174,421,192,3,0.012965 411,160,420,184,3,0.004170 316,188,328,206,6,0.003857 418,161,424,180,3,0.003291 181,203,199,219,6,0.003035 318,179,330,196,6,0.002701 308,179,320,197,6,0.001551 404,132,425,188,3,0.001445 336,175,347,192,3,0.001437 193,203,207,219,6,0.001331
/home/dysjin/data/CARLA.v20-carla_v20.coco/valid/Town01_011580_png.rf.c8aa9ea674a7d69974d55bf63b55ddbf.jpg 582,192,638,220,6,0.814588 269,183,286,209,6,0.770534 472,202,519,247,6,0.029317 564,172,639,228,6,0.014482 565,174,575,195,3,0.010379 261,188,278,206,6,0.007476 594,168,640,207,6,0.003322 605,137,636,234,6,0.002235 212,178,220,196,3,0.001945 557,174,565,196,3,0.001485 419,199,433,215,6,0.001478 573,196,592,215,6,0.001295
/home/dysjin/data/CARLA.v20-carla_v20.coco/valid/Town01_007440_png.rf.bed11eeb1dde416bf8789b24a8a5c0f8.jpg 546,165,640,222,6,0.731789 262,187,274,213,1,0.342549 525,179,568,220,6,0.024147 267,192,276,214,0,0.016952 345,163,356,185,4,0.008217 537,155,582,224,6,0.003490 529,185,547,210,6,0.002427 536,194,553,216,6,0.002115 182,215,197,229,6,0.002039 608,185,638,228,6,0.001826 157,214,170,230,0,0.001741 559,188,612,224,6,0.001400 0,216,8,245,6,0.001318 622,166,640,231,6,0.001313 75,202,85,218,3,0.001267 293,181,312,197,6,0.001158 278,185,292,201,6,0.001107 262,183,281,212,0,0.001087 268,178,281,201,6,0.001075
/home/dysjin/data/CARLA.v20-carla_v20.coco/valid/Town05_011760_png.rf.c548e0a947d80bc036151e4db99afcfa.jpg 10,213,199,350,6,0.860328 310,185,318,208,0,0.465340 316,187,325,207,0,0.164564 76,201,220,314,6,0.004692 6,322,24,343,6,0.003255 355,175,367,186,3,0.002807 170,190,206,275,6,0.002461 81,271,126,318,3,0.002453 395,173,403,187,3,0.002135 0,276,385,311,6,0.001522 296,186,309,201,0,0.001503 0,226,363,267,6,0.001176
/home/dysjin/data/CARLA.v20-carla_v20.coco/valid/075708_png.rf.c1818fa586a2b613b2806f928a933d9d.jpg 307,243,348,270,6,0.980576 158,245,256,304,6,0.900549 0,242,192,413,6,0.816024 230,241,267,279,6,0.291840 0,296,67,454,6,0.051592 358,226,368,245,6,0.011697 230,242,251,260,6,0.009552 253,242,266,272,0,0.008716 241,240,260,263,6,0.003588 220,241,235,258,6,0.003176 0,269,355,320,6,0.002856 0,327,340,359,6,0.002639 200,242,256,282,6,0.001868 0,301,66,480,6,0.001836 351,236,357,263,0,0.001521 310,244,326,267,6,0.001431 324,240,343,264,6,0.001391 355,249,366,266,6,0.001368 229,256,250,278,6,0.001288 4,307,40,480,6,0.001252 0,289,247,307,6,0.001171 284,237,296,253,6,0.001131 383,225,393,241,3,0.001083
/home/dysjin/data/CARLA.v20-carla_v20.coco/valid/Town05_009900_png.rf.c90bd5781f975f44de47fd794a1f9ac6.jpg 343,194,439,258,6,0.915420 333,186,345,206,0,0.019434 412,187,436,252,0,0.009611 390,180,404,195,6,0.009007 380,180,393,195,6,0.004233 351,210,405,252,6,0.003906 408,184,418,201,0,0.002656 405,179,417,194,3,0.002503 418,191,429,223,0,0.002336 416,179,428,194,3,0.001618 320,188,334,204,6,0.001505 318,178,333,196,6,0.001455 332,178,345,198,6,0.001045
/home/dysjin/data/CARLA.v20-carla_v20.coco/valid/Town05_009660_png.rf.cc2e0d6a11c64dbe092a6e9321c6a170.jpg 218,189,418,326,6,0.935149 411,185,464,210,6,0.892813 345,186,354,211,0,0.293336 339,184,361,229,0,0.080132 369,175,382,191,3,0.026752 336,185,347,204,0,0.022014 211,187,221,206,0,0.019967 613,184,633,202,6,0.012083 218,186,228,207,0,0.011665 257,185,268,203,0,0.006672 244,179,263,196,6,0.004445 413,187,434,205,6,0.003688 600,175,639,202,6,0.003555 370,182,379,203,0,0.002938 352,190,365,220,0,0.002650 624,183,638,206,6,0.002161 255,179,270,197,6,0.002110 294,186,303,202,0,0.001686 355,177,368,193,0,0.001548 268,185,277,204,0,0.001279 209,193,219,215,0,0.001226 376,175,389,192,3,0.001042
/home/dysjin/data/CARLA.v20-carla_v20.coco/valid/003769_png.rf.c5c0c17fa97551316c57744e9608f796.jpg 500,194,547,246,4,0.501898 310,234,321,253,6,0.120711 356,229,368,246,4,0.053561 297,237,311,250,6,0.001660
/home/dysjin/data/CARLA.v20-carla_v20.coco/valid/121197_png.rf.c99e70822c663f40252f74e6b2ad5094.jpg 227,269,419,391,6,0.932031 214,244,221,266,0,0.038672 308,240,320,258,0,0.018429 211,240,220,260,0,0.007619 0,304,12,331,6,0.002967 486,229,523,289,2,0.002024
/home/dysjin/data/CARLA.v20-carla_v20.coco/valid/004966_png.rf.c9d8d72d0920460b612251c5fddc5770.jpg 429,199,464,246,4,0.929407 134,221,149,240,4,0.004042 580,230,640,261,6,0.002480 439,209,459,230,4,0.001601
/home/dysjin/data/CARLA.v20-carla_v20.coco/valid/Town01_006240_png.rf.cc5628eb556a5a5bd1824a8d19313b41.jpg 317,192,325,218,1,0.331976 310,187,322,212,0,0.215863 608,152,638,261,6,0.044833 301,187,310,205,6,0.033499 306,183,326,214,6,0.008467 621,149,640,218,6,0.007365 305,179,318,200,6,0.005932 366,178,379,193,3,0.005617 296,179,308,199,6,0.004122 626,162,639,187,6,0.003408 0,214,8,249,6,0.002163 319,180,330,199,6,0.001952 0,185,13,260,2,0.001895 600,199,640,244,6,0.001756 359,177,371,191,3,0.001529
/home/dysjin/data/CARLA.v20-carla_v20.coco/valid/001638_png.rf.c98e4c5bc2a68de358073a26469c81b2.jpg 420,209,450,242,3,0.993343 156,224,169,243,3,0.090099 622,192,640,253,3,0.009011 627,206,638,240,3,0.006345 159,252,168,284,0,0.005908 158,246,167,274,0,0.004117 532,212,541,235,3,0.002177 516,225,532,243,3,0.002028 345,249,354,268,0,0.001933 334,249,342,268,0,0.001319
/home/dysjin/data/CARLA.v20-carla_v20.coco/valid/051274_png.rf.d5f64278c64b556983082379a316485f.jpg 557,152,639,265,5,0.619058 558,150,639,269,4,0.256101 358,230,371,247,4,0.010262 358,232,370,250,2,0.002203 445,235,455,257,4,0.001334
/home/dysjin/data/CARLA.v20-carla_v20.coco/valid/Town01_001440_png.rf.e4b4351effd31d5b433710cffb8243e4.jpg 383,174,398,192,3,0.863356 399,133,417,186,3,0.044525 442,160,451,181,3,0.011429 398,147,409,179,3,0.010118 234,176,245,194,3,0.006284 435,161,445,182,3,0.004737 371,174,389,193,3,0.002314 401,162,412,185,3,0.002098 7,219,27,241,6,0.001626 2,203,30,244,6,0.001547 345,177,355,191,3,0.001306
/home/dysjin/data/CARLA.v20-carla_v20.coco/valid/019121_png.rf.deb86464dd224ac85f75272f851fc0a8.jpg 505,233,557,258,6,0.615005 500,241,521,258,6,0.120087 545,235,568,254,6,0.009657 199,233,207,266,2,0.001179
/home/dysjin/data/CARLA.v20-carla_v20.coco/valid/041811_png.rf.e8d4c17844854d24f9b2bec66a8a8889.jpg 46,221,61,241,4,0.766157 0,245,13,314,0,0.227833 6,234,23,253,4,0.045347 39,219,54,245,4,0.017251 35,214,52,237,4,0.010901 454,209,468,229,4,0.010723 412,198,462,224,6,0.003408 0,233,27,332,0,0.002839 3,222,31,254,4,0.002326 0,216,15,308,2,0.001855 0,259,24,300,0,0.001849 0,233,35,256,6,0.001190 381,211,391,231,4,0.001087 446,198,474,229,4,0.001065
/home/dysjin/data/CARLA.v20-carla_v20.coco/valid/041657_png.rf.e06a4a0ae870ee5d8dbe97fc65b5b666.jpg 309,236,333,305,0,0.822979 295,238,319,320,0,0.005216 316,241,329,285,0,0.001283 0,198,12,271,6,0.001199 0,211,14,281,6,0.001108 0,228,9,266,6,0.001089
/home/dysjin/data/CARLA.v20-carla_v20.coco/valid/001519_png.rf.e42bb854e84b40164ed2795569b2eb6f.jpg 575,220,587,242,3,0.949903 586,215,596,239,3,0.016294 233,225,244,245,0,0.016105 494,243,526,317,2,0.008381 567,206,588,247,3,0.004161 610,238,629,256,6,0.004077 569,232,583,249,3,0.002076 604,180,635,274,3,0.001949 420,213,428,238,3,0.001780 220,237,234,251,6,0.001566 584,192,623,268,3,0.001453 573,179,594,251,3,0.001442 234,234,244,251,1,0.001371 555,228,571,244,3,0.001302
/home/dysjin/data/CARLA.v20-carla_v20.coco/valid/Town02_005280_png.rf.ec981f5d8aec80a53ec1f9961c2321af.jpg 72,197,130,224,6,0.814247 158,197,206,273,1,0.356504 174,200,205,247,0,0.136423 103,200,129,221,6,0.027727 43,198,98,221,6,0.020053 0,195,9,222,6,0.015949 147,201,193,273,0,0.013025 191,205,205,235,0,0.005213 185,200,196,224,0,0.002085 142,192,217,354,0,0.001926 211,149,223,175,3,0.001741 369,199,377,219,0,0.001494
/home/dysjin/data/CARLA.v20-carla_v20.coco/valid/001509_png.rf.ed3baed466e7f65c1a01fb57bf942b65.jpg 575,220,587,242,3,0.948382 586,215,596,239,3,0.017200 235,224,245,245,0,0.016651 569,232,583,249,3,0.007436 567,206,588,247,3,0.003557 493,243,525,316,2,0.003538 555,228,571,245,3,0.002237 420,213,429,238,3,0.002105 531,213,539,235,3,0.001981 611,238,628,257,6,0.001654 574,178,594,252,3,0.001327 538,214,551,236,3,0.001049 584,190,621,268,3,0.001028
/home/dysjin/data/CARLA.v20-carla_v20.coco/valid/033890_png.rf.e368755037cdc345b45b625d64db27a1.jpg 223,246,445,369,6,0.969226 586,230,636,328,2,0.960180 254,239,281,375,0,0.004859 624,227,640,316,2,0.002546 87,254,97,282,2,0.002050
/home/dysjin/data/CARLA.v20-carla_v20.coco/valid/075724_png.rf.e0c3e9a2b7f318c71e76ccdcb0dda6a1.jpg 293,244,332,267,6,0.946381 0,257,72,480,6,0.799156 31,256,223,355,6,0.636158 0,234,74,430,6,0.608205 191,252,244,291,6,0.261769 92,249,216,319,6,0.020087 155,250,214,310,1,0.013857 611,235,630,257,6,0.008991 162,243,243,310,6,0.004510 587,232,634,258,6,0.004050 215,257,241,280,6,0.003544 271,238,284,253,6,0.002843 228,248,243,276,6,0.001729 0,258,277,433,6,0.001496 52,221,200,302,6,0.001495 129,256,193,325,1,0.001244 625,235,638,261,6,0.001215 283,239,292,257,6,0.001147
/home/dysjin/data/CARLA.v20-carla_v20.coco/valid/112477_png.rf.ecf5d82849f8b68362ce65c8d2645a1c.jpg 336,235,357,299,2,0.884729 342,250,352,286,2,0.012422
/home/dysjin/data/CARLA.v20-carla_v20.coco/valid/Town02_001980_png.rf.ee7206fcf98c96c61f2900b25e79ce20.jpg 295,188,341,320,1,0.987850 161,190,173,221,0,0.346790 154,182,177,218,0,0.202287 1,184,57,216,6,0.113181 167,192,179,221,0,0.099022 399,162,407,182,3,0.081411 166,182,182,212,0,0.019860 57,183,70,206,1,0.018654 133,183,178,215,6,0.016277 43,195,64,213,6,0.015298 52,163,64,185,3,0.012830 0,183,12,212,6,0.008941 356,163,366,180,3,0.007262 194,175,206,192,3,0.007014 5,188,24,209,6,0.006141 147,185,165,210,6,0.005898 59,149,73,174,3,0.005759 60,160,70,182,3,0.005379 308,189,317,203,6,0.005258 183,173,197,192,3,0.005243 404,149,413,173,3,0.005078 343,165,356,180,3,0.003994 334,164,343,179,3,0.003821 0,186,31,225,6,0.003807 67,169,119,203,6,0.003785 35,185,74,214,6,0.003778 52,175,64,198,3,0.003702 181,165,196,187,6,0.003370 133,183,153,203,6,0.002175 0,189,11,221,6,0.001918 283,176,293,192,6,0.001891 149,189,182,274,0,0.001887 165,178,216,207,6,0.001405 44,168,73,207,3,0.001306 121,175,133,192,3,0.001209 57,193,70,213,1,0.001175 0,199,42,235,6,0.001174
/home/dysjin/data/CARLA.v20-carla_v20.coco/valid/026829_png.rf.e6f26e62f316568466a95ba7fd18d850.jpg 377,220,389,241,3,0.973997 347,217,356,233,3,0.009994 356,218,372,235,3,0.003063 0,223,11,299,2,0.002487
/home/dysjin/data/CARLA.v20-carla_v20.coco/valid/007076_png.rf.d635d979c35f5dd6da756ef9889aef0b.jpg 395,216,420,243,5,0.765490
/home/dysjin/data/CARLA.v20-carla_v20.coco/valid/112475_png.rf.df928fa484eb08e1454caacc1e194352.jpg 336,227,356,297,2,0.954493 341,246,350,288,2,0.042363
/home/dysjin/data/CARLA.v20-carla_v20.coco/valid/Town02_006960_png.rf.eedfb90c1deb0d66a31341acd2e08f4f.jpg 150,164,164,181,3,0.794083 0,180,34,209,6,0.760287 580,176,635,251,6,0.468730 193,177,211,192,6,0.003399 182,178,200,193,6,0.003309 531,7,589,44,6,0.003239 167,175,181,190,6,0.001704 171,181,179,202,0,0.001252 152,182,159,203,0,0.001146 160,181,167,202,0,0.001078 0,159,23,235,6,0.001013
/home/dysjin/data/CARLA.v20-carla_v20.coco/valid/Town05_010860_png.rf.f31c0584fff1474ad2b0f4132e874f7d.jpg 306,183,330,254,0,0.744199 0,182,56,213,6,0.193526 298,178,336,260,1,0.058061 315,187,327,215,0,0.023931 0,196,12,221,6,0.021662 0,199,31,216,6,0.005207 316,198,329,241,0,0.004068 355,178,369,194,3,0.003622 0,203,10,229,0,0.002675 0,185,8,214,6,0.001204 0,196,14,264,0,0.001065 296,206,329,352,1,0.001036
/home/dysjin/data/CARLA.v20-carla_v20.coco/valid/Town05_004800_png.rf.ee7c080c8716cb366969ca625bb6d68b.jpg 242,182,264,205,6,0.683638 219,183,234,204,6,0.079877 348,183,359,205,0,0.068264 350,176,370,199,6,0.058576 363,175,381,195,6,0.011086 211,184,225,204,6,0.008668 150,166,160,185,3,0.005647 382,174,395,191,3,0.004513 147,173,159,190,3,0.004164 221,177,260,201,6,0.002432 390,175,402,191,3,0.001998 382,167,395,186,4,0.001933 184,178,197,197,3,0.001832 615,185,638,323,0,0.001764 266,185,277,202,0,0.001388
/home/dysjin/data/CARLA.v20-carla_v20.coco/valid/Town05_009840_png.rf.f5040ce45ecca2822cb3b1b4ea8a6f61.jpg 286,204,371,261,6,0.878473 294,190,360,230,6,0.008523 355,195,365,218,0,0.005443 346,190,357,209,0,0.004349 282,188,294,207,6,0.003773 208,200,218,217,0,0.002799 330,191,346,206,6,0.002615 270,189,281,207,0,0.001705 417,176,430,193,6,0.001278 316,189,330,204,6,0.001248 294,186,305,206,6,0.001036
/home/dysjin/data/CARLA.v20-carla_v20.coco/valid/041861_png.rf.f5f3812ca6c536c5c25bea3d596be111.jpg 299,235,322,290,0,0.930729 87,248,240,315,6,0.836330 399,207,426,240,4,0.715275 156,233,242,303,6,0.025783 354,223,365,245,4,0.022862 344,226,359,243,4,0.019799 129,247,188,318,6,0.002258 321,228,330,245,3,0.002187 561,200,640,359,6,0.002084 199,229,234,287,6,0.001319 392,203,412,225,4,0.001173 331,228,343,243,4,0.001149 381,210,395,229,4,0.001147
/home/dysjin/data/CARLA.v20-carla_v20.coco/valid/Town02_003120_png.rf.f36fecf8d2ee4965c1f3bddaaaad5f33.jpg 412,190,485,221,6,0.746994 610,181,637,216,6,0.120109 620,184,640,253,6,0.043649 408,198,433,217,6,0.003186 474,187,491,213,6,0.002322 458,184,487,219,6,0.001493 369,158,382,180,3,0.001383 625,187,638,224,6,0.001134
/home/dysjin/data/CARLA.v20-carla_v20.coco/valid/003755_png.rf.f6343810071c5f5401b5697ef363285d.jpg 404,215,436,243,5,0.696963 407,215,432,240,4,0.326738 401,214,437,241,3,0.180036 308,235,321,251,6,0.039422 345,228,357,244,4,0.005512
/home/dysjin/data/CARLA.v20-carla_v20.coco/valid/Town01_003300_png.rf.fae28071a74fa02928094ff14cdbb3aa.jpg 259,206,372,276,6,0.937956 162,189,216,211,6,0.107136 320,191,331,207,6,0.010084 279,190,294,209,6,0.010002 511,181,558,214,6,0.008172 270,189,284,206,6,0.003512 192,197,212,211,6,0.002665 163,199,189,210,6,0.001955 175,198,205,209,6,0.001850 72,192,88,208,6,0.001426 161,198,171,212,0,0.001244
/home/dysjin/data/CARLA.v20-carla_v20.coco/valid/138255_png.rf.fbf65e3e930393318a8312fdaefcae24.jpg 56,231,80,292,2,0.907450 64,248,74,284,2,0.014962 0,245,9,322,2,0.002510 0,235,9,312,2,0.001999 69,238,81,278,2,0.001304
/home/dysjin/data/CARLA.v20-carla_v20.coco/valid/005373_png.rf.f68e0e113c5193c933cbee38c6a6bc2d.jpg 145,234,160,267,2,0.655213 153,237,170,264,2,0.606387 140,234,152,266,2,0.054428 165,232,180,263,2,0.007270 0,254,9,289,6,0.001831 0,224,13,301,2,0.001542
/home/dysjin/data/CARLA.v20-carla_v20.coco/valid/001630_png.rf.ff5ced110f03f998a7a6998ddf647fd2.jpg 411,214,431,241,3,0.948734 170,223,182,242,3,0.073745 355,246,364,268,0,0.009518 399,210,408,231,3,0.007014 608,197,634,251,3,0.005901 520,212,528,238,3,0.004406 171,249,180,274,0,0.003263 173,255,182,281,0,0.002930 355,240,364,257,3,0.002157 347,250,357,270,0,0.001463 615,210,628,240,3,0.001299
/home/dysjin/data/CARLA.v20-carla_v20.coco/valid/006662_png.rf.fa42143249c7b6a780238796639341d3.jpg 463,231,510,307,2,0.429291
/home/dysjin/data/CARLA.v20-carla_v20.coco/valid/Town05_004860_png.rf.f5c138159cbce172c63fa9a736f9c655.jpg 243,181,264,205,6,0.691094 219,183,234,204,6,0.071002 350,176,370,199,6,0.063643 348,183,360,206,0,0.063013 352,182,366,204,1,0.017127 364,175,381,195,6,0.010726 211,184,225,204,6,0.009785 382,167,395,186,4,0.004402 383,174,395,191,3,0.004224 150,166,160,185,3,0.003468 220,177,261,202,6,0.002510 184,178,197,197,3,0.002184 146,174,160,190,3,0.002148 4,169,58,202,6,0.001835 615,186,638,323,0,0.001513 391,175,403,192,4,0.001384 347,192,357,215,0,0.001262 185,185,197,203,6,0.001214
/home/dysjin/data/CARLA.v20-carla_v20.coco/valid/Town01_008460_png.rf.03f3160d63f090b29499596ec3c8c4b5.jpg 22,200,151,252,6,0.911088 564,190,628,221,6,0.623940 537,197,582,221,6,0.141571 541,197,556,219,6,0.064609 515,164,525,186,3,0.030099 82,199,146,245,6,0.016487 113,188,123,210,1,0.007857 584,188,606,208,6,0.002787 622,173,640,224,6,0.002037 545,207,567,222,6,0.001809 114,197,125,218,0,0.001574 238,182,247,210,0,0.001493 22,181,118,364,6,0.001335 509,163,520,186,3,0.001131
/home/dysjin/data/CARLA.v20-carla_v20.coco/valid/005508_png.rf.0ab3da1b4970047c9b42e5bbe5d4e6f1.jpg 30,226,56,288,2,0.608390 97,233,131,314,2,0.311222 91,221,119,302,2,0.032911 37,228,64,272,2,0.002841 38,239,49,274,2,0.002503 86,225,96,246,3,0.001945 410,224,418,241,3,0.001863 417,224,425,241,3,0.001066
/home/dysjin/data/CARLA.v20-carla_v20.coco/valid/Town01_006180_png.rf.089d25ecaf49fe28c7f3bf0c3614732b.jpg 312,185,323,213,6,0.259073 314,192,323,218,1,0.258574 316,185,327,211,0,0.218758 318,179,328,199,6,0.007038 308,179,321,200,6,0.004453 357,175,367,189,3,0.002758 299,186,333,210,6,0.002327 506,197,547,268,2,0.001358
/home/dysjin/data/CARLA.v20-carla_v20.coco/valid/Town02_008340_png.rf.044a76656e2e2fe428cd425926d9acbe.jpg 552,189,612,222,6,0.776840 156,213,224,247,6,0.669610 174,202,247,243,6,0.070235 269,186,285,201,6,0.027689 553,197,585,216,6,0.003915 279,187,291,203,0,0.003901 545,188,573,223,6,0.003270 609,126,637,175,3,0.002551 259,179,271,196,3,0.002486 331,166,342,184,3,0.001795 628,143,638,175,3,0.001668 173,175,182,193,3,0.001372 323,176,331,191,3,0.001211 278,179,293,198,6,0.001031
/home/dysjin/data/CARLA.v20-carla_v20.coco/valid/075710_png.rf.0b62bb94157d1f2113ac6bbefe158022.jpg 308,242,347,270,6,0.976604 158,246,255,304,6,0.875554 0,243,193,412,6,0.832922 230,242,267,279,6,0.323048 0,300,64,480,6,0.037884 0,247,76,458,6,0.011385 253,242,266,272,6,0.009680 358,225,368,244,6,0.005171 230,242,250,260,6,0.003066 0,269,347,320,6,0.002711 0,327,347,359,6,0.002662 220,241,234,258,6,0.002470 325,240,343,264,6,0.001812 242,241,260,263,6,0.001769 228,256,251,279,6,0.001724 239,255,261,277,6,0.001563 283,237,296,252,6,0.001442 383,225,393,241,3,0.001311 310,244,326,267,6,0.001271 350,236,357,262,0,0.001231 0,289,243,307,6,0.001127 211,247,246,296,6,0.001124
/home/dysjin/data/CARLA.v20-carla_v20.coco/valid/041689_png.rf.0d648fbd58416a80b414e4503d51c42e.jpg 302,236,329,311,0,0.794112 109,225,121,243,3,0.002541
/home/dysjin/data/CARLA.v20-carla_v20.coco/valid/003751_png.rf.0ff9ef7c8c8e4f5eab52437609a3b501.jpg 397,213,416,242,4,0.686188 342,228,355,245,4,0.060427 308,235,322,251,6,0.059668 393,219,421,240,5,0.040476 370,213,413,239,4,0.001412
/home/dysjin/data/CARLA.v20-carla_v20.coco/valid/Town02_008820_png.rf.135414697b8215dc125af6b125d3058c.jpg 278,200,366,353,6,0.962974 512,182,557,210,6,0.844801 142,173,156,192,3,0.629172 392,186,404,202,3,0.113329 178,186,200,201,6,0.028742 565,183,625,214,6,0.021302 502,181,600,230,6,0.009246 134,167,157,201,3,0.005669 168,185,188,200,6,0.005556 430,189,437,226,2,0.005271 270,187,279,203,0,0.004015 384,187,395,204,3,0.003907 139,192,148,217,2,0.003118 0,186,16,254,6,0.001892 221,195,229,216,0,0.001813 398,186,417,203,6,0.001621 385,183,435,207,6,0.001359 139,164,151,191,3,0.001328 504,177,516,197,3,0.001139 400,178,416,195,3,0.001137 332,189,342,204,0,0.001098 295,187,303,202,0,0.001053
/home/dysjin/data/CARLA.v20-carla_v20.coco/valid/006664_png.rf.1466f666c872e94bac27eba56bbdfb5b.jpg 480,235,530,316,2,0.882829 477,242,501,321,2,0.015927 404,225,417,243,4,0.002143
/home/dysjin/data/CARLA.v20-carla_v20.coco/valid/014570_png.rf.1235b2ca71c181a49fda1bb53eaa19cd.jpg 435,229,454,288,2,0.970880 64,234,119,258,6,0.925478 299,240,334,262,6,0.729661 0,221,10,299,2,0.004113 329,230,338,260,0,0.003103 100,237,125,256,6,0.002239 0,236,9,304,2,0.002209 0,209,11,291,2,0.001110
/home/dysjin/data/CARLA.v20-carla_v20.coco/valid/112550_png.rf.1ca2fa82e03653536df85cf5faf5753c.jpg 520,231,556,314,2,0.526803 516,224,540,291,2,0.002009
/home/dysjin/data/CARLA.v20-carla_v20.coco/valid/Town02_000780_png.rf.16d5987bcdc7d08470c1b3e757e128e5.jpg 302,185,348,325,1,0.978894 52,185,105,215,6,0.764905 283,184,296,201,6,0.618726 320,178,334,194,6,0.044463 331,179,344,195,6,0.036132 290,186,303,203,6,0.027493 78,188,104,210,6,0.021865 356,177,368,192,3,0.017859 90,185,112,206,6,0.014529 305,178,319,194,6,0.012146 341,180,355,194,3,0.010095 367,178,380,194,3,0.008589 379,179,392,194,3,0.006750 109,176,121,197,3,0.004192 274,185,288,201,0,0.004169 109,182,121,205,0,0.004035 341,183,354,199,6,0.003936 395,187,405,203,3,0.001370 359,166,368,186,3,0.001321 392,179,403,196,3,0.001289
/home/dysjin/data/CARLA.v20-carla_v20.coco/valid/Town02_001500_png.rf.1e8a22666698f8954863a9939bc59942.jpg 180,187,217,216,6,0.673153 609,173,638,330,2,0.006267 584,181,632,282,2,0.005830 407,175,417,195,4,0.002289 409,185,418,203,3,0.001540 441,204,487,229,6,0.001207 369,178,380,196,3,0.001146
/home/dysjin/data/CARLA.v20-carla_v20.coco/valid/Town05_004620_png.rf.0e4a190ca586e0e90df6b90be2c83f5b.jpg 395,178,449,207,6,0.965615 349,181,358,207,0,0.429834 285,183,296,207,0,0.310463 291,181,302,206,0,0.193052 345,177,358,201,6,0.117430 351,177,367,198,6,0.023011 586,180,639,210,6,0.019907 365,177,380,196,6,0.005585 395,187,427,204,6,0.005402 268,184,285,202,0,0.003287 332,183,345,201,0,0.003176 392,184,408,201,6,0.001931 397,178,422,197,6,0.001424 379,175,389,196,6,0.001392 317,186,329,204,0,0.001244 303,184,314,203,0,0.001206 0,216,8,243,0,0.001156 382,182,391,202,0,0.001151 256,186,271,203,0,0.001100
/home/dysjin/data/CARLA.v20-carla_v20.coco/valid/006578_png.rf.21f08e8ed63ab67b3ef05528af8ef9e6.jpg 371,221,384,238,3,0.891092 265,234,289,256,6,0.759333 194,211,205,228,3,0.302766 190,212,199,232,3,0.016083 235,212,243,227,3,0.014892 0,203,19,263,6,0.011249 2,207,14,239,6,0.004872 363,220,375,241,3,0.004394 274,228,293,252,6,0.001430 199,203,208,226,3,0.001065 7,216,20,247,6,0.001000
/home/dysjin/data/CARLA.v20-carla_v20.coco/valid/Town01_004320_png.rf.1f6552094735eb0bd49b614b7e584c58.jpg 255,196,377,293,6,0.791923 364,149,378,175,3,0.019646 0,193,12,221,6,0.005144 359,156,371,181,4,0.003670 296,184,305,201,6,0.002888 331,187,341,207,0,0.002278 194,188,204,205,0,0.002111 78,134,128,166,6,0.002016 319,176,332,195,0,0.001933 319,163,332,182,3,0.001311 0,183,17,232,6,0.001217 353,140,377,183,3,0.001095 1,184,11,213,6,0.001015
/home/dysjin/data/CARLA.v20-carla_v20.coco/valid/Town02_006720_png.rf.2632fd4f3d65ff215e84d472badfd870.jpg 269,188,286,211,6,0.897540 565,173,576,194,3,0.758616 594,190,640,224,6,0.507145 0,166,10,198,3,0.457623 566,170,640,228,6,0.023470 496,211,505,234,0,0.021111 530,161,538,187,3,0.013902 2,193,12,226,6,0.010462 262,191,278,208,6,0.006644 0,190,17,248,6,0.006572 0,151,14,203,3,0.005286 573,174,585,193,3,0.004444 1,185,27,233,6,0.004269 558,174,580,209,3,0.003817 556,165,569,189,3,0.003316 196,186,209,205,6,0.003004 446,204,453,233,0,0.002952 560,180,570,205,3,0.002344 142,190,163,207,6,0.001572 606,130,636,242,6,0.001536 471,164,479,186,3,0.001347 591,199,626,218,6,0.001342 572,181,587,202,6,0.001196 528,185,541,207,6,0.001107 0,162,15,220,6,0.001054 538,172,551,196,3,0.001027 346,196,355,214,0,0.001002
/home/dysjin/data/CARLA.v20-carla_v20.coco/valid/Town05_006900_png.rf.2eaa1f5f6de8c6bffcd968f78f2f53b4.jpg 237,189,258,229,1,0.440605 233,187,257,232,0,0.374455 611,213,640,342,0,0.104543 125,160,131,181,3,0.001394 627,226,640,313,0,0.001035
/home/dysjin/data/CARLA.v20-carla_v20.coco/valid/005482_png.rf.1eef94cb1d26525ab4b64d28fc9be58d.jpg 0,223,34,323,2,0.873466 411,224,418,241,3,0.002085 0,208,20,315,2,0.001701 417,224,425,240,3,0.001466 2,209,27,371,2,0.001310
/home/dysjin/data/CARLA.v20-carla_v20.coco/valid/138251_png.rf.2622df013f55b1f57387212b95c87241.jpg 78,232,99,288,2,0.479755 85,246,94,286,2,0.003382 77,241,90,278,2,0.002447
/home/dysjin/data/CARLA.v20-carla_v20.coco/valid/007070_png.rf.2316a0a54db7e4a749f421570aadd160.jpg 384,220,400,240,5,0.803429 428,226,442,245,5,0.002869
/home/dysjin/data/CARLA.v20-carla_v20.coco/valid/Town05_010920_png.rf.2325292b5e147dc41c10fe128f6256f9.jpg 305,170,343,294,0,0.939838 315,180,331,195,6,0.019854 423,204,445,256,0,0.007102 297,178,307,196,0,0.006880 304,180,322,195,6,0.005607 291,178,313,237,0,0.002426 578,154,640,190,6,0.001396 306,181,319,205,0,0.001284 316,183,329,203,0,0.001026
/home/dysjin/data/CARLA.v20-carla_v20.coco/valid/Town01_006420_png.rf.2b897cd6227874bc930ae1c7e17e3b3b.jpg 310,184,319,214,0,0.632907 383,174,395,192,3,0.296037 315,186,326,211,0,0.185451 347,172,355,189,3,0.029316 295,179,309,198,6,0.010637 0,219,10,244,6,0.005235 210,179,221,197,3,0.004620 585,144,628,221,6,0.002291 390,165,402,186,3,0.001987 298,188,331,211,0,0.001730 376,169,401,200,3,0.001366 353,165,366,185,3,0.001034
/home/dysjin/data/CARLA.v20-carla_v20.coco/valid/Town05_006780_png.rf.253c814d6e368b92a888141244ca1a16.jpg 167,183,210,270,1,0.614480 184,197,213,247,0,0.009636 299,198,325,241,0,0.004335 177,202,218,248,1,0.003028 193,199,206,222,0,0.002118 316,194,327,218,0,0.002022 356,177,370,196,6,0.001989 305,194,317,219,0,0.001850 151,182,214,363,6,0.001103
/home/dysjin/data/CARLA.v20-carla_v20.coco/valid/Town01_008280_png.rf.2f69ce357d9638b109b359e31c238ab4.jpg 288,183,331,209,6,0.374815 64,185,113,208,6,0.360695 279,191,300,208,6,0.199688 315,185,331,208,6,0.118483 194,197,203,214,1,0.049451 190,195,199,214,0,0.016481 382,197,392,220,2,0.011400 344,179,357,196,6,0.007352 288,195,308,210,6,0.006856 187,187,198,211,1,0.006705 403,202,423,220,6,0.003306 270,189,286,205,6,0.002472 354,177,364,196,6,0.001719
/home/dysjin/data/CARLA.v20-carla_v20.coco/valid/Town01_005100_png.rf.262bb9c3104b14f5fb633de3dafd0a52.jpg 572,180,602,219,6,0.089848 585,192,600,219,0,0.027558 3,185,25,206,6,0.015651 574,192,613,221,0,0.004252 575,167,625,235,6,0.002670 0,139,16,206,6,0.001527 1,154,10,191,6,0.001446 2,170,13,202,6,0.001076 0,154,19,214,6,0.001010
/home/dysjin/data/CARLA.v20-carla_v20.coco/valid/Town01_011940_png.rf.2554f5ab3ce2122d2ef300838472450f.jpg 561,196,603,220,6,0.532203 206,184,268,232,6,0.427040 76,0,127,32,6,0.017543 334,185,344,207,1,0.015062 567,194,585,219,1,0.011800 26,173,34,200,3,0.010301 0,0,37,31,6,0.005399 27,181,35,210,3,0.003759 5,2,25,24,6,0.003478 267,177,281,199,6,0.003211 542,163,555,187,3,0.002384 4,169,33,219,6,0.002266 1,0,13,27,6,0.002215 258,176,274,197,6,0.001903 557,178,604,239,1,0.001678 612,177,630,199,3,0.001666 26,158,34,191,3,0.001572 208,207,223,228,0,0.001522 580,195,603,216,0,0.001496 554,162,563,186,3,0.001484 571,175,617,238,6,0.001147 20,144,39,203,3,0.001071 20,159,39,212,3,0.001035 576,189,615,258,0,0.001031
/home/dysjin/data/CARLA.v20-carla_v20.coco/valid/041684_png.rf.2f70db5ab75442cd11fffa13a776ae97.jpg 309,236,334,306,0,0.825419 295,239,319,319,0,0.006120 405,213,414,235,3,0.002079 122,225,130,243,3,0.001741
/home/dysjin/data/CARLA.v20-carla_v20.coco/valid/Town05_010980_png.rf.2071755951cd753466eb2cc53fd2fe0c.jpg 304,174,339,289,0,0.926464 269,187,280,205,0,0.001092
/home/dysjin/data/CARLA.v20-carla_v20.coco/valid/112459_png.rf.33bdc5bd58f0f631808a95c4ceb9a78f.jpg 289,228,312,296,2,0.909462 294,248,304,286,2,0.014272
/home/dysjin/data/CARLA.v20-carla_v20.coco/valid/041653_png.rf.31aa86a50239c7e6cbc52c66846dac06.jpg 303,233,330,313,0,0.883677 439,217,459,274,2,0.001821 2,213,31,260,6,0.001584 419,213,426,229,3,0.001252 315,239,328,287,0,0.001145 7,233,23,256,6,0.001053
/home/dysjin/data/CARLA.v20-carla_v20.coco/valid/041819_png.rf.374472e0a0868df264a4100cb7734e35.jpg 15,238,67,263,6,0.874766 169,221,185,241,4,0.852987 107,241,132,298,0,0.835689 160,220,177,240,4,0.080744 149,223,162,240,4,0.011729 13,247,47,263,6,0.004808 117,241,132,283,0,0.003528 171,233,183,247,4,0.003056 114,258,124,299,0,0.002175 122,235,133,257,0,0.001379 320,455,378,480,6,0.001211 122,229,133,244,3,0.001166 528,209,542,233,4,0.001068
/home/dysjin/data/CARLA.v20-carla_v20.coco/valid/Town05_010800_png.rf.3489607b659edfbc485537135e06f34b.jpg 0,198,147,270,6,0.800054 306,185,330,253,0,0.623010 136,189,166,205,6,0.188029 309,187,321,212,0,0.048025 315,187,327,214,0,0.014685 49,189,115,256,6,0.011269 130,176,173,203,6,0.009687 347,185,355,205,0,0.009532 299,180,335,258,1,0.006738 380,163,392,182,3,0.005821 371,162,380,186,3,0.005670 304,180,319,198,6,0.004170 299,184,310,205,0,0.003676 316,200,329,240,0,0.003519 18,2,98,247,6,0.003308 373,187,379,205,3,0.002825 33,199,91,271,6,0.002070 4,186,34,280,6,0.001991 392,164,403,182,3,0.001985 344,179,356,195,3,0.001606 209,194,218,215,0,0.001101
/home/dysjin/data/CARLA.v20-carla_v20.coco/valid/Town02_001080_png.rf.2d29b90fb99ccf7727caeaa1914436b4.jpg 302,184,347,324,1,0.979334 0,198,82,380,6,0.815610 112,187,247,266,6,0.784610 280,183,295,203,6,0.748124 0,237,82,380,6,0.398540 320,182,332,203,6,0.075943 329,179,343,196,6,0.029537 309,178,323,197,6,0.018452 356,177,368,193,3,0.016192 51,206,227,296,6,0.012198 341,179,356,194,6,0.010292 367,177,380,194,3,0.010195 379,178,392,194,3,0.008655 179,187,237,250,6,0.003989 289,178,306,198,6,0.002534 393,178,403,195,3,0.002224 358,166,368,186,3,0.001342 5,186,327,317,6,0.001265 129,197,190,271,6,0.001203 232,177,244,191,6,0.001047 313,177,338,209,6,0.001044
/home/dysjin/data/CARLA.v20-carla_v20.coco/valid/Town02_005700_png.rf.39e8547ff43ddaa06ed2b24f114c8a27.jpg 231,213,414,347,6,0.918382 285,184,297,202,6,0.287388 198,162,210,181,3,0.217719 291,184,303,201,0,0.073839 317,177,331,195,6,0.048398 305,176,324,195,6,0.047567 380,152,390,175,3,0.034780 289,179,306,198,6,0.020309 558,189,584,205,6,0.017168 375,162,383,178,3,0.014492 243,180,256,193,3,0.010601 203,164,218,182,3,0.010189 273,186,287,200,0,0.006858 237,178,248,192,3,0.006473 120,190,141,206,6,0.005170 0,122,11,151,6,0.002936 305,184,318,199,0,0.002755 116,187,163,210,6,0.002493 181,163,200,181,3,0.002307 536,191,557,206,6,0.002305 319,184,328,199,0,0.002139 195,143,216,184,3,0.001465 375,191,382,220,0,0.001396 169,162,210,183,6,0.001060
/home/dysjin/data/CARLA.v20-carla_v20.coco/valid/Town02_002040_png.rf.3d0fd4b3b3749ac8ebdf480959eb8e66.jpg 292,187,342,323,1,0.977950 269,186,287,212,6,0.727929 8,186,108,380,6,0.545425 43,179,114,330,1,0.157503 399,163,407,183,3,0.123901 274,187,320,211,6,0.122355 53,186,81,225,0,0.072744 116,194,161,216,6,0.068490 289,173,338,297,6,0.064011 60,173,110,292,0,0.044041 53,163,65,183,3,0.036455 59,161,71,182,3,0.025175 54,173,65,191,3,0.014968 61,183,73,210,0,0.014559 59,174,71,194,3,0.013772 356,163,366,180,3,0.007963 59,149,74,174,3,0.006820 265,187,275,208,0,0.005550 404,149,413,173,3,0.005033 69,190,81,218,0,0.004209 343,165,356,180,3,0.003604 335,163,344,179,3,0.003482 141,195,159,215,6,0.003381 304,190,317,209,6,0.002945 180,163,195,186,6,0.002701 71,160,83,181,3,0.002424 123,174,134,193,3,0.002354 123,163,135,185,3,0.001971 0,156,78,361,6,0.001816 287,195,309,211,6,0.001672 70,182,81,206,0,0.001365 132,189,152,210,6,0.001356 56,172,106,250,1,0.001282 56,190,126,222,6,0.001245 82,164,96,182,3,0.001188 134,175,145,195,3,0.001131 20,221,109,327,6,0.001048 0,233,81,380,6,0.001046 52,126,79,175,3,0.001037 91,181,145,214,6,0.001027
/home/dysjin/data/CARLA.v20-carla_v20.coco/valid/075707_png.rf.2ff4a82560cfe658387e361a6cc43ef0.jpg 307,243,348,270,6,0.979124 158,245,256,304,6,0.898326 0,223,196,385,6,0.816307 230,241,268,279,6,0.280666 0,301,65,480,6,0.028346 358,226,368,245,6,0.009395 0,246,78,457,6,0.007827 230,242,250,260,6,0.007455 254,241,266,272,0,0.004653 221,240,235,258,6,0.004352 241,240,260,263,6,0.003908 0,269,355,320,6,0.002963 0,327,338,358,6,0.002738 309,245,325,267,6,0.001747 354,250,366,267,6,0.001642 200,242,256,281,6,0.001568 324,241,343,263,6,0.001536 229,256,251,279,6,0.001314 350,237,357,262,0,0.001302 0,289,249,307,6,0.001228 383,225,393,241,3,0.001117 358,235,367,255,6,0.001073
/home/dysjin/data/CARLA.v20-carla_v20.coco/valid/138320_png.rf.332f3bdf3abffc7dd973858c3061b801.jpg 58,228,79,288,2,0.917668 65,246,75,286,2,0.003651 49,240,81,309,2,0.001123 245,236,257,256,6,0.001041
/home/dysjin/data/CARLA.v20-carla_v20.coco/valid/003766_png.rf.3dbe103da1003d1fb3bd18ad0d0894b4.jpg 467,197,507,247,5,0.818533 459,200,500,244,4,0.573644 309,234,322,252,6,0.100867 356,229,367,245,3,0.045583
/home/dysjin/data/CARLA.v20-carla_v20.coco/valid/121245_png.rf.3c6765f574e34bb200e320d55fc2ffe7.jpg 264,254,364,321,6,0.956049 199,245,207,266,0,0.004902 206,247,215,264,0,0.001159
/home/dysjin/data/CARLA.v20-carla_v20.coco/valid/Town05_011040_png.rf.3f658b3c60547a5478cb61d6b76eb55c.jpg 311,182,321,217,0,0.366534 315,186,328,226,0,0.250751 305,186,326,245,0,0.019297 312,184,339,280,0,0.004838 317,176,329,203,0,0.002885 306,191,343,220,0,0.002371 617,197,640,313,0,0.001268
/home/dysjin/data/CARLA.v20-carla_v20.coco/valid/Town02_004920_png.rf.3cdedb8ebbe317a63567ec577e3789a8.jpg 307,198,330,241,1,0.592298 305,190,328,237,0,0.282963 335,174,346,193,3,0.055873 341,177,353,192,3,0.036054 169,187,185,201,6,0.031373 369,184,380,202,6,0.011317 309,191,320,213,0,0.004399 353,179,369,195,6,0.003981 323,178,336,195,3,0.003347 159,186,172,201,6,0.003135 416,183,430,207,2,0.002028 171,180,184,196,6,0.001861 219,188,234,203,6,0.001693 343,181,353,201,6,0.001622 338,180,344,205,0,0.001313 200,195,208,215,0,0.001139 406,187,419,207,6,0.001057
/home/dysjin/data/CARLA.v20-carla_v20.coco/valid/Town05_002760_png.rf.41faa57cc70298c90c62fe9f6a3f08c9.jpg 256,184,264,206,0,0.075977 101,186,110,209,0,0.041391 249,183,258,205,0,0.032900 107,188,121,208,0,0.016358 317,190,327,205,0,0.007145 242,179,259,197,6,0.006090 118,189,134,204,0,0.004996 382,187,394,202,0,0.003365 306,189,317,204,0,0.003150 233,176,250,194,6,0.002274 444,134,456,159,4,0.002191 293,188,305,202,0,0.002113 248,186,272,226,0,0.001656 283,186,292,201,0,0.001605 268,186,278,202,0,0.001121
/home/dysjin/data/CARLA.v20-carla_v20.coco/valid/Town02_001740_png.rf.4072bb166a4df4f9403df039e28a73f3.jpg 295,188,341,319,1,0.987943 399,162,407,182,3,0.079436 65,170,120,202,6,0.021905 51,173,61,193,3,0.013781 53,163,63,185,3,0.011872 122,175,133,193,3,0.011174 111,177,125,194,3,0.007406 356,163,366,180,3,0.007345 404,149,412,173,3,0.004791 343,165,357,180,3,0.004093 143,187,162,203,6,0.003709 307,189,317,203,6,0.003563 334,164,343,179,3,0.003148 59,161,70,181,3,0.002953 283,176,293,192,6,0.002801 59,149,73,174,3,0.002582 124,163,135,186,3,0.002359 0,179,7,211,6,0.001341 124,208,132,230,0,0.001055 57,185,109,204,6,0.001011
/home/dysjin/data/CARLA.v20-carla_v20.coco/valid/026849_png.rf.52e90800c02b90489d2521817c6942f7.jpg 422,203,453,245,3,0.998022 357,233,366,255,2,0.007917 394,212,401,232,3,0.006615 357,216,365,233,3,0.003775 384,214,395,231,3,0.002762 356,226,364,246,3,0.002689 348,217,358,235,3,0.002485 394,223,401,242,3,0.002435 394,199,404,225,3,0.001074 368,216,379,232,3,0.001051
/home/dysjin/data/CARLA.v20-carla_v20.coco/valid/Town02_001560_png.rf.44c7e46d6d34263ac9f429ccb2cd2655.jpg 75,191,89,222,1,0.489045 68,182,88,221,0,0.152104 63,188,80,212,6,0.097711 79,189,95,224,0,0.072827 13,185,26,206,6,0.023474 23,174,32,198,3,0.018953 51,187,66,206,6,0.014152 22,181,33,206,0,0.008850 66,192,80,216,1,0.006538 2,184,15,209,6,0.004945 122,188,134,203,6,0.004180 49,192,94,217,6,0.003699 224,181,232,213,2,0.002185 59,186,86,222,1,0.001789 24,164,32,187,3,0.001545 74,177,84,202,3,0.001478 16,176,27,201,6,0.001164 7,176,30,211,6,0.001005
/home/dysjin/data/CARLA.v20-carla_v20.coco/valid/Town02_003420_png.rf.4347a7bee8aec9f5c84eb5295856f9a9.jpg 328,201,375,233,6,0.778357 10,184,117,242,6,0.265278 44,202,111,237,6,0.079609 323,179,396,242,6,0.003691 348,200,373,222,6,0.002727 0,192,65,228,6,0.001963 0,178,18,241,6,0.001696 330,184,373,247,1,0.001695 579,183,640,206,6,0.001343 56,188,108,243,1,0.001322 624,182,640,262,0,0.001168 325,193,356,228,0,0.001109 613,187,640,276,6,0.001036
/home/dysjin/data/CARLA.v20-carla_v20.coco/valid/Town01_006060_png.rf.3d76b002da6076434f028293d0c4a498.jpg 295,188,340,276,1,0.564116 423,200,443,221,6,0.017001 293,162,333,266,6,0.004816 404,177,417,194,3,0.001980 617,161,630,186,3,0.001073
/home/dysjin/data/CARLA.v20-carla_v20.coco/valid/Town02_007800_png.rf.4e6520c0e9dd39a93f5048a2caea0283.jpg 338,196,409,224,6,0.539300 606,189,640,231,6,0.482961 308,186,322,204,6,0.226713 383,196,431,230,6,0.182180 176,159,186,179,3,0.120782 316,187,329,210,6,0.097061 319,191,362,224,6,0.057130 513,184,532,206,6,0.040581 281,187,291,201,0,0.024757 324,190,435,240,6,0.013918 379,151,390,175,3,0.009997 270,189,282,203,0,0.009599 325,194,346,217,6,0.009166 293,186,306,201,6,0.007579 169,143,192,182,3,0.005106 232,180,244,195,3,0.004987 504,184,523,202,6,0.004498 283,179,294,198,6,0.003729 550,186,563,205,6,0.002892 614,205,633,232,6,0.002848 501,174,542,204,6,0.002351 620,202,640,263,6,0.002346 554,177,564,197,3,0.002112 398,208,426,225,6,0.002101 536,186,555,204,6,0.002087 371,150,383,177,3,0.001924 220,186,234,200,6,0.001402 335,197,359,217,6,0.001321 220,180,233,197,3,0.001309 0,171,14,247,2,0.001072 329,207,349,224,6,0.001032 0,189,12,251,2,0.001016
/home/dysjin/data/CARLA.v20-carla_v20.coco/valid/Town01_001860_png.rf.53e5db5983ad00d8986ebdc44e1e76ef.jpg 186,209,437,359,6,0.947879 294,182,308,205,0,0.203230 318,183,331,203,6,0.060283 285,184,300,201,6,0.052511 292,177,309,200,6,0.018610 302,184,323,200,6,0.018222 330,182,338,205,0,0.003728 293,172,332,200,6,0.003269 288,187,340,221,6,0.002547 4,283,614,302,6,0.002470 140,183,149,209,0,0.001754 118,235,492,259,6,0.001716 152,155,463,380,6,0.001635 289,182,316,225,0,0.001609 141,192,149,216,0,0.001265 513,186,526,204,3,0.001262
/home/dysjin/data/CARLA.v20-carla_v20.coco/valid/Town01_006120_png.rf.405fede50ad311216cb9943968a5cdf5.jpg 317,186,328,215,6,0.342652 318,191,329,222,1,0.336922 357,166,368,182,3,0.015125 367,166,377,181,3,0.002993 476,170,521,197,6,0.002646 308,197,341,219,0,0.001484 308,180,325,199,6,0.001430
/home/dysjin/data/CARLA.v20-carla_v20.coco/valid/041864_png.rf.51f1d81198f2e5b7a450f586235760ec.jpg 414,205,440,241,4,0.915085 300,236,324,290,0,0.910110 80,241,234,314,6,0.426596 353,226,368,245,4,0.065167 193,232,238,258,6,0.017879 58,263,169,327,6,0.010074 175,234,228,305,1,0.008478 343,227,359,243,4,0.008242 399,197,435,229,4,0.003811 181,229,230,295,6,0.003640 321,228,331,245,3,0.002573 72,279,137,315,6,0.001611 205,228,225,248,6,0.001272 406,188,422,215,4,0.001196 357,214,368,237,4,0.001100
/home/dysjin/data/CARLA.v20-carla_v20.coco/valid/Town01_012060_png.rf.58e57e1a7e8d4f630323ae1827ca68bc.jpg 561,197,603,220,6,0.523880 76,0,127,31,6,0.017611 26,173,34,201,3,0.008753 334,186,346,205,1,0.007537 0,0,37,31,6,0.005813 613,177,630,199,3,0.004325 5,2,25,24,6,0.003931 27,181,35,210,3,0.003628 1,0,13,27,6,0.002520 4,170,33,219,6,0.002215 269,188,284,204,6,0.002093 338,186,354,203,6,0.001435 557,178,604,239,0,0.001109 576,190,615,259,0,0.001085 26,158,34,191,3,0.001006 599,173,640,204,3,0.001003
/home/dysjin/data/CARLA.v20-carla_v20.coco/valid/009044_png.rf.59d4a83882b4b6af242cbd9e0e31ba80.jpg 564,220,576,243,3,0.949716 1,206,13,241,3,0.788765 530,209,539,234,3,0.252516 552,214,573,240,3,0.092045 346,229,354,246,3,0.064192 8,211,17,237,3,0.016460 538,212,554,234,3,0.015456 522,210,533,234,3,0.004688 1,181,16,249,3,0.003685 594,216,640,255,6,0.003490 532,232,540,255,3,0.003073 526,207,545,254,3,0.002436 540,222,556,244,3,0.002321 0,230,9,310,2,0.002311 534,201,559,244,3,0.002224 0,221,11,298,2,0.002099 5,196,20,250,3,0.002077 0,156,15,246,3,0.001783 573,223,584,240,3,0.001734
/home/dysjin/data/CARLA.v20-carla_v20.coco/valid/Town02_002520_png.rf.55f8a7c01a8e4b86c99a794d7b61cd5d.jpg 166,201,220,234,6,0.974494 201,184,424,331,6,0.968654 147,178,159,195,3,0.194656 394,145,406,173,3,0.007492 360,181,368,205,0,0.005961 369,182,377,204,0,0.005857 155,184,170,204,6,0.004868 369,174,377,194,3,0.004630 307,182,315,206,0,0.002168 147,182,158,201,1,0.001869 388,135,410,182,6,0.001747 162,188,192,229,6,0.001472 168,208,185,228,6,0.001271
/home/dysjin/data/CARLA.v20-carla_v20.coco/valid/Town02_008760_png.rf.5bfb07b6a5fbe6700b4b9c150b9c6576.jpg 279,201,366,352,6,0.963219 142,173,156,192,3,0.597090 510,180,558,210,6,0.470563 275,184,286,203,6,0.456186 524,178,589,214,6,0.167986 568,183,625,207,6,0.055142 179,186,199,201,6,0.050435 393,186,405,203,3,0.033936 509,187,536,206,6,0.005437 430,190,437,226,2,0.005421 596,188,621,208,6,0.004770 168,185,188,200,6,0.004746 265,193,288,247,0,0.003623 135,166,157,203,3,0.003398 262,187,275,202,0,0.003152 585,186,611,204,6,0.002547 0,187,17,254,6,0.002524 562,183,581,205,6,0.002183 606,182,635,231,6,0.001913 139,193,148,216,2,0.001655 382,188,393,204,3,0.001634 570,184,595,203,6,0.001546 401,177,416,195,3,0.001363 399,186,417,203,6,0.001351 333,189,343,205,0,0.001069
/home/dysjin/data/CARLA.v20-carla_v20.coco/valid/Town01_008100_png.rf.5942043a53e2ea3c62572bf7029ed896.jpg 279,185,296,204,6,0.383573 386,198,405,213,6,0.213488 338,186,356,202,6,0.033898 173,184,187,204,1,0.030765 333,183,345,200,6,0.028807 114,189,143,206,6,0.018899 379,192,395,210,6,0.008422 158,183,178,200,6,0.007471 170,179,185,200,6,0.005875 580,170,639,199,6,0.004268 354,189,370,204,6,0.003717 304,178,320,196,6,0.003703 69,186,137,209,6,0.003439 318,179,332,196,6,0.003422 290,185,304,202,6,0.003020 412,187,462,210,6,0.002449 102,188,130,204,6,0.002374 439,191,457,209,6,0.002346 416,190,434,205,6,0.002164 426,191,448,207,6,0.002073 366,192,382,207,6,0.001639 167,178,191,209,0,0.001035
/home/dysjin/data/CARLA.v20-carla_v20.coco/valid/Town01_010680_png.rf.5537782525200ced228c602e6dcc3456.jpg 372,179,383,194,3,0.804251 230,178,242,198,3,0.125931 569,0,622,26,6,0.010039 225,184,238,201,3,0.009607 358,178,375,191,3,0.008103 178,177,201,198,6,0.006260 192,177,210,197,6,0.003920 232,195,241,212,0,0.003482 211,179,223,197,3,0.003383 334,190,342,205,0,0.003360 170,177,187,196,6,0.001704 584,1,607,20,6,0.001535 333,180,343,193,3,0.001227 154,173,205,199,6,0.001134
/home/dysjin/data/CARLA.v20-carla_v20.coco/valid/121155_png.rf.5eeb1497380edc240a771f68b9d34669.jpg 564,219,604,303,2,0.949035 227,268,420,391,6,0.932602 214,243,221,266,0,0.021833 211,239,220,259,0,0.006475 0,304,12,331,6,0.004450 309,240,320,257,0,0.003556
/home/dysjin/data/CARLA.v20-carla_v20.coco/valid/007085_png.rf.5a7141063cfddac158b01dce18de1e48.jpg 428,209,464,242,5,0.966057 437,211,455,234,5,0.004437 531,220,544,245,4,0.001261
/home/dysjin/data/CARLA.v20-carla_v20.coco/valid/Town05_006720_png.rf.717ce1e22225ab6a97befb2b8effcc2a.jpg 176,200,212,250,1,0.154915 383,162,391,183,3,0.029538 344,186,354,205,0,0.018348 93,192,113,206,6,0.016007 103,186,159,203,6,0.004624 335,187,343,207,0,0.004402 198,191,206,209,0,0.002272 129,192,148,208,6,0.002182 114,192,143,206,6,0.001890 205,199,218,221,0,0.001790 391,163,401,179,3,0.001685 195,201,209,225,0,0.001560 170,194,198,269,1,0.001414 317,187,329,205,0,0.001282 191,205,212,234,1,0.001273 294,186,304,204,0,0.001230 188,191,197,208,0,0.001002
/home/dysjin/data/CARLA.v20-carla_v20.coco/valid/Town01_006600_png.rf.612f31973b2db2fda3ee5293fd937a64.jpg 375,188,393,210,6,0.389366 294,195,309,207,6,0.010170 601,0,637,77,6,0.005292 373,195,385,211,0,0.003055 160,211,169,229,0,0.001526 294,197,304,210,0,0.001128
/home/dysjin/data/CARLA.v20-carla_v20.coco/valid/112469_png.rf.4fea3a1e3f0858f468ecb362968a08fb.jpg 313,234,336,301,2,0.857311 319,251,330,286,2,0.004951
/home/dysjin/data/CARLA.v20-carla_v20.coco/valid/Town05_009540_png.rf.67accf9da191af14c5f05da1b6fe1e58.jpg 599,183,638,206,6,0.502137 170,176,186,195,6,0.001980 592,185,604,205,0,0.001114
/home/dysjin/data/CARLA.v20-carla_v20.coco/valid/041820_png.rf.69e77a8e269d90d89efc21e5026a7083.jpg 29,239,78,262,6,0.906684 115,239,142,298,0,0.846729 180,221,196,241,4,0.719109 172,219,188,240,4,0.120985 160,223,175,241,4,0.025774 24,248,60,263,6,0.003490 124,250,137,287,0,0.003311 438,0,459,9,6,0.002641 0,229,8,263,6,0.001793 208,209,224,233,4,0.001677 194,205,235,237,4,0.001314 441,0,457,19,6,0.001295 147,225,160,240,4,0.001098
/home/dysjin/data/CARLA.v20-carla_v20.coco/valid/121278_png.rf.6607158f1164a75baf620dcb66d1b07e.jpg 265,255,366,319,6,0.937899 244,238,261,261,1,0.230072 232,242,252,260,6,0.010435 236,245,248,261,1,0.007212 335,239,344,259,0,0.001450 609,242,631,258,6,0.001001
/home/dysjin/data/CARLA.v20-carla_v20.coco/valid/Town02_004620_png.rf.7280640e1c163e7c4b28010b90659788.jpg 219,193,405,324,6,0.913317 282,182,294,202,6,0.520231 311,182,324,202,6,0.246651 141,186,164,205,6,0.233254 384,160,391,184,3,0.009758 453,222,492,251,6,0.007396 374,163,383,183,3,0.006993 345,185,353,206,0,0.004599 290,179,306,198,6,0.004051 155,185,170,202,6,0.003672 272,179,290,198,6,0.003371 380,148,391,175,3,0.002816 163,164,173,184,3,0.002363 132,174,172,203,6,0.002254 173,161,180,184,3,0.002070 344,175,354,199,6,0.001797 333,177,342,198,6,0.001683 347,191,356,220,0,0.001222 81,172,102,224,2,0.001121
/home/dysjin/data/CARLA.v20-carla_v20.coco/valid/Town05_016500_png.rf.75b431585ae9c755044e81517b796324.jpg 458,179,472,199,3,0.925138 350,197,395,238,6,0.778679 0,195,89,292,6,0.594701 106,199,226,245,6,0.529111 344,206,356,234,6,0.056863 4,157,79,376,6,0.037418 172,200,229,235,6,0.029061 433,188,442,205,6,0.014455 346,184,356,209,6,0.011801 340,185,363,233,0,0.007683 433,195,441,211,1,0.007526 376,193,389,229,6,0.007093 114,205,173,241,6,0.006792 351,190,370,211,6,0.006474 446,179,463,199,3,0.005054 373,192,392,233,0,0.004654 347,191,356,224,0,0.003459 134,179,188,250,6,0.003282 2,181,13,214,6,0.003025 0,191,12,222,6,0.002961 352,187,392,217,6,0.002722 338,206,345,233,0,0.002642 335,183,343,205,0,0.002570 0,180,18,232,6,0.002421 380,188,389,215,0,0.002164 342,217,356,237,1,0.002110 333,206,375,235,6,0.002106 363,197,386,222,6,0.002106 205,197,220,221,0,0.002088 332,177,344,195,6,0.001718 3,169,13,200,3,0.001403 351,181,367,198,6,0.001125 9,172,21,194,3,0.001026
/home/dysjin/data/CARLA.v20-carla_v20.coco/valid/Town02_001020_png.rf.79741d4293c684a4f4e895c08f1290d5.jpg 302,183,348,327,1,0.969619 0,195,81,380,6,0.813147 0,237,82,380,6,0.438936 193,184,206,214,0,0.272521 279,187,296,203,6,0.238528 289,182,332,209,6,0.231532 356,177,368,193,3,0.020316 188,187,200,211,0,0.018560 334,179,346,196,3,0.013747 342,183,354,200,6,0.011353 342,180,356,195,3,0.010814 368,178,381,194,3,0.010532 379,178,392,194,3,0.009721 274,186,285,204,0,0.009354 181,184,221,213,0,0.003963 111,177,124,195,3,0.002954 332,183,343,201,6,0.002923 197,176,207,201,0,0.002607 392,178,402,195,3,0.001566 317,179,331,198,6,0.001311 358,166,368,186,3,0.001283
/home/dysjin/data/CARLA.v20-carla_v20.coco/valid/004996_png.rf.758bfe0873e6cba6e1d99146894cae01.jpg 490,255,511,318,2,0.958400 496,273,507,310,2,0.011892 357,244,366,267,2,0.006192
/home/dysjin/data/CARLA.v20-carla_v20.coco/valid/Town02_001620_png.rf.77cda18f042297c4b15936a35acef602.jpg 299,187,332,255,1,0.453610 299,187,331,237,6,0.072348 312,189,332,210,6,0.038536 182,183,193,208,0,0.030845 177,181,187,208,0,0.006908 221,188,232,203,6,0.003501 185,195,193,213,0,0.003280 356,166,366,182,3,0.003213 133,195,145,219,0,0.003131 176,176,185,196,3,0.002290 183,175,194,197,3,0.002159 337,165,345,184,3,0.002091 171,173,192,215,0,0.001890 345,165,355,182,3,0.001421 302,185,310,210,0,0.001363 369,166,378,182,3,0.001349 244,188,257,202,6,0.001229
/home/dysjin/data/CARLA.v20-carla_v20.coco/valid/112362_png.rf.868e587d8bdd37c81e4872223fbdbeb4.jpg 152,225,170,284,2,0.887940 151,230,179,308,2,0.001414
/home/dysjin/data/CARLA.v20-carla_v20.coco/valid/Town05_010080_png.rf.88fb23d739ffa2beacd3c5735d172d03.jpg 312,181,322,218,0,0.752862 271,182,283,202,6,0.331992 346,165,356,183,3,0.008305 276,184,291,202,0,0.007088 356,174,367,186,3,0.004658 0,30,42,65,6,0.003467 306,192,342,218,0,0.003181 297,185,311,204,0,0.002210 328,186,339,208,0,0.002201 318,176,328,204,0,0.002035 261,183,275,201,0,0.001429 405,196,414,217,0,0.001276 263,175,291,200,6,0.001206 332,180,343,196,0,0.001005
/home/dysjin/data/CARLA.v20-carla_v20.coco/valid/026847_png.rf.7a28094ba474fb2fab06e58f1ebea83c.jpg 413,205,441,244,3,0.998857 347,217,357,235,3,0.005198 357,234,366,254,2,0.003095 356,216,365,231,3,0.002946 368,216,379,231,3,0.002646 0,216,12,307,2,0.002557 356,226,365,243,3,0.001259
/home/dysjin/data/CARLA.v20-carla_v20.coco/valid/075709_png.rf.7dd638ab9af378bf60aaa2fb92a0aea4.jpg 307,242,347,270,6,0.982490 158,246,255,304,6,0.888586 0,242,193,412,6,0.830408 230,242,267,278,6,0.333479 0,296,67,453,6,0.040361 357,226,368,245,6,0.012683 253,242,266,272,6,0.010749 230,242,250,260,6,0.004730 0,268,348,320,6,0.002856 220,241,234,258,6,0.002779 0,327,340,359,6,0.002653 3,313,41,475,6,0.002317 242,241,260,263,6,0.002086 324,240,343,264,6,0.002030 351,236,357,262,0,0.001947 283,237,297,253,6,0.001931 228,256,250,279,6,0.001675 294,240,304,256,6,0.001654 310,244,326,267,6,0.001564 0,301,65,480,6,0.001238 0,289,248,307,6,0.001183 211,247,246,296,6,0.001050 239,255,261,277,6,0.001008
/home/dysjin/data/CARLA.v20-carla_v20.coco/valid/Town02_007380_png.rf.8809896fc46f6266a6729640bbc68e4c.jpg 563,194,630,221,6,0.451460 279,185,295,204,6,0.243664 275,188,289,206,1,0.034340 30,0,77,29,6,0.021456 560,182,607,241,6,0.015278 128,0,175,50,6,0.005192 336,176,343,194,3,0.004984 292,179,305,197,6,0.004824 489,166,509,248,2,0.003497 555,165,564,183,3,0.003084 223,173,233,189,3,0.002546 257,176,303,200,6,0.002164 275,194,284,212,0,0.002019 271,180,289,199,6,0.001929 512,187,531,208,6,0.001913 568,198,597,216,6,0.001715 336,182,343,201,0,0.001387 322,179,333,195,6,0.001264 563,196,580,216,6,0.001238 306,179,317,195,6,0.001201
/home/dysjin/data/CARLA.v20-carla_v20.coco/valid/Town01_007500_png.rf.7e4c2487265d812d93246e09a19aeab2.jpg 544,160,640,223,6,0.893797 257,192,278,215,6,0.810888 528,177,559,217,6,0.030816 343,165,355,185,4,0.027344 278,188,290,205,6,0.006091 157,214,170,230,0,0.005297 75,200,84,216,3,0.002273 537,193,553,217,6,0.002082 539,153,584,223,6,0.001735 248,195,265,214,6,0.001366 0,217,9,245,6,0.001323 529,185,547,209,6,0.001202 293,181,308,196,6,0.001002
/home/dysjin/data/CARLA.v20-carla_v20.coco/valid/Town05_007500_png.rf.8a81a882e564e9e99b5c951d3e18dbbc.jpg 350,179,391,200,6,0.652801 304,180,319,194,6,0.036385 346,179,358,196,6,0.035616 349,182,360,201,0,0.028913 256,178,266,198,0,0.024110 372,182,394,201,6,0.021989 296,179,311,194,0,0.007583 248,178,259,196,0,0.003980 195,141,209,161,4,0.003271 305,183,314,200,0,0.003201 207,148,218,167,3,0.001999 202,98,229,146,3,0.001624 220,140,230,161,3,0.001273 155,190,172,206,0,0.001041 198,146,210,165,3,0.001031 188,138,200,160,4,0.001028
/home/dysjin/data/CARLA.v20-carla_v20.coco/valid/Town02_005520_png.rf.8a9d2ba4122736ea3845c9e405936cce.jpg 75,198,130,224,6,0.863301 606,186,638,231,6,0.118977 0,196,11,221,6,0.083549 103,200,130,221,6,0.028675 39,198,101,222,6,0.004285 211,148,220,172,3,0.003611 62,202,96,218,6,0.002138 622,182,640,255,6,0.001483 327,187,351,202,6,0.001213 0,203,10,228,6,0.001148 370,199,378,219,0,0.001018
/home/dysjin/data/CARLA.v20-carla_v20.coco/valid/041735_png.rf.891d950e6341a379e0a80f54f49c126a.jpg 272,236,301,307,0,0.815202 0,208,10,287,2,0.004444 0,223,9,293,2,0.003547 0,192,11,280,2,0.001904 271,236,300,411,0,0.001144
/home/dysjin/data/CARLA.v20-carla_v20.coco/valid/041669_png.rf.8f16c7cc68671f71ba068edf120b2a61.jpg 300,234,331,311,0,0.714144
/home/dysjin/data/CARLA.v20-carla_v20.coco/valid/003814_png.rf.9123d8ff8e23490d6f5201cb816e4fc2.jpg 546,172,616,251,3,0.921709 291,236,315,258,6,0.759945 286,237,301,259,0,0.009819 302,228,316,252,6,0.001996 15,116,71,154,6,0.001617 270,239,282,256,6,0.001506 381,227,390,242,3,0.001383 369,228,381,241,3,0.001045
/home/dysjin/data/CARLA.v20-carla_v20.coco/valid/005413_png.rf.9000d6e877ce40e1d5bd5387ece453c2.jpg 105,227,122,281,2,0.826265 84,221,106,289,2,0.814843 94,221,116,287,2,0.087108 89,232,103,271,2,0.009424 386,197,394,228,3,0.003621 362,215,370,235,3,0.002604 383,213,392,229,3,0.002261 366,215,379,231,3,0.001992 377,162,398,238,3,0.001911 369,223,377,240,3,0.001654 114,233,135,267,2,0.001266 394,212,401,230,3,0.001114
/home/dysjin/data/CARLA.v20-carla_v20.coco/valid/Town01_001500_png.rf.9254a251a5c6eb6313adba6a6adf1620.jpg 388,174,403,192,3,0.952567 413,133,433,188,3,0.006554 418,145,429,179,3,0.005627 0,124,20,193,6,0.003808 284,196,292,213,0,0.003066 294,197,304,211,0,0.002694 372,175,387,193,3,0.001448 222,199,233,214,0,0.001311 402,126,425,194,3,0.001071
/home/dysjin/data/CARLA.v20-carla_v20.coco/valid/Town05_004680_png.rf.93664881511a21c1adf050e2e8993477.jpg 244,181,264,206,6,0.832827 314,175,412,227,6,0.481517 280,178,294,199,6,0.063004 352,189,414,221,6,0.036466 319,185,364,224,6,0.020735 266,184,283,201,6,0.017547 188,185,199,204,6,0.003781 193,184,204,206,0,0.002053 615,185,638,323,0,0.001974 146,175,159,192,3,0.001677 319,183,333,207,6,0.001238 186,194,195,215,0,0.001146
/home/dysjin/data/CARLA.v20-carla_v20.coco/valid/138312_png.rf.93c512dad514948e54a85fd6860eba4e.jpg 95,230,114,281,2,0.842566 245,235,258,255,6,0.003649 52,225,59,250,3,0.002275 180,234,228,255,6,0.001609 103,234,121,264,2,0.001263 90,239,104,273,2,0.001151 50,235,58,257,3,0.001012 101,247,110,283,2,0.001003
/home/dysjin/data/CARLA.v20-carla_v20.coco/valid/005160_png.rf.922d9f2da21b5b11121905df87e629d7.jpg 401,215,427,240,5,0.895835
