/home/dysjin/data/CARLA.v20-carla_v20.coco/valid/Town05_011820_png.rf.a721d4435d03a17b63243ff374e790d2.jpg 10,181,108,232,6,0.845889 315,187,330,199,6,0.100747 2,196,63,226,6,0.022521 309,183,324,195,6,0.015915 258,181,274,192,6,0.009338 328,187,342,198,6,0.005888 296,187,314,198,6,0.004797 266,188,286,198,6,0.004553 2,208,30,226,6,0.004337 283,181,302,193,6,0.002688 331,182,346,194,6,0.002538 356,177,368,189,3,0.002518 280,187,301,198,6,0.002139 347,180,360,192,6,0.001918
/home/dysjin/data/CARLA.v20-carla_v20.coco/valid/Town05_005760_png.rf.a5aa9e8688171e7bfb57f36e4a648f69.jpg 312,183,329,199,6,0.801036 268,176,284,187,6,0.011448 257,176,273,187,6,0.010921 346,176,358,189,3,0.010780 347,168,358,182,3,0.004543 352,176,366,188,6,0.002472 101,183,115,207,2,0.002107 246,176,264,188,6,0.001729 414,197,434,222,6,0.001692 280,178,296,190,6,0.001559 415,189,434,228,2,0.001267
/home/dysjin/data/CARLA.v20-carla_v20.coco/valid/075705_png.rf.9f5447b468e0280dc956a534954f8a5e.jpg 163,246,257,304,6,0.885861 311,244,348,274,6,0.855369 11,245,163,421,6,0.784844 231,245,267,274,6,0.657741 0,215,204,480,6,0.034498 233,251,264,279,1,0.003286 193,240,265,283,6,0.003169 355,238,370,256,2,0.002900 248,243,270,276,0,0.001902 11,342,56,444,6,0.001621
/home/dysjin/data/CARLA.v20-carla_v20.coco/valid/Town02_006840_png.rf.a4a970c10202604d1dd8c41fe9097525.jpg 562,173,581,195,3,0.747394 575,178,640,218,6,0.432754 343,185,359,209,2,0.037321 200,164,211,178,3,0.023291 0,153,11,234,2,0.018737 198,153,210,172,3,0.015587 238,186,248,205,2,0.012508 0,166,10,204,4,0.011344 200,174,210,189,3,0.006433 554,183,571,199,3,0.004752 245,184,256,202,2,0.003642 109,193,170,218,6,0.003444 396,182,452,206,6,0.003092 199,183,211,205,2,0.002902 247,165,258,179,3,0.002416 352,184,370,205,6,0.002401 335,187,351,205,2,0.002045 0,166,11,244,2,0.001763 439,189,455,204,3,0.001755 0,135,11,216,3,0.001723 205,176,218,190,3,0.001552 555,164,575,206,3,0.001481 238,165,248,180,3,0.001351 387,178,412,192,6,0.001331 559,171,604,197,6,0.001190
/home/dysjin/data/CARLA.v20-carla_v20.coco/valid/Town02_002640_png.rf.ac6bee6a9e4c4b2a1e149670c97196c1.jpg 258,194,290,213,6,0.853964 297,190,365,247,6,0.769367 392,172,410,190,4,0.662417 320,190,371,245,1,0.007861 243,175,258,191,3,0.006166 234,174,248,188,3,0.004905 280,167,381,272,6,0.002836 209,175,222,190,3,0.001866 295,192,315,253,1,0.001844 219,174,235,188,3,0.001236 291,188,314,204,6,0.001026
/home/dysjin/data/CARLA.v20-carla_v20.coco/valid/007096_png.rf.a26873f70f1467f54f0fd09ea8c1731b.jpg 533,172,619,241,5,0.713706 555,173,627,243,4,0.069940 393,227,403,248,5,0.012106 380,251,395,266,6,0.003791 382,228,393,247,5,0.002222 369,250,384,263,6,0.001727 390,250,406,266,6,0.001557 393,239,404,257,5,0.001421
/home/dysjin/data/CARLA.v20-carla_v20.coco/valid/041683_png.rf.abc13a183255cbb5f9aeca7d55d8b4c0.jpg 300,235,335,322,0,0.581010
/home/dysjin/data/CARLA.v20-carla_v20.coco/valid/041699_png.rf.a4a6f7fb7672ac47b317ec4fe3e21c97.jpg 300,237,333,320,0,0.496595 0,227,12,260,6,0.002123 1,209,12,276,2,0.001154
/home/dysjin/data/CARLA.v20-carla_v20.coco/valid/Town02_006480_png.rf.aec43468267a9993201d034f7031ee5c.jpg 348,180,360,194,3,0.402203 169,178,187,189,6,0.018254 257,186,272,199,6,0.012337 233,186,248,201,3,0.009870 222,187,238,201,6,0.009757 266,188,285,201,6,0.005961 352,186,366,197,6,0.005141 243,186,261,198,6,0.004841 347,169,360,186,3,0.003854 295,191,309,204,6,0.003547 281,190,298,202,6,0.003320 199,176,213,192,3,0.002906 355,166,368,185,3,0.002183 206,187,224,202,6,0.001866 366,187,380,200,3,0.001437 204,177,221,194,6,0.001298 160,176,179,189,6,0.001225 200,186,213,204,6,0.001196 294,198,308,213,6,0.001160
/home/dysjin/data/CARLA.v20-carla_v20.coco/valid/Town02_003060_png.rf.b28380c7e6ad26a4ccdfda39d4db7f85.jpg 550,193,617,222,6,0.607489 527,196,572,220,6,0.005495 363,155,385,180,3,0.002464 591,191,640,227,6,0.001057
/home/dysjin/data/CARLA.v20-carla_v20.coco/valid/Town01_009120_png.rf.b3886317404f3c307752dac4625c4b0e.jpg 307,194,335,212,6,0.749434 369,180,426,216,6,0.342050 327,184,376,205,6,0.003802 539,198,557,213,6,0.003790 326,176,346,200,6,0.003400 552,188,567,205,6,0.002650 314,170,339,208,6,0.002438 550,198,567,213,6,0.001687 367,195,407,213,6,0.001198
/home/dysjin/data/CARLA.v20-carla_v20.coco/valid/051305_png.rf.af3e2dc55ae45fc793f7f25eb6fdf7b4.jpg 425,210,459,243,3,0.627617 308,239,322,253,6,0.002766 281,240,298,254,6,0.001991
/home/dysjin/data/CARLA.v20-carla_v20.coco/valid/007291_png.rf.b33e9d647d42777054dfb5f46d23bbad.jpg 384,220,404,238,3,0.600877
/home/dysjin/data/CARLA.v20-carla_v20.coco/valid/Town05_005820_png.rf.abc3e70595852b4f2320e8b55c805a27.jpg 304,192,337,215,6,0.861735 356,175,368,187,3,0.012109 348,168,361,182,4,0.003626 256,178,272,191,6,0.001482 347,176,359,187,3,0.001423
/home/dysjin/data/CARLA.v20-carla_v20.coco/valid/Town05_006960_png.rf.9d31f2ffd8a1d723122d28555c0e3321.jpg 283,187,299,205,1,0.282376 240,182,294,204,6,0.001270 287,185,306,202,6,0.001254 284,194,297,212,0,0.001183
/home/dysjin/data/CARLA.v20-carla_v20.coco/valid/Town02_009720_png.rf.b20474373a38fe973889a895d5aba03e.jpg 294,207,342,258,6,0.611018 267,186,281,208,1,0.079070 268,193,280,213,0,0.006340 353,202,371,215,6,0.002097
/home/dysjin/data/CARLA.v20-carla_v20.coco/valid/Town01_002220_png.rf.9b6e376c042a4b43cdf2a33f00250d62.jpg 226,204,410,368,6,0.789377 164,175,476,380,6,0.098700 290,188,314,201,6,0.001267
/home/dysjin/data/CARLA.v20-carla_v20.coco/valid/Town01_003900_png.rf.b43a572a2d61a01bb389880cf86179de.jpg 227,196,408,380,6,0.735472 613,172,639,336,2,0.025945 84,166,542,380,6,0.008379 287,187,316,202,6,0.006602 337,192,362,205,6,0.005980 217,192,240,205,6,0.001946
/home/dysjin/data/CARLA.v20-carla_v20.coco/valid/029067_png.rf.b686edaf28a0971571945f7b069613d5.jpg 539,230,579,342,2,0.900541 343,215,360,231,4,0.142917 395,236,408,258,2,0.031931 343,245,357,266,2,0.001154 205,236,222,260,2,0.001021
/home/dysjin/data/CARLA.v20-carla_v20.coco/valid/Town02_004200_png.rf.b4d2f32e1287253b4f35bf521927be39.jpg 264,189,293,208,6,0.834261 347,181,360,193,4,0.067264 364,189,386,203,6,0.046665 356,188,372,200,6,0.011183 306,186,322,198,6,0.005495 353,179,369,195,3,0.005472 376,191,394,206,6,0.005325 102,175,114,198,2,0.004807 102,180,114,209,2,0.002950 234,171,247,194,3,0.001771 367,196,383,210,6,0.001550 316,187,332,199,6,0.001407 266,179,287,200,6,0.001293 291,187,308,201,6,0.001250 348,185,363,197,6,0.001196
/home/dysjin/data/CARLA.v20-carla_v20.coco/valid/Town02_002100_png.rf.b49da10e2c41ab65d4c132e46f15d3e3.jpg 271,185,291,199,6,0.586403 304,182,331,284,1,0.503602 0,190,15,217,6,0.278717 51,165,65,183,3,0.074148 316,185,328,205,6,0.064999 3,188,25,207,6,0.039162 49,173,63,189,3,0.029219 312,185,323,204,1,0.023850 57,159,72,182,3,0.010493 321,180,332,198,6,0.005681 0,159,15,215,6,0.004022 19,189,43,202,6,0.002975 312,181,324,197,6,0.002663 130,185,156,201,6,0.002280 57,170,71,193,3,0.002155 1,187,14,244,6,0.001807 49,155,69,196,3,0.001467 210,160,226,177,3,0.001467 290,187,308,201,6,0.001218 59,148,77,176,3,0.001123 51,148,66,174,3,0.001024 0,140,13,204,6,0.001015 357,162,369,175,4,0.001015 361,149,374,171,4,0.001006
/home/dysjin/data/CARLA.v20-carla_v20.coco/valid/003752_png.rf.bb0716bc5b93fa8b10f41577e20a2f35.jpg 398,214,423,242,4,0.850350 304,237,326,250,6,0.003634
/home/dysjin/data/CARLA.v20-carla_v20.coco/valid/138327_png.rf.b4aecc174d58e25a6e680c2468864172.jpg 17,227,44,299,2,0.417726 4,219,36,303,2,0.122534 236,234,250,253,2,0.012947 0,211,17,308,2,0.003054
/home/dysjin/data/CARLA.v20-carla_v20.coco/valid/Town05_009600_png.rf.b886b3525f44da0ae66796230d91b958.jpg 371,186,411,209,6,0.799088 102,186,218,236,6,0.791622 466,191,499,212,6,0.788795 580,183,634,207,6,0.663120 99,204,155,234,6,0.461708 549,182,597,202,6,0.092115 525,180,545,196,6,0.034395 157,190,221,226,6,0.013727 413,180,438,196,6,0.012704 438,186,462,198,6,0.009529 517,180,535,194,6,0.004845 562,158,637,213,6,0.004409 425,185,449,198,6,0.002323 534,180,558,196,6,0.002134 377,181,438,204,6,0.001686 481,196,504,210,6,0.001205
/home/dysjin/data/CARLA.v20-carla_v20.coco/valid/Town01_002340_png.rf.b8976b6d8f366e29aeb47fb3b3146b33.jpg 225,204,410,368,6,0.783584 278,189,296,207,6,0.135895 165,176,475,380,6,0.108808 270,188,292,204,1,0.023480 278,183,298,213,1,0.003453 287,187,310,203,6,0.002090 257,186,280,200,1,0.001573
/home/dysjin/data/CARLA.v20-carla_v20.coco/valid/Town05_009780_png.rf.c3069a0d7ec82f2e1960c0497cec36fe.jpg 432,207,470,234,6,0.471019 289,197,357,252,6,0.267542 300,191,326,205,6,0.007482 376,188,396,203,6,0.006142 373,188,385,204,2,0.004349 405,193,418,224,2,0.001480
/home/dysjin/data/CARLA.v20-carla_v20.coco/valid/Town05_002700_png.rf.b9dfa75f628efa31633800bb9dfee796.jpg 366,181,387,196,6,0.550048 354,181,377,195,6,0.073108 376,185,391,195,6,0.069927 346,180,363,193,6,0.054596 392,180,407,193,6,0.021408 406,179,419,191,6,0.020132 417,178,429,193,2,0.017627 335,177,351,191,6,0.002270 305,175,323,187,6,0.001390 306,165,320,180,4,0.001298 0,192,13,217,6,0.001284 367,168,383,185,6,0.001070 296,175,312,189,6,0.001048
/home/dysjin/data/CARLA.v20-carla_v20.coco/valid/005173_png.rf.c24ac196d86260d3a384e12093bfa5ef.jpg 473,193,525,241,5,0.300920 403,229,419,243,5,0.007353 475,205,494,236,5,0.005856 467,194,488,244,5,0.004535 329,198,342,229,5,0.001492
/home/dysjin/data/CARLA.v20-carla_v20.coco/valid/Town01_005820_png.rf.c9053a957ff7561268673aaec9e095f0.jpg 299,189,338,311,1,0.856858 343,178,362,192,6,0.156795 176,199,206,215,6,0.056564 316,185,333,201,6,0.028719 288,201,356,298,6,0.009907 411,183,464,212,6,0.005248 171,195,191,217,2,0.002322 393,190,435,219,6,0.001933 248,188,260,202,2,0.001464
/home/dysjin/data/CARLA.v20-carla_v20.coco/valid/Town01_011580_png.rf.c8aa9ea674a7d69974d55bf63b55ddbf.jpg 261,189,291,206,6,0.890918 579,190,640,220,6,0.639951 171,189,186,210,2,0.072028 581,170,640,202,6,0.064151 317,185,335,197,6,0.031823 470,202,522,239,6,0.008563 558,181,613,213,6,0.005163 327,180,346,194,6,0.004986 179,189,196,208,2,0.003525 309,186,325,197,6,0.003284 559,185,582,207,6,0.002240 217,187,237,200,6,0.001991 80,177,105,190,6,0.001834 164,187,178,208,2,0.001781 501,179,523,190,6,0.001566 583,173,610,194,6,0.001374 604,159,639,230,6,0.001260 606,177,636,195,6,0.001222 245,191,269,202,6,0.001209 487,187,509,204,6,0.001011
/home/dysjin/data/CARLA.v20-carla_v20.coco/valid/Town01_007440_png.rf.bed11eeb1dde416bf8789b24a8a5c0f8.jpg 553,166,639,225,6,0.847975 265,189,279,208,6,0.186928 263,192,277,208,0,0.086802 527,185,549,208,6,0.080977 276,188,294,201,6,0.018504 304,187,322,197,6,0.009844 294,186,311,198,6,0.008288 530,179,590,219,6,0.006598 332,177,347,190,4,0.004644 267,180,279,199,6,0.002904 0,218,12,243,6,0.002881 530,193,556,215,6,0.002303 370,181,408,208,6,0.002213 508,182,542,194,6,0.002082 333,165,348,185,4,0.001905 320,179,336,192,6,0.001533 517,176,555,201,6,0.001518 316,187,335,197,6,0.001463 262,182,275,198,5,0.001443 182,211,200,223,6,0.001406 529,123,640,236,6,0.001356 343,185,359,202,2,0.001017
/home/dysjin/data/CARLA.v20-carla_v20.coco/valid/Town05_011760_png.rf.c548e0a947d80bc036151e4db99afcfa.jpg 33,199,193,340,6,0.808672 309,185,323,198,0,0.171140 0,152,263,380,6,0.078461 314,184,327,199,6,0.066137 298,185,314,197,6,0.011636 283,180,304,192,6,0.003342 258,179,274,192,6,0.003259 266,180,289,192,6,0.002743 3,195,30,310,6,0.001387 5,238,33,352,6,0.001373 327,186,341,198,6,0.001133 4,213,30,335,6,0.001082
/home/dysjin/data/CARLA.v20-carla_v20.coco/valid/075708_png.rf.c1818fa586a2b613b2806f928a933d9d.jpg 163,244,256,303,6,0.881593 311,243,348,273,6,0.855600 12,245,164,421,6,0.779863 234,243,264,275,6,0.495920 0,214,203,480,6,0.032955 195,241,262,284,6,0.005554 356,237,369,256,2,0.004200 251,245,267,271,1,0.002796 248,241,269,275,0,0.002418 223,250,255,285,1,0.002029
/home/dysjin/data/CARLA.v20-carla_v20.coco/valid/Town05_009900_png.rf.c90bd5781f975f44de47fd794a1f9ac6.jpg 354,197,429,253,6,0.805157 325,185,346,199,6,0.122486 415,186,434,203,6,0.008902 442,181,462,193,6,0.007561 389,182,414,194,6,0.006694 377,181,402,194,6,0.006076 400,185,426,199,6,0.005999 315,180,339,197,6,0.002306 451,186,471,197,6,0.001946 336,185,356,201,6,0.001631 425,187,447,199,6,0.001460 486,179,512,192,6,0.001404
/home/dysjin/data/CARLA.v20-carla_v20.coco/valid/Town05_009660_png.rf.cc2e0d6a11c64dbe092a6e9321c6a170.jpg 254,188,395,327,6,0.867690 414,188,465,208,6,0.788770 344,180,358,206,0,0.233918 604,184,636,199,6,0.219181 208,151,466,380,6,0.054936 376,176,392,194,0,0.031046 351,176,370,194,6,0.028786 623,174,638,200,6,0.003041 334,177,349,194,6,0.001771 206,185,226,199,6,0.001546
/home/dysjin/data/CARLA.v20-carla_v20.coco/valid/003769_png.rf.c5c0c17fa97551316c57744e9608f796.jpg 493,192,546,243,4,0.482755 306,238,326,250,6,0.059009 496,184,545,243,5,0.038187
/home/dysjin/data/CARLA.v20-carla_v20.coco/valid/121197_png.rf.c99e70822c663f40252f74e6b2ad5094.jpg 266,256,397,379,6,0.845479 204,196,470,445,6,0.007834 307,239,327,254,1,0.001950 314,238,334,253,6,0.001862
/home/dysjin/data/CARLA.v20-carla_v20.coco/valid/004966_png.rf.c9d8d72d0920460b612251c5fddc5770.jpg 427,204,465,241,4,0.704863 427,177,465,250,5,0.001714
/home/dysjin/data/CARLA.v20-carla_v20.coco/valid/Town01_006240_png.rf.cc5628eb556a5a5bd1824a8d19313b41.jpg 315,194,327,212,1,0.223850 308,188,322,207,6,0.223426 610,157,640,241,6,0.116698 362,180,384,192,6,0.026782 317,182,330,196,6,0.011659 306,184,321,195,6,0.011576 300,186,313,201,6,0.010868 623,166,640,197,6,0.007681 404,175,420,187,3,0.004225 313,183,330,215,0,0.002952 372,186,399,198,6,0.002622 372,178,399,192,6,0.002032 406,166,421,181,3,0.001808 624,181,640,256,6,0.001757 583,166,639,204,6,0.001632 270,188,283,203,2,0.001237 260,188,272,201,6,0.001192 581,201,640,237,6,0.001173 356,184,376,198,6,0.001165 393,175,412,188,6,0.001075
/home/dysjin/data/CARLA.v20-carla_v20.coco/valid/001638_png.rf.c98e4c5bc2a68de358073a26469c81b2.jpg 424,208,456,242,3,0.706568 44,235,84,255,6,0.003430
/home/dysjin/data/CARLA.v20-carla_v20.coco/valid/051274_png.rf.d5f64278c64b556983082379a316485f.jpg 558,168,639,241,4,0.677671 556,168,624,249,5,0.112069
/home/dysjin/data/CARLA.v20-carla_v20.coco/valid/Town01_001440_png.rf.e4b4351effd31d5b433710cffb8243e4.jpg 380,174,405,193,3,0.734543 344,180,356,193,3,0.009348 282,188,299,199,6,0.001358 294,187,309,198,6,0.001079
/home/dysjin/data/CARLA.v20-carla_v20.coco/valid/019121_png.rf.deb86464dd224ac85f75272f851fc0a8.jpg 506,237,562,254,6,0.668475 537,237,578,252,6,0.272761 495,240,532,254,6,0.067611 196,231,207,260,2,0.027334 542,236,571,253,1,0.012835 395,254,408,286,2,0.001195 497,244,555,261,6,0.001140
/home/dysjin/data/CARLA.v20-carla_v20.coco/valid/041811_png.rf.e8d4c17844854d24f9b2bec66a8a8889.jpg 47,221,67,245,4,0.847164 0,239,14,297,6,0.041548 0,241,14,274,6,0.010529 4,245,24,269,6,0.009593 0,200,26,307,2,0.008881 5,237,28,259,6,0.006754 0,238,10,318,2,0.003315 0,216,16,278,6,0.002543 4,245,56,266,6,0.002247 2,239,25,278,1,0.002168 0,224,25,319,2,0.001327 42,188,70,241,4,0.001255 49,210,76,244,4,0.001170 7,212,26,234,4,0.001153 0,239,28,278,6,0.001126 5,224,27,247,6,0.001018
/home/dysjin/data/CARLA.v20-carla_v20.coco/valid/041657_png.rf.e06a4a0ae870ee5d8dbe97fc65b5b666.jpg 301,233,334,321,0,0.425368 0,230,11,262,6,0.001010
/home/dysjin/data/CARLA.v20-carla_v20.coco/valid/001519_png.rf.e42bb854e84b40164ed2795569b2eb6f.jpg 571,219,590,241,3,0.884078 346,232,360,245,4,0.080952 372,237,384,256,2,0.031783 581,220,601,242,3,0.012324 481,224,495,244,3,0.009440 379,237,393,256,2,0.008180 505,228,520,244,3,0.002682 487,226,506,243,3,0.002488 303,240,326,251,6,0.002372 232,236,248,254,2,0.002247 611,237,632,256,6,0.001629 352,235,367,251,2,0.001519 392,237,409,254,2,0.001144 629,231,639,260,6,0.001133 515,226,528,241,3,0.001053
/home/dysjin/data/CARLA.v20-carla_v20.coco/valid/Town02_005280_png.rf.ec981f5d8aec80a53ec1f9961c2321af.jpg 48,198,114,220,6,0.833379 158,196,206,267,1,0.346538 0,194,14,219,6,0.099931 148,198,214,263,6,0.097079 35,187,128,230,6,0.035234 86,195,137,218,6,0.024085 0,170,12,229,6,0.002792 41,201,72,220,1,0.001053
/home/dysjin/data/CARLA.v20-carla_v20.coco/valid/001509_png.rf.ed3baed466e7f65c1a01fb57bf942b65.jpg 571,219,590,241,3,0.895532 346,231,360,246,4,0.072636 372,237,384,257,2,0.042860 379,237,393,257,2,0.021861 581,220,601,242,3,0.013437 302,240,326,251,6,0.003849 481,224,495,245,3,0.003719 391,237,407,254,2,0.001750 352,235,367,251,2,0.001566 100,249,115,273,2,0.001480 611,236,632,255,6,0.001324 232,235,248,254,2,0.001219 488,225,505,244,3,0.001132
/home/dysjin/data/CARLA.v20-carla_v20.coco/valid/033890_png.rf.e368755037cdc345b45b625d64db27a1.jpg 264,231,404,359,6,0.869641 590,228,634,326,2,0.841199 223,165,454,401,6,0.035748 621,209,637,314,2,0.022167 134,237,149,255,2,0.001605 0,229,11,311,2,0.001153
/home/dysjin/data/CARLA.v20-carla_v20.coco/valid/075724_png.rf.e0c3e9a2b7f318c71e76ccdcb0dda6a1.jpg 296,243,329,267,6,0.798126 70,236,201,347,6,0.736037 0,251,72,454,6,0.688669 190,244,244,280,6,0.633667 0,246,65,480,6,0.019964 207,249,242,283,1,0.009412 56,272,174,331,6,0.008364 0,212,73,411,6,0.006346 277,243,307,256,6,0.002277 24,150,259,424,6,0.001950 347,237,361,252,2,0.001613 11,258,59,363,6,0.001482 268,240,292,251,6,0.001401
/home/dysjin/data/CARLA.v20-carla_v20.coco/valid/112477_png.rf.ecf5d82849f8b68362ce65c8d2645a1c.jpg 336,233,358,299,2,0.821116 332,239,361,296,1,0.003199 347,223,367,302,2,0.001882
/home/dysjin/data/CARLA.v20-carla_v20.coco/valid/Town02_001980_png.rf.ee7206fcf98c96c61f2900b25e79ce20.jpg 302,195,335,312,1,0.898288 0,190,62,222,6,0.782715 159,181,179,217,0,0.109016 31,182,73,216,6,0.070104 45,173,64,194,3,0.058138 161,190,178,217,2,0.041195 398,165,409,183,4,0.021824 320,187,331,201,6,0.017631 302,174,331,303,0,0.015167 49,163,66,186,3,0.013810 0,181,13,211,6,0.011234 311,189,323,203,6,0.010502 54,171,71,195,3,0.005108 334,185,343,203,2,0.004805 291,208,352,296,6,0.004589 344,184,354,201,2,0.003840 58,159,74,186,3,0.003424 401,171,414,190,3,0.003284 0,154,12,217,6,0.003214 165,181,181,215,6,0.003086 0,191,12,218,6,0.001819 0,145,12,173,6,0.001644 358,162,370,177,4,0.001536 0,155,11,185,6,0.001494 4,166,42,232,6,0.001085
/home/dysjin/data/CARLA.v20-carla_v20.coco/valid/026829_png.rf.e6f26e62f316568466a95ba7fd18d850.jpg 371,220,393,240,3,0.903722 0,220,14,292,2,0.054400 0,227,12,306,2,0.007505 382,158,425,240,6,0.002114 0,228,13,266,2,0.002112 333,226,348,240,6,0.001584
/home/dysjin/data/CARLA.v20-carla_v20.coco/valid/007076_png.rf.d635d979c35f5dd6da756ef9889aef0b.jpg 394,212,421,241,5,0.756363 452,210,464,240,5,0.001599
/home/dysjin/data/CARLA.v20-carla_v20.coco/valid/112475_png.rf.df928fa484eb08e1454caacc1e194352.jpg 335,229,355,297,2,0.766602 372,237,386,254,2,0.001668
/home/dysjin/data/CARLA.v20-carla_v20.coco/valid/Town02_006960_png.rf.eedfb90c1deb0d66a31341acd2e08f4f.jpg 582,180,640,238,6,0.516064 145,161,171,181,3,0.353023 0,178,32,206,6,0.281383 0,169,15,201,6,0.004287 77,174,107,185,6,0.002572 561,168,609,201,6,0.002211 273,170,327,195,6,0.002171 552,171,569,191,3,0.002096 561,171,583,193,6,0.001849 548,156,595,188,6,0.001818 518,56,575,91,6,0.001623 396,143,448,176,6,0.001089 573,147,640,262,6,0.001024
/home/dysjin/data/CARLA.v20-carla_v20.coco/valid/Town05_010860_png.rf.f31c0584fff1474ad2b0f4132e874f7d.jpg 304,183,331,242,0,0.664500 1,181,53,213,6,0.189924 0,192,13,219,6,0.016034 0,172,15,223,6,0.003890 313,185,329,214,0,0.003282 380,187,396,200,6,0.001510 307,182,327,196,6,0.001223 391,189,406,201,6,0.001146
/home/dysjin/data/CARLA.v20-carla_v20.coco/valid/Town05_004800_png.rf.ee7c080c8716cb366969ca625bb6d68b.jpg 239,187,273,203,6,0.702552 345,183,363,201,1,0.170889 348,183,369,199,6,0.146631 358,183,383,198,6,0.027266 344,174,364,204,0,0.019090 206,182,255,204,6,0.017792 319,178,336,193,6,0.011917 626,171,637,200,6,0.010518 181,186,200,201,6,0.006097 392,178,409,191,6,0.005062 616,185,632,200,6,0.004207 330,178,348,198,6,0.003014 398,175,422,190,6,0.001827 293,177,309,190,6,0.001270
/home/dysjin/data/CARLA.v20-carla_v20.coco/valid/Town05_009840_png.rf.f5040ce45ecca2822cb3b1b4ea8a6f61.jpg 295,197,362,252,6,0.696961 270,187,285,203,6,0.002567 277,189,298,203,6,0.001922 290,188,311,204,6,0.001592
/home/dysjin/data/CARLA.v20-carla_v20.coco/valid/041861_png.rf.f5f3812ca6c536c5c25bea3d596be111.jpg 124,240,233,310,6,0.749067 300,240,321,297,0,0.733508 396,209,433,240,3,0.544710 215,231,236,288,0,0.025126 400,216,438,241,4,0.006846 94,255,194,309,6,0.003668 355,224,369,247,4,0.002887 92,190,221,314,6,0.002268 381,249,398,265,6,0.002135 215,241,234,293,1,0.001467 343,237,359,252,6,0.001403 218,234,238,260,0,0.001182
/home/dysjin/data/CARLA.v20-carla_v20.coco/valid/Town02_003120_png.rf.f36fecf8d2ee4965c1f3bddaaaad5f33.jpg 411,193,484,222,6,0.789117 600,185,639,215,6,0.375240 568,192,628,216,6,0.018035 608,165,640,240,6,0.012396 620,192,640,219,6,0.002540 362,155,384,181,3,0.001031
/home/dysjin/data/CARLA.v20-carla_v20.coco/valid/003755_png.rf.f6343810071c5f5401b5697ef363285d.jpg 406,215,435,241,4,0.855807 304,237,325,250,6,0.005066
/home/dysjin/data/CARLA.v20-carla_v20.coco/valid/Town01_003300_png.rf.fae28071a74fa02928094ff14cdbb3aa.jpg 273,202,361,269,6,0.872344 381,192,395,206,3,0.032339 274,192,301,208,6,0.021729 86,187,103,212,2,0.016691 500,179,549,209,6,0.011069 168,195,219,211,6,0.009425 390,197,404,213,3,0.001673 57,188,84,208,6,0.001607 403,188,418,207,3,0.001090 69,188,95,208,6,0.001032
/home/dysjin/data/CARLA.v20-carla_v20.coco/valid/138255_png.rf.fbf65e3e930393318a8312fdaefcae24.jpg 56,232,81,291,2,0.672483 186,240,203,256,6,0.001587 195,238,210,257,2,0.001327
/home/dysjin/data/CARLA.v20-carla_v20.coco/valid/005373_png.rf.f68e0e113c5193c933cbee38c6a6bc2d.jpg 147,231,162,269,2,0.688520 156,232,168,268,2,0.649105 137,232,151,268,2,0.323074 168,235,178,263,2,0.024859 123,233,140,263,2,0.018463 115,233,128,262,2,0.011498 1,251,13,286,2,0.004076 383,234,437,258,6,0.003528 1,214,11,302,2,0.003004
/home/dysjin/data/CARLA.v20-carla_v20.coco/valid/001630_png.rf.ff5ced110f03f998a7a6998ddf647fd2.jpg 407,210,437,241,3,0.626386 405,213,431,241,0,0.006661 61,239,100,253,6,0.002375
/home/dysjin/data/CARLA.v20-carla_v20.coco/valid/006662_png.rf.fa42143249c7b6a780238796639341d3.jpg 465,229,498,311,2,0.483469 271,233,284,259,2,0.008293 461,243,502,304,1,0.001396
/home/dysjin/data/CARLA.v20-carla_v20.coco/valid/Town05_004860_png.rf.f5c138159cbce172c63fa9a736f9c655.jpg 240,186,273,203,6,0.673036 345,183,363,201,1,0.179840 348,183,369,199,6,0.138537 358,183,383,198,6,0.030290 344,174,364,204,0,0.023116 181,187,199,201,6,0.015141 319,179,337,193,6,0.013890 206,182,255,204,6,0.011919 626,170,638,199,6,0.010357 392,177,409,191,6,0.004891 330,178,348,198,6,0.004859 616,185,632,200,6,0.003573 398,175,423,189,6,0.002602 293,177,309,190,6,0.001218 284,177,298,191,6,0.001085 136,187,149,204,2,0.001028
/home/dysjin/data/CARLA.v20-carla_v20.coco/valid/Town01_008460_png.rf.03f3160d63f090b29499596ec3c8c4b5.jpg 28,195,134,249,6,0.849975 559,192,633,222,6,0.522823 535,193,585,221,6,0.073692 428,196,473,213,6,0.053643 5,167,126,285,6,0.008798 5,201,86,253,6,0.003791 108,183,125,207,1,0.003723 345,191,362,203,6,0.002037 538,188,559,212,6,0.001941 588,192,629,207,6,0.001835 627,185,640,211,6,0.001499 380,198,395,216,2,0.001222 628,171,640,197,6,0.001196 373,197,384,217,2,0.001125
/home/dysjin/data/CARLA.v20-carla_v20.coco/valid/005508_png.rf.0ab3da1b4970047c9b42e5bbe5d4e6f1.jpg 30,231,55,285,2,0.850977 91,226,122,322,2,0.520849 25,234,55,284,1,0.009792 474,251,498,270,6,0.004846 477,255,525,278,6,0.002682 586,460,606,480,6,0.001375
/home/dysjin/data/CARLA.v20-carla_v20.coco/valid/Town01_006180_png.rf.089d25ecaf49fe28c7f3bf0c3614732b.jpg 311,194,326,212,1,0.404412 355,177,374,191,3,0.397524 309,189,323,211,6,0.371916 386,177,421,193,6,0.311768 398,177,420,191,3,0.099373 359,176,382,191,6,0.037371 316,181,330,197,6,0.007224 409,177,431,190,6,0.005876 311,183,330,215,0,0.003282 0,217,13,245,6,0.001134
/home/dysjin/data/CARLA.v20-carla_v20.coco/valid/Town02_008340_png.rf.044a76656e2e2fe428cd425926d9acbe.jpg 553,191,617,219,6,0.901551 161,191,240,244,6,0.757012 269,185,288,197,6,0.076877 260,177,274,193,4,0.057272 260,165,273,186,4,0.016986 410,185,421,212,3,0.006938 248,184,259,200,2,0.006755 289,186,308,198,6,0.004462 260,183,276,198,2,0.002466 304,186,322,197,6,0.002158 574,173,623,227,6,0.001248 279,182,297,196,6,0.001035
/home/dysjin/data/CARLA.v20-carla_v20.coco/valid/075710_png.rf.0b62bb94157d1f2113ac6bbefe158022.jpg 164,244,255,303,6,0.882820 311,242,347,273,6,0.873420 12,245,163,422,6,0.781983 235,245,264,276,6,0.573474 0,216,204,480,6,0.034545 234,251,262,279,1,0.006753 356,238,370,255,2,0.005884 194,241,262,284,6,0.004309 251,244,267,273,1,0.001402 392,223,405,241,4,0.001207
/home/dysjin/data/CARLA.v20-carla_v20.coco/valid/041689_png.rf.0d648fbd58416a80b414e4503d51c42e.jpg 302,247,332,312,0,0.378619 110,216,126,232,3,0.003344 65,225,77,241,2,0.001567
/home/dysjin/data/CARLA.v20-carla_v20.coco/valid/003751_png.rf.0ff9ef7c8c8e4f5eab52437609a3b501.jpg 393,217,421,240,4,0.847257 305,237,326,250,6,0.010351
/home/dysjin/data/CARLA.v20-carla_v20.coco/valid/Town02_008820_png.rf.135414697b8215dc125af6b125d3058c.jpg 278,214,365,339,6,0.871950 509,181,560,211,6,0.801957 390,184,415,200,3,0.155927 396,184,421,200,6,0.099069 530,174,624,222,6,0.097627 140,176,163,196,2,0.022235 429,175,445,190,6,0.010528 0,175,11,241,6,0.008089 0,188,11,247,6,0.007586 432,167,446,183,3,0.005329 345,187,359,202,2,0.004857 138,181,154,209,2,0.003669 397,181,447,207,6,0.003342 411,184,434,202,6,0.002791 0,163,11,230,6,0.002327 378,185,405,199,6,0.002315 438,176,456,191,3,0.002208 501,176,522,192,3,0.002084 354,188,371,201,6,0.001827 367,186,386,201,6,0.001224 144,180,190,206,6,0.001190 167,186,193,203,6,0.001139 5,113,30,135,6,0.001083 629,186,639,279,6,0.001001
/home/dysjin/data/CARLA.v20-carla_v20.coco/valid/006664_png.rf.1466f666c872e94bac27eba56bbdfb5b.jpg 477,231,520,319,2,0.818502 499,229,539,321,2,0.005995 455,214,538,341,2,0.004186 270,233,283,259,2,0.002804 0,182,10,281,2,0.001117 2,228,12,263,2,0.001070
/home/dysjin/data/CARLA.v20-carla_v20.coco/valid/014570_png.rf.1235b2ca71c181a49fda1bb53eaa19cd.jpg 64,238,126,260,6,0.877331 435,231,453,284,2,0.874881 302,241,333,261,6,0.682078 327,234,341,261,2,0.002395 371,237,383,256,2,0.001664
/home/dysjin/data/CARLA.v20-carla_v20.coco/valid/112550_png.rf.1ca2fa82e03653536df85cf5faf5753c.jpg 522,227,547,296,2,0.605342 372,237,388,258,2,0.004381 516,235,549,288,1,0.001020 248,239,264,259,2,0.001016
/home/dysjin/data/CARLA.v20-carla_v20.coco/valid/Town02_000780_png.rf.16d5987bcdc7d08470c1b3e757e128e5.jpg 275,184,299,201,6,0.886490 69,187,110,210,6,0.550832 37,185,96,214,6,0.529796 307,190,342,315,1,0.444938 306,171,340,305,0,0.183030 357,165,372,182,4,0.019193 380,178,394,195,4,0.014325 331,181,346,195,6,0.011847 323,186,337,200,6,0.011336 340,185,357,198,6,0.007607 0,153,11,240,2,0.004002 340,179,360,191,6,0.003607 0,164,10,248,2,0.003064 383,183,396,200,2,0.002734 289,180,308,197,6,0.002620
/home/dysjin/data/CARLA.v20-carla_v20.coco/valid/Town02_001500_png.rf.1e8a22666698f8954863a9939bc59942.jpg 180,187,219,216,6,0.656369 493,190,573,252,6,0.025166 608,198,640,295,6,0.014159 437,192,481,223,6,0.013565 400,197,422,212,6,0.004499 27,164,40,179,3,0.002144 403,190,421,208,3,0.002009 436,188,461,210,6,0.001888 588,179,636,277,2,0.001861 33,162,47,176,3,0.001405 0,178,11,210,6,0.001100
/home/dysjin/data/CARLA.v20-carla_v20.coco/valid/Town05_004620_png.rf.0e4a190ca586e0e90df6b90be2c83f5b.jpg 391,178,455,206,6,0.910918 344,180,361,196,6,0.387418 285,184,300,197,6,0.235380 587,182,637,208,6,0.046049 334,178,352,192,6,0.011808 361,179,383,194,6,0.004773 217,187,239,197,6,0.002921 348,174,370,201,6,0.002442 343,174,362,201,1,0.002002 304,186,317,199,6,0.001191 570,195,623,223,6,0.001154
/home/dysjin/data/CARLA.v20-carla_v20.coco/valid/006578_png.rf.21f08e8ed63ab67b3ef05528af8ef9e6.jpg 261,235,295,254,6,0.836678 368,220,387,240,3,0.656938
/home/dysjin/data/CARLA.v20-carla_v20.coco/valid/Town01_004320_png.rf.1f6552094735eb0bd49b614b7e584c58.jpg 271,202,374,286,6,0.747202 214,170,269,194,6,0.050862 0,193,12,217,6,0.004610 211,173,245,189,6,0.002287 305,176,324,192,6,0.001458
/home/dysjin/data/CARLA.v20-carla_v20.coco/valid/Town02_006720_png.rf.2632fd4f3d65ff215e84d472badfd870.jpg 266,191,291,208,6,0.780646 562,173,581,195,3,0.676258 574,178,640,219,6,0.393562 197,152,209,171,3,0.022111 0,153,11,234,2,0.018057 0,150,12,219,3,0.014110 0,166,10,204,4,0.010978 201,174,210,190,3,0.009902 343,185,359,209,2,0.007804 236,185,248,205,2,0.007590 554,183,571,199,3,0.006675 200,163,211,177,3,0.005684 109,193,169,218,6,0.004005 199,183,211,205,2,0.003419 205,176,218,191,3,0.002927 555,164,575,206,3,0.002449 0,166,11,245,2,0.001715 560,172,605,198,6,0.001690 246,187,260,205,2,0.001637 352,185,371,204,6,0.001519 396,182,452,206,6,0.001406 288,188,313,201,6,0.001387 439,189,455,204,3,0.001063
/home/dysjin/data/CARLA.v20-carla_v20.coco/valid/Town05_006900_png.rf.2eaa1f5f6de8c6bffcd968f78f2f53b4.jpg 237,183,257,226,1,0.877072 172,165,186,179,3,0.008044
/home/dysjin/data/CARLA.v20-carla_v20.coco/valid/005482_png.rf.1eef94cb1d26525ab4b64d28fc9be58d.jpg 2,217,31,321,2,0.721921 0,234,20,326,2,0.004144 586,460,605,480,1,0.002447 475,251,497,270,6,0.002028 0,196,36,353,2,0.001012
/home/dysjin/data/CARLA.v20-carla_v20.coco/valid/138251_png.rf.2622df013f55b1f57387212b95c87241.jpg 78,236,98,286,2,0.500298 74,251,92,283,2,0.002449 626,349,637,440,2,0.001622 198,236,213,258,2,0.001103
/home/dysjin/data/CARLA.v20-carla_v20.coco/valid/007070_png.rf.2316a0a54db7e4a749f421570aadd160.jpg 381,214,403,245,5,0.776353 473,192,494,256,0,0.008096 429,222,440,248,5,0.002515 441,224,451,248,5,0.001720
/home/dysjin/data/CARLA.v20-carla_v20.coco/valid/Town05_010920_png.rf.2325292b5e147dc41c10fe128f6256f9.jpg 303,171,345,296,0,0.944436 574,157,640,190,6,0.029158 314,177,336,193,6,0.006406 283,202,366,271,0,0.006215 291,177,316,189,6,0.001227
/home/dysjin/data/CARLA.v20-carla_v20.coco/valid/Town01_006420_png.rf.2b897cd6227874bc930ae1c7e17e3b3b.jpg 602,153,640,235,6,0.184507 312,196,324,211,1,0.165654 316,188,328,213,2,0.077736 347,177,360,189,4,0.037170 381,176,396,192,4,0.032374 0,162,28,249,2,0.014654 351,175,366,189,6,0.003619 298,187,313,202,6,0.003218 284,187,297,201,2,0.002300 0,170,13,265,2,0.001799 313,184,330,215,0,0.001656 305,182,321,196,6,0.001382 269,189,284,200,6,0.001355 211,184,223,201,2,0.001329 381,182,396,202,2,0.001289 386,174,404,193,6,0.001143
/home/dysjin/data/CARLA.v20-carla_v20.coco/valid/Town05_006780_png.rf.253c814d6e368b92a888141244ca1a16.jpg 172,182,210,260,0,0.326291 173,195,208,254,1,0.054745 195,183,208,212,0,0.012266 197,174,209,196,0,0.002733 343,187,359,199,6,0.002126 328,188,348,198,6,0.001964 354,181,372,194,6,0.001106 317,187,338,200,6,0.001007
/home/dysjin/data/CARLA.v20-carla_v20.coco/valid/Town01_008280_png.rf.2f69ce357d9638b109b359e31c238ab4.jpg 65,182,112,206,6,0.458693 274,190,326,207,6,0.452346 184,186,199,213,2,0.025578 449,199,499,218,6,0.023650 314,193,341,205,6,0.016026 347,188,358,200,4,0.011340 263,188,298,202,6,0.009757 193,195,207,213,2,0.007464 45,170,97,200,6,0.002823 508,197,563,222,6,0.002480 294,197,335,208,6,0.002093 411,213,435,224,6,0.002083 174,186,190,208,2,0.002043 380,201,398,218,2,0.001814 485,204,513,218,6,0.001569 508,202,537,218,6,0.001401 355,188,366,204,4,0.001358 347,180,360,194,4,0.001258 388,203,414,218,6,0.001116
/home/dysjin/data/CARLA.v20-carla_v20.coco/valid/Town01_005100_png.rf.262bb9c3104b14f5fb633de3dafd0a52.jpg 571,180,622,214,6,0.024265 326,182,350,215,1,0.015984 1,188,31,203,6,0.011566 0,182,14,207,6,0.007432 572,194,598,215,6,0.006174 318,181,355,213,6,0.002746 550,184,599,214,6,0.001722 178,193,206,204,6,0.001467 301,199,330,212,6,0.001340 477,187,494,206,2,0.001339 144,191,165,204,6,0.001283 167,191,195,203,6,0.001176 0,191,13,216,6,0.001171 77,192,108,204,6,0.001024
/home/dysjin/data/CARLA.v20-carla_v20.coco/valid/Town01_011940_png.rf.2554f5ab3ce2122d2ef300838472450f.jpg 566,196,604,217,6,0.772261 204,188,267,229,6,0.584663 268,178,287,196,6,0.093146 328,183,349,200,1,0.080640 335,185,360,199,6,0.072508 317,185,340,200,6,0.006938 563,184,630,228,6,0.001334
/home/dysjin/data/CARLA.v20-carla_v20.coco/valid/041684_png.rf.2f70db5ab75442cd11fffa13a776ae97.jpg 301,234,334,322,0,0.456669 25,230,41,255,2,0.001104
/home/dysjin/data/CARLA.v20-carla_v20.coco/valid/Town05_010980_png.rf.2071755951cd753466eb2cc53fd2fe0c.jpg 303,176,341,289,0,0.913810 284,203,361,268,0,0.004189 307,175,326,193,1,0.001477 365,171,409,196,6,0.001105 315,177,336,194,6,0.001104
/home/dysjin/data/CARLA.v20-carla_v20.coco/valid/112459_png.rf.33bdc5bd58f0f631808a95c4ceb9a78f.jpg 290,231,312,295,2,0.779041 282,236,313,289,1,0.001666 609,238,634,254,6,0.001166
/home/dysjin/data/CARLA.v20-carla_v20.coco/valid/041653_png.rf.31aa86a50239c7e6cbc52c66846dac06.jpg 301,241,332,310,0,0.542506
/home/dysjin/data/CARLA.v20-carla_v20.coco/valid/041819_png.rf.374472e0a0868df264a4100cb7734e35.jpg 19,240,63,262,6,0.813030 108,242,133,301,0,0.742423 172,223,190,244,4,0.727591 112,240,135,303,1,0.401878 31,248,72,259,6,0.004070 0,228,12,260,6,0.001799 0,209,12,277,2,0.001642 0,217,13,251,6,0.001504
/home/dysjin/data/CARLA.v20-carla_v20.coco/valid/Town05_010800_png.rf.3489607b659edfbc485537135e06f34b.jpg 304,184,331,253,0,0.753386 0,195,130,271,6,0.673902 120,183,168,203,6,0.134714 345,181,358,194,6,0.030434 306,182,325,195,6,0.015856 317,181,335,195,6,0.006062 295,182,313,193,6,0.005534 353,179,367,192,6,0.003937 298,196,344,240,1,0.001533 285,180,300,192,6,0.001310 333,181,348,192,6,0.001268
/home/dysjin/data/CARLA.v20-carla_v20.coco/valid/Town02_001080_png.rf.2d29b90fb99ccf7727caeaa1914436b4.jpg 276,183,299,200,6,0.833822 3,201,86,380,6,0.665380 103,179,221,299,6,0.570887 308,190,343,315,1,0.451749 306,170,340,306,0,0.220697 19,188,69,210,6,0.188915 321,185,336,200,6,0.059527 357,165,372,182,4,0.013519 380,178,394,195,4,0.013350 329,180,346,195,6,0.009368 0,188,74,380,6,0.004707 226,177,251,190,6,0.004542 340,185,358,199,6,0.004016 0,193,12,218,6,0.003066 339,178,361,191,6,0.002854 287,180,309,196,6,0.002605 0,186,42,212,6,0.001273 0,183,12,212,6,0.001167 67,99,285,377,6,0.001087
/home/dysjin/data/CARLA.v20-carla_v20.coco/valid/Town02_005700_png.rf.39e8547ff43ddaa06ed2b24f114c8a27.jpg 262,188,376,323,6,0.853413 279,183,298,198,6,0.609879 314,179,337,195,6,0.066715 471,183,504,199,6,0.064077 303,184,328,197,6,0.008093 233,115,428,371,6,0.005527 287,179,309,198,6,0.005279 557,191,590,203,6,0.002480 194,162,214,178,3,0.001426 0,122,14,147,6,0.001052
/home/dysjin/data/CARLA.v20-carla_v20.coco/valid/Town02_002040_png.rf.3d0fd4b3b3749ac8ebdf480959eb8e66.jpg 302,189,334,315,1,0.891078 267,183,307,208,6,0.676791 3,195,116,355,6,0.341330 301,173,331,300,6,0.046907 95,181,161,216,6,0.037308 55,175,80,216,1,0.035079 51,167,78,207,0,0.025370 47,173,67,194,3,0.024963 74,180,134,213,6,0.018725 397,172,408,188,4,0.015647 36,184,58,199,6,0.009316 309,191,325,206,6,0.007095 48,163,64,186,3,0.005557 52,152,79,196,3,0.004492 266,195,291,210,6,0.004418 0,167,110,380,6,0.002532 47,166,86,202,6,0.002376 0,145,12,173,6,0.002350 0,221,10,292,6,0.002343 0,151,12,214,6,0.002318 401,171,414,191,3,0.002183 0,154,11,185,6,0.002044 58,192,128,221,6,0.001980 345,183,354,201,2,0.001808 56,180,103,212,6,0.001795 45,181,68,202,0,0.001767 346,175,357,191,2,0.001737 0,180,11,207,6,0.001559 355,162,368,177,4,0.001470 401,160,413,184,4,0.001402 38,166,57,203,6,0.001203 49,167,86,243,1,0.001185 0,132,11,163,6,0.001037
/home/dysjin/data/CARLA.v20-carla_v20.coco/valid/075707_png.rf.2ff4a82560cfe658387e361a6cc43ef0.jpg 164,245,256,302,6,0.871303 312,243,347,272,6,0.829006 11,245,165,419,6,0.779022 234,244,264,275,6,0.447326 0,210,207,480,6,0.019946 197,241,261,284,6,0.013266 221,249,255,284,1,0.003424 355,238,370,256,2,0.002665 251,245,267,272,1,0.001871 248,242,269,275,0,0.001786
/home/dysjin/data/CARLA.v20-carla_v20.coco/valid/138320_png.rf.332f3bdf3abffc7dd973858c3061b801.jpg 56,232,80,285,2,0.900656
/home/dysjin/data/CARLA.v20-carla_v20.coco/valid/003766_png.rf.3dbe103da1003d1fb3bd18ad0d0894b4.jpg 463,198,508,242,4,0.733063 307,238,326,251,1,0.009310 458,183,501,245,5,0.001491 454,197,478,244,4,0.001085
/home/dysjin/data/CARLA.v20-carla_v20.coco/valid/121245_png.rf.3c6765f574e34bb200e320d55fc2ffe7.jpg 274,253,358,314,6,0.875559 404,235,420,256,2,0.006627 258,234,275,254,2,0.001675 267,234,284,257,2,0.001355
/home/dysjin/data/CARLA.v20-carla_v20.coco/valid/Town05_011040_png.rf.3f658b3c60547a5478cb61d6b76eb55c.jpg 314,183,330,212,1,0.463898 309,181,329,215,0,0.085594
/home/dysjin/data/CARLA.v20-carla_v20.coco/valid/Town02_004920_png.rf.3cdedb8ebbe317a63567ec577e3789a8.jpg 311,185,330,240,1,0.808401 168,187,187,198,6,0.082774 340,177,363,193,6,0.035593 351,175,373,192,6,0.024996 331,176,347,193,6,0.017164 320,176,339,195,6,0.013681 220,187,235,202,6,0.005586 180,187,197,199,6,0.003453 211,187,226,205,2,0.002690 197,185,211,206,2,0.002251 313,176,334,227,6,0.001440 229,186,245,201,6,0.001355 281,178,299,191,6,0.001110 367,186,384,200,6,0.001020
/home/dysjin/data/CARLA.v20-carla_v20.coco/valid/Town05_002760_png.rf.41faa57cc70298c90c62fe9f6a3f08c9.jpg 115,186,143,198,6,0.172405 257,179,273,193,6,0.094549 382,184,394,206,2,0.075747 267,176,283,188,6,0.048372 248,178,261,194,6,0.019387 44,152,59,220,2,0.018370 330,181,348,192,6,0.015416 248,183,261,198,1,0.011455 392,184,404,206,2,0.011282 307,178,324,188,6,0.010770 294,176,311,187,6,0.010168 320,180,335,191,6,0.010158 372,185,385,200,6,0.009751 187,176,217,189,6,0.009308 237,176,252,191,6,0.004779 407,185,420,208,2,0.004419 45,179,62,210,2,0.004128 282,175,296,187,6,0.003793 344,181,360,192,6,0.003443 360,185,373,198,6,0.003121 307,186,321,197,6,0.002205 306,171,322,182,6,0.001633 270,171,285,182,6,0.001602 416,185,430,208,2,0.001364 257,171,273,183,6,0.001195 284,171,296,182,3,0.001147 268,184,281,197,6,0.001069
/home/dysjin/data/CARLA.v20-carla_v20.coco/valid/Town02_001740_png.rf.4072bb166a4df4f9403df039e28a73f3.jpg 302,194,335,312,1,0.906823 48,173,64,193,3,0.465299 50,164,65,187,3,0.086249 398,165,409,183,4,0.028907 37,187,54,204,6,0.028110 56,170,70,195,3,0.016414 56,160,72,185,3,0.016152 397,172,409,187,3,0.015169 321,188,331,202,6,0.010851 309,189,323,202,6,0.010611 45,183,64,199,6,0.006772 334,185,343,203,2,0.006430 285,186,299,198,6,0.005929 344,184,354,201,2,0.004826 291,208,352,296,6,0.004633 293,187,308,199,6,0.004243 0,179,11,208,6,0.003947 0,168,12,201,6,0.003376 119,175,138,191,3,0.002897 40,175,55,195,3,0.002515 358,163,370,177,4,0.002003 346,177,357,193,2,0.001553 0,145,12,173,6,0.001469 0,155,11,186,6,0.001448 35,195,51,211,6,0.001319 111,176,129,192,3,0.001276
/home/dysjin/data/CARLA.v20-carla_v20.coco/valid/026849_png.rf.52e90800c02b90489d2521817c6942f7.jpg 423,208,455,241,3,0.940406 342,225,359,244,2,0.004362 334,225,350,244,6,0.003177 354,233,370,256,2,0.002990 360,236,383,253,6,0.001263
/home/dysjin/data/CARLA.v20-carla_v20.coco/valid/Town02_001560_png.rf.44c7e46d6d34263ac9f429ccb2cd2655.jpg 80,192,94,221,2,0.288694 4,185,30,201,6,0.155112 79,189,95,222,1,0.115978 59,190,81,208,6,0.113145 71,188,89,215,1,0.045978 0,183,17,206,6,0.012879 135,185,145,206,2,0.007718 126,185,136,203,2,0.006068 17,186,36,202,6,0.005820 52,189,69,206,6,0.003993 125,181,135,194,4,0.003849
/home/dysjin/data/CARLA.v20-carla_v20.coco/valid/Town02_003420_png.rf.4347a7bee8aec9f5c84eb5295856f9a9.jpg 328,200,377,230,6,0.780742 335,195,383,229,1,0.431013 14,189,101,236,6,0.295980 568,193,627,216,6,0.036743 328,204,357,228,1,0.016693 0,204,12,234,6,0.002679 62,192,114,232,6,0.001984 0,175,11,244,6,0.001185 0,204,67,235,6,0.001011
/home/dysjin/data/CARLA.v20-carla_v20.coco/valid/Town01_006060_png.rf.3d76b002da6076434f028293d0c4a498.jpg 302,184,335,270,1,0.433641 422,190,448,227,1,0.016814 178,210,206,222,6,0.011123 188,205,219,217,6,0.009422 416,190,455,224,6,0.003319 231,200,249,210,6,0.002665 425,181,495,213,6,0.002570 167,210,194,224,6,0.002482 432,149,529,210,6,0.001936 157,208,177,228,2,0.001622 268,188,284,200,6,0.001126
/home/dysjin/data/CARLA.v20-carla_v20.coco/valid/Town02_007800_png.rf.4e6520c0e9dd39a93f5048a2caea0283.jpg 336,198,412,224,6,0.664872 516,186,549,201,6,0.541933 604,190,640,228,6,0.341654 302,186,324,200,6,0.159450 317,194,362,226,6,0.073752 503,185,527,200,6,0.014634 382,194,434,229,6,0.009204 0,204,11,235,6,0.007922 232,180,245,192,3,0.007286 0,177,12,239,6,0.006757 619,174,640,271,6,0.003829 172,161,187,182,3,0.001933 0,216,11,241,6,0.001895 2,154,32,251,6,0.001838 305,183,349,208,6,0.001836 0,180,11,210,6,0.001430 313,179,334,198,6,0.001272
/home/dysjin/data/CARLA.v20-carla_v20.coco/valid/Town01_001860_png.rf.53e5db5983ad00d8986ebdc44e1e76ef.jpg 227,198,411,375,6,0.755767 280,184,305,198,6,0.310254 298,185,328,198,6,0.168907 90,269,545,380,6,0.026348 141,189,165,206,6,0.005810 136,186,154,209,2,0.004057 316,181,334,197,6,0.002435 94,186,119,202,6,0.002371 181,166,202,178,4,0.002162 104,186,130,202,6,0.002026 0,183,13,210,6,0.001653 79,185,108,201,6,0.001325 34,166,78,199,6,0.001184 327,187,342,202,1,0.001048 77,178,106,195,6,0.001045 6,184,54,210,6,0.001014
/home/dysjin/data/CARLA.v20-carla_v20.coco/valid/Town01_006120_png.rf.405fede50ad311216cb9943968a5cdf5.jpg 315,193,329,215,1,0.548354 357,168,372,184,3,0.198017 348,177,364,186,3,0.048250 349,170,363,183,4,0.011027 362,186,382,197,6,0.009938 318,182,334,197,6,0.009362 309,189,326,208,6,0.009081 387,176,412,188,6,0.008304 375,185,397,197,6,0.001616 375,167,395,183,6,0.001209
/home/dysjin/data/CARLA.v20-carla_v20.coco/valid/041864_png.rf.51f1d81198f2e5b7a450f586235760ec.jpg 302,241,323,296,0,0.811262 416,208,448,239,4,0.689033 92,223,216,334,6,0.531135 416,213,443,242,3,0.080022 216,228,236,292,0,0.012333 354,223,370,247,4,0.003968
/home/dysjin/data/CARLA.v20-carla_v20.coco/valid/Town01_012060_png.rf.58e57e1a7e8d4f630323ae1827ca68bc.jpg 566,197,604,218,6,0.758662 336,185,358,199,6,0.156956 314,185,341,200,6,0.017412 269,185,288,198,6,0.009474 307,190,328,204,6,0.005184 160,185,176,202,3,0.003771 391,186,406,208,2,0.002735 563,184,630,228,6,0.001589 327,179,350,207,1,0.001277
/home/dysjin/data/CARLA.v20-carla_v20.coco/valid/009044_png.rf.59d4a83882b4b6af242cbd9e0e31ba80.jpg 559,219,578,241,3,0.933472 0,208,10,240,4,0.065455 0,197,11,249,3,0.020296 342,232,356,252,2,0.012682 342,229,356,245,3,0.005709 198,233,210,258,2,0.005075 0,196,9,291,2,0.001081
/home/dysjin/data/CARLA.v20-carla_v20.coco/valid/Town02_002520_png.rf.55f8a7c01a8e4b86c99a794d7b61cd5d.jpg 255,184,388,328,6,0.885999 164,200,222,232,6,0.884267 225,125,437,359,6,0.072068 367,179,380,194,4,0.033248 145,177,161,196,3,0.024725 523,192,623,250,6,0.021288 369,182,380,202,0,0.004811 148,178,162,206,2,0.004643 0,204,13,231,6,0.003232 240,243,280,342,6,0.002310
/home/dysjin/data/CARLA.v20-carla_v20.coco/valid/Town02_008760_png.rf.5bfb07b6a5fbe6700b4b9c150b9c6576.jpg 278,214,365,341,6,0.880227 510,181,560,210,6,0.690625 270,187,290,202,6,0.446534 390,184,415,200,6,0.145421 392,181,411,197,3,0.098803 567,182,629,208,6,0.041789 529,174,622,215,6,0.030727 140,176,163,195,6,0.028869 606,196,630,215,6,0.005808 142,179,162,206,2,0.005643 344,187,359,201,6,0.005481 0,187,11,248,6,0.004896 429,175,446,189,6,0.004055 433,167,446,182,3,0.003788 0,172,10,245,6,0.003749 625,183,638,258,6,0.002833 269,183,289,208,1,0.002553 138,174,155,197,2,0.002475 396,181,447,208,6,0.002378 487,176,510,195,6,0.001815 262,187,279,202,1,0.001708 411,184,433,203,6,0.001686 354,188,372,200,6,0.001598 441,166,456,183,3,0.001589 367,185,386,200,6,0.001433 439,175,457,189,3,0.001302 4,113,30,136,6,0.001173 0,159,11,233,6,0.001118 0,109,16,138,6,0.001058 232,188,248,202,6,0.001048 414,179,435,193,6,0.001024 167,186,193,202,6,0.001024
/home/dysjin/data/CARLA.v20-carla_v20.coco/valid/Town01_008100_png.rf.5942043a53e2ea3c62572bf7029ed896.jpg 275,189,296,203,6,0.729503 382,196,409,211,6,0.634742 319,181,332,197,6,0.041111 307,186,322,198,6,0.024675 289,188,305,200,6,0.016503 342,189,364,201,6,0.015205 92,186,143,210,6,0.015108 422,192,451,204,6,0.014977 329,187,345,200,6,0.014354 366,192,388,206,6,0.007193 394,200,422,211,6,0.004363 231,188,246,207,2,0.002027 168,188,188,202,6,0.001486 373,198,389,212,2,0.001419 581,179,614,194,6,0.001360 223,187,239,204,2,0.001123 510,179,534,191,6,0.001106 157,186,181,200,6,0.001074
/home/dysjin/data/CARLA.v20-carla_v20.coco/valid/Town01_010680_png.rf.5537782525200ced228c602e6dcc3456.jpg 371,180,387,195,4,0.454462 329,189,345,201,6,0.054658 233,186,245,204,2,0.011480 177,180,204,194,6,0.008404 234,180,247,196,3,0.002906 340,189,354,203,2,0.002823 223,187,238,204,2,0.002778 282,189,298,200,6,0.001328 292,189,308,201,6,0.001317 168,185,190,199,6,0.001105 308,188,326,200,6,0.001052
/home/dysjin/data/CARLA.v20-carla_v20.coco/valid/121155_png.rf.5eeb1497380edc240a771f68b9d34669.jpg 266,256,398,379,6,0.845562 564,210,593,304,2,0.675218 204,196,470,444,6,0.008149 314,239,335,253,6,0.001733 307,239,327,254,1,0.001148
/home/dysjin/data/CARLA.v20-carla_v20.coco/valid/007085_png.rf.5a7141063cfddac158b01dce18de1e48.jpg 428,207,463,242,5,0.913049 405,199,415,226,5,0.001315
/home/dysjin/data/CARLA.v20-carla_v20.coco/valid/Town05_006720_png.rf.717ce1e22225ab6a97befb2b8effcc2a.jpg 89,187,143,205,6,0.406663 175,179,215,260,1,0.278319 183,172,217,252,0,0.092742 344,181,360,194,6,0.017935 352,180,371,193,6,0.005937 319,181,337,193,6,0.005555 382,176,393,193,3,0.002391 199,192,220,249,1,0.002338 89,196,121,209,6,0.001569 332,181,348,193,6,0.001541 385,187,395,202,3,0.001313 81,188,111,204,1,0.001278
/home/dysjin/data/CARLA.v20-carla_v20.coco/valid/Town01_006600_png.rf.612f31973b2db2fda3ee5293fd937a64.jpg 370,191,387,207,6,0.022239 291,191,312,202,6,0.010600 218,200,239,211,6,0.001565 266,199,288,209,6,0.001051
/home/dysjin/data/CARLA.v20-carla_v20.coco/valid/112469_png.rf.4fea3a1e3f0858f468ecb362968a08fb.jpg 311,234,337,297,2,0.797466 308,237,337,296,1,0.004119 372,237,387,257,2,0.001707
/home/dysjin/data/CARLA.v20-carla_v20.coco/valid/Town05_009540_png.rf.67accf9da191af14c5f05da1b6fe1e58.jpg 601,186,636,207,6,0.620771
/home/dysjin/data/CARLA.v20-carla_v20.coco/valid/041820_png.rf.69e77a8e269d90d89efc21e5026a7083.jpg 30,240,74,262,6,0.768533 117,240,140,301,0,0.755437 182,220,201,242,4,0.636409 0,229,12,258,6,0.005215 124,252,136,289,0,0.002590 0,218,13,252,6,0.001661 0,215,12,272,2,0.001547 45,248,81,259,6,0.001094
/home/dysjin/data/CARLA.v20-carla_v20.coco/valid/121278_png.rf.6607158f1164a75baf620dcb66d1b07e.jpg 276,255,358,312,6,0.872408 242,240,267,260,6,0.178815 244,237,266,264,1,0.020083 477,243,494,268,2,0.001146
/home/dysjin/data/CARLA.v20-carla_v20.coco/valid/Town02_004620_png.rf.7280640e1c163e7c4b28010b90659788.jpg 256,189,369,322,6,0.853458 276,184,299,198,6,0.338276 136,185,171,200,6,0.294749 315,179,332,197,6,0.170483 226,117,425,370,6,0.005068 117,174,168,202,6,0.004491 379,158,395,179,3,0.002947 328,178,343,195,6,0.001857 153,178,176,198,6,0.001577 288,180,314,196,6,0.001259 170,162,185,180,4,0.001252
/home/dysjin/data/CARLA.v20-carla_v20.coco/valid/Town05_016500_png.rf.75b431585ae9c755044e81517b796324.jpg 343,193,387,227,6,0.851861 126,195,226,246,6,0.812469 0,200,89,291,6,0.724097 452,178,480,198,4,0.364188 457,178,480,200,3,0.327285 368,192,398,231,6,0.070885 331,181,349,194,6,0.014847 339,180,360,196,6,0.013710 348,189,376,207,6,0.009699 370,197,397,235,1,0.008012 343,198,367,236,1,0.005738 243,187,260,198,6,0.004542 0,191,11,220,6,0.004189 0,168,13,225,6,0.004069 350,180,372,197,6,0.002519 120,212,186,248,6,0.002375 362,190,386,212,6,0.002339 322,179,337,193,6,0.002243 377,190,394,212,6,0.001382 432,188,448,207,2,0.001133
/home/dysjin/data/CARLA.v20-carla_v20.coco/valid/Town02_001020_png.rf.79741d4293c684a4f4e895c08f1290d5.jpg 3,196,85,380,6,0.666323 280,182,328,203,6,0.523799 303,179,336,316,0,0.290881 30,189,74,211,6,0.264456 307,207,345,321,1,0.111768 357,165,372,181,4,0.054799 191,182,241,209,6,0.014563 380,178,393,195,4,0.013974 341,185,358,198,6,0.004290 277,181,303,198,6,0.003747 194,185,213,212,2,0.002784 0,176,73,380,6,0.002420 341,178,361,190,6,0.002214 193,194,212,213,1,0.002196 332,180,348,196,6,0.002065 9,185,57,211,6,0.001329 302,193,324,256,0,0.001085
/home/dysjin/data/CARLA.v20-carla_v20.coco/valid/004996_png.rf.758bfe0873e6cba6e1d99146894cae01.jpg 490,261,510,323,2,0.853046 356,246,368,268,2,0.024892 22,203,107,259,6,0.015781 95,194,137,269,2,0.002546 95,199,165,264,6,0.002173 348,249,362,265,2,0.001977 367,246,380,266,2,0.001653 301,250,328,261,6,0.001464 382,247,395,264,2,0.001197
/home/dysjin/data/CARLA.v20-carla_v20.coco/valid/Town02_001620_png.rf.77cda18f042297c4b15936a35acef602.jpg 305,187,329,255,1,0.572519 314,184,332,207,6,0.027194 174,186,190,210,2,0.022304 306,181,327,198,6,0.003566 330,182,339,208,2,0.003514 355,164,368,178,4,0.003262 332,179,343,194,6,0.002181 133,200,154,216,2,0.001975 182,194,194,213,2,0.001517 241,185,261,198,6,0.001412 230,187,247,201,6,0.001273 348,166,360,179,4,0.001241 144,200,165,215,6,0.001089 345,175,355,187,4,0.001012
/home/dysjin/data/CARLA.v20-carla_v20.coco/valid/112362_png.rf.868e587d8bdd37c81e4872223fbdbeb4.jpg 150,228,166,284,2,0.886239 372,237,388,258,2,0.001515 609,238,635,253,6,0.001067
/home/dysjin/data/CARLA.v20-carla_v20.coco/valid/Town05_010080_png.rf.88fb23d739ffa2beacd3c5735d172d03.jpg 271,184,287,198,6,0.511905 315,185,328,213,0,0.401285 318,181,330,199,6,0.005050 328,181,340,194,6,0.003195 357,175,369,187,3,0.003052 246,168,260,183,6,0.002346 348,169,360,182,3,0.002145 346,176,357,188,3,0.002012 8,0,105,61,6,0.001813 258,179,278,193,6,0.001595 303,182,343,215,0,0.001124
/home/dysjin/data/CARLA.v20-carla_v20.coco/valid/026847_png.rf.7a28094ba474fb2fab06e58f1ebea83c.jpg 414,209,443,240,3,0.952600 333,226,350,242,6,0.008130
/home/dysjin/data/CARLA.v20-carla_v20.coco/valid/075709_png.rf.7dd638ab9af378bf60aaa2fb92a0aea4.jpg 163,244,256,302,6,0.878750 311,242,347,273,6,0.865835 12,244,164,420,6,0.777023 234,244,264,276,6,0.531593 0,213,205,480,6,0.026210 356,237,370,255,2,0.006088 196,240,262,285,6,0.005315 234,251,263,279,1,0.003546 248,242,269,276,0,0.002676 251,244,267,273,1,0.001946
/home/dysjin/data/CARLA.v20-carla_v20.coco/valid/Town02_007380_png.rf.8809896fc46f6266a6729640bbc68e4c.jpg 564,193,629,220,6,0.874838 273,184,299,201,6,0.639221 173,173,186,187,3,0.014304 446,196,474,212,6,0.008583 511,190,534,208,6,0.007816 559,198,590,217,6,0.002866 221,173,234,188,3,0.002714 344,178,356,193,3,0.002703 289,180,307,196,6,0.002314 551,162,567,180,3,0.001676 358,185,372,204,2,0.001654 261,188,277,203,1,0.001552 377,187,403,201,6,0.001468 0,49,10,74,5,0.001396 570,169,608,232,6,0.001351 367,185,382,205,2,0.001315 180,173,194,190,3,0.001271 334,184,345,201,2,0.001005
/home/dysjin/data/CARLA.v20-carla_v20.coco/valid/Town01_007500_png.rf.7e4c2487265d812d93246e09a19aeab2.jpg 251,194,281,211,6,0.882633 551,167,640,223,6,0.844166 527,185,549,209,6,0.080409 340,165,358,181,4,0.010340 277,189,291,204,6,0.003801 529,180,589,219,6,0.003661 266,180,283,200,6,0.003161 158,213,178,229,6,0.001971 532,142,640,247,6,0.001269 345,183,360,203,2,0.001220 368,185,388,209,2,0.001113 516,175,554,202,6,0.001076 307,182,324,193,6,0.001065
/home/dysjin/data/CARLA.v20-carla_v20.coco/valid/Town05_007500_png.rf.8a81a882e564e9e99b5c951d3e18dbbc.jpg 350,182,392,200,6,0.827263 303,175,321,188,6,0.287459 254,178,268,192,6,0.067715 222,150,235,166,3,0.014405 208,150,225,165,3,0.006980 126,171,178,199,6,0.005820 346,184,365,198,6,0.005234 136,186,177,198,6,0.005136 197,152,216,169,6,0.003999 0,180,13,208,6,0.003938 314,176,330,188,6,0.003905 71,174,86,191,3,0.002124 64,174,77,193,2,0.001771 264,178,280,190,6,0.001249 230,150,243,169,3,0.001193 73,166,87,183,3,0.001136
/home/dysjin/data/CARLA.v20-carla_v20.coco/valid/Town02_005520_png.rf.8a9d2ba4122736ea3845c9e405936cce.jpg 607,191,640,229,6,0.582402 53,195,127,222,6,0.526493 0,195,14,220,6,0.136031 617,176,640,259,6,0.001796 0,204,14,226,6,0.001730 43,206,98,228,6,0.001408 157,186,172,205,2,0.001060
/home/dysjin/data/CARLA.v20-carla_v20.coco/valid/041735_png.rf.891d950e6341a379e0a80f54f49c126a.jpg 274,243,302,308,0,0.574652 0,206,12,286,2,0.011999 0,218,10,293,2,0.010744 264,243,307,303,1,0.005070
/home/dysjin/data/CARLA.v20-carla_v20.coco/valid/041669_png.rf.8f16c7cc68671f71ba068edf120b2a61.jpg 300,234,335,321,0,0.768303
/home/dysjin/data/CARLA.v20-carla_v20.coco/valid/003814_png.rf.9123d8ff8e23490d6f5201cb816e4fc2.jpg 286,239,321,258,6,0.860512 548,173,615,248,3,0.621825 556,174,626,246,4,0.247285 267,239,295,252,6,0.004191 195,239,214,251,6,0.002142
/home/dysjin/data/CARLA.v20-carla_v20.coco/valid/005413_png.rf.9000d6e877ce40e1d5bd5387ece453c2.jpg 107,231,121,280,2,0.817976 85,233,105,283,2,0.591330 93,229,113,283,2,0.111413 414,240,435,257,6,0.003955 233,237,251,258,2,0.003194 117,237,129,278,2,0.002205 369,246,381,268,2,0.002041 243,237,261,257,2,0.001425 134,242,147,269,2,0.001279
/home/dysjin/data/CARLA.v20-carla_v20.coco/valid/Town01_001500_png.rf.9254a251a5c6eb6313adba6a6adf1620.jpg 384,175,406,195,3,0.840122 0,128,15,190,1,0.074807 0,135,12,200,6,0.006983 0,139,27,178,0,0.004372 0,119,15,183,5,0.002428 291,191,316,204,6,0.001283 219,198,240,212,6,0.001250
/home/dysjin/data/CARLA.v20-carla_v20.coco/valid/Town05_004680_png.rf.93664881511a21c1adf050e2e8993477.jpg 319,174,412,224,6,0.820044 239,184,269,203,6,0.777656 280,179,297,196,1,0.057662 370,176,420,217,6,0.027907 181,186,200,201,6,0.019450 280,184,296,197,6,0.014690 626,171,637,200,6,0.011436 318,177,356,224,6,0.008761 264,181,289,197,6,0.005314 616,185,632,200,6,0.004511 288,176,305,193,6,0.002830
/home/dysjin/data/CARLA.v20-carla_v20.coco/valid/138312_png.rf.93c512dad514948e54a85fd6860eba4e.jpg 95,234,114,277,2,0.762659 542,342,558,374,2,0.004212 247,234,262,252,2,0.002931 1,240,13,325,2,0.002733 102,226,120,273,2,0.002095
/home/dysjin/data/CARLA.v20-carla_v20.coco/valid/005160_png.rf.922d9f2da21b5b11121905df87e629d7.jpg 400,211,429,242,5,0.889705
