/home/dysjin/data/CARLA.v20-carla_v20.coco/valid/Town02_006840_png.rf.a4a970c10202604d1dd8c41fe9097525.jpg 0,153,13,210,0,0.171035 0,161,10,200,1,0.106583 565,174,580,193,1,0.067467 0,166,28,194,0,0.005446 560,166,584,198,0,0.004567 21,65,52,149,0,0.003740 0,158,16,226,0,0.001134
/home/dysjin/data/CARLA.v20-carla_v20.coco/valid/Town02_002640_png.rf.ac6bee6a9e4c4b2a1e149670c97196c1.jpg 388,173,405,189,1,0.304082 387,164,407,198,0,0.010382
/home/dysjin/data/CARLA.v20-carla_v20.coco/valid/007096_png.rf.a26873f70f1467f54f0fd09ea8c1731b.jpg 539,167,626,247,0,0.420793 560,168,596,267,1,0.013486 539,167,640,242,1,0.002098
/home/dysjin/data/CARLA.v20-carla_v20.coco/valid/Town02_006480_png.rf.aec43468267a9993201d034f7031ee5c.jpg 354,174,366,190,0,0.001011
/home/dysjin/data/CARLA.v20-carla_v20.coco/valid/051305_png.rf.af3e2dc55ae45fc793f7f25eb6fdf7b4.jpg 428,207,462,241,0,0.466856 429,204,460,252,1,0.045863 419,211,465,232,2,0.003662
/home/dysjin/data/CARLA.v20-carla_v20.coco/valid/007291_png.rf.b33e9d647d42777054dfb5f46d23bbad.jpg 382,221,401,241,1,0.343815 385,223,405,241,0,0.125196 372,213,411,246,0,0.001588
/home/dysjin/data/CARLA.v20-carla_v20.coco/valid/003752_png.rf.bb0716bc5b93fa8b10f41577e20a2f35.jpg 398,213,425,240,0,0.370990 396,214,424,244,1,0.284220
/home/dysjin/data/CARLA.v20-carla_v20.coco/valid/005173_png.rf.c24ac196d86260d3a384e12093bfa5ef.jpg 475,191,526,250,0,0.216713 466,185,535,258,1,0.101005
/home/dysjin/data/CARLA.v20-carla_v20.coco/valid/003769_png.rf.c5c0c17fa97551316c57744e9608f796.jpg 498,189,549,247,0,0.305784 488,183,559,255,1,0.088967
/home/dysjin/data/CARLA.v20-carla_v20.coco/valid/004966_png.rf.c9d8d72d0920460b612251c5fddc5770.jpg 428,202,466,241,0,0.472894 438,212,461,232,2,0.011025
/home/dysjin/data/CARLA.v20-carla_v20.coco/valid/001638_png.rf.c98e4c5bc2a68de358073a26469c81b2.jpg 417,208,456,240,0,0.501901 417,216,455,240,2,0.002121
/home/dysjin/data/CARLA.v20-carla_v20.coco/valid/051274_png.rf.d5f64278c64b556983082379a316485f.jpg 556,164,636,246,0,0.395899 585,171,609,262,1,0.002610
/home/dysjin/data/CARLA.v20-carla_v20.coco/valid/Town01_001440_png.rf.e4b4351effd31d5b433710cffb8243e4.jpg 381,174,402,191,1,0.369480 385,175,404,190,0,0.229922 375,163,408,198,0,0.001891
/home/dysjin/data/CARLA.v20-carla_v20.coco/valid/041811_png.rf.e8d4c17844854d24f9b2bec66a8a8889.jpg 45,225,65,242,0,0.427237 47,232,59,251,0,0.001300 48,214,59,238,0,0.001187
/home/dysjin/data/CARLA.v20-carla_v20.coco/valid/001519_png.rf.e42bb854e84b40164ed2795569b2eb6f.jpg 572,222,589,240,0,0.360306 577,36,626,113,0,0.004220 589,58,611,145,1,0.002333 565,214,601,245,0,0.001667
/home/dysjin/data/CARLA.v20-carla_v20.coco/valid/001509_png.rf.ed3baed466e7f65c1a01fb57bf942b65.jpg 573,222,589,240,0,0.332477 577,34,624,114,0,0.002353 589,58,611,144,1,0.001523 565,214,602,245,0,0.001226
/home/dysjin/data/CARLA.v20-carla_v20.coco/valid/026829_png.rf.e6f26e62f316568466a95ba7fd18d850.jpg 372,221,393,242,0,0.471604
/home/dysjin/data/CARLA.v20-carla_v20.coco/valid/007076_png.rf.d635d979c35f5dd6da756ef9889aef0b.jpg 396,217,419,243,2,0.260190 395,214,420,244,1,0.222579 399,211,420,242,0,0.179217
/home/dysjin/data/CARLA.v20-carla_v20.coco/valid/Town02_006960_png.rf.eedfb90c1deb0d66a31341acd2e08f4f.jpg 146,160,170,179,1,0.376494 145,155,168,182,0,0.036354
/home/dysjin/data/CARLA.v20-carla_v20.coco/valid/041861_png.rf.f5f3812ca6c536c5c25bea3d596be111.jpg 405,213,427,238,0,0.265863
/home/dysjin/data/CARLA.v20-carla_v20.coco/valid/003755_png.rf.f6343810071c5f5401b5697ef363285d.jpg 407,211,437,241,0,0.438539 404,212,437,246,1,0.343778 399,216,437,232,2,0.001013
/home/dysjin/data/CARLA.v20-carla_v20.coco/valid/001630_png.rf.ff5ced110f03f998a7a6998ddf647fd2.jpg 407,211,437,237,0,0.440593 406,215,433,241,2,0.006472
/home/dysjin/data/CARLA.v20-carla_v20.coco/valid/003751_png.rf.0ff9ef7c8c8e4f5eab52437609a3b501.jpg 396,217,420,242,0,0.279468 395,215,421,244,1,0.235027
/home/dysjin/data/CARLA.v20-carla_v20.coco/valid/Town02_008820_png.rf.135414697b8215dc125af6b125d3058c.jpg 144,171,157,192,2,0.013570 428,174,442,193,1,0.008249 139,162,163,199,0,0.001623
/home/dysjin/data/CARLA.v20-carla_v20.coco/valid/006578_png.rf.21f08e8ed63ab67b3ef05528af8ef9e6.jpg 367,222,386,239,1,0.415435 364,216,388,243,0,0.010734
/home/dysjin/data/CARLA.v20-carla_v20.coco/valid/Town02_006720_png.rf.2632fd4f3d65ff215e84d472badfd870.jpg 0,153,13,210,0,0.174157 0,161,10,200,1,0.104754 565,174,580,193,1,0.060266 0,166,28,194,0,0.005704 560,166,585,198,0,0.005138 21,66,52,149,0,0.003204 0,158,17,226,0,0.001148
/home/dysjin/data/CARLA.v20-carla_v20.coco/valid/007070_png.rf.2316a0a54db7e4a749f421570aadd160.jpg 381,221,402,242,1,0.373615 384,216,405,245,0,0.042923
/home/dysjin/data/CARLA.v20-carla_v20.coco/valid/041819_png.rf.374472e0a0868df264a4100cb7734e35.jpg 171,223,188,240,0,0.396998
/home/dysjin/data/CARLA.v20-carla_v20.coco/valid/003766_png.rf.3dbe103da1003d1fb3bd18ad0d0894b4.jpg 459,200,508,240,0,0.365585 449,193,523,256,1,0.002495 461,211,509,226,2,0.001467
/home/dysjin/data/CARLA.v20-carla_v20.coco/valid/026849_png.rf.52e90800c02b90489d2521817c6942f7.jpg 421,207,453,238,0,0.502553
/home/dysjin/data/CARLA.v20-carla_v20.coco/valid/041864_png.rf.51f1d81198f2e5b7a450f586235760ec.jpg 416,209,443,240,0,0.467305
/home/dysjin/data/CARLA.v20-carla_v20.coco/valid/009044_png.rf.59d4a83882b4b6af242cbd9e0e31ba80.jpg 560,220,578,241,1,0.322468 0,204,10,240,1,0.185716 0,196,11,248,0,0.142895 559,214,579,245,0,0.053794 0,207,10,251,2,0.007864 0,205,25,234,0,0.004776 556,222,574,243,2,0.001629
/home/dysjin/data/CARLA.v20-carla_v20.coco/valid/Town01_010680_png.rf.5537782525200ced228c602e6dcc3456.jpg 367,175,385,191,1,0.350777 364,166,386,199,0,0.008203
/home/dysjin/data/CARLA.v20-carla_v20.coco/valid/007085_png.rf.5a7141063cfddac158b01dce18de1e48.jpg 427,208,466,241,0,0.456817
/home/dysjin/data/CARLA.v20-carla_v20.coco/valid/041820_png.rf.69e77a8e269d90d89efc21e5026a7083.jpg 180,224,194,241,0,0.356441 177,211,198,252,0,0.003999 181,232,193,250,0,0.001850
/home/dysjin/data/CARLA.v20-carla_v20.coco/valid/Town05_016500_png.rf.75b431585ae9c755044e81517b796324.jpg 453,176,477,194,1,0.335595 459,177,478,193,0,0.099970 447,165,482,200,0,0.008951
/home/dysjin/data/CARLA.v20-carla_v20.coco/valid/026847_png.rf.7a28094ba474fb2fab06e58f1ebea83c.jpg 409,207,446,240,0,0.504086 414,214,440,243,2,0.003033
/home/dysjin/data/CARLA.v20-carla_v20.coco/valid/003814_png.rf.9123d8ff8e23490d6f5201cb816e4fc2.jpg 539,168,626,248,0,0.423952 538,169,640,243,1,0.002700
/home/dysjin/data/CARLA.v20-carla_v20.coco/valid/Town01_001500_png.rf.9254a251a5c6eb6313adba6a6adf1620.jpg 386,174,406,191,0,0.401459 384,174,402,192,1,0.240192
/home/dysjin/data/CARLA.v20-carla_v20.coco/valid/005160_png.rf.922d9f2da21b5b11121905df87e629d7.jpg 396,209,432,242,0,0.453126
