/home/dysjin/data/CARLA.v20-carla_v20.coco/valid/Town05_011820_png.rf.a721d4435d03a17b63243ff374e790d2.jpg 14,178,101,229,6,0.774355 310,188,324,205,0,0.147956 316,187,331,204,6,0.105409 0,193,66,227,6,0.012184 255,176,272,195,6,0.004465 358,166,372,185,3,0.002345 65,191,113,226,6,0.002044 368,166,384,184,3,0.001433 331,189,344,205,6,0.001156
/home/dysjin/data/CARLA.v20-carla_v20.coco/valid/Town05_005760_png.rf.a5aa9e8688171e7bfb57f36e4a648f69.jpg 308,187,329,206,6,0.927174 103,180,115,211,1,0.035223 106,183,118,210,2,0.007147 270,178,283,195,6,0.003950 0,154,12,233,2,0.003939 259,177,274,194,6,0.002968 345,165,357,183,3,0.001980 1,144,14,217,2,0.001811 400,172,446,238,2,0.001642 334,164,345,181,3,0.001611 0,169,11,242,6,0.001466 357,178,370,194,3,0.001459 328,184,342,204,6,0.001326 280,178,297,197,6,0.001290 346,178,358,195,3,0.001222 252,48,353,203,6,0.001145 371,172,448,224,6,0.001118 357,165,370,185,3,0.001057
/home/dysjin/data/CARLA.v20-carla_v20.coco/valid/075705_png.rf.9f5447b468e0280dc956a534954f8a5e.jpg 307,241,347,273,6,0.923616 172,241,251,298,6,0.886561 0,209,199,455,6,0.599634 218,236,267,281,6,0.314574 0,63,112,242,6,0.134270 247,240,271,272,6,0.017781 0,0,172,480,6,0.005094 0,0,161,334,6,0.004733 0,0,478,480,6,0.004443 108,35,306,243,6,0.004375 21,40,204,240,6,0.003939 281,240,302,257,6,0.003090 0,0,640,480,6,0.002157 210,43,412,240,6,0.001789 228,232,268,311,2,0.001717 293,236,315,257,6,0.001309 353,224,367,245,3,0.001241 86,0,255,336,6,0.001168 351,246,373,271,6,0.001079 175,0,356,338,6,0.001069
/home/dysjin/data/CARLA.v20-carla_v20.coco/valid/Town02_006840_png.rf.a4a970c10202604d1dd8c41fe9097525.jpg 581,174,640,220,6,0.811440 564,175,583,194,3,0.267748 392,182,454,209,6,0.130399 115,194,172,218,6,0.077364 199,190,228,209,6,0.003056 344,189,360,210,6,0.002865 0,194,19,241,6,0.002653 621,160,636,236,6,0.001694 558,176,612,209,6,0.001639 494,178,548,210,6,0.001591 141,192,184,219,6,0.001426 0,153,14,208,3,0.001178 104,184,156,214,6,0.001151
/home/dysjin/data/CARLA.v20-carla_v20.coco/valid/Town02_002640_png.rf.ac6bee6a9e4c4b2a1e149670c97196c1.jpg 300,184,368,249,6,0.830132 259,194,295,216,6,0.626257 392,173,410,192,3,0.420850 392,167,410,187,4,0.016927 290,185,315,208,6,0.005401 319,181,371,256,1,0.003792 57,172,96,244,2,0.003699 279,163,387,273,6,0.002835 301,194,327,245,6,0.002219 274,179,326,212,6,0.001864 39,173,82,242,2,0.001419 278,191,299,211,6,0.001275 458,168,494,250,2,0.001168 535,175,628,232,6,0.001097
/home/dysjin/data/CARLA.v20-carla_v20.coco/valid/007096_png.rf.a26873f70f1467f54f0fd09ea8c1731b.jpg 542,163,624,247,5,0.317307 517,105,640,286,3,0.008074 533,160,631,239,4,0.003752 554,342,607,421,3,0.002446
/home/dysjin/data/CARLA.v20-carla_v20.coco/valid/041683_png.rf.abc13a183255cbb5f9aeca7d55d8b4c0.jpg 304,247,340,311,0,0.328644 130,202,182,244,6,0.003073 296,200,357,440,0,0.002174 305,256,323,292,0,0.002130 286,231,358,330,0,0.001044
/home/dysjin/data/CARLA.v20-carla_v20.coco/valid/041699_png.rf.a4a6f7fb7672ac47b317ec4fe3e21c97.jpg 301,242,331,303,0,0.249047 305,257,323,292,0,0.001233
/home/dysjin/data/CARLA.v20-carla_v20.coco/valid/Town02_006480_png.rf.aec43468267a9993201d034f7031ee5c.jpg 347,167,362,186,3,0.061586 353,173,368,190,3,0.049947 366,163,381,185,3,0.014747 197,183,213,211,1,0.008929 378,163,394,186,3,0.003924 193,178,237,208,6,0.003500 255,185,276,203,6,0.003454 293,197,307,220,6,0.001637 217,182,239,208,6,0.001481 195,177,215,216,2,0.001381
/home/dysjin/data/CARLA.v20-carla_v20.coco/valid/Town02_003060_png.rf.b28380c7e6ad26a4ccdfda39d4db7f85.jpg 550,192,618,225,6,0.120119 611,186,638,234,6,0.005723 612,196,639,244,0,0.004168 621,206,640,259,6,0.001663 526,191,569,222,6,0.001429 553,152,640,219,6,0.001284 520,173,599,224,6,0.001258
/home/dysjin/data/CARLA.v20-carla_v20.coco/valid/Town01_009120_png.rf.b3886317404f3c307752dac4625c4b0e.jpg 303,195,334,214,6,0.773225 307,189,370,210,6,0.021163 371,195,397,217,2,0.006992 318,164,334,184,3,0.004939 365,181,410,215,6,0.004742 180,196,202,216,2,0.004668 317,177,398,224,6,0.003385 339,183,388,208,6,0.002003 366,194,391,215,1,0.001722 4,204,60,237,6,0.001598 192,195,213,216,2,0.001570 373,170,426,202,6,0.001564 316,176,334,198,6,0.001412 367,186,388,210,2,0.001266
/home/dysjin/data/CARLA.v20-carla_v20.coco/valid/051305_png.rf.af3e2dc55ae45fc793f7f25eb6fdf7b4.jpg 426,210,466,241,3,0.752523
/home/dysjin/data/CARLA.v20-carla_v20.coco/valid/007291_png.rf.b33e9d647d42777054dfb5f46d23bbad.jpg 384,220,401,240,3,0.772282 379,212,415,241,3,0.003311 372,212,388,237,3,0.001490 398,222,415,246,3,0.001362 242,0,372,415,6,0.001152
/home/dysjin/data/CARLA.v20-carla_v20.coco/valid/Town05_005820_png.rf.abc3e70595852b4f2320e8b55c805a27.jpg 302,191,333,220,6,0.856767 330,177,344,197,6,0.001019 325,188,346,211,6,0.001010
/home/dysjin/data/CARLA.v20-carla_v20.coco/valid/Town05_006960_png.rf.9d31f2ffd8a1d723122d28555c0e3321.jpg 284,184,299,214,0,0.228410 380,168,424,197,6,0.171303 179,347,203,365,6,0.057778 400,168,610,380,6,0.007527 448,339,502,370,6,0.005973 61,345,125,372,6,0.003145 170,330,211,365,6,0.001381 630,183,640,214,6,0.001204
/home/dysjin/data/CARLA.v20-carla_v20.coco/valid/Town02_009720_png.rf.b20474373a38fe973889a895d5aba03e.jpg 294,201,341,244,6,0.592274 538,166,582,197,6,0.099413 539,174,560,196,3,0.021458 268,186,281,211,1,0.014704 606,166,638,195,6,0.008066 260,186,277,209,6,0.002664 559,152,640,199,6,0.001819 191,172,212,194,5,0.001275 159,170,204,243,2,0.001181 302,189,327,212,6,0.001138 288,184,338,217,6,0.001046 527,166,573,198,3,0.001018
/home/dysjin/data/CARLA.v20-carla_v20.coco/valid/Town01_002220_png.rf.9b6e376c042a4b43cdf2a33f00250d62.jpg 193,179,440,380,6,0.882196 281,188,318,205,6,0.057419 203,30,409,217,6,0.009837 314,187,340,208,6,0.006083 585,213,637,252,6,0.004160 183,188,199,209,1,0.003073 622,202,640,263,6,0.002390 113,27,299,226,6,0.002079 318,177,338,199,6,0.001523 536,198,625,256,6,0.001475 285,189,348,219,6,0.001249
/home/dysjin/data/CARLA.v20-carla_v20.coco/valid/Town01_003900_png.rf.b43a572a2d61a01bb389880cf86179de.jpg 190,187,453,380,6,0.870621 19,154,109,202,6,0.023918 204,33,416,219,6,0.011239 222,189,237,210,1,0.005183 284,182,345,206,6,0.003573 325,191,354,208,6,0.001659 113,26,294,225,6,0.001224
/home/dysjin/data/CARLA.v20-carla_v20.coco/valid/029067_png.rf.b686edaf28a0971571945f7b069613d5.jpg 539,227,581,341,2,0.876569
/home/dysjin/data/CARLA.v20-carla_v20.coco/valid/Town02_004200_png.rf.b4d2f32e1287253b4f35bf521927be39.jpg 268,186,294,212,6,0.871129 371,162,386,184,3,0.024462 304,177,325,196,6,0.011492 268,175,312,204,6,0.008969 292,179,314,197,6,0.004433 370,171,384,191,4,0.003024 458,191,511,225,6,0.001732
/home/dysjin/data/CARLA.v20-carla_v20.coco/valid/Town02_002100_png.rf.b49da10e2c41ab65d4c132e46f15d3e3.jpg 270,188,289,205,6,0.784406 307,186,334,287,1,0.659128 1,182,17,212,6,0.172206 311,188,323,211,0,0.034859 55,163,105,204,6,0.007098 0,155,16,214,6,0.003250 278,180,294,198,6,0.002445 307,184,327,233,0,0.001414
/home/dysjin/data/CARLA.v20-carla_v20.coco/valid/003752_png.rf.bb0716bc5b93fa8b10f41577e20a2f35.jpg 398,217,423,241,4,0.830915 305,240,329,257,6,0.447113 344,226,361,246,3,0.006651
/home/dysjin/data/CARLA.v20-carla_v20.coco/valid/138327_png.rf.b4aecc174d58e25a6e680c2468864172.jpg 10,230,50,308,2,0.240418 235,237,248,261,2,0.009626 0,218,16,300,2,0.003408 241,237,256,260,2,0.001840 25,248,39,288,2,0.001012
/home/dysjin/data/CARLA.v20-carla_v20.coco/valid/Town05_009600_png.rf.b886b3525f44da0ae66796230d91b958.jpg 107,184,213,234,6,0.669574 465,190,500,217,6,0.668097 374,189,408,211,6,0.634327 584,177,634,208,6,0.589248 547,183,598,204,6,0.088187 529,187,546,205,6,0.048160 158,187,224,223,6,0.035354 99,200,152,240,6,0.021855 435,185,464,204,6,0.008144 559,181,585,197,6,0.007605 622,146,637,225,6,0.006760 415,179,435,197,6,0.005089 399,187,421,205,6,0.004828 485,190,505,211,6,0.001823 425,178,448,197,6,0.001806 376,179,399,200,6,0.001568 498,187,521,207,6,0.001420 571,179,596,199,6,0.001313 308,189,322,206,0,0.001201 567,71,638,235,6,0.001163
/home/dysjin/data/CARLA.v20-carla_v20.coco/valid/Town01_002340_png.rf.b8976b6d8f366e29aeb47fb3b3146b33.jpg 193,180,440,379,6,0.883719 279,189,299,209,6,0.025564 203,30,409,217,6,0.009776 599,212,639,251,6,0.006729 277,186,328,205,6,0.005765 183,189,199,209,1,0.004917 316,188,339,208,6,0.003171 622,202,639,264,6,0.002565 113,27,298,226,6,0.002098 298,183,352,209,6,0.001817 536,198,625,256,6,0.001449 259,187,277,206,1,0.001045
/home/dysjin/data/CARLA.v20-carla_v20.coco/valid/Town05_009780_png.rf.c3069a0d7ec82f2e1960c0497cec36fe.jpg 283,193,346,257,6,0.625918 300,192,326,209,6,0.007496 429,202,468,235,6,0.007226 294,192,334,230,6,0.006461 374,187,399,205,6,0.004076 200,179,233,196,6,0.001851 213,14,396,242,6,0.001808 387,175,477,226,6,0.001494
/home/dysjin/data/CARLA.v20-carla_v20.coco/valid/Town05_002700_png.rf.b9dfa75f628efa31633800bb9dfee796.jpg 368,183,388,200,6,0.682545 348,184,361,203,0,0.048803 357,180,375,198,6,0.016314 357,184,374,201,0,0.015865 390,178,407,194,6,0.007841 118,179,140,218,0,0.006198 353,177,402,199,6,0.004062 1,179,14,214,6,0.002898 0,170,15,223,2,0.001928 246,188,262,209,0,0.001903 110,169,148,248,2,0.001805 89,169,128,246,2,0.001627 334,178,349,195,6,0.001619 335,186,349,204,0,0.001358 366,168,385,187,6,0.001239 416,186,432,205,6,0.001118 393,167,407,185,6,0.001071
/home/dysjin/data/CARLA.v20-carla_v20.coco/valid/005173_png.rf.c24ac196d86260d3a384e12093bfa5ef.jpg 477,189,530,251,5,0.138763 476,200,501,242,5,0.003819 172,3,188,22,6,0.003765
/home/dysjin/data/CARLA.v20-carla_v20.coco/valid/Town01_005820_png.rf.c9053a957ff7561268673aaec9e095f0.jpg 302,191,342,315,1,0.860909 405,174,423,195,3,0.034469 310,185,324,207,6,0.021142 399,192,447,219,6,0.007155 160,182,175,213,2,0.003662 345,175,361,193,3,0.002991 412,165,429,187,3,0.001859 409,187,435,209,3,0.001166
/home/dysjin/data/CARLA.v20-carla_v20.coco/valid/Town01_011580_png.rf.c8aa9ea674a7d69974d55bf63b55ddbf.jpg 583,191,638,221,6,0.879193 263,189,292,211,6,0.732965 470,202,524,239,6,0.037489 551,188,596,223,6,0.027623 627,188,640,223,6,0.009228 417,190,436,210,6,0.006553 574,152,630,220,6,0.004853 569,37,638,262,6,0.003170 218,189,239,207,6,0.002539 624,162,636,237,6,0.002273 308,186,326,205,6,0.001575 482,193,515,228,6,0.001320 598,169,640,207,6,0.001221 266,178,288,201,6,0.001194 35,187,76,225,6,0.001175 559,187,583,212,6,0.001163 16,177,68,210,6,0.001146 230,189,248,208,6,0.001126
/home/dysjin/data/CARLA.v20-carla_v20.coco/valid/Town01_007440_png.rf.bed11eeb1dde416bf8789b24a8a5c0f8.jpg 556,170,639,219,6,0.786427 263,189,275,211,1,0.421971 264,191,281,208,6,0.083551 529,174,589,222,6,0.073953 528,178,552,214,6,0.065273 607,171,640,228,6,0.007938 391,182,410,214,2,0.005062 275,189,298,207,6,0.004788 558,55,638,246,6,0.003861 259,185,278,217,2,0.001533 559,43,612,76,6,0.001159 293,186,312,204,6,0.001147
/home/dysjin/data/CARLA.v20-carla_v20.coco/valid/Town05_011760_png.rf.c548e0a947d80bc036151e4db99afcfa.jpg 1,182,224,339,6,0.673788 192,193,420,318,6,0.359379 311,184,325,204,0,0.197939 0,0,178,194,6,0.016764 161,0,367,190,6,0.012817 61,0,258,189,6,0.007240 317,179,330,199,0,0.002932 0,0,640,380,6,0.001886 215,0,405,280,6,0.001601 24,0,210,270,6,0.001340 256,0,455,194,6,0.001288 115,0,319,268,6,0.001224
/home/dysjin/data/CARLA.v20-carla_v20.coco/valid/075708_png.rf.c1818fa586a2b613b2806f928a933d9d.jpg 308,243,347,271,6,0.917449 172,239,251,298,6,0.872733 0,208,200,451,6,0.566898 219,236,265,280,6,0.237338 1,64,113,241,6,0.132726 248,239,271,272,6,0.009388 0,0,161,334,6,0.004670 109,35,305,242,6,0.004246 0,0,173,480,6,0.004180 21,41,204,240,6,0.004067 0,0,471,480,6,0.003528 352,223,367,245,3,0.003039 0,0,640,480,6,0.002574 210,44,412,240,6,0.001486 84,0,256,334,6,0.001201 229,228,268,313,2,0.001190 352,236,367,255,3,0.001043
/home/dysjin/data/CARLA.v20-carla_v20.coco/valid/Town05_009900_png.rf.c90bd5781f975f44de47fd794a1f9ac6.jpg 354,189,424,252,6,0.844567 330,185,346,204,0,0.040609 373,186,426,213,6,0.021580 321,187,338,202,6,0.016683 339,184,355,205,6,0.005733 330,180,346,198,6,0.003202 279,178,300,195,6,0.002841 377,189,402,210,6,0.001985 401,187,425,209,6,0.001663 415,186,435,208,6,0.001651 214,9,401,241,6,0.001228 389,180,412,197,6,0.001147
/home/dysjin/data/CARLA.v20-carla_v20.coco/valid/Town05_009660_png.rf.cc2e0d6a11c64dbe092a6e9321c6a170.jpg 232,175,418,357,6,0.906699 414,187,464,212,6,0.750960 612,188,635,207,6,0.019485 342,185,358,208,0,0.018819 257,179,273,196,6,0.016218 627,185,639,209,6,0.007890 206,26,415,223,6,0.007723 210,185,227,204,6,0.007373 389,172,438,199,6,0.003958 114,18,297,236,6,0.003186 381,177,396,197,6,0.002826 293,189,311,208,6,0.002443 395,165,609,380,6,0.002135 355,176,370,195,6,0.001911 400,174,456,230,6,0.001690 216,185,232,207,0,0.001412 370,176,385,195,6,0.001392 388,176,410,196,6,0.001259 267,178,281,196,6,0.001173
/home/dysjin/data/CARLA.v20-carla_v20.coco/valid/003769_png.rf.c5c0c17fa97551316c57744e9608f796.jpg 306,239,326,257,6,0.304071 494,192,549,245,4,0.187584 495,189,552,251,5,0.158921 355,227,372,245,3,0.030576 296,239,316,256,6,0.002882
/home/dysjin/data/CARLA.v20-carla_v20.coco/valid/121197_png.rf.c99e70822c663f40252f74e6b2ad5094.jpg 243,235,412,399,6,0.903879 211,94,406,272,6,0.005002 314,237,331,262,1,0.002969 308,236,326,261,6,0.002024
/home/dysjin/data/CARLA.v20-carla_v20.coco/valid/004966_png.rf.c9d8d72d0920460b612251c5fddc5770.jpg 428,201,469,242,4,0.591661
/home/dysjin/data/CARLA.v20-carla_v20.coco/valid/Town01_006240_png.rf.cc5628eb556a5a5bd1824a8d19313b41.jpg 310,187,324,213,1,0.476292 298,187,315,204,6,0.026478 611,162,639,253,6,0.015213 308,180,323,198,6,0.007996 623,202,640,262,6,0.007216 0,185,15,250,2,0.002679 365,178,383,195,6,0.002473 316,179,330,198,6,0.002315 404,163,421,183,3,0.001944 285,187,301,204,6,0.001828 208,189,224,209,2,0.001336 586,169,631,248,6,0.001241 624,142,640,222,6,0.001225 362,175,412,199,6,0.001062
/home/dysjin/data/CARLA.v20-carla_v20.coco/valid/001638_png.rf.c98e4c5bc2a68de358073a26469c81b2.jpg 423,210,449,240,3,0.786465 156,223,176,243,3,0.002242 45,230,90,260,6,0.001466 403,197,452,250,3,0.001315 597,235,623,256,6,0.001030
/home/dysjin/data/CARLA.v20-carla_v20.coco/valid/051274_png.rf.d5f64278c64b556983082379a316485f.jpg 562,165,637,245,4,0.485150 565,164,633,250,5,0.269668 356,227,373,244,3,0.145961
/home/dysjin/data/CARLA.v20-carla_v20.coco/valid/Town01_001440_png.rf.e4b4351effd31d5b433710cffb8243e4.jpg 383,174,401,194,4,0.445012 384,176,406,196,3,0.150614 113,199,169,220,6,0.036505 383,173,432,200,6,0.001987 345,163,359,183,3,0.001413 271,186,285,205,2,0.001356 345,177,357,195,3,0.001129 334,187,348,205,2,0.001017
/home/dysjin/data/CARLA.v20-carla_v20.coco/valid/019121_png.rf.deb86464dd224ac85f75272f851fc0a8.jpg 506,234,566,260,6,0.738066 539,233,577,259,6,0.407304 501,245,542,261,6,0.016949 198,231,212,262,2,0.006977 520,215,572,279,2,0.001549 392,236,411,288,2,0.001393 512,203,586,257,6,0.001370
/home/dysjin/data/CARLA.v20-carla_v20.coco/valid/041811_png.rf.e8d4c17844854d24f9b2bec66a8a8889.jpg 49,219,66,244,4,0.428314 0,215,31,299,0,0.090145 50,205,79,244,4,0.064467 601,242,639,278,6,0.039102 49,216,75,244,3,0.017401 0,238,15,298,2,0.016726 0,240,41,275,6,0.004836 0,216,21,377,0,0.003345 47,229,65,252,4,0.001063
/home/dysjin/data/CARLA.v20-carla_v20.coco/valid/041657_png.rf.e06a4a0ae870ee5d8dbe97fc65b5b666.jpg 303,244,331,297,0,0.426420 298,209,359,431,0,0.001016
/home/dysjin/data/CARLA.v20-carla_v20.coco/valid/001519_png.rf.e42bb854e84b40164ed2795569b2eb6f.jpg 571,219,589,242,3,0.469087 587,201,604,222,3,0.014947 607,215,640,253,6,0.014014 625,201,638,269,6,0.012483 629,228,640,260,6,0.012357 598,200,619,221,3,0.007933 584,213,601,236,3,0.006167 576,203,592,226,3,0.002860 589,191,607,214,3,0.002776
/home/dysjin/data/CARLA.v20-carla_v20.coco/valid/Town02_005280_png.rf.ec981f5d8aec80a53ec1f9961c2321af.jpg 54,195,127,222,6,0.774059 159,195,211,268,1,0.290417 90,195,136,221,6,0.168342 0,194,17,221,6,0.127633 35,197,80,221,6,0.008773 156,197,204,283,0,0.003586 0,184,14,215,6,0.003279 37,200,56,222,6,0.002728 630,203,640,238,6,0.002428 156,194,210,246,6,0.002059 116,193,134,219,6,0.001336 43,205,98,225,6,0.001191
/home/dysjin/data/CARLA.v20-carla_v20.coco/valid/001509_png.rf.ed3baed466e7f65c1a01fb57bf942b65.jpg 572,219,589,241,3,0.315902 607,214,639,254,6,0.028392 586,201,604,222,3,0.018457 624,199,637,271,6,0.009601 584,212,601,236,3,0.008433 628,227,640,261,6,0.008308 598,190,619,214,3,0.006369 576,203,592,226,3,0.004811 589,191,608,214,3,0.004449 346,228,359,248,3,0.001290
/home/dysjin/data/CARLA.v20-carla_v20.coco/valid/033890_png.rf.e368755037cdc345b45b625d64db27a1.jpg 237,228,438,379,6,0.914432 585,223,630,323,2,0.847261 261,71,466,224,6,0.016769 609,233,637,310,2,0.009436 588,184,640,362,2,0.004235 625,250,640,342,2,0.001473 387,213,413,251,4,0.001455 584,246,637,292,6,0.001369 153,54,364,235,6,0.001231 624,195,638,301,2,0.001069
/home/dysjin/data/CARLA.v20-carla_v20.coco/valid/075724_png.rf.e0c3e9a2b7f318c71e76ccdcb0dda6a1.jpg 295,242,331,269,6,0.914606 43,229,230,352,6,0.787748 190,239,244,281,6,0.645667 0,254,78,436,6,0.499638 0,272,76,480,6,0.083421 269,241,291,256,6,0.022152 610,236,636,258,6,0.014617 0,94,112,262,6,0.007788 61,37,254,240,6,0.004708 0,264,84,351,6,0.003762 91,250,213,310,6,0.003226 135,230,235,287,6,0.003220 281,238,303,257,6,0.003132 10,88,249,413,6,0.002486 61,259,179,325,6,0.002427 205,230,241,308,1,0.001808 161,38,362,241,6,0.001572 0,0,166,331,6,0.001542 212,250,240,282,6,0.001393 6,305,60,430,6,0.001200
/home/dysjin/data/CARLA.v20-carla_v20.coco/valid/112477_png.rf.ecf5d82849f8b68362ce65c8d2645a1c.jpg 338,231,362,293,2,0.817531 589,234,635,257,6,0.021628 627,230,640,262,6,0.002492 345,238,356,283,2,0.002112 246,239,261,260,2,0.001050
/home/dysjin/data/CARLA.v20-carla_v20.coco/valid/Town02_001980_png.rf.ee7206fcf98c96c61f2900b25e79ce20.jpg 304,190,337,313,1,0.856454 158,185,179,225,0,0.144993 22,193,68,222,6,0.048777 63,165,122,204,6,0.024799 145,172,186,222,1,0.009567 32,170,77,238,2,0.007939 5,181,57,218,6,0.006147 138,170,178,241,2,0.006112 308,189,323,209,6,0.005492 136,175,176,212,6,0.005014 162,179,188,217,2,0.004863 63,171,154,220,6,0.004300 285,185,300,202,6,0.003478 165,181,217,210,6,0.002134 293,186,312,204,6,0.002089 7,174,60,235,2,0.002070 175,169,230,203,6,0.001912 156,170,197,242,2,0.001905 119,167,163,203,6,0.001830 165,191,183,218,1,0.001614 131,181,156,206,6,0.001526
/home/dysjin/data/CARLA.v20-carla_v20.coco/valid/026829_png.rf.e6f26e62f316568466a95ba7fd18d850.jpg 371,217,395,241,3,0.901516 148,240,162,273,2,0.012096 28,234,81,264,6,0.007397 379,203,393,227,3,0.005239 53,232,103,263,6,0.001119 0,223,16,288,2,0.001103 384,218,404,246,3,0.001055
/home/dysjin/data/CARLA.v20-carla_v20.coco/valid/007076_png.rf.d635d979c35f5dd6da756ef9889aef0b.jpg 399,216,420,242,5,0.697744 393,200,427,259,5,0.015776
/home/dysjin/data/CARLA.v20-carla_v20.coco/valid/112475_png.rf.df928fa484eb08e1454caacc1e194352.jpg 333,229,354,295,2,0.789384 588,234,635,258,6,0.009188 345,235,370,287,2,0.001571 628,231,640,263,6,0.001512
/home/dysjin/data/CARLA.v20-carla_v20.coco/valid/Town02_006960_png.rf.eedfb90c1deb0d66a31341acd2e08f4f.jpg 1,181,29,210,6,0.605447 149,163,167,182,4,0.485844 581,184,640,233,6,0.426008 271,168,328,202,6,0.035138 1,162,19,211,6,0.016938 587,212,636,250,6,0.005453 625,183,638,258,6,0.003175 300,165,348,202,6,0.003063 148,162,173,184,3,0.001835 0,158,25,236,6,0.001288 532,176,569,281,2,0.001146
/home/dysjin/data/CARLA.v20-carla_v20.coco/valid/Town05_010860_png.rf.f31c0584fff1474ad2b0f4132e874f7d.jpg 306,180,329,240,0,0.554675 0,193,62,217,6,0.085719 309,185,325,215,0,0.006359 0,192,18,220,6,0.004104 396,163,409,182,3,0.003712 0,182,14,214,6,0.002125 0,173,34,237,6,0.001215
/home/dysjin/data/CARLA.v20-carla_v20.coco/valid/Town05_004800_png.rf.ee7c080c8716cb366969ca625bb6d68b.jpg 239,183,270,205,6,0.757723 213,188,244,205,6,0.084814 184,187,201,206,6,0.053838 350,183,369,202,6,0.032561 401,174,444,199,6,0.026718 345,184,361,203,0,0.016012 627,171,639,200,6,0.003114 192,188,210,205,6,0.003109 364,177,382,196,6,0.002487 394,176,409,196,6,0.002220 182,178,200,199,6,0.001950 218,179,239,198,6,0.001830 619,175,633,198,6,0.001140 137,185,150,207,0,0.001059
/home/dysjin/data/CARLA.v20-carla_v20.coco/valid/Town05_009840_png.rf.f5040ce45ecca2822cb3b1b4ea8a6f61.jpg 295,189,364,250,6,0.886298 269,187,283,206,0,0.004347 260,187,274,206,0,0.003072 209,188,224,207,0,0.002682 320,188,374,227,6,0.001619 304,190,322,211,6,0.001514 295,188,312,208,6,0.001415 215,4,395,244,6,0.001300 280,187,298,206,6,0.001207 352,187,373,209,6,0.001073
/home/dysjin/data/CARLA.v20-carla_v20.coco/valid/041861_png.rf.f5f3812ca6c536c5c25bea3d596be111.jpg 300,239,326,283,0,0.775550 103,240,232,311,6,0.408063 400,212,429,239,3,0.214899 402,215,426,236,4,0.084745 79,180,239,333,6,0.027980 158,227,242,288,6,0.026434 194,226,236,262,6,0.005970 63,24,245,237,6,0.001710 202,219,245,290,6,0.001278 304,240,339,307,0,0.001070 0,0,237,365,6,0.001042 385,198,472,251,6,0.001040
/home/dysjin/data/CARLA.v20-carla_v20.coco/valid/Town02_003120_png.rf.f36fecf8d2ee4965c1f3bddaaaad5f33.jpg 409,190,488,223,6,0.608836 608,185,637,216,6,0.309241 623,186,640,250,6,0.039227 570,184,628,211,6,0.002089 509,172,599,224,6,0.001716 410,196,439,224,6,0.001650 550,167,593,241,2,0.001593 446,172,495,239,2,0.001336 357,165,399,243,2,0.001010
/home/dysjin/data/CARLA.v20-carla_v20.coco/valid/003755_png.rf.f6343810071c5f5401b5697ef363285d.jpg 407,214,433,240,4,0.782501 304,240,329,257,6,0.313902 345,226,361,245,3,0.002273
/home/dysjin/data/CARLA.v20-carla_v20.coco/valid/Town01_003300_png.rf.fae28071a74fa02928094ff14cdbb3aa.jpg 275,199,355,271,6,0.865971 502,181,550,213,6,0.302031 274,191,298,211,6,0.135234 272,191,331,221,6,0.011050 506,173,597,224,6,0.008759 194,194,214,216,1,0.005978 175,195,209,213,6,0.004746 163,197,196,214,6,0.004274 545,203,596,240,6,0.003108 83,185,101,214,2,0.002708 463,178,548,223,6,0.001646 35,175,81,238,2,0.001634 56,175,100,240,2,0.001622 286,191,311,211,6,0.001538 235,166,380,319,6,0.001373 260,188,276,208,6,0.001344
/home/dysjin/data/CARLA.v20-carla_v20.coco/valid/138255_png.rf.fbf65e3e930393318a8312fdaefcae24.jpg 57,234,82,291,2,0.608202 63,242,77,279,2,0.004911 238,234,265,255,6,0.001005
/home/dysjin/data/CARLA.v20-carla_v20.coco/valid/005373_png.rf.f68e0e113c5193c933cbee38c6a6bc2d.jpg 146,232,162,268,2,0.476734 155,233,170,268,2,0.402254 136,234,154,277,2,0.037476 163,234,183,276,2,0.007009 0,236,13,301,2,0.002909 133,228,176,284,2,0.002596 342,238,361,254,6,0.002578 129,236,173,272,6,0.001832 141,238,186,261,6,0.001284 331,211,346,235,3,0.001191
/home/dysjin/data/CARLA.v20-carla_v20.coco/valid/001630_png.rf.ff5ced110f03f998a7a6998ddf647fd2.jpg 411,210,434,239,3,0.882674 54,231,104,258,6,0.004253 168,225,186,243,3,0.002099 400,181,440,242,3,0.001154
/home/dysjin/data/CARLA.v20-carla_v20.coco/valid/006662_png.rf.fa42143249c7b6a780238796639341d3.jpg 465,233,504,311,2,0.639168 439,226,481,298,2,0.002297 484,240,566,303,6,0.001785 497,235,547,316,2,0.001620 516,199,597,255,6,0.001516 457,246,509,294,6,0.001481
/home/dysjin/data/CARLA.v20-carla_v20.coco/valid/Town05_004860_png.rf.f5c138159cbce172c63fa9a736f9c655.jpg 239,183,271,205,6,0.723673 213,188,243,205,6,0.077345 184,188,201,206,6,0.072895 403,173,444,198,6,0.034191 351,183,369,202,6,0.032736 345,184,361,203,0,0.015712 627,171,638,199,6,0.003070 192,188,210,205,6,0.002869 364,177,382,196,6,0.002769 137,186,150,207,0,0.002349 394,175,409,196,6,0.002061 182,179,199,199,6,0.001960 218,179,238,199,6,0.001675 619,175,633,198,6,0.001060
/home/dysjin/data/CARLA.v20-carla_v20.coco/valid/Town01_008460_png.rf.03f3160d63f090b29499596ec3c8c4b5.jpg 27,194,143,246,6,0.729022 561,190,638,223,6,0.461196 540,192,582,221,6,0.286228 424,192,476,217,6,0.155973 0,164,144,301,6,0.026020 541,188,561,213,6,0.014017 0,0,173,200,6,0.008514 371,187,383,214,2,0.004006 253,183,302,208,6,0.003228 590,190,629,209,6,0.003128 554,67,638,235,6,0.002491 628,192,640,224,6,0.002278 344,189,361,207,6,0.001680 110,187,127,211,1,0.001454 234,185,250,212,0,0.001362 631,170,640,200,6,0.001122 74,191,134,227,6,0.001076 572,190,599,209,6,0.001051
/home/dysjin/data/CARLA.v20-carla_v20.coco/valid/005508_png.rf.0ab3da1b4970047c9b42e5bbe5d4e6f1.jpg 34,233,56,283,2,0.853032 85,237,123,318,2,0.424546 471,243,530,278,6,0.032912 30,229,79,292,2,0.006329 91,230,117,296,2,0.003848 473,228,525,290,2,0.003129 19,226,54,311,2,0.003010 60,232,111,294,2,0.002876 72,239,134,307,6,0.001903
/home/dysjin/data/CARLA.v20-carla_v20.coco/valid/Town01_006180_png.rf.089d25ecaf49fe28c7f3bf0c3614732b.jpg 312,184,324,216,1,0.655026 357,174,374,190,3,0.039300 363,166,382,185,3,0.016282 388,174,417,191,3,0.012165 310,178,323,200,6,0.009875 360,172,414,194,6,0.006092 206,7,221,21,6,0.004028 378,166,398,185,3,0.002498 347,176,362,192,3,0.001957 375,175,401,193,3,0.001898 400,167,420,185,3,0.001732 545,208,577,229,6,0.001126
/home/dysjin/data/CARLA.v20-carla_v20.coco/valid/Town02_008340_png.rf.044a76656e2e2fe428cd425926d9acbe.jpg 552,191,614,225,6,0.821034 160,193,241,240,6,0.702986 269,186,291,204,6,0.184097 287,189,316,205,6,0.012708 302,187,326,205,6,0.005502 142,176,181,246,2,0.001410 578,198,635,235,6,0.001190 177,181,231,219,6,0.001034
/home/dysjin/data/CARLA.v20-carla_v20.coco/valid/075710_png.rf.0b62bb94157d1f2113ac6bbefe158022.jpg 308,242,347,271,6,0.910496 172,240,252,299,6,0.880718 0,209,200,451,6,0.597681 219,236,266,280,6,0.222648 1,64,113,241,6,0.133727 0,0,161,332,6,0.005094 247,238,271,273,6,0.004445 109,35,305,242,6,0.004388 21,41,203,240,6,0.004180 0,0,448,480,6,0.004067 0,0,173,480,6,0.003495 0,0,640,480,6,0.002306 210,44,412,240,6,0.001493 84,0,256,335,6,0.001122 352,223,367,246,3,0.001104 228,229,268,313,2,0.001021
/home/dysjin/data/CARLA.v20-carla_v20.coco/valid/041689_png.rf.0d648fbd58416a80b414e4503d51c42e.jpg 302,245,332,302,0,0.310466 125,203,182,248,6,0.018384 306,257,323,293,0,0.001656 297,209,361,435,0,0.001046
/home/dysjin/data/CARLA.v20-carla_v20.coco/valid/003751_png.rf.0ff9ef7c8c8e4f5eab52437609a3b501.jpg 397,219,420,241,4,0.815279 306,241,328,257,6,0.406423 344,226,361,246,3,0.007297 389,210,420,249,3,0.001736
/home/dysjin/data/CARLA.v20-carla_v20.coco/valid/Town02_008820_png.rf.135414697b8215dc125af6b125d3058c.jpg 511,178,558,212,6,0.878901 274,212,370,324,6,0.655276 564,174,626,216,6,0.295752 387,179,435,206,6,0.041353 511,159,597,217,6,0.013758 391,179,412,196,3,0.012169 222,191,236,208,6,0.004683 238,166,378,377,6,0.003303 81,193,131,223,6,0.003155 177,187,204,208,6,0.003003 423,175,475,210,6,0.002537 341,190,359,207,6,0.002461 110,172,152,242,2,0.002360 304,191,325,208,6,0.001816 141,174,162,195,3,0.001656 352,188,371,206,6,0.001329 228,189,245,207,6,0.001245 54,181,104,214,6,0.001183 278,186,298,206,6,0.001129
/home/dysjin/data/CARLA.v20-carla_v20.coco/valid/006664_png.rf.1466f666c872e94bac27eba56bbdfb5b.jpg 475,237,524,316,2,0.781432 460,214,545,337,2,0.002275 507,241,592,306,6,0.001576 432,225,477,297,2,0.001188 534,199,624,260,6,0.001068
/home/dysjin/data/CARLA.v20-carla_v20.coco/valid/014570_png.rf.1235b2ca71c181a49fda1bb53eaa19cd.jpg 62,235,123,262,6,0.884175 434,234,456,282,2,0.883749 300,243,334,265,6,0.150620 23,222,106,272,6,0.007690 427,227,469,304,2,0.003330 78,220,128,286,2,0.001387 419,234,461,276,6,0.001303
/home/dysjin/data/CARLA.v20-carla_v20.coco/valid/112550_png.rf.1ca2fa82e03653536df85cf5faf5753c.jpg 519,227,553,318,2,0.611735 587,232,635,258,6,0.010967 247,239,260,262,2,0.004827 530,237,544,279,2,0.001592
/home/dysjin/data/CARLA.v20-carla_v20.coco/valid/Town02_000780_png.rf.16d5987bcdc7d08470c1b3e757e128e5.jpg 303,189,343,315,1,0.862739 47,182,115,217,6,0.783085 280,184,304,203,6,0.764745 31,183,85,212,6,0.008629 601,190,640,220,6,0.006670 75,186,113,210,6,0.004923 356,163,371,182,4,0.004725 340,185,361,202,6,0.003070 303,177,326,194,6,0.002877 529,161,567,254,2,0.002283 625,194,640,220,6,0.002258 328,185,349,203,6,0.002210 318,177,336,196,6,0.001898 319,187,335,206,6,0.001406 27,158,106,215,6,0.001326 13,168,58,239,2,0.001021 271,179,291,198,6,0.001021
/home/dysjin/data/CARLA.v20-carla_v20.coco/valid/Town02_001500_png.rf.1e8a22666698f8954863a9939bc59942.jpg 185,188,214,219,1,0.355158 181,184,220,217,6,0.278040 179,177,219,236,0,0.019773 486,177,570,232,6,0.016476 575,187,628,281,2,0.016209 603,177,637,285,2,0.009240 439,192,479,225,6,0.006412 567,185,639,275,6,0.003579 553,187,601,279,2,0.003386 585,223,635,267,6,0.001505 525,184,576,275,2,0.001367 508,188,596,260,6,0.001078
/home/dysjin/data/CARLA.v20-carla_v20.coco/valid/Town05_004620_png.rf.0e4a190ca586e0e90df6b90be2c83f5b.jpg 392,177,453,211,6,0.912301 587,182,637,211,6,0.139010 221,186,241,203,6,0.095752 346,182,363,203,6,0.061114 281,184,298,203,6,0.040132 71,2,86,20,6,0.006835 573,190,625,223,6,0.005153 577,150,640,210,6,0.004608 136,186,149,206,0,0.003340 269,181,290,196,6,0.002927 626,182,639,210,6,0.002133 607,193,639,216,6,0.001851 381,174,398,197,6,0.001379 342,180,366,207,0,0.001344 559,168,600,243,2,0.001205 366,177,382,197,6,0.001125 340,179,382,204,6,0.001106
/home/dysjin/data/CARLA.v20-carla_v20.coco/valid/006578_png.rf.21f08e8ed63ab67b3ef05528af8ef9e6.jpg 259,238,296,257,6,0.764583 370,219,386,240,3,0.666460 264,230,290,249,6,0.003113 624,287,638,353,6,0.003075 433,200,523,249,6,0.001335
/home/dysjin/data/CARLA.v20-carla_v20.coco/valid/Town01_004320_png.rf.1f6552094735eb0bd49b614b7e584c58.jpg 251,184,394,305,6,0.622319 357,151,376,173,4,0.011620 187,185,202,210,0,0.005470 0,193,16,218,6,0.003379 211,25,395,227,6,0.003140 319,176,334,196,6,0.003125 307,177,325,197,6,0.002545 257,176,276,198,6,0.001497 117,22,297,231,6,0.001055
/home/dysjin/data/CARLA.v20-carla_v20.coco/valid/Town02_006720_png.rf.2632fd4f3d65ff215e84d472badfd870.jpg 581,174,640,220,6,0.806335 267,190,291,211,6,0.549588 564,175,584,195,3,0.210551 391,182,455,210,6,0.087957 115,194,171,219,6,0.060094 0,194,19,241,6,0.002646 200,190,227,209,6,0.002035 564,181,584,203,6,0.001859 495,178,548,210,6,0.001716 558,176,611,209,6,0.001712 621,160,637,236,6,0.001698 0,153,14,208,3,0.001235 344,189,361,209,6,0.001166 551,168,594,199,3,0.001146 104,183,156,214,6,0.001068
/home/dysjin/data/CARLA.v20-carla_v20.coco/valid/Town05_006900_png.rf.2eaa1f5f6de8c6bffcd968f78f2f53b4.jpg 237,186,258,225,0,0.546429 380,167,424,197,6,0.197581 179,347,202,365,6,0.023267 446,338,502,371,6,0.010234 399,169,610,380,6,0.008708 168,341,212,368,6,0.006311 0,168,223,373,6,0.001225 179,337,202,358,6,0.001162 61,345,125,372,6,0.001063
/home/dysjin/data/CARLA.v20-carla_v20.coco/valid/005482_png.rf.1eef94cb1d26525ab4b64d28fc9be58d.jpg 0,228,36,317,2,0.755071 472,242,530,279,6,0.063792 471,228,525,289,2,0.002393 0,192,49,356,2,0.001039
/home/dysjin/data/CARLA.v20-carla_v20.coco/valid/138251_png.rf.2622df013f55b1f57387212b95c87241.jpg 77,233,101,290,2,0.660757 88,232,110,288,2,0.001581
/home/dysjin/data/CARLA.v20-carla_v20.coco/valid/007070_png.rf.2316a0a54db7e4a749f421570aadd160.jpg 384,218,401,242,5,0.595172
/home/dysjin/data/CARLA.v20-carla_v20.coco/valid/Town05_010920_png.rf.2325292b5e147dc41c10fe128f6256f9.jpg 298,178,346,290,0,0.759388 576,160,639,200,6,0.133507 315,177,336,195,6,0.028027 372,172,402,194,6,0.005050 428,207,452,254,0,0.003227 291,177,338,210,6,0.002342 411,167,444,252,0,0.001889 291,178,314,195,6,0.001824 302,178,328,198,6,0.001759 167,0,362,199,6,0.001181
/home/dysjin/data/CARLA.v20-carla_v20.coco/valid/Town01_006420_png.rf.2b897cd6227874bc930ae1c7e17e3b3b.jpg 310,186,323,213,1,0.638503 211,186,222,209,2,0.068624 298,185,313,204,1,0.014699 570,167,640,225,6,0.009742 136,193,153,220,2,0.008398 0,159,25,256,2,0.004273 144,194,158,223,2,0.004151 286,185,300,203,6,0.003591 307,178,320,201,6,0.002018 586,151,636,195,6,0.001552 377,175,397,196,6,0.001013
/home/dysjin/data/CARLA.v20-carla_v20.coco/valid/Town05_006780_png.rf.253c814d6e368b92a888141244ca1a16.jpg 169,186,209,262,0,0.469269 166,194,217,243,1,0.038040 345,187,361,206,0,0.003039 353,185,372,204,6,0.002620 319,189,337,210,6,0.002441 184,189,199,209,0,0.001759 165,0,371,200,6,0.001617 14,0,220,200,6,0.001491
/home/dysjin/data/CARLA.v20-carla_v20.coco/valid/Town01_008280_png.rf.2f69ce357d9638b109b359e31c238ab4.jpg 277,192,307,210,6,0.496887 399,200,446,222,6,0.174769 300,193,331,209,6,0.140707 438,198,489,221,6,0.069915 67,186,114,210,6,0.029724 187,185,201,216,2,0.022270 269,190,293,206,6,0.012723 194,192,206,216,2,0.011140 380,201,396,219,6,0.004520 570,209,622,237,6,0.003397 388,202,411,220,6,0.002035 0,191,37,220,6,0.001931 630,206,640,239,6,0.001862 149,189,181,207,6,0.001852 86,170,128,242,2,0.001499 532,200,626,257,6,0.001476 509,194,563,226,6,0.001453 411,188,464,212,6,0.001141 260,186,278,205,6,0.001051 252,186,310,205,6,0.001035 471,194,525,223,6,0.001003
/home/dysjin/data/CARLA.v20-carla_v20.coco/valid/Town01_005100_png.rf.262bb9c3104b14f5fb633de3dafd0a52.jpg 577,195,601,220,6,0.071689 326,180,349,215,1,0.044589 579,192,606,223,2,0.009611 36,187,100,209,6,0.008670 583,178,632,213,6,0.007950 565,178,608,217,6,0.004471 575,164,622,232,2,0.003069 569,150,640,207,6,0.002153 3,189,29,210,6,0.001305 230,166,275,201,6,0.001168
/home/dysjin/data/CARLA.v20-carla_v20.coco/valid/Town01_011940_png.rf.2554f5ab3ce2122d2ef300838472450f.jpg 205,183,267,228,6,0.403154 571,190,598,223,1,0.307737 566,189,603,225,6,0.239110 578,194,612,242,0,0.015099 572,195,616,240,1,0.009698 581,199,633,238,6,0.002370 581,198,604,222,0,0.001672 267,183,289,207,6,0.001181
/home/dysjin/data/CARLA.v20-carla_v20.coco/valid/041684_png.rf.2f70db5ab75442cd11fffa13a776ae97.jpg 302,245,331,299,0,0.422017 130,202,182,243,6,0.003430 297,201,357,439,0,0.002425 111,222,128,249,3,0.001948 313,258,331,289,0,0.001358
/home/dysjin/data/CARLA.v20-carla_v20.coco/valid/Town05_010980_png.rf.2071755951cd753466eb2cc53fd2fe0c.jpg 301,179,342,288,0,0.777663 369,168,411,197,6,0.192706 296,110,350,380,0,0.008504
/home/dysjin/data/CARLA.v20-carla_v20.coco/valid/112459_png.rf.33bdc5bd58f0f631808a95c4ceb9a78f.jpg 288,232,314,291,2,0.849630 588,234,636,257,6,0.012291 296,238,307,281,2,0.002386 627,230,640,262,6,0.002234 288,239,331,284,6,0.001018
/home/dysjin/data/CARLA.v20-carla_v20.coco/valid/041653_png.rf.31aa86a50239c7e6cbc52c66846dac06.jpg 303,243,331,299,0,0.457087
/home/dysjin/data/CARLA.v20-carla_v20.coco/valid/041819_png.rf.374472e0a0868df264a4100cb7734e35.jpg 17,243,67,265,6,0.722503 173,219,188,242,4,0.409810 97,231,137,292,0,0.175627 175,205,199,243,4,0.017653 0,227,81,273,6,0.002674 109,256,128,288,0,0.001825 560,176,640,224,6,0.001397
/home/dysjin/data/CARLA.v20-carla_v20.coco/valid/Town05_010800_png.rf.3489607b659edfbc485537135e06f34b.jpg 306,189,330,245,0,0.581181 0,173,141,295,6,0.573718 121,185,170,205,6,0.106767 0,0,165,201,6,0.022825 0,36,155,347,6,0.009262 306,186,324,215,6,0.005350 137,178,172,199,6,0.004729 10,210,120,270,6,0.004410 346,186,359,206,0,0.004112 6,91,119,267,6,0.003161 345,178,360,195,6,0.003128 370,163,383,183,3,0.002673 295,186,314,207,6,0.002377 154,183,174,205,6,0.002197 68,0,270,192,6,0.002059 120,189,145,209,6,0.001938 348,196,360,222,0,0.001890 79,196,134,238,6,0.001689 317,179,333,197,6,0.001196 138,0,310,320,6,0.001114
/home/dysjin/data/CARLA.v20-carla_v20.coco/valid/Town02_001080_png.rf.2d29b90fb99ccf7727caeaa1914436b4.jpg 304,190,344,315,1,0.859617 277,183,303,203,6,0.830815 82,176,250,297,6,0.778342 0,197,89,357,6,0.365210 30,190,76,219,6,0.025477 602,190,640,219,6,0.018113 127,178,237,244,6,0.010134 302,178,328,196,6,0.007013 317,185,333,207,0,0.006234 0,0,163,198,6,0.005957 64,29,250,221,6,0.005499 0,193,40,222,6,0.005256 0,163,141,326,6,0.004837 317,178,335,197,6,0.003869 52,116,292,348,6,0.003587 229,176,255,197,6,0.003534 89,192,195,266,6,0.003432 165,0,370,192,6,0.003252 289,179,310,198,6,0.003089 1,192,17,221,6,0.002539 357,163,372,183,4,0.002524 0,206,88,380,6,0.002169 225,154,382,326,6,0.002137 0,175,82,231,6,0.002006 528,161,567,255,2,0.001570 288,173,339,199,6,0.001507 626,185,640,213,6,0.001358 149,27,254,178,6,0.001265 325,185,347,204,6,0.001234 271,179,292,199,6,0.001227 3,184,59,214,6,0.001204 0,105,143,380,6,0.001111 341,185,361,203,6,0.001108
/home/dysjin/data/CARLA.v20-carla_v20.coco/valid/Town02_005700_png.rf.39e8547ff43ddaa06ed2b24f114c8a27.jpg 245,181,408,352,6,0.879674 282,184,301,203,6,0.740888 465,174,509,198,6,0.099191 315,184,339,203,6,0.084175 290,178,308,198,6,0.007088 207,28,405,222,6,0.006266 306,178,328,198,6,0.004425 106,182,149,212,6,0.002390 135,165,171,246,2,0.002286 158,186,178,231,0,0.001204 31,108,79,140,6,0.001034 120,29,288,226,6,0.001023 43,163,94,203,6,0.001007
/home/dysjin/data/CARLA.v20-carla_v20.coco/valid/Town02_002040_png.rf.3d0fd4b3b3749ac8ebdf480959eb8e66.jpg 304,192,338,314,1,0.840257 67,179,150,229,6,0.337559 266,187,292,214,6,0.332899 0,178,133,374,6,0.093799 271,183,326,208,6,0.076451 118,190,161,221,6,0.060661 54,190,83,224,1,0.031874 304,187,324,207,6,0.022437 53,177,79,220,0,0.017824 55,191,103,225,6,0.004353 49,173,66,194,0,0.003894 0,27,155,226,6,0.003690 107,20,304,229,6,0.002782 51,163,79,206,0,0.002165 77,165,132,206,6,0.001815 46,174,86,219,1,0.001694 278,159,351,319,1,0.001622 0,0,153,272,6,0.001489 50,183,67,207,0,0.001430 275,182,336,243,6,0.001130 275,179,299,200,6,0.001101
/home/dysjin/data/CARLA.v20-carla_v20.coco/valid/075707_png.rf.2ff4a82560cfe658387e361a6cc43ef0.jpg 308,242,347,272,6,0.919732 173,240,251,297,6,0.856493 0,207,200,450,6,0.568496 219,236,265,281,6,0.257428 1,63,113,241,6,0.138061 248,238,271,273,6,0.008430 109,35,307,242,6,0.004503 21,41,205,239,6,0.004204 0,0,155,314,6,0.004157 352,224,367,245,3,0.004060 0,0,456,480,6,0.003440 0,0,173,480,6,0.003312 0,0,640,480,6,0.002600 351,246,373,271,6,0.001623 210,45,413,240,6,0.001537 212,244,250,295,1,0.001303 85,0,256,334,6,0.001298 352,236,367,256,3,0.001127 228,230,268,313,2,0.001093
/home/dysjin/data/CARLA.v20-carla_v20.coco/valid/138320_png.rf.332f3bdf3abffc7dd973858c3061b801.jpg 55,234,80,287,2,0.641564 62,242,76,276,2,0.011989 245,237,260,260,2,0.003692 55,227,97,312,2,0.001424
/home/dysjin/data/CARLA.v20-carla_v20.coco/valid/003766_png.rf.3dbe103da1003d1fb3bd18ad0d0894b4.jpg 460,194,511,243,4,0.607991 305,239,325,256,6,0.334879 354,227,371,245,3,0.027982 457,190,510,240,6,0.003025
/home/dysjin/data/CARLA.v20-carla_v20.coco/valid/121245_png.rf.3c6765f574e34bb200e320d55fc2ffe7.jpg 275,250,354,319,6,0.900497 234,213,372,367,6,0.001643 257,237,273,258,2,0.001502
/home/dysjin/data/CARLA.v20-carla_v20.coco/valid/Town05_011040_png.rf.3f658b3c60547a5478cb61d6b76eb55c.jpg 310,183,326,214,0,0.468487 373,168,423,199,6,0.149974 295,174,337,216,0,0.005965 403,171,599,375,6,0.001172
/home/dysjin/data/CARLA.v20-carla_v20.coco/valid/Town02_004920_png.rf.3cdedb8ebbe317a63567ec577e3789a8.jpg 309,195,332,240,1,0.346901 309,185,328,239,0,0.224569 164,187,192,204,6,0.034626 306,188,338,236,6,0.003959 366,187,386,206,6,0.003384 314,183,333,210,6,0.002629
/home/dysjin/data/CARLA.v20-carla_v20.coco/valid/Town05_002760_png.rf.41faa57cc70298c90c62fe9f6a3f08c9.jpg 115,186,140,204,6,0.205501 108,189,131,209,0,0.040028 382,185,396,206,2,0.012536 249,186,262,206,0,0.006853 353,186,372,202,6,0.005875 367,187,386,203,6,0.004930 246,178,261,196,6,0.004715 256,179,270,196,6,0.004575 256,185,268,205,0,0.003994 44,186,63,214,1,0.003749 283,178,298,195,6,0.002394 344,187,361,204,6,0.002361 234,177,252,195,6,0.002203 99,186,118,209,0,0.001922 270,178,286,195,6,0.001462 389,185,404,207,2,0.001345 192,176,212,196,6,0.001097
/home/dysjin/data/CARLA.v20-carla_v20.coco/valid/Town02_001740_png.rf.4072bb166a4df4f9403df039e28a73f3.jpg 304,190,337,312,1,0.852785 59,165,121,204,6,0.052970 291,186,313,202,6,0.014926 307,189,323,209,6,0.011909 285,186,301,202,6,0.006783 36,187,55,209,6,0.005287 120,166,162,202,6,0.001020
/home/dysjin/data/CARLA.v20-carla_v20.coco/valid/026849_png.rf.52e90800c02b90489d2521817c6942f7.jpg 425,208,450,240,3,0.912035
/home/dysjin/data/CARLA.v20-carla_v20.coco/valid/Town02_001560_png.rf.44c7e46d6d34263ac9f429ccb2cd2655.jpg 73,192,93,220,1,0.550843 7,185,29,205,6,0.172016 62,189,82,210,6,0.106053 64,183,99,217,6,0.024044 0,182,20,205,6,0.007838 20,185,37,205,6,0.003900 49,187,69,206,6,0.003418 0,105,29,211,6,0.001862 63,191,84,216,1,0.001556 35,186,53,206,6,0.001497
/home/dysjin/data/CARLA.v20-carla_v20.coco/valid/Town02_003420_png.rf.4347a7bee8aec9f5c84eb5295856f9a9.jpg 20,183,102,231,6,0.205841 330,199,377,232,6,0.177633 332,195,373,227,1,0.170089 52,201,113,236,6,0.096973 328,196,358,227,0,0.003278 561,187,610,212,6,0.002941 349,172,392,240,2,0.002271 315,172,357,244,2,0.002155 80,170,124,241,2,0.001331 1,194,60,229,6,0.001315 586,183,631,211,6,0.001253 234,176,326,223,6,0.001020
/home/dysjin/data/CARLA.v20-carla_v20.coco/valid/Town01_006060_png.rf.3d76b002da6076434f028293d0c4a498.jpg 305,189,337,276,1,0.587132 187,210,217,225,6,0.014503 414,193,455,227,6,0.005429 422,193,450,229,2,0.005156 228,200,251,218,6,0.004440 308,186,324,209,6,0.002878 207,202,226,221,6,0.002658 217,201,239,218,6,0.002367 299,174,333,255,6,0.001068
/home/dysjin/data/CARLA.v20-carla_v20.coco/valid/Town02_007800_png.rf.4e6520c0e9dd39a93f5048a2caea0283.jpg 333,193,415,225,6,0.538425 610,188,638,232,6,0.194601 305,187,328,203,6,0.123447 386,195,438,229,6,0.121373 620,207,640,256,6,0.045135 517,187,547,208,6,0.028034 581,191,610,210,6,0.023698 318,190,365,224,6,0.022167 401,200,432,235,1,0.006061 281,187,298,203,6,0.005452 583,186,637,215,6,0.002975 551,188,570,208,6,0.002557 312,182,336,213,6,0.001149 262,21,440,234,6,0.001028
/home/dysjin/data/CARLA.v20-carla_v20.coco/valid/Town01_001860_png.rf.53e5db5983ad00d8986ebdc44e1e76ef.jpg 193,176,444,380,6,0.880922 285,186,318,204,6,0.356127 406,162,465,200,6,0.093942 312,185,338,205,6,0.037110 232,188,250,206,6,0.020045 282,179,302,199,6,0.017954 210,1,409,186,6,0.010497 136,186,151,210,1,0.006390 77,186,109,204,6,0.004972 215,179,242,196,6,0.004309 289,175,341,203,6,0.004249 288,188,341,219,6,0.003970 300,180,327,198,6,0.002640 96,185,115,207,0,0.002483 544,182,599,212,6,0.002220 113,27,297,227,6,0.001454 71,174,117,200,6,0.001417 276,0,472,123,6,0.001219 429,155,521,204,6,0.001200
/home/dysjin/data/CARLA.v20-carla_v20.coco/valid/Town01_006120_png.rf.405fede50ad311216cb9943968a5cdf5.jpg 315,189,329,221,1,0.707736 355,165,371,185,3,0.016094 477,172,519,198,6,0.002789 317,178,331,198,6,0.001563 365,164,381,185,3,0.001379
/home/dysjin/data/CARLA.v20-carla_v20.coco/valid/041864_png.rf.51f1d81198f2e5b7a450f586235760ec.jpg 301,240,327,284,0,0.723211 420,208,444,240,4,0.503050 78,213,228,339,6,0.494367 408,203,447,243,3,0.082369 190,226,240,263,6,0.055074 133,227,236,290,6,0.009826 38,127,271,358,6,0.003817 62,27,245,232,6,0.002474 398,181,427,220,3,0.002473 67,245,170,311,6,0.002056 293,195,324,281,0,0.001061
/home/dysjin/data/CARLA.v20-carla_v20.coco/valid/Town01_012060_png.rf.58e57e1a7e8d4f630323ae1827ca68bc.jpg 571,190,598,223,1,0.318267 571,194,614,226,6,0.029407 578,196,612,240,0,0.011699 571,195,616,239,1,0.006719 335,185,362,206,6,0.003164 582,200,633,237,6,0.002614
/home/dysjin/data/CARLA.v20-carla_v20.coco/valid/009044_png.rf.59d4a83882b4b6af242cbd9e0e31ba80.jpg 560,216,580,243,3,0.518279 585,212,638,255,6,0.304265 564,214,579,240,4,0.017577 0,208,12,236,4,0.016880 392,229,455,258,6,0.013826 118,234,144,284,2,0.011426 0,200,13,244,3,0.006669 127,239,156,279,2,0.002566 630,228,640,261,6,0.001829 196,236,213,261,2,0.001819 424,226,471,261,6,0.001524 569,218,588,246,3,0.001431 625,197,637,273,6,0.001335 130,224,174,291,2,0.001006
/home/dysjin/data/CARLA.v20-carla_v20.coco/valid/Town02_002520_png.rf.55f8a7c01a8e4b86c99a794d7b61cd5d.jpg 217,171,427,348,6,0.897304 163,193,222,233,6,0.880666 537,177,626,237,6,0.089044 148,175,164,197,3,0.018240 208,0,407,184,6,0.015437 26,197,83,226,6,0.013615 369,176,382,195,3,0.004112 296,177,312,196,6,0.001929 528,184,574,267,2,0.001792 510,188,597,251,6,0.001275 413,188,436,210,6,0.001265 112,0,300,196,6,0.001230 0,0,640,380,6,0.001091 390,150,411,172,3,0.001088
/home/dysjin/data/CARLA.v20-carla_v20.coco/valid/Town02_008760_png.rf.5bfb07b6a5fbe6700b4b9c150b9c6576.jpg 272,188,290,207,6,0.715678 274,212,370,326,6,0.673213 512,181,556,213,6,0.666167 569,178,625,213,6,0.361143 523,177,595,216,6,0.293626 387,178,434,206,6,0.033187 594,194,627,214,6,0.023426 391,179,413,196,3,0.009199 560,175,590,211,6,0.005632 423,176,476,210,6,0.005363 222,191,236,208,6,0.004430 177,187,204,207,6,0.003976 238,166,378,377,6,0.003798 277,180,293,199,6,0.003390 82,193,130,224,6,0.003261 110,172,153,242,2,0.003093 140,173,163,195,3,0.002515 341,190,359,207,6,0.002164 228,189,246,207,6,0.001736 304,190,325,209,6,0.001649 83,173,130,240,2,0.001298 54,182,105,214,6,0.001203 130,173,177,239,2,0.001103 600,163,640,234,6,0.001049
/home/dysjin/data/CARLA.v20-carla_v20.coco/valid/Town01_008100_png.rf.5942043a53e2ea3c62572bf7029ed896.jpg 381,195,415,214,6,0.772069 278,189,301,207,6,0.507235 93,185,143,213,6,0.121937 410,192,445,207,6,0.111901 338,188,364,203,6,0.102611 191,172,238,198,6,0.080428 290,186,305,205,6,0.015702 320,178,334,198,6,0.007176 399,193,425,209,6,0.004736 353,186,370,202,6,0.004624 322,184,337,206,2,0.003209 306,177,323,195,6,0.002496 356,179,370,196,3,0.002151 343,181,362,196,3,0.002139 367,190,386,209,6,0.001952 66,180,119,214,6,0.001724 153,184,182,204,6,0.001384 586,180,634,204,6,0.001380 257,189,278,206,6,0.001354 295,180,309,197,6,0.001121 279,181,299,198,6,0.001111 422,188,472,211,6,0.001074 81,170,129,239,2,0.001065
/home/dysjin/data/CARLA.v20-carla_v20.coco/valid/Town01_010680_png.rf.5537782525200ced228c602e6dcc3456.jpg 370,178,384,192,4,0.344990 173,183,207,202,6,0.021018 372,183,385,198,3,0.004302 231,189,245,209,2,0.002763 155,174,206,199,6,0.002582 364,175,391,195,3,0.002383 334,188,346,205,2,0.002281 320,189,336,204,6,0.001933 374,185,392,201,6,0.001797 152,177,177,196,6,0.001744 155,184,180,204,6,0.001518 221,189,239,208,6,0.001424 409,199,440,219,6,0.001196
/home/dysjin/data/CARLA.v20-carla_v20.coco/valid/121155_png.rf.5eeb1497380edc240a771f68b9d34669.jpg 242,234,412,400,6,0.904991 558,216,599,304,2,0.874309 211,96,408,273,6,0.005075 582,225,607,296,2,0.003828 308,236,326,261,6,0.002276 541,190,617,324,2,0.001085
/home/dysjin/data/CARLA.v20-carla_v20.coco/valid/007085_png.rf.5a7141063cfddac158b01dce18de1e48.jpg 426,199,467,249,5,0.626608 437,214,456,227,5,0.001166
/home/dysjin/data/CARLA.v20-carla_v20.coco/valid/Town05_006720_png.rf.717ce1e22225ab6a97befb2b8effcc2a.jpg 180,185,217,256,1,0.283558 92,192,118,208,6,0.018053 343,178,362,196,6,0.016591 344,185,360,204,0,0.011298 113,189,144,205,6,0.006647 129,187,151,206,6,0.003306 353,179,370,195,6,0.002535 334,185,349,206,0,0.002005 319,187,337,205,6,0.001923 101,190,131,207,6,0.001862 178,188,210,238,0,0.001556 368,187,384,204,6,0.001449 237,0,385,331,6,0.001413 162,0,372,204,6,0.001280 384,176,395,195,3,0.001194 384,163,395,185,3,0.001177 0,25,85,180,6,0.001136 18,0,222,201,6,0.001049 344,194,359,218,0,0.001010
/home/dysjin/data/CARLA.v20-carla_v20.coco/valid/Town01_006600_png.rf.612f31973b2db2fda3ee5293fd937a64.jpg 375,188,394,212,6,0.026477 132,175,177,242,2,0.003667 155,174,198,242,2,0.001199 411,169,462,197,6,0.001120
/home/dysjin/data/CARLA.v20-carla_v20.coco/valid/112469_png.rf.4fea3a1e3f0858f468ecb362968a08fb.jpg 313,240,339,294,2,0.610930 588,234,635,257,6,0.012175 627,230,640,263,6,0.001918 311,247,357,289,6,0.001881
/home/dysjin/data/CARLA.v20-carla_v20.coco/valid/Town05_009540_png.rf.67accf9da191af14c5f05da1b6fe1e58.jpg 602,189,639,211,6,0.334460 539,186,554,208,0,0.048952 277,167,327,196,6,0.047990 625,192,640,218,6,0.001516
/home/dysjin/data/CARLA.v20-carla_v20.coco/valid/041820_png.rf.69e77a8e269d90d89efc21e5026a7083.jpg 30,240,80,262,6,0.798402 113,230,150,293,0,0.267815 179,219,198,243,4,0.146781 18,227,98,273,6,0.003700 188,202,213,241,4,0.002852 120,249,139,276,0,0.001640 197,204,231,238,4,0.001052
/home/dysjin/data/CARLA.v20-carla_v20.coco/valid/121278_png.rf.6607158f1164a75baf620dcb66d1b07e.jpg 277,252,355,318,6,0.844320 231,243,252,265,1,0.014009 240,239,262,262,1,0.004380 479,245,493,272,2,0.002019 233,234,272,264,6,0.001408 235,211,374,372,6,0.001022
/home/dysjin/data/CARLA.v20-carla_v20.coco/valid/Town02_004620_png.rf.7280640e1c163e7c4b28010b90659788.jpg 243,182,408,352,6,0.906834 305,182,332,204,6,0.674552 276,183,302,203,6,0.562530 131,182,173,207,6,0.033409 500,0,604,380,6,0.011311 343,184,357,210,0,0.005926 385,0,545,367,6,0.005085 324,182,348,204,6,0.004699 208,0,398,195,6,0.003900 23,160,63,201,6,0.002688 354,40,456,205,6,0.002414 289,179,315,198,6,0.002124 383,160,396,186,3,0.002051 137,161,172,246,2,0.001603 321,3,502,246,6,0.001527 259,73,351,222,6,0.001111
/home/dysjin/data/CARLA.v20-carla_v20.coco/valid/Town05_016500_png.rf.75b431585ae9c755044e81517b796324.jpg 115,195,216,245,6,0.807096 343,192,386,228,6,0.704852 455,179,477,196,3,0.299634 0,198,93,289,6,0.226922 370,190,396,230,6,0.111481 343,187,363,212,6,0.025807 0,160,134,311,6,0.018122 371,196,397,236,1,0.014413 335,184,351,208,0,0.009203 31,167,204,306,6,0.007166 0,103,78,256,6,0.004835 0,0,166,197,6,0.003776 63,20,242,233,6,0.003370 430,199,446,217,6,0.003368 339,179,361,199,6,0.002476 332,179,349,198,6,0.002454 345,200,362,231,6,0.002400 247,190,262,208,0,0.002115 159,0,368,196,6,0.001952 42,200,91,240,6,0.001864 97,155,134,190,6,0.001574 2,142,54,178,6,0.001559 362,187,388,215,6,0.001261 0,180,15,209,6,0.001253 330,97,373,205,6,0.001134
/home/dysjin/data/CARLA.v20-carla_v20.coco/valid/Town02_001020_png.rf.79741d4293c684a4f4e895c08f1290d5.jpg 303,187,343,315,1,0.834803 278,187,307,205,6,0.543187 0,199,90,354,6,0.421340 290,178,331,211,6,0.269859 28,192,78,218,6,0.046165 191,179,244,209,6,0.017955 601,190,640,220,6,0.007056 356,162,372,182,4,0.003908 192,180,216,218,1,0.003733 529,161,566,255,2,0.003584 269,177,315,201,6,0.003430 229,183,253,204,6,0.001998 340,185,362,203,6,0.001871 312,182,335,207,6,0.001863 0,174,83,229,6,0.001697 625,194,640,221,6,0.001561 272,179,290,198,6,0.001508 326,184,351,204,6,0.001426
/home/dysjin/data/CARLA.v20-carla_v20.coco/valid/004996_png.rf.758bfe0873e6cba6e1d99146894cae01.jpg 491,258,511,316,2,0.824286 38,201,134,253,6,0.002588 54,201,101,241,6,0.002469
/home/dysjin/data/CARLA.v20-carla_v20.coco/valid/Town02_001620_png.rf.77cda18f042297c4b15936a35acef602.jpg 304,186,331,252,1,0.460972 300,177,334,249,6,0.085715 181,187,197,212,2,0.003675 549,169,598,247,2,0.002338 304,182,344,216,6,0.001908 173,184,190,213,2,0.001824 536,172,617,236,6,0.001626
/home/dysjin/data/CARLA.v20-carla_v20.coco/valid/112362_png.rf.868e587d8bdd37c81e4872223fbdbeb4.jpg 150,237,173,282,2,0.772333 589,234,636,257,6,0.027736 151,227,166,270,2,0.004921 144,225,176,314,2,0.004086 627,230,640,262,6,0.002384 135,235,178,276,6,0.001496 246,238,260,261,2,0.001477
/home/dysjin/data/CARLA.v20-carla_v20.coco/valid/Town05_010080_png.rf.88fb23d739ffa2beacd3c5735d172d03.jpg 315,183,330,214,0,0.601291 271,182,286,203,6,0.272159 309,175,323,203,6,0.004744 326,183,341,205,0,0.001895 246,165,260,186,6,0.001820 277,183,293,206,0,0.001584 278,178,294,198,6,0.001581 303,179,343,211,0,0.001354 245,176,262,194,6,0.001180 251,41,353,208,6,0.001098 344,164,355,182,3,0.001052
/home/dysjin/data/CARLA.v20-carla_v20.coco/valid/026847_png.rf.7a28094ba474fb2fab06e58f1ebea83c.jpg 416,211,440,238,3,0.899740
/home/dysjin/data/CARLA.v20-carla_v20.coco/valid/075709_png.rf.7dd638ab9af378bf60aaa2fb92a0aea4.jpg 308,242,347,271,6,0.916892 172,239,251,298,6,0.872952 0,209,200,450,6,0.588163 219,236,266,281,6,0.274746 1,63,113,241,6,0.154811 248,239,271,273,6,0.006813 109,35,306,243,6,0.004504 0,0,162,336,6,0.004330 21,40,205,240,6,0.004158 0,0,449,480,6,0.003747 0,0,173,480,6,0.003193 0,0,640,480,6,0.002314 352,223,367,246,3,0.001778 210,44,413,240,6,0.001531 84,0,257,332,6,0.001323 228,229,268,312,2,0.001322 352,236,367,255,3,0.001072
/home/dysjin/data/CARLA.v20-carla_v20.coco/valid/Town02_007380_png.rf.8809896fc46f6266a6729640bbc68e4c.jpg 577,190,640,222,6,0.452247 276,187,297,206,6,0.043315 552,191,597,224,6,0.041102 272,190,289,210,1,0.034823 558,180,595,256,2,0.004606 506,187,539,211,6,0.003772 559,196,591,245,1,0.002692 625,190,640,225,6,0.001112 280,178,299,198,6,0.001111 552,164,570,185,3,0.001043
/home/dysjin/data/CARLA.v20-carla_v20.coco/valid/Town01_007500_png.rf.7e4c2487265d812d93246e09a19aeab2.jpg 253,193,285,215,6,0.920354 536,168,637,219,6,0.861171 527,178,552,213,6,0.252094 580,185,640,227,6,0.004314 152,213,179,232,6,0.002919 556,58,636,246,6,0.002715 531,183,587,228,6,0.001748 67,193,104,270,2,0.001735 82,197,123,266,2,0.001480 563,165,586,230,6,0.001317 558,43,612,75,6,0.001151
/home/dysjin/data/CARLA.v20-carla_v20.coco/valid/Town05_007500_png.rf.8a81a882e564e9e99b5c951d3e18dbbc.jpg 354,180,391,205,6,0.765990 246,174,264,200,0,0.144166 345,184,367,202,6,0.039631 304,178,322,195,6,0.020384 194,102,234,142,3,0.019747 252,180,269,207,0,0.016824 131,180,179,203,6,0.009055 373,177,397,200,6,0.003106 316,176,331,197,6,0.002143 138,166,174,247,0,0.001285 337,174,384,233,6,0.001278
/home/dysjin/data/CARLA.v20-carla_v20.coco/valid/Town02_005520_png.rf.8a9d2ba4122736ea3845c9e405936cce.jpg 608,190,640,231,6,0.695353 0,194,17,222,6,0.169735 47,197,115,219,6,0.156852 74,196,140,222,6,0.083386 0,172,14,226,6,0.003116 371,196,383,218,1,0.002927 32,200,80,222,6,0.002757 118,195,135,221,1,0.002240
/home/dysjin/data/CARLA.v20-carla_v20.coco/valid/041735_png.rf.891d950e6341a379e0a80f54f49c126a.jpg 271,241,309,297,0,0.252438 0,199,14,265,3,0.003614
/home/dysjin/data/CARLA.v20-carla_v20.coco/valid/041669_png.rf.8f16c7cc68671f71ba068edf120b2a61.jpg 303,245,340,313,0,0.326012 286,230,357,330,0,0.001843 297,198,359,440,0,0.001165
/home/dysjin/data/CARLA.v20-carla_v20.coco/valid/003814_png.rf.9123d8ff8e23490d6f5201cb816e4fc2.jpg 286,239,324,260,6,0.735798 545,174,618,244,4,0.393144 547,179,618,253,3,0.125484 288,229,317,251,6,0.003444
/home/dysjin/data/CARLA.v20-carla_v20.coco/valid/005413_png.rf.9000d6e877ce40e1d5bd5387ece453c2.jpg 105,237,123,278,2,0.931250 86,234,103,289,2,0.822175 90,235,114,297,2,0.033149 538,244,619,292,6,0.029062 112,235,135,280,2,0.002861 72,237,113,279,6,0.001629 97,239,130,272,6,0.001625 358,213,374,234,3,0.001363 73,233,97,304,2,0.001270
/home/dysjin/data/CARLA.v20-carla_v20.coco/valid/Town01_001500_png.rf.9254a251a5c6eb6313adba6a6adf1620.jpg 386,173,405,193,4,0.603328 224,197,249,215,6,0.005135 173,196,188,223,2,0.001103 397,174,416,194,3,0.001007
/home/dysjin/data/CARLA.v20-carla_v20.coco/valid/Town05_004680_png.rf.93664881511a21c1adf050e2e8993477.jpg 242,181,271,205,6,0.863494 319,172,408,223,6,0.844680 317,176,362,216,6,0.236099 282,179,297,197,6,0.130499 184,186,203,205,6,0.034600 371,175,422,216,6,0.021792 190,185,208,205,0,0.010661 261,183,291,201,6,0.010467 627,171,639,200,6,0.003510 137,185,150,207,0,0.002193 619,175,633,198,6,0.001374 290,177,305,196,6,0.001223 267,0,451,200,6,0.001193
/home/dysjin/data/CARLA.v20-carla_v20.coco/valid/138312_png.rf.93c512dad514948e54a85fd6860eba4e.jpg 94,235,116,282,2,0.668298 540,338,560,381,2,0.029729 85,234,123,316,2,0.002829 547,343,569,392,2,0.002094 525,318,569,392,2,0.001723
/home/dysjin/data/CARLA.v20-carla_v20.coco/valid/005160_png.rf.922d9f2da21b5b11121905df87e629d7.jpg 403,210,429,241,5,0.598616 409,216,423,233,5,0.022886
