/home/dysjin/data/CARLA.v20-carla_v20.coco/valid/Town02_006840_png.rf.a4a970c10202604d1dd8c41fe9097525.jpg 566,175,582,195,0,0.369198 0,152,15,213,0,0.044083 0,158,29,209,0,0.005372 571,175,587,194,1,0.005026 561,157,587,194,0,0.002429 567,53,600,96,0,0.001972 1,126,15,195,0,0.001619 344,179,359,194,0,0.001277
/home/dysjin/data/CARLA.v20-carla_v20.coco/valid/Town02_002640_png.rf.ac6bee6a9e4c4b2a1e149670c97196c1.jpg 391,173,404,188,0,0.350734
/home/dysjin/data/CARLA.v20-carla_v20.coco/valid/007096_png.rf.a26873f70f1467f54f0fd09ea8c1731b.jpg 548,173,611,241,2,0.644529 531,157,633,253,0,0.026457 550,178,609,254,1,0.009416 209,211,222,233,2,0.002698 541,118,621,314,1,0.001130 229,21,640,352,0,0.001121
/home/dysjin/data/CARLA.v20-carla_v20.coco/valid/Town02_006480_png.rf.aec43468267a9993201d034f7031ee5c.jpg 348,175,359,191,0,0.066144 353,164,367,186,0,0.021400 346,166,358,183,0,0.020579 270,176,283,191,0,0.009397 270,165,284,182,0,0.002305 344,183,357,202,0,0.001338
/home/dysjin/data/CARLA.v20-carla_v20.coco/valid/051305_png.rf.af3e2dc55ae45fc793f7f25eb6fdf7b4.jpg 426,214,462,242,0,0.598201
/home/dysjin/data/CARLA.v20-carla_v20.coco/valid/007291_png.rf.b33e9d647d42777054dfb5f46d23bbad.jpg 385,223,404,239,0,0.690538
/home/dysjin/data/CARLA.v20-carla_v20.coco/valid/003752_png.rf.bb0716bc5b93fa8b10f41577e20a2f35.jpg 398,217,422,242,2,0.424143 396,217,427,240,1,0.388963
/home/dysjin/data/CARLA.v20-carla_v20.coco/valid/005173_png.rf.c24ac196d86260d3a384e12093bfa5ef.jpg 478,191,529,244,2,0.349558 483,198,528,245,0,0.005753 477,187,524,242,1,0.004193
/home/dysjin/data/CARLA.v20-carla_v20.coco/valid/003769_png.rf.c5c0c17fa97551316c57744e9608f796.jpg 494,190,549,245,2,0.367677 496,189,546,248,0,0.056875
/home/dysjin/data/CARLA.v20-carla_v20.coco/valid/004966_png.rf.c9d8d72d0920460b612251c5fddc5770.jpg 431,200,467,244,2,0.533954 424,202,471,245,1,0.479953
/home/dysjin/data/CARLA.v20-carla_v20.coco/valid/001638_png.rf.c98e4c5bc2a68de358073a26469c81b2.jpg 418,210,458,241,0,0.892199
/home/dysjin/data/CARLA.v20-carla_v20.coco/valid/051274_png.rf.d5f64278c64b556983082379a316485f.jpg 564,168,631,244,2,0.513816 553,163,626,239,1,0.215692 554,158,640,252,0,0.055144 359,113,640,253,0,0.001116
/home/dysjin/data/CARLA.v20-carla_v20.coco/valid/Town01_001440_png.rf.e4b4351effd31d5b433710cffb8243e4.jpg 384,179,401,195,0,0.599845 343,177,359,192,0,0.001825
/home/dysjin/data/CARLA.v20-carla_v20.coco/valid/041811_png.rf.e8d4c17844854d24f9b2bec66a8a8889.jpg 49,224,65,243,1,0.446655 49,215,62,239,0,0.007586 48,228,65,255,1,0.001097 41,207,70,244,1,0.001093
/home/dysjin/data/CARLA.v20-carla_v20.coco/valid/001519_png.rf.e42bb854e84b40164ed2795569b2eb6f.jpg 573,219,589,238,1,0.376015 574,216,589,239,0,0.206274 569,209,596,243,1,0.010108 559,219,601,238,0,0.001792
/home/dysjin/data/CARLA.v20-carla_v20.coco/valid/001509_png.rf.ed3baed466e7f65c1a01fb57bf942b65.jpg 573,220,588,238,1,0.367729 574,216,590,238,0,0.272501
/home/dysjin/data/CARLA.v20-carla_v20.coco/valid/026829_png.rf.e6f26e62f316568466a95ba7fd18d850.jpg 374,220,392,240,0,0.826435
/home/dysjin/data/CARLA.v20-carla_v20.coco/valid/007076_png.rf.d635d979c35f5dd6da756ef9889aef0b.jpg 395,217,419,240,2,0.651892 393,211,422,242,1,0.382544
/home/dysjin/data/CARLA.v20-carla_v20.coco/valid/Town02_006960_png.rf.eedfb90c1deb0d66a31341acd2e08f4f.jpg 148,163,167,182,0,0.747342 587,200,602,216,0,0.003559 580,202,594,216,0,0.002905 587,191,602,206,0,0.002105 579,190,594,206,0,0.001158
/home/dysjin/data/CARLA.v20-carla_v20.coco/valid/041861_png.rf.f5f3812ca6c536c5c25bea3d596be111.jpg 405,211,430,242,0,0.687420
/home/dysjin/data/CARLA.v20-carla_v20.coco/valid/003755_png.rf.f6343810071c5f5401b5697ef363285d.jpg 408,212,434,242,1,0.528026
/home/dysjin/data/CARLA.v20-carla_v20.coco/valid/001630_png.rf.ff5ced110f03f998a7a6998ddf647fd2.jpg 406,213,438,239,0,0.884264
/home/dysjin/data/CARLA.v20-carla_v20.coco/valid/003751_png.rf.0ff9ef7c8c8e4f5eab52437609a3b501.jpg 394,217,421,241,1,0.471338 396,217,418,241,2,0.392027
/home/dysjin/data/CARLA.v20-carla_v20.coco/valid/Town02_008820_png.rf.135414697b8215dc125af6b125d3058c.jpg 391,190,406,209,0,0.015750 144,174,160,193,2,0.004970 384,190,399,206,0,0.002763
/home/dysjin/data/CARLA.v20-carla_v20.coco/valid/006578_png.rf.21f08e8ed63ab67b3ef05528af8ef9e6.jpg 371,222,387,238,0,0.665172
/home/dysjin/data/CARLA.v20-carla_v20.coco/valid/Town02_006720_png.rf.2632fd4f3d65ff215e84d472badfd870.jpg 565,175,582,195,1,0.379211 0,152,15,213,0,0.043886 563,170,585,201,0,0.032375 0,158,29,209,0,0.005430 566,53,600,97,0,0.003590 344,179,358,194,0,0.002043 1,126,15,195,0,0.001760 558,44,608,104,2,0.001215
/home/dysjin/data/CARLA.v20-carla_v20.coco/valid/007070_png.rf.2316a0a54db7e4a749f421570aadd160.jpg 383,218,403,243,2,0.525993 384,218,404,240,1,0.399981 377,219,411,238,0,0.002092
/home/dysjin/data/CARLA.v20-carla_v20.coco/valid/041819_png.rf.374472e0a0868df264a4100cb7734e35.jpg 176,224,190,240,1,0.367187 175,216,189,238,0,0.035603 178,225,192,240,0,0.015431
/home/dysjin/data/CARLA.v20-carla_v20.coco/valid/003766_png.rf.3dbe103da1003d1fb3bd18ad0d0894b4.jpg 458,193,513,250,2,0.436912 454,203,504,247,1,0.095002 470,208,515,237,0,0.015534
/home/dysjin/data/CARLA.v20-carla_v20.coco/valid/026849_png.rf.52e90800c02b90489d2521817c6942f7.jpg 420,208,458,240,0,0.958762
/home/dysjin/data/CARLA.v20-carla_v20.coco/valid/041864_png.rf.51f1d81198f2e5b7a450f586235760ec.jpg 414,211,445,241,0,0.667126
/home/dysjin/data/CARLA.v20-carla_v20.coco/valid/009044_png.rf.59d4a83882b4b6af242cbd9e0e31ba80.jpg 559,219,581,243,0,0.596563 2,194,16,249,0,0.034793 0,198,29,245,0,0.002866 0,204,18,258,0,0.002318 1,172,28,287,0,0.002174
/home/dysjin/data/CARLA.v20-carla_v20.coco/valid/Town01_010680_png.rf.5537782525200ced228c602e6dcc3456.jpg 369,181,383,192,0,0.612533 366,174,390,197,0,0.005861 374,187,392,199,0,0.001476
/home/dysjin/data/CARLA.v20-carla_v20.coco/valid/007085_png.rf.5a7141063cfddac158b01dce18de1e48.jpg 426,202,466,245,2,0.568695 421,206,465,244,1,0.253369
/home/dysjin/data/CARLA.v20-carla_v20.coco/valid/041820_png.rf.69e77a8e269d90d89efc21e5026a7083.jpg 182,225,196,240,0,0.442247 183,233,199,250,0,0.006584 178,205,201,246,0,0.002944
/home/dysjin/data/CARLA.v20-carla_v20.coco/valid/Town05_016500_png.rf.75b431585ae9c755044e81517b796324.jpg 457,178,479,198,0,0.421023
/home/dysjin/data/CARLA.v20-carla_v20.coco/valid/026847_png.rf.7a28094ba474fb2fab06e58f1ebea83c.jpg 413,212,444,238,0,0.951102
/home/dysjin/data/CARLA.v20-carla_v20.coco/valid/003814_png.rf.9123d8ff8e23490d6f5201cb816e4fc2.jpg 548,173,616,245,2,0.403949 545,173,619,244,1,0.388566 530,153,639,257,0,0.056388 412,121,640,248,0,0.001359
/home/dysjin/data/CARLA.v20-carla_v20.coco/valid/Town01_001500_png.rf.9254a251a5c6eb6313adba6a6adf1620.jpg 387,175,404,192,0,0.435129 377,110,424,189,1,0.004142 368,121,434,187,0,0.001242
/home/dysjin/data/CARLA.v20-carla_v20.coco/valid/005160_png.rf.922d9f2da21b5b11121905df87e629d7.jpg 401,215,429,242,2,0.540866 401,215,431,239,1,0.454589 399,216,438,242,0,0.002802
