/home/dysjin/data/CARLA.v20-carla_v20.coco/valid/Town02_006840_png.rf.a4a970c10202604d1dd8c41fe9097525.jpg 564,176,578,193,0,0.339110 0,169,12,195,1,0.074063 0,160,15,204,0,0.026062 15,65,61,140,0,0.013349 441,188,455,206,0,0.012799 436,180,460,215,0,0.001054
/home/dysjin/data/CARLA.v20-carla_v20.coco/valid/Town02_002640_png.rf.ac6bee6a9e4c4b2a1e149670c97196c1.jpg 391,173,405,191,1,0.475879 384,169,412,195,0,0.021750 340,200,358,221,1,0.008768 424,149,446,191,0,0.004481 412,125,439,170,0,0.003689 428,156,443,183,1,0.002438 338,192,360,227,0,0.002420
/home/dysjin/data/CARLA.v20-carla_v20.coco/valid/007096_png.rf.a26873f70f1467f54f0fd09ea8c1731b.jpg 545,161,622,258,1,0.535499 548,170,612,249,2,0.477080 530,190,572,208,0,0.002290 527,234,574,257,0,0.002156
/home/dysjin/data/CARLA.v20-carla_v20.coco/valid/Town02_006480_png.rf.aec43468267a9993201d034f7031ee5c.jpg 347,176,359,191,0,0.812943 351,169,365,186,0,0.014975 339,171,363,197,0,0.014208
/home/dysjin/data/CARLA.v20-carla_v20.coco/valid/051305_png.rf.af3e2dc55ae45fc793f7f25eb6fdf7b4.jpg 424,205,466,244,0,0.967573
/home/dysjin/data/CARLA.v20-carla_v20.coco/valid/007291_png.rf.b33e9d647d42777054dfb5f46d23bbad.jpg 386,223,399,242,0,0.884140 384,231,396,251,0,0.003597
/home/dysjin/data/CARLA.v20-carla_v20.coco/valid/003752_png.rf.bb0716bc5b93fa8b10f41577e20a2f35.jpg 397,216,425,242,1,0.536249 394,212,429,244,0,0.190018
/home/dysjin/data/CARLA.v20-carla_v20.coco/valid/005173_png.rf.c24ac196d86260d3a384e12093bfa5ef.jpg 476,191,527,248,1,0.338409 491,237,516,249,0,0.011804 482,197,518,208,0,0.001177 473,196,506,244,2,0.001091
/home/dysjin/data/CARLA.v20-carla_v20.coco/valid/003769_png.rf.c5c0c17fa97551316c57744e9608f796.jpg 498,192,550,248,1,0.303707 488,191,544,244,2,0.008995
/home/dysjin/data/CARLA.v20-carla_v20.coco/valid/004966_png.rf.c9d8d72d0920460b612251c5fddc5770.jpg 429,199,467,241,1,0.628688 417,207,473,238,2,0.027351
/home/dysjin/data/CARLA.v20-carla_v20.coco/valid/001638_png.rf.c98e4c5bc2a68de358073a26469c81b2.jpg 419,205,456,244,0,0.978036 614,226,629,243,1,0.003887
/home/dysjin/data/CARLA.v20-carla_v20.coco/valid/051274_png.rf.d5f64278c64b556983082379a316485f.jpg 560,167,639,254,1,0.535521 564,177,640,255,2,0.021946 562,176,634,259,0,0.001243
/home/dysjin/data/CARLA.v20-carla_v20.coco/valid/Town01_001440_png.rf.e4b4351effd31d5b433710cffb8243e4.jpg 386,175,400,192,0,0.864689 365,121,406,188,0,0.002431
/home/dysjin/data/CARLA.v20-carla_v20.coco/valid/041811_png.rf.e8d4c17844854d24f9b2bec66a8a8889.jpg 49,223,63,242,1,0.467315 42,218,68,246,0,0.027968 55,225,70,242,1,0.002225
/home/dysjin/data/CARLA.v20-carla_v20.coco/valid/001519_png.rf.e42bb854e84b40164ed2795569b2eb6f.jpg 573,220,588,239,0,0.538834 478,226,491,244,0,0.002123
/home/dysjin/data/CARLA.v20-carla_v20.coco/valid/001509_png.rf.ed3baed466e7f65c1a01fb57bf942b65.jpg 573,220,588,239,0,0.524910 570,208,592,244,0,0.003849
/home/dysjin/data/CARLA.v20-carla_v20.coco/valid/026829_png.rf.e6f26e62f316568466a95ba7fd18d850.jpg 375,222,390,243,0,0.869780 374,230,384,252,0,0.001316
/home/dysjin/data/CARLA.v20-carla_v20.coco/valid/007076_png.rf.d635d979c35f5dd6da756ef9889aef0b.jpg 393,217,423,241,1,0.614752 393,203,417,251,2,0.052497 393,212,426,244,0,0.045972
/home/dysjin/data/CARLA.v20-carla_v20.coco/valid/Town02_006960_png.rf.eedfb90c1deb0d66a31341acd2e08f4f.jpg 147,163,165,182,0,0.611377
/home/dysjin/data/CARLA.v20-carla_v20.coco/valid/041861_png.rf.f5f3812ca6c536c5c25bea3d596be111.jpg 403,212,429,242,0,0.781573
/home/dysjin/data/CARLA.v20-carla_v20.coco/valid/003755_png.rf.f6343810071c5f5401b5697ef363285d.jpg 409,211,436,243,1,0.498389
/home/dysjin/data/CARLA.v20-carla_v20.coco/valid/001630_png.rf.ff5ced110f03f998a7a6998ddf647fd2.jpg 407,210,437,241,0,0.952177
/home/dysjin/data/CARLA.v20-carla_v20.coco/valid/003751_png.rf.0ff9ef7c8c8e4f5eab52437609a3b501.jpg 397,216,417,242,1,0.601562 395,214,425,242,0,0.032187 394,202,416,252,2,0.008015
/home/dysjin/data/CARLA.v20-carla_v20.coco/valid/Town02_008820_png.rf.135414697b8215dc125af6b125d3058c.jpg 392,188,404,206,0,0.176885 503,175,517,191,0,0.056092 386,181,412,214,0,0.009916 0,42,29,126,0,0.004430 0,57,29,150,0,0.003311 402,185,414,204,0,0.002826 393,175,405,196,0,0.002719 498,166,521,199,0,0.002402 391,196,402,214,0,0.001971 144,175,161,193,1,0.001229 264,206,352,347,0,0.001097
/home/dysjin/data/CARLA.v20-carla_v20.coco/valid/006578_png.rf.21f08e8ed63ab67b3ef05528af8ef9e6.jpg 370,224,387,241,0,0.900694 370,229,380,251,0,0.001577
/home/dysjin/data/CARLA.v20-carla_v20.coco/valid/Town02_006720_png.rf.2632fd4f3d65ff215e84d472badfd870.jpg 564,176,579,193,0,0.204307 0,168,12,195,1,0.074091 0,160,15,204,0,0.027239 16,65,61,140,0,0.008742 441,188,455,205,0,0.006474
/home/dysjin/data/CARLA.v20-carla_v20.coco/valid/007070_png.rf.2316a0a54db7e4a749f421570aadd160.jpg 383,220,402,242,1,0.615716 375,216,410,241,0,0.005135
/home/dysjin/data/CARLA.v20-carla_v20.coco/valid/041819_png.rf.374472e0a0868df264a4100cb7734e35.jpg 173,224,185,241,1,0.436432 165,218,189,246,0,0.011051 178,226,192,243,1,0.006089 174,232,185,250,0,0.002626 163,225,179,240,0,0.001120
/home/dysjin/data/CARLA.v20-carla_v20.coco/valid/003766_png.rf.3dbe103da1003d1fb3bd18ad0d0894b4.jpg 461,196,513,244,1,0.659349 463,197,509,245,2,0.242446 453,154,523,263,1,0.001117
/home/dysjin/data/CARLA.v20-carla_v20.coco/valid/026849_png.rf.52e90800c02b90489d2521817c6942f7.jpg 420,203,457,241,0,0.984532
/home/dysjin/data/CARLA.v20-carla_v20.coco/valid/041864_png.rf.51f1d81198f2e5b7a450f586235760ec.jpg 412,207,447,243,0,0.621565 418,207,445,249,1,0.018389
/home/dysjin/data/CARLA.v20-carla_v20.coco/valid/009044_png.rf.59d4a83882b4b6af242cbd9e0e31ba80.jpg 560,220,577,241,0,0.555382 0,206,13,237,0,0.087983 0,202,26,236,0,0.004882 0,203,15,258,0,0.004550 1,214,11,245,0,0.004085 342,226,356,243,0,0.001277
/home/dysjin/data/CARLA.v20-carla_v20.coco/valid/Town01_010680_png.rf.5537782525200ced228c602e6dcc3456.jpg 370,179,386,194,0,0.756360 230,177,243,193,0,0.035410 222,178,235,194,0,0.016714
/home/dysjin/data/CARLA.v20-carla_v20.coco/valid/007085_png.rf.5a7141063cfddac158b01dce18de1e48.jpg 427,205,467,244,1,0.598741 418,212,470,239,2,0.026418
/home/dysjin/data/CARLA.v20-carla_v20.coco/valid/041820_png.rf.69e77a8e269d90d89efc21e5026a7083.jpg 182,225,194,243,1,0.405255 176,226,190,241,0,0.053317 184,216,196,238,1,0.010972 177,216,198,249,0,0.008696 185,232,196,251,0,0.007468 177,215,187,238,1,0.002030 147,225,160,242,0,0.001550 135,223,148,242,0,0.001355
/home/dysjin/data/CARLA.v20-carla_v20.coco/valid/Town05_016500_png.rf.75b431585ae9c755044e81517b796324.jpg 455,180,478,198,0,0.842486 370,200,384,218,0,0.007309 442,169,474,237,0,0.003172 17,135,54,207,0,0.003083
/home/dysjin/data/CARLA.v20-carla_v20.coco/valid/026847_png.rf.7a28094ba474fb2fab06e58f1ebea83c.jpg 413,204,445,242,0,0.985378
/home/dysjin/data/CARLA.v20-carla_v20.coco/valid/003814_png.rf.9123d8ff8e23490d6f5201cb816e4fc2.jpg 539,173,621,251,0,0.812182
/home/dysjin/data/CARLA.v20-carla_v20.coco/valid/Town01_001500_png.rf.9254a251a5c6eb6313adba6a6adf1620.jpg 385,175,401,191,0,0.850372 181,175,198,194,1,0.001685 146,185,162,207,1,0.001534 169,177,186,196,1,0.001245 157,186,174,204,1,0.001089
/home/dysjin/data/CARLA.v20-carla_v20.coco/valid/005160_png.rf.922d9f2da21b5b11121905df87e629d7.jpg 400,209,430,245,1,0.485312
