/home/dysjin/data/CARLA.v20-carla_v20.coco/valid/Town05_011820_png.rf.a721d4435d03a17b63243ff374e790d2.jpg 6,183,107,232,6,0.588000 317,186,329,201,6,0.175780 313,186,324,201,0,0.115289 396,175,407,192,3,0.006955 256,177,270,189,6,0.002078 403,176,419,194,3,0.001864 311,182,323,196,6,0.001863 328,186,341,201,6,0.001507 248,175,262,188,6,0.001301
/home/dysjin/data/CARLA.v20-carla_v20.coco/valid/Town05_005760_png.rf.a5aa9e8688171e7bfb57f36e4a648f69.jpg 313,188,329,203,6,0.665449 342,165,353,179,3,0.030093 413,176,440,225,6,0.016119 268,175,282,189,6,0.015473 335,167,344,181,3,0.014688 99,183,112,205,0,0.008846 259,174,273,187,6,0.008513 304,174,328,206,6,0.005632 336,153,346,173,3,0.004742 343,153,354,172,3,0.003251 343,176,354,189,6,0.002392 279,176,296,190,6,0.001858
/home/dysjin/data/CARLA.v20-carla_v20.coco/valid/075705_png.rf.9f5447b468e0280dc956a534954f8a5e.jpg 0,238,182,440,6,0.699988 168,243,257,299,6,0.665056 312,240,354,273,6,0.633190 237,240,268,275,6,0.560214 213,244,264,291,6,0.005709 0,38,368,480,6,0.003114 150,216,270,335,6,0.002735 354,236,365,254,2,0.002283 251,239,268,275,0,0.001173
/home/dysjin/data/CARLA.v20-carla_v20.coco/valid/Town02_006840_png.rf.a4a970c10202604d1dd8c41fe9097525.jpg 578,178,640,220,6,0.564274 565,176,582,193,3,0.281355 125,190,180,218,6,0.031070 564,181,583,201,6,0.023155 564,180,611,212,6,0.002576 347,188,359,206,6,0.002110 608,192,636,218,6,0.001409 620,184,640,230,6,0.001274 343,192,356,214,0,0.001126 443,187,456,204,3,0.001126
/home/dysjin/data/CARLA.v20-carla_v20.coco/valid/Town02_002640_png.rf.ac6bee6a9e4c4b2a1e149670c97196c1.jpg 262,194,292,214,6,0.593432 297,192,364,243,6,0.469019 394,174,407,192,3,0.378789 289,189,309,211,6,0.003037 67,180,88,237,2,0.002674
/home/dysjin/data/CARLA.v20-carla_v20.coco/valid/007096_png.rf.a26873f70f1467f54f0fd09ea8c1731b.jpg 542,171,617,250,3,0.367107
/home/dysjin/data/CARLA.v20-carla_v20.coco/valid/041683_png.rf.abc13a183255cbb5f9aeca7d55d8b4c0.jpg 307,240,328,308,0,0.357053
/home/dysjin/data/CARLA.v20-carla_v20.coco/valid/041699_png.rf.a4a6f7fb7672ac47b317ec4fe3e21c97.jpg 307,240,328,308,0,0.614376
/home/dysjin/data/CARLA.v20-carla_v20.coco/valid/Town02_006480_png.rf.aec43468267a9993201d034f7031ee5c.jpg 349,174,360,188,3,0.202049 201,185,228,204,6,0.011985 197,184,213,206,0,0.009631 216,186,236,203,6,0.007724 353,169,367,185,3,0.007448
/home/dysjin/data/CARLA.v20-carla_v20.coco/valid/Town02_003060_png.rf.b28380c7e6ad26a4ccdfda39d4db7f85.jpg 548,191,621,223,6,0.349354 612,185,638,229,6,0.015579 628,181,639,218,6,0.003734 527,189,572,222,6,0.002535 527,184,545,212,6,0.002365 622,199,640,266,6,0.002025 570,183,640,218,6,0.001954 548,191,574,221,2,0.001490 557,195,588,219,6,0.001135
/home/dysjin/data/CARLA.v20-carla_v20.coco/valid/Town01_009120_png.rf.b3886317404f3c307752dac4625c4b0e.jpg 310,196,333,211,6,0.561329 371,197,400,212,6,0.023907 334,188,365,200,6,0.005132 18,203,69,235,6,0.002473
/home/dysjin/data/CARLA.v20-carla_v20.coco/valid/051305_png.rf.af3e2dc55ae45fc793f7f25eb6fdf7b4.jpg 425,210,459,241,3,0.557225 427,209,458,241,4,0.408616 430,209,455,240,6,0.004731
/home/dysjin/data/CARLA.v20-carla_v20.coco/valid/007291_png.rf.b33e9d647d42777054dfb5f46d23bbad.jpg 385,222,401,240,3,0.375082
/home/dysjin/data/CARLA.v20-carla_v20.coco/valid/Town05_005820_png.rf.abc3e70595852b4f2320e8b55c805a27.jpg 304,192,332,218,6,0.703059 356,173,368,188,3,0.004223 346,153,357,172,3,0.002184 259,177,271,192,6,0.002091 257,185,273,198,6,0.001961 247,185,261,198,6,0.001744 269,185,285,198,6,0.001083
/home/dysjin/data/CARLA.v20-carla_v20.coco/valid/Town05_006960_png.rf.9d31f2ffd8a1d723122d28555c0e3321.jpg 285,186,297,209,0,0.381592 613,169,640,345,0,0.003207
/home/dysjin/data/CARLA.v20-carla_v20.coco/valid/Town02_009720_png.rf.b20474373a38fe973889a895d5aba03e.jpg 297,201,345,258,6,0.304935 268,192,279,216,0,0.194498 263,186,277,208,6,0.002866
/home/dysjin/data/CARLA.v20-carla_v20.coco/valid/Town01_002220_png.rf.9b6e376c042a4b43cdf2a33f00250d62.jpg 176,207,454,379,6,0.741293 24,0,617,380,6,0.001844
/home/dysjin/data/CARLA.v20-carla_v20.coco/valid/Town01_003900_png.rf.b43a572a2d61a01bb389880cf86179de.jpg 173,208,460,378,6,0.733706 0,189,40,225,6,0.003762 404,166,420,227,2,0.003621 328,189,353,206,6,0.001893 23,0,616,380,6,0.001857 223,188,236,205,6,0.001055
/home/dysjin/data/CARLA.v20-carla_v20.coco/valid/029067_png.rf.b686edaf28a0971571945f7b069613d5.jpg 540,217,581,351,2,0.499204 525,228,594,335,6,0.006405
/home/dysjin/data/CARLA.v20-carla_v20.coco/valid/Town02_004200_png.rf.b4d2f32e1287253b4f35bf521927be39.jpg 268,188,288,210,6,0.702233 377,187,393,205,6,0.004642 369,177,382,194,3,0.001570 277,179,294,199,6,0.001222
/home/dysjin/data/CARLA.v20-carla_v20.coco/valid/Town02_002100_png.rf.b49da10e2c41ab65d4c132e46f15d3e3.jpg 301,191,334,291,1,0.350917 0,182,19,215,6,0.317371 276,186,288,204,6,0.313644 310,189,323,206,6,0.080427 291,188,309,203,6,0.019889 317,188,330,207,6,0.018832 14,185,42,200,6,0.009527 282,196,344,276,6,0.001964 270,181,292,211,6,0.001853 0,187,36,209,6,0.001835 0,154,15,222,6,0.001463 311,205,335,279,6,0.001365
/home/dysjin/data/CARLA.v20-carla_v20.coco/valid/003752_png.rf.bb0716bc5b93fa8b10f41577e20a2f35.jpg 399,215,422,239,3,0.401486 304,234,324,254,6,0.001751
/home/dysjin/data/CARLA.v20-carla_v20.coco/valid/138327_png.rf.b4aecc174d58e25a6e680c2468864172.jpg 17,237,44,300,2,0.442643 0,226,16,312,2,0.007824 3,218,41,306,2,0.002500 12,238,46,300,1,0.002011
/home/dysjin/data/CARLA.v20-carla_v20.coco/valid/Town05_009600_png.rf.b886b3525f44da0ae66796230d91b958.jpg 467,187,500,215,6,0.698132 372,184,409,212,6,0.609737 102,190,217,232,6,0.551302 584,179,638,209,6,0.242862 99,197,155,238,6,0.121288 530,177,546,198,6,0.087505 557,184,587,201,6,0.016409 396,187,420,203,6,0.011775 551,176,570,196,6,0.007573 188,192,218,223,6,0.006822 629,178,640,222,6,0.005924 537,183,553,202,6,0.003729 413,185,430,202,6,0.003353 572,177,595,196,6,0.002320 517,183,535,202,6,0.002100 582,184,610,206,6,0.001122 322,195,331,214,0,0.001050
/home/dysjin/data/CARLA.v20-carla_v20.coco/valid/Town01_002340_png.rf.b8976b6d8f366e29aeb47fb3b3146b33.jpg 176,208,454,378,6,0.740043 279,186,294,205,0,0.007968 302,185,327,201,6,0.002007 24,0,617,380,6,0.001842 372,173,384,193,3,0.001405 284,186,316,201,6,0.001321
/home/dysjin/data/CARLA.v20-carla_v20.coco/valid/Town05_009780_png.rf.c3069a0d7ec82f2e1960c0497cec36fe.jpg 281,201,351,246,6,0.312991 433,205,472,235,6,0.307789 313,188,339,206,6,0.002900 372,186,384,204,6,0.001453 378,187,397,204,6,0.001076
/home/dysjin/data/CARLA.v20-carla_v20.coco/valid/Town05_002700_png.rf.b9dfa75f628efa31633800bb9dfee796.jpg 365,178,388,197,6,0.658888 378,185,393,197,6,0.122162 354,178,373,195,6,0.032700 416,176,430,188,6,0.017666 348,178,359,192,6,0.014335 347,184,359,198,0,0.007078 407,177,420,190,6,0.004071 421,169,432,181,3,0.003051 305,162,321,178,6,0.002817 0,166,14,219,6,0.002295 391,185,401,199,6,0.002071 306,152,319,173,3,0.001239 0,147,14,225,2,0.001100 217,172,231,195,6,0.001092 256,175,271,196,6,0.001085 0,189,13,220,6,0.001065 429,165,440,179,3,0.001016
/home/dysjin/data/CARLA.v20-carla_v20.coco/valid/005173_png.rf.c24ac196d86260d3a384e12093bfa5ef.jpg 474,192,528,248,3,0.218051 479,196,519,243,4,0.001913
/home/dysjin/data/CARLA.v20-carla_v20.coco/valid/Town01_005820_png.rf.c9053a957ff7561268673aaec9e095f0.jpg 295,179,338,297,6,0.405492 299,187,343,311,1,0.380298 178,203,204,221,6,0.158037 404,174,421,191,3,0.012255 392,188,439,222,6,0.008467 308,185,325,202,6,0.007571 343,174,359,187,3,0.005733 188,201,212,219,6,0.004501 623,130,639,191,6,0.001020
/home/dysjin/data/CARLA.v20-carla_v20.coco/valid/Town01_011580_png.rf.c8aa9ea674a7d69974d55bf63b55ddbf.jpg 266,189,288,207,6,0.760121 572,187,640,222,6,0.306323 472,201,523,242,6,0.065377 580,165,639,209,6,0.014982 318,186,332,198,6,0.010417 583,142,638,182,6,0.005331 306,185,325,197,6,0.004213 418,196,438,211,6,0.003526 630,189,640,230,6,0.002356 483,198,510,221,6,0.001972 628,166,640,208,6,0.001956 382,189,400,203,6,0.001708 605,155,639,194,6,0.001031
/home/dysjin/data/CARLA.v20-carla_v20.coco/valid/Town01_007440_png.rf.bed11eeb1dde416bf8789b24a8a5c0f8.jpg 533,172,631,222,6,0.555449 528,179,552,216,6,0.398898 263,189,275,210,6,0.260681 264,195,274,211,0,0.090763 621,174,640,226,6,0.023122 572,188,640,224,6,0.020730 386,182,411,207,2,0.002683 376,179,422,207,6,0.001685 167,210,190,225,6,0.001205
/home/dysjin/data/CARLA.v20-carla_v20.coco/valid/Town05_011760_png.rf.c548e0a947d80bc036151e4db99afcfa.jpg 0,195,214,342,6,0.764594 313,185,323,202,0,0.186565 316,185,327,202,6,0.076469 0,0,367,380,6,0.001800 306,179,327,209,0,0.001595 407,176,422,195,3,0.001237
/home/dysjin/data/CARLA.v20-carla_v20.coco/valid/075708_png.rf.c1818fa586a2b613b2806f928a933d9d.jpg 0,237,181,439,6,0.702904 167,241,256,300,6,0.671797 312,240,353,272,6,0.627713 238,239,269,275,6,0.458111 355,225,367,249,3,0.010450 150,216,268,334,6,0.004975 0,37,364,480,6,0.003279 249,238,270,275,0,0.002863 212,243,266,291,6,0.001700 50,245,172,313,6,0.001572
/home/dysjin/data/CARLA.v20-carla_v20.coco/valid/Town05_009900_png.rf.c90bd5781f975f44de47fd794a1f9ac6.jpg 346,196,432,248,6,0.611509 333,186,346,204,6,0.056193 341,185,353,206,0,0.040107 415,185,435,233,0,0.006826 323,186,336,204,6,0.006530 372,186,402,204,6,0.002992 332,193,343,215,6,0.001352
/home/dysjin/data/CARLA.v20-carla_v20.coco/valid/Town05_009660_png.rf.cc2e0d6a11c64dbe092a6e9321c6a170.jpg 218,195,425,330,6,0.794005 416,184,464,212,6,0.577945 627,182,637,213,6,0.042941 617,182,634,203,6,0.037344 371,176,383,194,3,0.005179 341,184,353,207,0,0.003747 336,184,349,206,6,0.001941 633,192,640,222,6,0.001767 583,173,638,202,6,0.001321 83,0,570,380,6,0.001011
/home/dysjin/data/CARLA.v20-carla_v20.coco/valid/003769_png.rf.c5c0c17fa97551316c57744e9608f796.jpg 495,193,550,248,3,0.274071 307,237,326,254,6,0.044979 501,197,540,242,4,0.001393
/home/dysjin/data/CARLA.v20-carla_v20.coco/valid/121197_png.rf.c99e70822c663f40252f74e6b2ad5094.jpg 234,247,410,392,6,0.799117 497,226,525,274,6,0.007916 169,240,189,254,6,0.002713
/home/dysjin/data/CARLA.v20-carla_v20.coco/valid/004966_png.rf.c9d8d72d0920460b612251c5fddc5770.jpg 428,205,466,242,3,0.367083 430,207,465,240,5,0.250086 429,201,457,243,4,0.003957 435,216,461,234,6,0.001375
/home/dysjin/data/CARLA.v20-carla_v20.coco/valid/Town01_006240_png.rf.cc5628eb556a5a5bd1824a8d19313b41.jpg 311,186,323,207,6,0.377095 317,193,327,215,1,0.105564 592,199,640,240,6,0.067068 301,183,311,200,6,0.021776 0,189,14,248,6,0.011064 365,177,386,190,3,0.009220 625,203,640,261,6,0.005281 303,182,328,213,6,0.005251 305,180,319,199,6,0.004848 606,158,640,262,6,0.002182
/home/dysjin/data/CARLA.v20-carla_v20.coco/valid/001638_png.rf.c98e4c5bc2a68de358073a26469c81b2.jpg 423,211,454,240,3,0.447501 426,215,452,236,6,0.019231
/home/dysjin/data/CARLA.v20-carla_v20.coco/valid/051274_png.rf.d5f64278c64b556983082379a316485f.jpg 560,168,632,252,3,0.383764 358,228,375,243,3,0.022327
/home/dysjin/data/CARLA.v20-carla_v20.coco/valid/Town01_001440_png.rf.e4b4351effd31d5b433710cffb8243e4.jpg 384,175,399,192,3,0.329725 115,196,169,224,6,0.003026
/home/dysjin/data/CARLA.v20-carla_v20.coco/valid/019121_png.rf.deb86464dd224ac85f75272f851fc0a8.jpg 504,236,551,260,6,0.615412 541,238,573,256,6,0.179621 198,233,209,259,2,0.002589 396,242,410,277,2,0.001062
/home/dysjin/data/CARLA.v20-carla_v20.coco/valid/041811_png.rf.e8d4c17844854d24f9b2bec66a8a8889.jpg 48,224,63,241,3,0.526891 0,242,16,296,0,0.335500 0,239,10,317,0,0.006206 0,243,65,273,6,0.003803 37,226,59,244,6,0.002450 2,214,18,285,6,0.002137 2,248,25,284,0,0.002124 7,234,23,262,6,0.001547 1,238,16,280,6,0.001098
/home/dysjin/data/CARLA.v20-carla_v20.coco/valid/041657_png.rf.e06a4a0ae870ee5d8dbe97fc65b5b666.jpg 307,242,330,303,0,0.627592 0,200,12,266,6,0.002341
/home/dysjin/data/CARLA.v20-carla_v20.coco/valid/001519_png.rf.e42bb854e84b40164ed2795569b2eb6f.jpg 572,221,589,243,3,0.431324 289,237,315,251,6,0.005653 168,242,191,258,6,0.002120 607,233,634,256,6,0.001632 582,222,601,243,3,0.001549
/home/dysjin/data/CARLA.v20-carla_v20.coco/valid/Town02_005280_png.rf.ec981f5d8aec80a53ec1f9961c2321af.jpg 49,196,112,219,6,0.583442 72,193,137,220,6,0.500121 160,198,205,269,0,0.388296 100,199,133,218,6,0.086524 0,192,16,220,6,0.044457 152,198,217,263,6,0.024476 632,213,640,254,6,0.007859 155,194,188,272,1,0.005074 316,187,339,202,6,0.003708 43,201,68,220,6,0.002028 3,197,28,216,6,0.001867 0,203,13,228,6,0.001535 141,165,219,291,0,0.001092
/home/dysjin/data/CARLA.v20-carla_v20.coco/valid/001509_png.rf.ed3baed466e7f65c1a01fb57bf942b65.jpg 572,221,589,242,3,0.432906 301,238,324,251,6,0.005200 168,242,192,258,6,0.003896 583,221,600,243,3,0.002052 608,232,633,255,6,0.001657 567,230,584,251,3,0.001447
/home/dysjin/data/CARLA.v20-carla_v20.coco/valid/033890_png.rf.e368755037cdc345b45b625d64db27a1.jpg 232,242,438,377,6,0.807360 591,227,629,328,2,0.610541 84,252,100,283,2,0.009100 622,227,640,314,2,0.003089 76,245,91,277,2,0.001874 581,209,640,342,2,0.001068
/home/dysjin/data/CARLA.v20-carla_v20.coco/valid/075724_png.rf.e0c3e9a2b7f318c71e76ccdcb0dda6a1.jpg 298,241,329,269,6,0.704280 0,250,79,444,6,0.673365 194,239,240,285,6,0.502763 60,250,212,321,6,0.356233 120,243,241,309,6,0.027039 271,237,290,251,6,0.011496 225,243,245,277,0,0.006386 3,261,79,480,6,0.004206 215,249,242,273,6,0.003672 281,239,300,257,6,0.002896 0,266,77,356,6,0.002643 46,263,191,386,6,0.002396
/home/dysjin/data/CARLA.v20-carla_v20.coco/valid/112477_png.rf.ecf5d82849f8b68362ce65c8d2645a1c.jpg 338,230,358,296,2,0.654867 333,239,363,296,1,0.001492 584,230,636,257,6,0.001293
/home/dysjin/data/CARLA.v20-carla_v20.coco/valid/Town02_001980_png.rf.ee7206fcf98c96c61f2900b25e79ce20.jpg 0,188,63,221,6,0.584169 298,189,336,316,1,0.444495 158,178,176,216,2,0.153036 161,188,175,220,0,0.090487 29,191,72,219,6,0.020762 289,176,345,314,6,0.012542 133,176,175,213,6,0.006777 397,162,410,181,3,0.004446 1,169,19,226,6,0.004033 4,184,32,218,6,0.002661 9,190,46,208,6,0.001085
/home/dysjin/data/CARLA.v20-carla_v20.coco/valid/026829_png.rf.e6f26e62f316568466a95ba7fd18d850.jpg 375,222,393,238,3,0.521281 629,252,640,317,6,0.002090
/home/dysjin/data/CARLA.v20-carla_v20.coco/valid/007076_png.rf.d635d979c35f5dd6da756ef9889aef0b.jpg 400,215,419,240,5,0.277122 397,212,421,242,4,0.250986 396,216,421,241,3,0.249214 392,213,420,242,6,0.115670
/home/dysjin/data/CARLA.v20-carla_v20.coco/valid/112475_png.rf.df928fa484eb08e1454caacc1e194352.jpg 337,231,354,295,2,0.626955 584,230,636,258,6,0.001353
/home/dysjin/data/CARLA.v20-carla_v20.coco/valid/Town02_006960_png.rf.eedfb90c1deb0d66a31341acd2e08f4f.jpg 1,177,30,208,6,0.562717 584,179,638,244,6,0.466134 150,165,166,181,3,0.374300 0,158,21,219,6,0.003340 626,184,640,260,6,0.001275
/home/dysjin/data/CARLA.v20-carla_v20.coco/valid/Town05_010860_png.rf.f31c0584fff1474ad2b0f4132e874f7d.jpg 0,183,58,217,6,0.524543 312,186,330,247,1,0.395871 310,179,328,246,0,0.384075 1,197,35,216,6,0.013264 0,190,18,222,6,0.005735 315,173,331,231,6,0.001742 0,164,37,231,6,0.001321 10,189,46,208,6,0.001314 256,183,271,201,0,0.001301
/home/dysjin/data/CARLA.v20-carla_v20.coco/valid/Town05_004800_png.rf.ee7c080c8716cb366969ca625bb6d68b.jpg 240,187,269,206,6,0.569455 349,182,361,203,6,0.124293 394,175,407,194,6,0.003171 213,185,243,206,6,0.002948 343,176,365,209,0,0.002751 546,179,640,380,6,0.002002 215,173,268,205,6,0.001673
/home/dysjin/data/CARLA.v20-carla_v20.coco/valid/Town05_009840_png.rf.f5040ce45ecca2822cb3b1b4ea8a6f61.jpg 293,199,364,249,6,0.523824 354,197,367,222,0,0.008321 293,205,307,236,6,0.003201
/home/dysjin/data/CARLA.v20-carla_v20.coco/valid/041861_png.rf.f5f3812ca6c536c5c25bea3d596be111.jpg 112,245,239,305,6,0.590871 403,216,428,240,3,0.504965 305,239,323,288,0,0.366212 306,240,317,292,1,0.004911 560,133,640,429,6,0.004019
/home/dysjin/data/CARLA.v20-carla_v20.coco/valid/Town02_003120_png.rf.f36fecf8d2ee4965c1f3bddaaaad5f33.jpg 407,189,493,220,6,0.507556 611,184,638,216,6,0.433090 623,189,640,253,6,0.031159 405,196,425,220,6,0.007046 404,193,428,221,0,0.002297
/home/dysjin/data/CARLA.v20-carla_v20.coco/valid/003755_png.rf.f6343810071c5f5401b5697ef363285d.jpg 408,215,435,240,3,0.487076 406,213,431,242,4,0.056408 305,235,325,253,6,0.004081
/home/dysjin/data/CARLA.v20-carla_v20.coco/valid/Town01_003300_png.rf.fae28071a74fa02928094ff14cdbb3aa.jpg 269,205,360,269,6,0.662688 509,178,559,211,6,0.075954 159,187,220,211,6,0.063382 277,190,297,208,6,0.006931 193,198,216,212,6,0.004820 170,198,209,212,6,0.003639 84,182,98,211,2,0.003089 162,190,195,207,6,0.001333
/home/dysjin/data/CARLA.v20-carla_v20.coco/valid/138255_png.rf.fbf65e3e930393318a8312fdaefcae24.jpg 59,236,79,289,2,0.631907 49,244,73,293,2,0.014786 49,241,82,294,1,0.001474
/home/dysjin/data/CARLA.v20-carla_v20.coco/valid/005373_png.rf.f68e0e113c5193c933cbee38c6a6bc2d.jpg 157,235,170,264,2,0.535422 146,235,162,263,2,0.534272 138,235,152,266,2,0.438402 0,223,13,293,2,0.019569 167,235,180,262,2,0.004301 139,231,168,266,3,0.003503 0,203,12,295,2,0.001709 110,234,124,259,2,0.001193
/home/dysjin/data/CARLA.v20-carla_v20.coco/valid/001630_png.rf.ff5ced110f03f998a7a6998ddf647fd2.jpg 410,214,436,238,3,0.455928
/home/dysjin/data/CARLA.v20-carla_v20.coco/valid/006662_png.rf.fa42143249c7b6a780238796639341d3.jpg 459,229,495,311,2,0.434997
/home/dysjin/data/CARLA.v20-carla_v20.coco/valid/Town05_004860_png.rf.f5c138159cbce172c63fa9a736f9c655.jpg 240,187,270,206,6,0.554364 349,182,361,203,6,0.114186 213,185,242,206,6,0.002975 216,173,268,206,6,0.002663 343,176,365,209,0,0.002600 547,178,640,380,6,0.002120 394,175,407,195,6,0.001786 632,164,640,208,6,0.001030
/home/dysjin/data/CARLA.v20-carla_v20.coco/valid/Town01_008460_png.rf.03f3160d63f090b29499596ec3c8c4b5.jpg 32,193,141,250,6,0.648105 539,190,629,223,6,0.151840 574,186,640,213,6,0.045899 423,196,478,214,6,0.020061 235,189,248,209,6,0.005302 630,178,640,221,6,0.004467 590,187,625,205,6,0.003372 537,194,560,220,6,0.002973 234,195,249,212,0,0.002491 0,175,31,275,6,0.002054 86,198,149,241,6,0.001195 464,197,484,211,6,0.001068
/home/dysjin/data/CARLA.v20-carla_v20.coco/valid/005508_png.rf.0ab3da1b4970047c9b42e5bbe5d4e6f1.jpg 32,232,56,283,2,0.647441 90,232,123,318,2,0.349097 470,244,532,278,6,0.078400 26,232,60,284,1,0.010348 104,238,125,303,2,0.001950 34,231,69,283,6,0.001317
/home/dysjin/data/CARLA.v20-carla_v20.coco/valid/Town01_006180_png.rf.089d25ecaf49fe28c7f3bf0c3614732b.jpg 390,175,417,192,6,0.270634 312,185,323,211,6,0.234612 313,193,323,214,1,0.068024 363,175,388,191,6,0.003529 0,214,15,246,6,0.002088 308,185,326,222,0,0.001001
/home/dysjin/data/CARLA.v20-carla_v20.coco/valid/Town02_008340_png.rf.044a76656e2e2fe428cd425926d9acbe.jpg 553,189,619,222,6,0.635242 159,196,238,243,6,0.463277 271,185,286,199,6,0.127135 244,186,259,204,6,0.013508 608,173,638,217,6,0.003184 631,189,640,230,6,0.001580 549,192,573,219,6,0.001469 263,175,289,200,6,0.001350 255,184,274,200,6,0.001177
/home/dysjin/data/CARLA.v20-carla_v20.coco/valid/075710_png.rf.0b62bb94157d1f2113ac6bbefe158022.jpg 0,237,181,441,6,0.702894 167,242,256,300,6,0.670378 312,240,353,271,6,0.612681 238,239,269,275,6,0.445230 354,234,365,254,2,0.004731 150,216,268,334,6,0.004575 0,37,365,480,6,0.003231 249,238,270,275,0,0.001860 356,225,367,249,3,0.001831 212,244,265,291,6,0.001690 49,245,172,313,6,0.001295
/home/dysjin/data/CARLA.v20-carla_v20.coco/valid/041689_png.rf.0d648fbd58416a80b414e4503d51c42e.jpg 306,242,329,304,0,0.633960 302,251,340,298,1,0.001201
/home/dysjin/data/CARLA.v20-carla_v20.coco/valid/003751_png.rf.0ff9ef7c8c8e4f5eab52437609a3b501.jpg 398,214,418,241,3,0.443407 394,217,417,242,5,0.210225 392,213,420,243,4,0.004349 305,235,324,253,6,0.004339
/home/dysjin/data/CARLA.v20-carla_v20.coco/valid/Town02_008820_png.rf.135414697b8215dc125af6b125d3058c.jpg 279,206,365,340,6,0.730030 512,177,558,211,6,0.629170 549,178,623,216,6,0.159146 399,183,427,203,6,0.136625 412,180,433,196,6,0.006681 0,187,16,251,6,0.004287 393,180,409,196,3,0.002095 0,176,13,242,6,0.001956 500,172,523,191,3,0.001488 0,166,13,227,6,0.001159 631,226,640,268,6,0.001026
/home/dysjin/data/CARLA.v20-carla_v20.coco/valid/006664_png.rf.1466f666c872e94bac27eba56bbdfb5b.jpg 476,231,519,324,2,0.542767
/home/dysjin/data/CARLA.v20-carla_v20.coco/valid/014570_png.rf.1235b2ca71c181a49fda1bb53eaa19cd.jpg 433,231,451,282,2,0.686675 303,242,331,266,6,0.602940 65,233,123,263,6,0.582282 298,237,316,264,6,0.002919
/home/dysjin/data/CARLA.v20-carla_v20.coco/valid/112550_png.rf.1ca2fa82e03653536df85cf5faf5753c.jpg 521,219,549,327,2,0.296971 523,225,546,274,2,0.002252 374,235,385,257,2,0.001329
/home/dysjin/data/CARLA.v20-carla_v20.coco/valid/Town02_000780_png.rf.16d5987bcdc7d08470c1b3e757e128e5.jpg 279,185,301,202,6,0.627948 51,183,110,213,6,0.493487 301,176,342,302,6,0.375689 301,192,345,311,1,0.370492 77,187,109,208,6,0.035484 34,183,84,213,6,0.029100 594,181,640,215,6,0.004500 272,184,291,202,0,0.003575 0,177,15,239,6,0.002993 320,184,335,203,6,0.002219
/home/dysjin/data/CARLA.v20-carla_v20.coco/valid/Town02_001500_png.rf.1e8a22666698f8954863a9939bc59942.jpg 185,192,217,217,6,0.623170 622,226,640,293,6,0.011486 608,204,640,303,2,0.005014 596,221,640,272,6,0.002275
/home/dysjin/data/CARLA.v20-carla_v20.coco/valid/Town05_004620_png.rf.0e4a190ca586e0e90df6b90be2c83f5b.jpg 394,175,452,211,6,0.630523 347,182,358,201,6,0.289024 284,185,298,199,6,0.063649 596,179,640,212,6,0.052798 340,173,362,204,6,0.012676 576,187,640,228,6,0.011292 349,178,369,197,6,0.002693 416,184,456,205,6,0.001801 292,184,302,200,0,0.001704 382,175,396,195,6,0.001622 334,176,351,195,6,0.001591 573,215,640,249,6,0.001449 318,176,336,191,6,0.001372
/home/dysjin/data/CARLA.v20-carla_v20.coco/valid/006578_png.rf.21f08e8ed63ab67b3ef05528af8ef9e6.jpg 262,232,293,256,6,0.579709 370,223,386,239,3,0.370448
/home/dysjin/data/CARLA.v20-carla_v20.coco/valid/Town01_004320_png.rf.1f6552094735eb0bd49b614b7e584c58.jpg 263,200,369,287,6,0.609214 304,184,323,202,6,0.010999 256,178,276,195,6,0.004591 0,190,15,223,6,0.003355 192,183,208,200,0,0.002256 315,184,334,202,6,0.001899 0,190,18,246,6,0.001203
/home/dysjin/data/CARLA.v20-carla_v20.coco/valid/Town02_006720_png.rf.2632fd4f3d65ff215e84d472badfd870.jpg 268,190,288,208,6,0.602371 577,178,640,220,6,0.569308 565,177,583,193,3,0.241977 564,181,584,201,6,0.031695 126,191,180,218,6,0.020848 261,186,279,206,6,0.010387 563,181,612,211,6,0.004974 567,164,581,187,3,0.003663 349,187,373,202,6,0.001518 620,184,640,230,6,0.001183 347,188,360,206,0,0.001182 608,192,636,218,6,0.001177
/home/dysjin/data/CARLA.v20-carla_v20.coco/valid/Town05_006900_png.rf.2eaa1f5f6de8c6bffcd968f78f2f53b4.jpg 237,179,260,229,0,0.519928 613,170,640,344,0,0.001730
/home/dysjin/data/CARLA.v20-carla_v20.coco/valid/005482_png.rf.1eef94cb1d26525ab4b64d28fc9be58d.jpg 0,217,29,326,2,0.531826 469,242,533,278,6,0.037910 11,219,39,323,2,0.001616 0,183,41,361,2,0.001361
/home/dysjin/data/CARLA.v20-carla_v20.coco/valid/138251_png.rf.2622df013f55b1f57387212b95c87241.jpg 78,236,96,287,2,0.551163
/home/dysjin/data/CARLA.v20-carla_v20.coco/valid/007070_png.rf.2316a0a54db7e4a749f421570aadd160.jpg 382,223,402,241,5,0.417423 382,213,403,243,6,0.051920 379,218,404,244,3,0.048432 381,219,408,242,4,0.011474
/home/dysjin/data/CARLA.v20-carla_v20.coco/valid/Town05_010920_png.rf.2325292b5e147dc41c10fe128f6256f9.jpg 302,181,335,293,0,0.583202 576,158,640,191,6,0.048213 630,164,640,206,6,0.003176 610,162,636,185,6,0.001037
/home/dysjin/data/CARLA.v20-carla_v20.coco/valid/Town01_006420_png.rf.2b897cd6227874bc930ae1c7e17e3b3b.jpg 311,188,322,211,6,0.253646 316,193,326,214,1,0.038599 297,183,314,200,6,0.026824 379,174,395,196,3,0.011009 287,180,299,195,6,0.005266 0,171,16,247,2,0.003423 593,170,640,222,6,0.003303 344,178,355,193,3,0.002394 590,200,640,239,6,0.001303 0,185,15,252,6,0.001276 625,176,640,247,6,0.001265 272,186,285,198,6,0.001099
/home/dysjin/data/CARLA.v20-carla_v20.coco/valid/Town05_006780_png.rf.253c814d6e368b92a888141244ca1a16.jpg 172,189,210,265,0,0.331313 173,190,212,251,6,0.013145 196,174,209,191,6,0.008415 365,176,381,195,6,0.001783
/home/dysjin/data/CARLA.v20-carla_v20.coco/valid/Town01_008280_png.rf.2f69ce357d9638b109b359e31c238ab4.jpg 317,192,335,209,6,0.424080 64,182,114,209,6,0.382543 433,202,497,236,6,0.205107 287,192,338,211,6,0.202334 408,208,437,223,6,0.142439 281,193,306,209,6,0.114256 187,182,201,207,2,0.006081 454,202,488,217,6,0.005379 383,200,394,218,2,0.004257 88,186,115,207,6,0.002050 4,187,31,222,6,0.001438 45,170,96,209,6,0.001195 194,195,206,214,0,0.001181 270,187,290,203,6,0.001151
/home/dysjin/data/CARLA.v20-carla_v20.coco/valid/Town01_005100_png.rf.262bb9c3104b14f5fb633de3dafd0a52.jpg 574,189,602,220,6,0.105099 576,180,640,216,6,0.016818 625,148,640,201,6,0.004195 330,185,350,211,6,0.001934 3,187,33,204,6,0.001788
/home/dysjin/data/CARLA.v20-carla_v20.coco/valid/Town01_011940_png.rf.2554f5ab3ce2122d2ef300838472450f.jpg 567,200,600,216,6,0.574239 207,183,270,232,6,0.250077 335,183,348,201,6,0.028154
/home/dysjin/data/CARLA.v20-carla_v20.coco/valid/041684_png.rf.2f70db5ab75442cd11fffa13a776ae97.jpg 307,241,328,308,0,0.344533
/home/dysjin/data/CARLA.v20-carla_v20.coco/valid/Town05_010980_png.rf.2071755951cd753466eb2cc53fd2fe0c.jpg 305,182,338,287,0,0.689602
/home/dysjin/data/CARLA.v20-carla_v20.coco/valid/112459_png.rf.33bdc5bd58f0f631808a95c4ceb9a78f.jpg 293,230,312,293,2,0.689009 584,230,636,257,6,0.001359
/home/dysjin/data/CARLA.v20-carla_v20.coco/valid/041653_png.rf.31aa86a50239c7e6cbc52c66846dac06.jpg 307,242,330,302,0,0.687195 296,253,334,293,1,0.001562 0,202,16,263,6,0.001434
/home/dysjin/data/CARLA.v20-carla_v20.coco/valid/041819_png.rf.374472e0a0868df264a4100cb7734e35.jpg 19,238,69,264,6,0.583995 174,225,186,240,3,0.439485 112,243,131,296,0,0.340648 174,215,185,238,3,0.027696 104,247,144,294,1,0.003808 178,221,192,240,3,0.001591 166,220,188,245,3,0.001352
/home/dysjin/data/CARLA.v20-carla_v20.coco/valid/Town05_010800_png.rf.3489607b659edfbc485537135e06f34b.jpg 0,200,134,264,6,0.586286 129,182,170,204,6,0.385996 310,186,328,247,1,0.343812 312,180,329,247,0,0.164176 300,183,312,203,6,0.024391 305,176,325,227,6,0.005619 305,180,322,199,6,0.004370 347,178,358,194,6,0.003044 344,182,355,204,6,0.001100 117,184,138,230,0,0.001053 3,185,38,283,6,0.001031
/home/dysjin/data/CARLA.v20-carla_v20.coco/valid/Town02_001080_png.rf.2d29b90fb99ccf7727caeaa1914436b4.jpg 277,185,298,202,6,0.691978 0,209,92,380,6,0.651532 302,197,345,309,6,0.471253 85,194,243,271,6,0.341589 31,181,77,214,6,0.035487 319,185,333,204,6,0.030740 0,190,15,224,6,0.008492 308,184,325,202,6,0.006690 3,196,30,219,6,0.003199 594,182,640,215,6,0.002462 0,193,18,244,6,0.002270 327,184,344,204,6,0.001820 4,182,58,215,6,0.001101
/home/dysjin/data/CARLA.v20-carla_v20.coco/valid/Town02_005700_png.rf.39e8547ff43ddaa06ed2b24f114c8a27.jpg 222,191,405,347,6,0.796825 284,185,298,202,6,0.156857 558,188,589,202,6,0.015464 316,173,333,197,6,0.008390 378,162,390,180,3,0.006563 302,183,323,200,6,0.001745 290,174,307,199,6,0.001644
/home/dysjin/data/CARLA.v20-carla_v20.coco/valid/Town02_002040_png.rf.3d0fd4b3b3749ac8ebdf480959eb8e66.jpg 272,188,302,206,6,0.516075 302,191,339,315,1,0.432797 3,180,113,373,6,0.399826 106,188,158,224,6,0.194149 128,180,158,218,6,0.110224 291,181,335,295,6,0.093537 52,175,64,194,3,0.042018 267,193,290,212,6,0.034310 57,184,73,206,6,0.009655 61,174,108,292,6,0.008429 75,188,135,223,6,0.007788 56,194,78,217,6,0.005651 104,185,127,211,6,0.004228 301,187,321,206,6,0.003958 55,172,72,198,3,0.003514 140,192,161,216,6,0.002988 50,162,62,187,3,0.002092 397,162,410,182,3,0.001702 79,169,130,205,6,0.001350 106,174,127,200,6,0.001073 263,185,276,207,6,0.001066 0,219,196,380,6,0.001033
/home/dysjin/data/CARLA.v20-carla_v20.coco/valid/075707_png.rf.2ff4a82560cfe658387e361a6cc43ef0.jpg 0,237,181,441,6,0.698775 167,242,257,300,6,0.669687 312,240,353,272,6,0.645974 238,239,269,275,6,0.441871 220,232,264,285,6,0.097313 356,225,368,249,3,0.009585 353,233,365,253,2,0.005352 150,216,269,334,6,0.004231 249,238,270,275,0,0.003271 0,39,366,480,6,0.003210 143,230,183,324,2,0.001287 49,245,172,312,6,0.001146
/home/dysjin/data/CARLA.v20-carla_v20.coco/valid/138320_png.rf.332f3bdf3abffc7dd973858c3061b801.jpg 61,235,79,285,2,0.680517
/home/dysjin/data/CARLA.v20-carla_v20.coco/valid/003766_png.rf.3dbe103da1003d1fb3bd18ad0d0894b4.jpg 462,196,507,248,3,0.396002 466,199,502,245,4,0.103259 307,237,325,254,6,0.013451
/home/dysjin/data/CARLA.v20-carla_v20.coco/valid/121245_png.rf.3c6765f574e34bb200e320d55fc2ffe7.jpg 272,257,360,314,6,0.652942 0,244,40,272,6,0.001476 629,266,639,304,6,0.001369
/home/dysjin/data/CARLA.v20-carla_v20.coco/valid/Town05_011040_png.rf.3f658b3c60547a5478cb61d6b76eb55c.jpg 313,181,325,212,0,0.503583
/home/dysjin/data/CARLA.v20-carla_v20.coco/valid/Town02_004920_png.rf.3cdedb8ebbe317a63567ec577e3789a8.jpg 310,185,327,238,0,0.318198 168,185,188,199,6,0.023941 368,187,381,202,6,0.015815 340,176,358,189,6,0.010472 312,187,324,232,6,0.006771 334,176,345,191,3,0.006764 217,186,233,201,6,0.006141 353,178,371,193,6,0.003076 210,185,225,201,6,0.003027 343,168,358,184,3,0.002176 419,176,432,212,2,0.001051
/home/dysjin/data/CARLA.v20-carla_v20.coco/valid/Town05_002760_png.rf.41faa57cc70298c90c62fe9f6a3f08c9.jpg 117,186,139,200,6,0.443779 249,179,263,196,6,0.132793 251,183,262,200,0,0.054148 111,187,127,204,6,0.041445 47,184,63,208,0,0.015211 383,187,391,204,6,0.015045 290,176,315,187,6,0.006676 321,179,332,193,6,0.006383 306,177,323,190,6,0.005412 46,193,62,215,0,0.004717 130,185,143,199,6,0.004684 101,186,116,200,6,0.004188 266,180,282,192,6,0.002860 357,178,370,190,6,0.002035 235,174,252,189,6,0.002021 320,184,332,198,0,0.001976 246,166,261,186,6,0.001761 360,166,370,179,3,0.001602 278,177,296,189,6,0.001193
/home/dysjin/data/CARLA.v20-carla_v20.coco/valid/Town02_001740_png.rf.4072bb166a4df4f9403df039e28a73f3.jpg 298,189,336,316,1,0.448531 289,176,345,314,6,0.013678 37,185,51,208,2,0.006852 397,162,410,181,3,0.003834 119,177,164,207,6,0.001552 59,169,124,202,6,0.001292
/home/dysjin/data/CARLA.v20-carla_v20.coco/valid/026849_png.rf.52e90800c02b90489d2521817c6942f7.jpg 422,208,456,241,3,0.429054 426,210,460,239,5,0.135469 427,215,453,236,6,0.003625
/home/dysjin/data/CARLA.v20-carla_v20.coco/valid/Town02_001560_png.rf.44c7e46d6d34263ac9f429ccb2cd2655.jpg 82,190,93,221,0,0.333174 73,186,88,216,6,0.253129 76,191,91,217,1,0.141788 64,188,79,210,6,0.094580 9,185,28,204,6,0.058051 81,183,93,220,6,0.047333 21,185,32,204,1,0.017573 1,180,14,207,6,0.012224 52,188,65,205,6,0.004043
/home/dysjin/data/CARLA.v20-carla_v20.coco/valid/Town02_003420_png.rf.4347a7bee8aec9f5c84eb5295856f9a9.jpg 332,196,376,231,6,0.560489 9,196,108,237,6,0.136091 65,193,114,231,6,0.029989 0,194,68,228,6,0.004178
/home/dysjin/data/CARLA.v20-carla_v20.coco/valid/Town01_006060_png.rf.3d76b002da6076434f028293d0c4a498.jpg 301,189,334,269,1,0.246815 303,190,330,258,0,0.073426 175,209,206,224,6,0.039695 422,192,450,227,6,0.015263 161,208,195,226,6,0.014708 188,204,218,220,6,0.002025 410,179,491,222,6,0.001807 399,200,454,235,6,0.001428 205,202,224,219,6,0.001280
/home/dysjin/data/CARLA.v20-carla_v20.coco/valid/Town02_007800_png.rf.4e6520c0e9dd39a93f5048a2caea0283.jpg 319,193,409,226,6,0.343299 520,188,551,203,6,0.287470 611,199,638,243,6,0.209215 310,188,324,201,6,0.198430 390,190,434,231,6,0.069671 282,188,297,200,6,0.010497 580,189,611,205,6,0.008883 616,176,640,272,6,0.007501 0,191,14,245,6,0.005691 586,192,636,224,6,0.005344 323,193,356,222,6,0.005253 297,188,309,200,6,0.004794 596,191,622,208,6,0.001475 625,212,637,254,6,0.001328
/home/dysjin/data/CARLA.v20-carla_v20.coco/valid/Town01_001860_png.rf.53e5db5983ad00d8986ebdc44e1e76ef.jpg 181,206,453,379,6,0.760086 301,184,326,201,6,0.126913 291,183,309,202,6,0.052957 281,178,304,198,6,0.007871 97,183,115,204,6,0.003272 76,172,134,203,6,0.002739 20,0,621,380,6,0.001777 314,178,334,198,6,0.001743 204,177,228,190,6,0.001260 472,173,523,217,6,0.001210 430,176,492,211,6,0.001207 7,193,22,215,0,0.001134 0,189,13,219,6,0.001039
/home/dysjin/data/CARLA.v20-carla_v20.coco/valid/Town01_006120_png.rf.405fede50ad311216cb9943968a5cdf5.jpg 316,186,328,213,6,0.369417 318,191,329,217,1,0.211239 358,168,369,184,3,0.040447 389,174,411,187,6,0.011023 364,168,380,184,3,0.004739 372,174,402,187,6,0.003786 313,192,326,215,0,0.002333
/home/dysjin/data/CARLA.v20-carla_v20.coco/valid/041864_png.rf.51f1d81198f2e5b7a450f586235760ec.jpg 305,243,324,289,0,0.574502 87,246,236,314,6,0.523111 415,209,444,242,3,0.513555 57,255,168,312,6,0.002566 70,276,113,317,6,0.002450
/home/dysjin/data/CARLA.v20-carla_v20.coco/valid/Town01_012060_png.rf.58e57e1a7e8d4f630323ae1827ca68bc.jpg 567,200,599,216,6,0.599274 264,187,290,202,6,0.009585 333,183,349,201,6,0.008114
/home/dysjin/data/CARLA.v20-carla_v20.coco/valid/009044_png.rf.59d4a83882b4b6af242cbd9e0e31ba80.jpg 562,220,579,242,3,0.369880 0,205,12,238,3,0.011788 563,207,634,254,6,0.004528 344,228,356,244,3,0.003811 90,230,143,268,6,0.001264
/home/dysjin/data/CARLA.v20-carla_v20.coco/valid/Town02_002520_png.rf.55f8a7c01a8e4b86c99a794d7b61cd5d.jpg 216,187,421,337,6,0.827926 163,193,226,234,6,0.619229 146,174,161,194,3,0.055552 370,176,383,194,3,0.002796
/home/dysjin/data/CARLA.v20-carla_v20.coco/valid/Town02_008760_png.rf.5bfb07b6a5fbe6700b4b9c150b9c6576.jpg 279,205,364,340,6,0.726711 272,185,289,203,6,0.619450 513,177,557,212,6,0.586990 399,182,427,202,6,0.148359 527,174,595,212,6,0.051810 570,180,625,209,6,0.043092 599,187,622,209,6,0.039608 557,179,589,208,6,0.010390 411,180,432,196,6,0.004696 261,184,278,202,6,0.003140 0,186,16,251,6,0.002716 380,185,399,202,6,0.002381 627,189,640,255,6,0.002193 393,181,410,196,6,0.001950 0,176,14,240,6,0.001713 597,181,639,216,6,0.001163 0,166,13,227,6,0.001019 134,174,156,214,2,0.001004
/home/dysjin/data/CARLA.v20-carla_v20.coco/valid/Town01_008100_png.rf.5942043a53e2ea3c62572bf7029ed896.jpg 277,187,298,205,6,0.594042 384,196,412,212,6,0.505202 289,185,304,200,6,0.018459 354,188,369,202,6,0.011532 87,182,150,213,6,0.010234 304,180,322,195,6,0.008942 341,186,360,199,6,0.007295 422,190,452,206,6,0.004059 171,180,187,205,0,0.003462 367,190,382,206,6,0.002057 330,184,344,202,6,0.001799 317,184,331,199,6,0.001091
/home/dysjin/data/CARLA.v20-carla_v20.coco/valid/Town01_010680_png.rf.5537782525200ced228c602e6dcc3456.jpg 372,180,384,193,3,0.273728 320,187,335,197,6,0.010409 331,189,343,199,6,0.008983 164,176,214,201,6,0.008677 191,184,214,201,6,0.002257 360,174,388,195,3,0.001067
/home/dysjin/data/CARLA.v20-carla_v20.coco/valid/121155_png.rf.5eeb1497380edc240a771f68b9d34669.jpg 233,247,410,392,6,0.799378 559,218,593,305,2,0.536267
/home/dysjin/data/CARLA.v20-carla_v20.coco/valid/007085_png.rf.5a7141063cfddac158b01dce18de1e48.jpg 429,214,462,242,3,0.387514 430,208,463,242,5,0.259800 427,207,458,243,4,0.093536 435,217,459,235,6,0.002213
/home/dysjin/data/CARLA.v20-carla_v20.coco/valid/Town05_006720_png.rf.717ce1e22225ab6a97befb2b8effcc2a.jpg 181,186,217,257,0,0.281806 179,187,213,257,1,0.094314 174,190,216,250,6,0.018630 91,190,122,205,6,0.017398 355,178,367,193,3,0.005148 114,186,145,200,6,0.003624 133,185,150,202,6,0.001328 348,178,359,193,6,0.001225
/home/dysjin/data/CARLA.v20-carla_v20.coco/valid/Town01_006600_png.rf.612f31973b2db2fda3ee5293fd937a64.jpg 374,189,393,210,6,0.137328 294,191,309,204,6,0.001840 233,198,248,212,6,0.001254 386,187,404,206,6,0.001228 220,198,237,212,6,0.001005
/home/dysjin/data/CARLA.v20-carla_v20.coco/valid/112469_png.rf.4fea3a1e3f0858f468ecb362968a08fb.jpg 314,238,339,295,2,0.572678 309,238,341,297,1,0.004362
/home/dysjin/data/CARLA.v20-carla_v20.coco/valid/Town05_009540_png.rf.67accf9da191af14c5f05da1b6fe1e58.jpg 606,188,636,206,6,0.584206
/home/dysjin/data/CARLA.v20-carla_v20.coco/valid/041820_png.rf.69e77a8e269d90d89efc21e5026a7083.jpg 32,242,78,266,6,0.610613 120,240,140,297,0,0.375731 184,224,196,241,3,0.353945 108,246,146,291,1,0.004687 182,231,195,251,3,0.001322 176,227,191,243,3,0.001213
/home/dysjin/data/CARLA.v20-carla_v20.coco/valid/121278_png.rf.6607158f1164a75baf620dcb66d1b07e.jpg 277,256,365,313,6,0.648854 242,242,264,261,6,0.514003 232,245,256,261,6,0.005801 477,240,490,275,2,0.003548 0,229,42,264,6,0.001448
/home/dysjin/data/CARLA.v20-carla_v20.coco/valid/Town02_004620_png.rf.7280640e1c163e7c4b28010b90659788.jpg 216,193,401,348,6,0.790860 307,183,324,200,6,0.423799 279,183,301,200,6,0.367539 138,186,171,203,6,0.046676 290,178,314,199,6,0.005471 267,176,309,201,6,0.003177 378,145,391,169,3,0.001528
/home/dysjin/data/CARLA.v20-carla_v20.coco/valid/Town05_016500_png.rf.75b431585ae9c755044e81517b796324.jpg 348,190,395,232,6,0.667616 0,200,87,292,6,0.646943 116,197,221,247,6,0.600467 454,178,477,196,3,0.444311 349,189,375,211,6,0.072221 344,185,359,209,6,0.014393 0,173,16,221,6,0.014355 175,189,227,229,6,0.005471 357,197,388,219,6,0.004579 338,184,348,202,6,0.004257 94,164,138,200,6,0.001490 244,185,260,202,6,0.001251 271,186,284,199,6,0.001184 0,99,81,327,6,0.001059
/home/dysjin/data/CARLA.v20-carla_v20.coco/valid/Town02_001020_png.rf.79741d4293c684a4f4e895c08f1290d5.jpg 0,209,92,380,6,0.633470 300,177,343,300,6,0.451745 288,187,316,206,6,0.265358 190,182,263,208,6,0.131976 313,183,334,206,6,0.005014 273,175,330,205,6,0.004545 594,182,640,215,6,0.004365 274,187,289,203,0,0.003979 191,181,212,211,0,0.002091 27,190,80,221,6,0.002073
/home/dysjin/data/CARLA.v20-carla_v20.coco/valid/004996_png.rf.758bfe0873e6cba6e1d99146894cae01.jpg 493,259,511,315,2,0.629444 331,250,349,267,6,0.001453 45,202,123,256,6,0.001151
/home/dysjin/data/CARLA.v20-carla_v20.coco/valid/Town02_001620_png.rf.77cda18f042297c4b15936a35acef602.jpg 304,190,332,249,6,0.391669 241,184,263,198,6,0.007359 316,188,335,211,6,0.007273 174,181,189,212,2,0.003633 303,193,324,222,6,0.003170
/home/dysjin/data/CARLA.v20-carla_v20.coco/valid/112362_png.rf.868e587d8bdd37c81e4872223fbdbeb4.jpg 150,233,167,280,2,0.749959 584,229,637,257,6,0.002838 373,235,385,256,2,0.001142 140,234,172,281,3,0.001029
/home/dysjin/data/CARLA.v20-carla_v20.coco/valid/Town05_010080_png.rf.88fb23d739ffa2beacd3c5735d172d03.jpg 271,184,284,199,6,0.324379 314,184,324,211,0,0.223257 347,152,358,171,3,0.010171 354,150,364,170,3,0.005591 263,174,288,203,6,0.005008 309,176,321,204,6,0.004273 260,184,277,198,6,0.003532 278,183,290,201,6,0.002358 320,179,331,201,6,0.001387
/home/dysjin/data/CARLA.v20-carla_v20.coco/valid/026847_png.rf.7a28094ba474fb2fab06e58f1ebea83c.jpg 414,209,444,241,3,0.556573 418,214,445,237,6,0.014844
/home/dysjin/data/CARLA.v20-carla_v20.coco/valid/075709_png.rf.7dd638ab9af378bf60aaa2fb92a0aea4.jpg 0,237,181,441,6,0.704105 167,242,257,300,6,0.671329 312,240,353,272,6,0.629474 238,239,269,275,6,0.427233 353,234,365,254,2,0.006262 150,216,268,334,6,0.004464 0,38,366,480,6,0.003278 249,238,270,275,0,0.002962 356,225,367,249,3,0.002762 50,245,172,311,6,0.001724 212,243,267,291,6,0.001326
/home/dysjin/data/CARLA.v20-carla_v20.coco/valid/Town02_007380_png.rf.8809896fc46f6266a6729640bbc68e4c.jpg 574,190,640,223,6,0.577623 274,191,287,205,6,0.095967 557,182,614,220,6,0.023899 272,195,286,211,0,0.005211 630,192,640,230,6,0.002583 487,183,508,236,2,0.002287 559,191,588,218,6,0.002112 331,184,344,203,2,0.001732 606,188,636,212,6,0.001628 509,185,536,209,6,0.001093 622,175,639,227,6,0.001061 560,204,587,258,6,0.001036
/home/dysjin/data/CARLA.v20-carla_v20.coco/valid/Town01_007500_png.rf.7e4c2487265d812d93246e09a19aeab2.jpg 258,191,280,213,6,0.728592 537,161,635,217,6,0.600670 529,177,552,215,6,0.454820 368,179,415,208,6,0.003348 532,172,585,219,6,0.002445 165,210,190,225,6,0.001429 156,212,180,228,6,0.001417
/home/dysjin/data/CARLA.v20-carla_v20.coco/valid/Town05_007500_png.rf.8a81a882e564e9e99b5c951d3e18dbbc.jpg 348,179,395,204,6,0.697319 302,175,323,189,6,0.250106 255,179,267,196,6,0.070895 375,184,396,201,6,0.051253 256,183,269,198,0,0.022327 125,186,137,202,0,0.019757 158,185,176,203,0,0.019553 138,185,172,198,6,0.006500 347,176,361,200,6,0.006491 128,186,151,200,0,0.003612 191,103,237,142,6,0.003068 389,185,402,201,6,0.001113
/home/dysjin/data/CARLA.v20-carla_v20.coco/valid/Town02_005520_png.rf.8a9d2ba4122736ea3845c9e405936cce.jpg 46,196,113,220,6,0.537751 77,194,136,221,6,0.532181 609,189,638,226,6,0.486087 0,194,16,221,6,0.026953 369,198,382,212,0,0.009289 325,188,352,201,6,0.004486 622,195,640,245,6,0.003139 0,203,13,228,6,0.002241 41,201,69,221,6,0.001766 114,198,135,216,6,0.001018
/home/dysjin/data/CARLA.v20-carla_v20.coco/valid/041735_png.rf.891d950e6341a379e0a80f54f49c126a.jpg 273,239,304,313,0,0.396925
/home/dysjin/data/CARLA.v20-carla_v20.coco/valid/041669_png.rf.8f16c7cc68671f71ba068edf120b2a61.jpg 306,243,330,303,0,0.487910 296,252,331,296,1,0.001086
/home/dysjin/data/CARLA.v20-carla_v20.coco/valid/003814_png.rf.9123d8ff8e23490d6f5201cb816e4fc2.jpg 289,240,319,259,6,0.735267 547,172,618,250,3,0.413663 280,244,302,263,0,0.001218
/home/dysjin/data/CARLA.v20-carla_v20.coco/valid/005413_png.rf.9000d6e877ce40e1d5bd5387ece453c2.jpg 107,232,124,278,2,0.674441 83,228,104,291,2,0.646671 90,236,117,283,2,0.064121 359,211,370,229,3,0.003818 78,228,93,291,2,0.001257 228,238,253,254,6,0.001112 98,234,130,276,3,0.001003
/home/dysjin/data/CARLA.v20-carla_v20.coco/valid/Town01_001500_png.rf.9254a251a5c6eb6313adba6a6adf1620.jpg 384,176,403,194,3,0.289732 228,197,250,212,6,0.009405 220,198,237,213,6,0.003435
/home/dysjin/data/CARLA.v20-carla_v20.coco/valid/Town05_004680_png.rf.93664881511a21c1adf050e2e8993477.jpg 317,170,411,222,6,0.612433 241,187,269,206,6,0.576176 279,177,297,199,6,0.101395 262,183,290,199,6,0.008949 371,174,422,218,6,0.005997 546,178,640,380,6,0.001455 250,178,273,201,6,0.001382 632,164,640,208,6,0.001034
/home/dysjin/data/CARLA.v20-carla_v20.coco/valid/138312_png.rf.93c512dad514948e54a85fd6860eba4e.jpg 97,235,113,277,2,0.612537 175,234,187,260,2,0.001826 87,236,120,276,3,0.001037
/home/dysjin/data/CARLA.v20-carla_v20.coco/valid/005160_png.rf.922d9f2da21b5b11121905df87e629d7.jpg 401,211,429,242,3,0.507144 405,213,432,243,4,0.172335 402,211,435,242,5,0.002176
