/home/dysjin/data/CARLA.v20-carla_v20.coco/valid/Town05_011820_png.rf.a721d4435d03a17b63243ff374e790d2.jpg 4,176,114,231,6,0.957399 320,186,332,201,6,0.173579 6,199,76,232,6,0.029696 331,186,342,202,6,0.023766 66,192,115,225,6,0.020249 256,178,271,192,6,0.012790 312,185,324,200,0,0.012128 309,180,322,194,6,0.002502 100,71,112,97,1,0.002157 2,202,12,233,6,0.002041 443,163,459,182,3,0.001925 293,180,311,192,6,0.001809 0,186,16,236,6,0.001657 268,178,282,192,6,0.001603
/home/dysjin/data/CARLA.v20-carla_v20.coco/valid/Town05_005760_png.rf.a5aa9e8688171e7bfb57f36e4a648f69.jpg 310,187,327,205,6,0.896745 414,196,440,223,6,0.053136 103,184,115,207,1,0.011660 356,163,368,177,4,0.006909 345,161,357,177,4,0.006366 355,152,368,170,4,0.004837 317,176,332,201,6,0.003294 272,174,283,192,0,0.002579 368,166,381,182,4,0.002523 271,182,281,203,0,0.002432 259,176,273,191,6,0.002287 335,162,347,179,3,0.001640 380,173,396,189,6,0.001366
/home/dysjin/data/CARLA.v20-carla_v20.coco/valid/075705_png.rf.9f5447b468e0280dc956a534954f8a5e.jpg 308,244,347,274,6,0.995267 166,239,260,301,6,0.986355 0,221,173,444,6,0.944319 219,241,266,279,6,0.496193 239,245,269,270,6,0.100245 0,0,198,480,6,0.003871 358,263,376,277,6,0.001048 255,237,268,264,6,0.001014
/home/dysjin/data/CARLA.v20-carla_v20.coco/valid/Town02_006840_png.rf.a4a970c10202604d1dd8c41fe9097525.jpg 580,177,640,221,6,0.916483 566,177,584,199,3,0.126692 0,164,8,201,3,0.021380 566,180,581,205,6,0.021212 391,181,457,214,6,0.016211 0,197,16,243,6,0.006607 125,195,181,216,6,0.005558 568,179,595,213,6,0.002649 0,154,8,196,3,0.002478 205,189,224,204,6,0.002082 0,191,12,230,6,0.001841 199,186,212,206,6,0.001226
/home/dysjin/data/CARLA.v20-carla_v20.coco/valid/Town02_002640_png.rf.ac6bee6a9e4c4b2a1e149670c97196c1.jpg 298,186,369,249,6,0.883751 261,196,292,215,6,0.598344 395,174,408,190,3,0.535029 296,195,327,246,6,0.007220 275,190,301,210,6,0.002721
/home/dysjin/data/CARLA.v20-carla_v20.coco/valid/007096_png.rf.a26873f70f1467f54f0fd09ea8c1731b.jpg 544,169,613,247,5,0.924223 371,232,385,253,5,0.001014
/home/dysjin/data/CARLA.v20-carla_v20.coco/valid/041683_png.rf.abc13a183255cbb5f9aeca7d55d8b4c0.jpg 305,243,330,320,0,0.402623
/home/dysjin/data/CARLA.v20-carla_v20.coco/valid/041699_png.rf.a4a6f7fb7672ac47b317ec4fe3e21c97.jpg 305,245,331,313,0,0.442311
/home/dysjin/data/CARLA.v20-carla_v20.coco/valid/Town02_006480_png.rf.aec43468267a9993201d034f7031ee5c.jpg 357,174,370,189,3,0.109416 366,165,380,184,3,0.108616 349,173,360,189,3,0.046951 258,186,272,201,6,0.002586 220,184,238,206,1,0.002469 200,183,211,208,1,0.001590 220,195,236,214,1,0.001113 358,183,370,200,3,0.001021
/home/dysjin/data/CARLA.v20-carla_v20.coco/valid/Town02_003060_png.rf.b28380c7e6ad26a4ccdfda39d4db7f85.jpg 574,193,640,223,6,0.412346 544,196,597,222,6,0.033023 527,194,571,219,6,0.011115 607,199,639,233,6,0.004444 615,172,640,265,6,0.003550 532,188,627,236,6,0.002365 529,186,547,210,6,0.001553
/home/dysjin/data/CARLA.v20-carla_v20.coco/valid/Town01_009120_png.rf.b3886317404f3c307752dac4625c4b0e.jpg 311,196,333,214,6,0.912390 373,198,396,216,6,0.082731 336,189,388,209,6,0.046573 371,195,390,216,1,0.011606 334,191,366,202,6,0.007414 383,202,412,217,6,0.003378 0,208,66,235,6,0.003260 327,191,348,204,6,0.002022 29,211,59,229,6,0.001703 0,212,7,251,6,0.001268
/home/dysjin/data/CARLA.v20-carla_v20.coco/valid/051305_png.rf.af3e2dc55ae45fc793f7f25eb6fdf7b4.jpg 426,208,462,242,3,0.993672
/home/dysjin/data/CARLA.v20-carla_v20.coco/valid/007291_png.rf.b33e9d647d42777054dfb5f46d23bbad.jpg 386,220,399,239,3,0.975643 371,219,391,242,3,0.001001
/home/dysjin/data/CARLA.v20-carla_v20.coco/valid/Town05_005820_png.rf.abc3e70595852b4f2320e8b55c805a27.jpg 304,190,338,220,6,0.947681 359,174,368,190,3,0.010198 0,47,8,77,6,0.004536 355,166,366,182,3,0.001549 0,55,8,84,6,0.001524 316,181,337,197,6,0.001406
/home/dysjin/data/CARLA.v20-carla_v20.coco/valid/Town05_006960_png.rf.9d31f2ffd8a1d723122d28555c0e3321.jpg 285,188,297,211,0,0.726121
/home/dysjin/data/CARLA.v20-carla_v20.coco/valid/Town02_009720_png.rf.b20474373a38fe973889a895d5aba03e.jpg 293,202,345,255,6,0.762319 268,188,280,210,1,0.021772 268,193,279,217,0,0.004954 41,0,95,26,6,0.001481
/home/dysjin/data/CARLA.v20-carla_v20.coco/valid/Town01_002220_png.rf.9b6e376c042a4b43cdf2a33f00250d62.jpg 205,188,434,370,6,0.992469 316,186,334,202,6,0.031955 533,203,624,258,6,0.003250 281,189,298,203,6,0.003161 286,188,315,203,6,0.002568 328,187,345,204,6,0.002312 234,0,418,380,6,0.001816
/home/dysjin/data/CARLA.v20-carla_v20.coco/valid/Town01_003900_png.rf.b43a572a2d61a01bb389880cf86179de.jpg 198,192,441,371,6,0.987708 328,193,354,207,6,0.042044 342,196,358,212,6,0.009327 317,191,337,204,6,0.003511 234,0,417,380,6,0.002086 220,196,233,214,0,0.001675
/home/dysjin/data/CARLA.v20-carla_v20.coco/valid/029067_png.rf.b686edaf28a0971571945f7b069613d5.jpg 543,224,583,344,2,0.995730 392,232,406,255,2,0.005002
/home/dysjin/data/CARLA.v20-carla_v20.coco/valid/Town02_004200_png.rf.b4d2f32e1287253b4f35bf521927be39.jpg 270,189,290,210,6,0.956516 289,187,308,200,6,0.008771 305,187,321,198,6,0.004569 378,189,398,205,6,0.001619
/home/dysjin/data/CARLA.v20-carla_v20.coco/valid/Town02_002100_png.rf.b49da10e2c41ab65d4c132e46f15d3e3.jpg 301,198,332,287,1,0.894710 0,185,14,214,6,0.594863 274,190,289,205,6,0.518632 0,155,13,219,6,0.008058 310,188,323,206,1,0.004805 316,189,331,205,6,0.004265 0,189,36,210,6,0.002703 273,179,289,198,6,0.001734 257,189,282,204,6,0.001713 292,188,312,201,6,0.001644 3,194,23,214,6,0.001415
/home/dysjin/data/CARLA.v20-carla_v20.coco/valid/003752_png.rf.bb0716bc5b93fa8b10f41577e20a2f35.jpg 398,217,424,243,4,0.966094 306,238,323,253,6,0.005468
/home/dysjin/data/CARLA.v20-carla_v20.coco/valid/138327_png.rf.b4aecc174d58e25a6e680c2468864172.jpg 16,237,44,300,2,0.787581 0,229,15,311,2,0.024578 0,218,9,249,6,0.003306
/home/dysjin/data/CARLA.v20-carla_v20.coco/valid/Town05_009600_png.rf.b886b3525f44da0ae66796230d91b958.jpg 98,183,221,236,6,0.966646 464,192,500,218,6,0.889459 584,183,638,208,6,0.871477 370,188,411,208,6,0.819887 158,187,223,224,6,0.529376 531,187,545,201,6,0.185645 95,203,159,235,6,0.072601 576,186,600,202,6,0.045742 540,186,553,201,6,0.021981 550,182,596,204,6,0.018120 552,185,570,199,6,0.008755 189,192,218,219,6,0.007023 629,192,640,223,1,0.006805 400,185,422,205,6,0.005012 414,184,428,203,0,0.003388 628,173,640,222,6,0.001469 564,173,640,223,6,0.001309 519,187,535,200,6,0.001190 501,190,518,203,6,0.001171 489,189,505,208,6,0.001089
/home/dysjin/data/CARLA.v20-carla_v20.coco/valid/Town01_002340_png.rf.b8976b6d8f366e29aeb47fb3b3146b33.jpg 205,187,433,370,6,0.992336 279,189,297,206,6,0.069584 315,186,334,202,6,0.031600 284,188,314,203,6,0.004335 533,203,623,257,6,0.003704 328,187,345,204,6,0.002237 281,195,297,213,0,0.001832 233,0,419,380,6,0.001809 581,209,640,236,6,0.001290
/home/dysjin/data/CARLA.v20-carla_v20.coco/valid/Town05_009780_png.rf.c3069a0d7ec82f2e1960c0497cec36fe.jpg 283,196,351,261,6,0.554300 432,209,482,236,6,0.031059 378,189,396,201,6,0.002578 373,188,384,202,3,0.001462
/home/dysjin/data/CARLA.v20-carla_v20.coco/valid/Town05_002700_png.rf.b9dfa75f628efa31633800bb9dfee796.jpg 368,185,386,198,6,0.516165 379,186,393,198,6,0.072898 357,184,372,198,0,0.028277 348,183,359,200,0,0.024331 356,180,372,196,6,0.014509 394,180,407,194,6,0.009516 0,176,15,222,6,0.007929 122,191,136,216,0,0.007825 418,175,432,190,6,0.003436 405,176,417,189,6,0.002364 211,184,223,204,0,0.001954 333,177,347,194,6,0.001271
/home/dysjin/data/CARLA.v20-carla_v20.coco/valid/005173_png.rf.c24ac196d86260d3a384e12093bfa5ef.jpg 472,195,528,240,5,0.489495 465,196,491,241,5,0.039890 343,209,359,228,5,0.004709 406,221,420,239,5,0.003697 345,220,359,239,5,0.003427 471,205,484,231,5,0.001112
/home/dysjin/data/CARLA.v20-carla_v20.coco/valid/Town01_005820_png.rf.c9053a957ff7561268673aaec9e095f0.jpg 304,200,338,313,1,0.972620 275,215,360,305,1,0.011797 403,171,422,198,3,0.004549 310,187,325,203,6,0.003405 390,191,433,218,6,0.003357 177,204,208,219,6,0.002612 401,186,424,209,6,0.001910 630,129,640,164,3,0.001508
/home/dysjin/data/CARLA.v20-carla_v20.coco/valid/Town01_011580_png.rf.c8aa9ea674a7d69974d55bf63b55ddbf.jpg 578,190,640,222,6,0.968975 265,189,289,207,6,0.941672 470,203,525,242,6,0.416006 277,187,294,203,6,0.014980 557,183,571,204,3,0.011837 582,168,640,204,6,0.011837 319,186,330,199,6,0.005877 627,185,640,212,6,0.004715 310,186,323,198,6,0.003811 627,172,640,198,6,0.003473 418,201,437,216,1,0.002214 562,174,577,194,3,0.001837 545,181,626,227,6,0.001328 606,185,640,204,6,0.001291 269,179,290,199,6,0.001142 2,181,60,209,6,0.001116 611,174,636,196,6,0.001077
/home/dysjin/data/CARLA.v20-carla_v20.coco/valid/Town01_007440_png.rf.bed11eeb1dde416bf8789b24a8a5c0f8.jpg 526,171,634,225,6,0.982154 264,194,274,216,1,0.339126 524,178,552,213,6,0.093380 573,186,640,222,6,0.059382 265,194,278,213,0,0.007208 623,184,640,231,6,0.005680 296,187,312,200,6,0.002390 276,187,303,200,6,0.001819 607,163,638,242,6,0.001668 179,210,200,226,6,0.001621
/home/dysjin/data/CARLA.v20-carla_v20.coco/valid/Town05_011760_png.rf.c548e0a947d80bc036151e4db99afcfa.jpg 8,184,201,351,6,0.978421 313,183,323,204,0,0.585390 318,185,329,202,0,0.151924 319,180,329,198,6,0.012297 331,185,341,201,6,0.003518 109,196,209,278,6,0.003073 283,178,297,192,6,0.001456 259,177,271,192,6,0.001402 297,178,310,193,6,0.001071 0,0,199,380,6,0.001050 269,176,283,190,6,0.001043
/home/dysjin/data/CARLA.v20-carla_v20.coco/valid/075708_png.rf.c1818fa586a2b613b2806f928a933d9d.jpg 308,242,346,273,6,0.992965 164,237,260,300,6,0.988870 0,218,174,440,6,0.949866 220,240,266,278,6,0.440950 238,245,268,268,6,0.146738 0,0,197,480,6,0.003875 59,243,171,330,6,0.002638 356,237,366,255,2,0.001182
/home/dysjin/data/CARLA.v20-carla_v20.coco/valid/Town05_009900_png.rf.c90bd5781f975f44de47fd794a1f9ac6.jpg 351,188,431,250,6,0.958099 321,186,337,202,6,0.016129 330,185,344,204,0,0.002589
/home/dysjin/data/CARLA.v20-carla_v20.coco/valid/Town05_009660_png.rf.cc2e0d6a11c64dbe092a6e9321c6a170.jpg 241,182,403,333,6,0.978339 412,189,469,210,6,0.957771 344,184,356,205,0,0.201304 626,185,639,207,6,0.049314 219,183,232,202,0,0.019528 381,176,392,195,2,0.007439 211,185,226,200,6,0.006823 343,192,357,219,0,0.005285 375,179,385,196,0,0.004792 373,184,384,199,1,0.002478 380,182,390,201,1,0.002338 356,185,370,200,6,0.001853 267,176,281,194,6,0.001533 258,178,273,195,6,0.001405 613,177,635,199,6,0.001351 215,0,430,380,6,0.001240 269,183,281,203,0,0.001113
/home/dysjin/data/CARLA.v20-carla_v20.coco/valid/003769_png.rf.c5c0c17fa97551316c57744e9608f796.jpg 494,192,552,246,4,0.447112 307,239,324,256,6,0.015939 294,238,315,252,6,0.001219
/home/dysjin/data/CARLA.v20-carla_v20.coco/valid/121197_png.rf.c99e70822c663f40252f74e6b2ad5094.jpg 250,246,393,388,6,0.975249 505,33,543,59,6,0.001859 310,240,323,259,0,0.001109
/home/dysjin/data/CARLA.v20-carla_v20.coco/valid/004966_png.rf.c9d8d72d0920460b612251c5fddc5770.jpg 427,201,466,240,4,0.973287
/home/dysjin/data/CARLA.v20-carla_v20.coco/valid/Town01_006240_png.rf.cc5628eb556a5a5bd1824a8d19313b41.jpg 316,196,327,216,1,0.638151 0,191,11,247,6,0.011355 309,188,329,213,6,0.006397 581,205,640,237,6,0.005090 623,195,640,247,6,0.004140 363,177,384,192,6,0.003668 0,210,8,250,6,0.003409 0,180,11,241,6,0.003032 311,180,326,198,6,0.002905 299,187,312,200,6,0.002436 482,120,575,189,6,0.002247
/home/dysjin/data/CARLA.v20-carla_v20.coco/valid/001638_png.rf.c98e4c5bc2a68de358073a26469c81b2.jpg 421,209,455,240,3,0.993069 39,233,91,260,6,0.005794
/home/dysjin/data/CARLA.v20-carla_v20.coco/valid/051274_png.rf.d5f64278c64b556983082379a316485f.jpg 555,165,636,255,4,0.714880 555,151,636,266,5,0.091667 553,161,640,271,3,0.011106
/home/dysjin/data/CARLA.v20-carla_v20.coco/valid/Town01_001440_png.rf.e4b4351effd31d5b433710cffb8243e4.jpg 384,175,400,193,3,0.961288 0,198,18,245,6,0.006997 0,203,37,237,6,0.002444 0,205,16,256,2,0.001112 1,194,12,227,6,0.001100
/home/dysjin/data/CARLA.v20-carla_v20.coco/valid/019121_png.rf.deb86464dd224ac85f75272f851fc0a8.jpg 506,237,564,257,6,0.912750 534,239,581,259,6,0.337386 502,241,529,256,6,0.002340 508,246,539,259,6,0.001451 370,224,381,242,4,0.001281 197,231,210,261,2,0.001268
/home/dysjin/data/CARLA.v20-carla_v20.coco/valid/041811_png.rf.e8d4c17844854d24f9b2bec66a8a8889.jpg 47,222,64,241,4,0.971980 0,244,14,296,1,0.157069 11,222,24,243,4,0.011534 40,219,58,243,4,0.010785 1,222,25,336,0,0.009102 2,231,16,290,6,0.008161 11,213,25,231,4,0.005134 2,208,12,237,4,0.003918 5,225,26,366,0,0.003348 8,235,23,256,4,0.002910 4,217,14,251,4,0.002890 25,223,40,241,4,0.002475 23,213,39,230,4,0.002345 54,220,71,244,4,0.002078 0,213,25,305,0,0.002056 4,245,28,396,0,0.001850 3,219,17,278,2,0.001572 5,230,15,266,4,0.001420
/home/dysjin/data/CARLA.v20-carla_v20.coco/valid/041657_png.rf.e06a4a0ae870ee5d8dbe97fc65b5b666.jpg 307,241,335,308,0,0.263442 313,257,331,286,0,0.001474
/home/dysjin/data/CARLA.v20-carla_v20.coco/valid/001519_png.rf.e42bb854e84b40164ed2795569b2eb6f.jpg 574,221,588,243,3,0.861375 621,52,640,205,6,0.005733 567,230,581,252,3,0.002833 632,217,640,253,6,0.002728 607,233,617,254,3,0.002326 585,218,602,244,3,0.001595
/home/dysjin/data/CARLA.v20-carla_v20.coco/valid/Town02_005280_png.rf.ec981f5d8aec80a53ec1f9961c2321af.jpg 47,191,132,221,6,0.749566 161,198,205,269,1,0.692239 0,192,12,224,6,0.070287 147,204,217,277,0,0.017947 174,194,204,250,0,0.011390 626,105,640,169,3,0.002598 632,220,640,248,6,0.002156 0,174,13,225,6,0.001787 607,36,636,174,6,0.001633 44,209,63,223,1,0.001534 0,201,9,230,6,0.001328 183,192,213,268,1,0.001270 98,199,137,219,6,0.001258 318,187,333,202,6,0.001042
/home/dysjin/data/CARLA.v20-carla_v20.coco/valid/001509_png.rf.ed3baed466e7f65c1a01fb57bf942b65.jpg 570,220,584,246,3,0.807316 621,52,640,205,6,0.006056 607,233,618,255,3,0.002129 632,216,640,253,6,0.001787 585,218,601,244,3,0.001601
/home/dysjin/data/CARLA.v20-carla_v20.coco/valid/033890_png.rf.e368755037cdc345b45b625d64db27a1.jpg 258,233,415,376,6,0.988530 592,231,629,329,2,0.968832 622,226,639,316,2,0.016171 402,248,419,265,6,0.001879 0,250,9,291,6,0.001736
/home/dysjin/data/CARLA.v20-carla_v20.coco/valid/075724_png.rf.e0c3e9a2b7f318c71e76ccdcb0dda6a1.jpg 293,243,332,269,6,0.971774 191,242,244,280,6,0.807807 0,245,78,457,6,0.796215 59,256,185,329,6,0.616317 118,237,240,312,6,0.053159 0,292,74,480,6,0.006929 271,242,286,254,6,0.005143 283,241,297,255,6,0.003323 291,241,315,260,6,0.003267 0,254,74,367,6,0.001920 214,253,242,278,6,0.001890
/home/dysjin/data/CARLA.v20-carla_v20.coco/valid/112477_png.rf.ecf5d82849f8b68362ce65c8d2645a1c.jpg 337,238,361,297,2,0.949557 350,234,367,291,2,0.012272 380,224,394,243,4,0.001552
/home/dysjin/data/CARLA.v20-carla_v20.coco/valid/Town02_001980_png.rf.ee7206fcf98c96c61f2900b25e79ce20.jpg 299,202,336,311,1,0.984401 0,191,68,220,6,0.476565 161,193,177,217,0,0.469994 31,193,74,216,6,0.013609 49,176,68,198,4,0.004446 0,180,10,215,6,0.003054 150,181,187,218,0,0.002600 41,182,72,209,6,0.002572
/home/dysjin/data/CARLA.v20-carla_v20.coco/valid/026829_png.rf.e6f26e62f316568466a95ba7fd18d850.jpg 375,221,391,239,3,0.989728 0,223,13,295,2,0.007135 0,247,9,291,6,0.001371 631,267,640,301,6,0.001167
/home/dysjin/data/CARLA.v20-carla_v20.coco/valid/007076_png.rf.d635d979c35f5dd6da756ef9889aef0b.jpg 395,216,420,241,5,0.981187
/home/dysjin/data/CARLA.v20-carla_v20.coco/valid/112475_png.rf.df928fa484eb08e1454caacc1e194352.jpg 331,238,355,298,2,0.949105 378,225,392,244,4,0.001220
/home/dysjin/data/CARLA.v20-carla_v20.coco/valid/Town02_006960_png.rf.eedfb90c1deb0d66a31341acd2e08f4f.jpg 150,163,165,183,3,0.926431 0,179,29,211,6,0.765603 587,176,639,242,6,0.260798 0,158,32,237,6,0.003230 0,168,15,205,6,0.002521
/home/dysjin/data/CARLA.v20-carla_v20.coco/valid/Town05_010860_png.rf.f31c0584fff1474ad2b0f4132e874f7d.jpg 0,180,60,212,6,0.939073 308,182,329,253,0,0.791590 1,190,14,222,6,0.065134 311,184,326,210,0,0.005864 295,179,311,192,6,0.003885 307,180,322,194,6,0.003862 0,194,32,214,6,0.002223 0,201,44,230,6,0.001880 14,172,65,202,6,0.001556 1,166,42,235,6,0.001319
/home/dysjin/data/CARLA.v20-carla_v20.coco/valid/Town05_004800_png.rf.ee7c080c8716cb366969ca625bb6d68b.jpg 242,185,269,205,6,0.865670 348,184,360,205,0,0.448032 215,176,267,203,6,0.042195 216,187,237,204,6,0.035146 353,178,368,199,6,0.019206 337,184,349,200,6,0.006248 627,183,638,204,6,0.005010 366,184,381,200,6,0.004649 267,184,280,202,0,0.002716 183,186,198,203,6,0.002660 394,175,405,192,4,0.002322 569,0,633,25,6,0.001624 255,179,271,199,6,0.001507 385,176,397,191,6,0.001497
/home/dysjin/data/CARLA.v20-carla_v20.coco/valid/Town05_009840_png.rf.f5040ce45ecca2822cb3b1b4ea8a6f61.jpg 297,190,366,253,6,0.714334
/home/dysjin/data/CARLA.v20-carla_v20.coco/valid/041861_png.rf.f5f3812ca6c536c5c25bea3d596be111.jpg 302,243,323,292,0,0.978192 89,240,237,310,6,0.908747 398,210,427,241,4,0.902121 354,222,367,241,4,0.037988 175,232,231,305,6,0.010590 392,198,418,229,4,0.010467
/home/dysjin/data/CARLA.v20-carla_v20.coco/valid/Town02_003120_png.rf.f36fecf8d2ee4965c1f3bddaaaad5f33.jpg 414,189,489,222,6,0.948501 604,182,640,214,6,0.569515 364,196,431,217,6,0.019959 568,187,622,209,6,0.009080 409,200,433,221,6,0.006083 622,188,639,245,6,0.004652 407,203,470,227,6,0.002154 0,188,8,224,6,0.001084
/home/dysjin/data/CARLA.v20-carla_v20.coco/valid/003755_png.rf.f6343810071c5f5401b5697ef363285d.jpg 406,216,436,242,4,0.964265 307,238,322,253,6,0.002587
/home/dysjin/data/CARLA.v20-carla_v20.coco/valid/Town01_003300_png.rf.fae28071a74fa02928094ff14cdbb3aa.jpg 272,201,363,274,6,0.982494 279,191,301,207,6,0.023942 628,216,639,247,6,0.011320 505,181,561,216,6,0.009405 543,204,598,237,6,0.007078 194,197,216,211,1,0.004714 159,190,220,209,6,0.004136 271,189,289,206,6,0.002155 194,193,220,209,6,0.001106
/home/dysjin/data/CARLA.v20-carla_v20.coco/valid/138255_png.rf.fbf65e3e930393318a8312fdaefcae24.jpg 57,235,80,288,2,0.873454 50,243,72,292,2,0.007855 0,258,8,304,2,0.001981 0,237,10,306,2,0.001510
/home/dysjin/data/CARLA.v20-carla_v20.coco/valid/005373_png.rf.f68e0e113c5193c933cbee38c6a6bc2d.jpg 147,238,160,269,2,0.803975 156,236,169,264,2,0.514085 140,239,152,273,2,0.307992 0,251,9,290,6,0.006558 0,243,12,296,2,0.003430 0,261,7,296,6,0.001970 0,224,11,296,2,0.001375 123,235,143,254,6,0.001368
/home/dysjin/data/CARLA.v20-carla_v20.coco/valid/001630_png.rf.ff5ced110f03f998a7a6998ddf647fd2.jpg 407,212,436,239,3,0.988751 48,231,106,259,6,0.002349
/home/dysjin/data/CARLA.v20-carla_v20.coco/valid/006662_png.rf.fa42143249c7b6a780238796639341d3.jpg 465,231,499,306,2,0.801833
/home/dysjin/data/CARLA.v20-carla_v20.coco/valid/Town05_004860_png.rf.f5c138159cbce172c63fa9a736f9c655.jpg 242,186,269,206,6,0.859367 348,184,360,206,0,0.406904 216,187,237,204,6,0.038994 215,175,267,203,6,0.034185 353,178,369,199,6,0.016447 337,184,348,200,6,0.007716 366,184,381,200,6,0.004671 627,183,638,204,6,0.004582 267,184,280,203,0,0.002779 183,186,198,203,6,0.002606 394,174,406,191,4,0.002162 322,185,334,202,6,0.001433 255,179,271,199,6,0.001416 570,0,632,25,6,0.001275 193,185,209,204,0,0.001234 244,195,262,210,6,0.001216
/home/dysjin/data/CARLA.v20-carla_v20.coco/valid/Town01_008460_png.rf.03f3160d63f090b29499596ec3c8c4b5.jpg 19,191,147,246,6,0.989358 573,190,640,222,6,0.803866 537,197,580,223,6,0.274221 626,184,639,212,6,0.030977 587,189,626,204,6,0.008923 546,187,628,245,6,0.006730 416,194,483,217,6,0.004315 629,173,640,200,6,0.003001 545,209,577,221,6,0.001847 342,188,358,202,6,0.001574 597,179,618,195,6,0.001393
/home/dysjin/data/CARLA.v20-carla_v20.coco/valid/005508_png.rf.0ab3da1b4970047c9b42e5bbe5d4e6f1.jpg 32,233,57,285,2,0.924836 89,242,126,316,1,0.372756 91,239,120,304,2,0.009688 70,243,141,314,6,0.006510 18,224,50,292,2,0.004236
/home/dysjin/data/CARLA.v20-carla_v20.coco/valid/Town01_006180_png.rf.089d25ecaf49fe28c7f3bf0c3614732b.jpg 314,194,325,218,1,0.680960 395,177,413,191,3,0.094998 356,177,371,191,3,0.020738 0,216,12,245,6,0.014540 401,177,418,192,6,0.011953 363,178,386,192,6,0.003772 310,187,327,213,6,0.003038 393,184,412,200,6,0.002303 317,178,330,197,6,0.001602 6,211,25,233,6,0.001241
/home/dysjin/data/CARLA.v20-carla_v20.coco/valid/Town02_008340_png.rf.044a76656e2e2fe428cd425926d9acbe.jpg 550,188,618,222,6,0.921543 162,189,237,244,6,0.791881 271,187,288,200,6,0.085740 412,187,427,211,2,0.031477 291,188,308,199,6,0.004889 306,188,321,198,6,0.003460 280,180,295,196,6,0.002543 146,212,213,246,6,0.002440
/home/dysjin/data/CARLA.v20-carla_v20.coco/valid/075710_png.rf.0b62bb94157d1f2113ac6bbefe158022.jpg 308,242,346,272,6,0.988427 164,238,260,301,6,0.987939 1,218,174,439,6,0.954904 220,241,266,278,6,0.442225 238,245,268,269,6,0.093802 0,0,197,480,6,0.003732 58,242,171,331,6,0.001382 235,233,266,307,6,0.001076
/home/dysjin/data/CARLA.v20-carla_v20.coco/valid/041689_png.rf.0d648fbd58416a80b414e4503d51c42e.jpg 305,244,332,314,0,0.364626
/home/dysjin/data/CARLA.v20-carla_v20.coco/valid/003751_png.rf.0ff9ef7c8c8e4f5eab52437609a3b501.jpg 396,216,421,244,4,0.968628 307,238,323,253,6,0.011188
/home/dysjin/data/CARLA.v20-carla_v20.coco/valid/Town02_008820_png.rf.135414697b8215dc125af6b125d3058c.jpg 277,206,364,341,6,0.990002 510,180,560,211,6,0.949919 560,182,630,213,6,0.106037 499,181,603,223,6,0.017013 387,181,438,208,6,0.009973 391,178,407,195,3,0.005012 341,189,357,200,6,0.004963 142,172,159,192,3,0.003376 399,179,422,195,6,0.002543 414,179,434,194,6,0.002542 502,172,520,193,6,0.001706 381,186,396,201,3,0.001321 353,189,371,201,6,0.001296 0,104,10,141,6,0.001270 426,176,444,195,6,0.001191
/home/dysjin/data/CARLA.v20-carla_v20.coco/valid/006664_png.rf.1466f666c872e94bac27eba56bbdfb5b.jpg 478,235,516,313,2,0.931627 462,205,536,343,2,0.001030
/home/dysjin/data/CARLA.v20-carla_v20.coco/valid/014570_png.rf.1235b2ca71c181a49fda1bb53eaa19cd.jpg 434,234,455,284,2,0.994438 62,237,128,262,6,0.989050 302,244,332,264,6,0.726793 0,220,11,295,2,0.002386 0,234,10,304,2,0.001663 1,235,9,279,6,0.001452 0,226,8,267,6,0.001437
/home/dysjin/data/CARLA.v20-carla_v20.coco/valid/112550_png.rf.1ca2fa82e03653536df85cf5faf5753c.jpg 521,228,551,316,2,0.703438 528,242,544,279,2,0.001471
/home/dysjin/data/CARLA.v20-carla_v20.coco/valid/Town02_000780_png.rf.16d5987bcdc7d08470c1b3e757e128e5.jpg 304,201,340,312,1,0.981705 50,183,112,213,6,0.963858 282,188,301,203,6,0.924278 32,184,83,214,6,0.029242 342,186,359,199,6,0.015267 331,185,348,199,6,0.010757 357,164,370,182,3,0.002616 320,185,336,202,6,0.002342 0,182,14,234,6,0.002316 87,187,116,207,6,0.002068 381,175,392,193,3,0.001553 280,196,299,209,6,0.001399 357,175,369,190,3,0.001294
/home/dysjin/data/CARLA.v20-carla_v20.coco/valid/Town02_001500_png.rf.1e8a22666698f8954863a9939bc59942.jpg 183,195,216,216,6,0.676962 430,205,491,230,6,0.012423 489,215,553,250,6,0.004752 425,191,477,222,6,0.004219 607,194,639,303,6,0.001011
/home/dysjin/data/CARLA.v20-carla_v20.coco/valid/Town05_004620_png.rf.0e4a190ca586e0e90df6b90be2c83f5b.jpg 394,181,455,209,6,0.990749 348,183,359,201,0,0.236353 284,184,297,201,0,0.159540 347,179,361,199,6,0.101938 574,200,619,243,6,0.099524 354,183,366,200,0,0.041499 292,183,304,203,0,0.029147 284,178,298,199,6,0.012955 334,180,352,196,6,0.005094 395,185,414,205,6,0.005070 274,183,286,200,0,0.004347 368,180,383,194,6,0.004005 595,188,624,203,6,0.002446 628,183,640,207,6,0.001817 233,184,243,203,0,0.001271 415,185,458,200,6,0.001113 577,192,637,225,6,0.001093 628,185,639,260,6,0.001089
/home/dysjin/data/CARLA.v20-carla_v20.coco/valid/006578_png.rf.21f08e8ed63ab67b3ef05528af8ef9e6.jpg 370,222,383,238,3,0.893940 260,240,296,258,6,0.875276 611,301,640,335,6,0.021092 374,218,391,243,3,0.014632 362,220,376,245,3,0.001484
/home/dysjin/data/CARLA.v20-carla_v20.coco/valid/Town01_004320_png.rf.1f6552094735eb0bd49b614b7e584c58.jpg 262,192,372,291,6,0.951767 607,212,639,250,6,0.005214 334,187,346,207,0,0.004338 404,172,417,190,4,0.003991 188,188,202,203,0,0.003612 316,187,339,202,6,0.003583 295,187,310,201,6,0.002003 398,163,410,183,4,0.001570
/home/dysjin/data/CARLA.v20-carla_v20.coco/valid/Town02_006720_png.rf.2632fd4f3d65ff215e84d472badfd870.jpg 580,177,640,221,6,0.908148 271,192,291,209,6,0.907091 567,177,584,200,3,0.292246 566,180,581,205,6,0.056246 0,164,8,201,3,0.020172 0,197,16,243,6,0.005714 387,191,460,218,6,0.004348 562,179,604,212,6,0.003373 290,188,308,201,6,0.002440 0,154,7,196,3,0.002281 110,193,174,216,6,0.001947 0,191,12,230,6,0.001824 261,191,279,208,6,0.001486 204,189,224,204,6,0.001294
/home/dysjin/data/CARLA.v20-carla_v20.coco/valid/Town05_006900_png.rf.2eaa1f5f6de8c6bffcd968f78f2f53b4.jpg 235,186,260,226,0,0.723996 236,180,259,224,1,0.065497
/home/dysjin/data/CARLA.v20-carla_v20.coco/valid/005482_png.rf.1eef94cb1d26525ab4b64d28fc9be58d.jpg 0,218,26,332,2,0.838019 0,224,17,296,2,0.001626
/home/dysjin/data/CARLA.v20-carla_v20.coco/valid/138251_png.rf.2622df013f55b1f57387212b95c87241.jpg 79,236,98,284,2,0.259737 74,241,91,292,2,0.010562 623,365,638,425,2,0.003033
/home/dysjin/data/CARLA.v20-carla_v20.coco/valid/007070_png.rf.2316a0a54db7e4a749f421570aadd160.jpg 383,221,403,240,5,0.980528
/home/dysjin/data/CARLA.v20-carla_v20.coco/valid/Town05_010920_png.rf.2325292b5e147dc41c10fe128f6256f9.jpg 305,180,339,290,0,0.968730 291,150,356,314,0,0.009914 294,177,311,191,6,0.003217 304,178,324,192,6,0.002043 315,177,332,192,6,0.001413
/home/dysjin/data/CARLA.v20-carla_v20.coco/valid/Town01_006420_png.rf.2b897cd6227874bc930ae1c7e17e3b3b.jpg 315,190,324,210,1,0.756527 383,175,395,190,3,0.003889 0,196,16,246,6,0.003547 0,214,10,247,6,0.003379 346,177,357,190,3,0.002034 0,174,17,242,2,0.002009 297,186,312,199,6,0.001691 0,177,12,211,4,0.001569
/home/dysjin/data/CARLA.v20-carla_v20.coco/valid/Town05_006780_png.rf.253c814d6e368b92a888141244ca1a16.jpg 170,185,210,257,1,0.424558 154,186,222,254,0,0.014888 331,188,348,202,6,0.002703 319,187,332,204,6,0.001033
/home/dysjin/data/CARLA.v20-carla_v20.coco/valid/Town01_008280_png.rf.2f69ce357d9638b109b359e31c238ab4.jpg 64,188,115,208,6,0.653923 315,194,336,207,6,0.304437 282,194,306,207,6,0.278352 285,193,340,208,6,0.225564 412,212,436,222,6,0.057085 433,198,493,221,6,0.008622 193,195,206,214,1,0.008264 381,206,392,229,2,0.007313 532,209,582,228,6,0.005344 328,191,345,202,6,0.004836 88,191,117,207,6,0.003655 459,202,488,217,6,0.003475 563,210,624,236,6,0.003282 398,204,446,221,6,0.002632 630,169,640,197,6,0.001907 389,205,408,218,6,0.001736 269,191,284,204,6,0.001212 57,173,106,203,6,0.001079 134,183,193,205,6,0.001076
/home/dysjin/data/CARLA.v20-carla_v20.coco/valid/Town01_005100_png.rf.262bb9c3104b14f5fb633de3dafd0a52.jpg 581,188,604,226,0,0.192124 577,184,600,216,6,0.050916 0,182,11,212,6,0.005520 281,196,296,217,1,0.004807 3,188,29,205,6,0.002715 627,169,637,196,6,0.002334 583,191,632,222,6,0.001987
/home/dysjin/data/CARLA.v20-carla_v20.coco/valid/Town01_011940_png.rf.2554f5ab3ce2122d2ef300838472450f.jpg 202,188,270,229,6,0.730687 566,195,604,223,6,0.485591 581,198,612,236,0,0.041221 333,187,350,202,6,0.014301 3,177,30,213,6,0.004503 582,196,608,220,1,0.002831 578,194,639,224,6,0.001866 0,157,10,191,6,0.001841 238,191,267,226,6,0.001672 0,165,11,199,6,0.001515 306,190,324,204,6,0.001510 252,195,271,221,6,0.001022
/home/dysjin/data/CARLA.v20-carla_v20.coco/valid/041684_png.rf.2f70db5ab75442cd11fffa13a776ae97.jpg 306,243,330,320,0,0.326973
/home/dysjin/data/CARLA.v20-carla_v20.coco/valid/Town05_010980_png.rf.2071755951cd753466eb2cc53fd2fe0c.jpg 307,187,336,282,0,0.949362 234,325,265,371,5,0.003670 283,177,359,288,0,0.001914
/home/dysjin/data/CARLA.v20-carla_v20.coco/valid/112459_png.rf.33bdc5bd58f0f631808a95c4ceb9a78f.jpg 289,237,313,299,2,0.953798
/home/dysjin/data/CARLA.v20-carla_v20.coco/valid/041653_png.rf.31aa86a50239c7e6cbc52c66846dac06.jpg 306,240,331,310,0,0.509919 312,256,330,285,0,0.001569
/home/dysjin/data/CARLA.v20-carla_v20.coco/valid/041819_png.rf.374472e0a0868df264a4100cb7734e35.jpg 172,222,187,239,4,0.970967 20,239,71,261,6,0.918901 108,240,132,301,0,0.724415 179,212,195,238,4,0.005962 163,215,179,236,4,0.005731 574,189,640,225,6,0.003824 171,246,185,265,2,0.003225 173,232,185,249,4,0.001494
/home/dysjin/data/CARLA.v20-carla_v20.coco/valid/Town05_010800_png.rf.3489607b659edfbc485537135e06f34b.jpg 0,189,141,269,6,0.935195 307,182,329,252,0,0.791188 298,185,312,200,6,0.034425 123,183,176,203,6,0.025770 310,186,324,209,0,0.013291 73,195,135,240,6,0.010653 373,164,383,183,3,0.006784 372,173,381,189,3,0.006113 317,186,330,207,6,0.004973 306,181,320,195,6,0.003612 346,184,356,201,3,0.003120 283,186,300,200,6,0.003032 372,184,381,200,3,0.001574 19,0,100,254,6,0.001365 139,177,166,199,6,0.001359 317,180,332,194,6,0.001003
/home/dysjin/data/CARLA.v20-carla_v20.coco/valid/Town02_001080_png.rf.2d29b90fb99ccf7727caeaa1914436b4.jpg 305,201,340,312,1,0.982228 276,188,298,203,6,0.911801 0,208,87,380,6,0.892771 88,190,239,279,6,0.551339 319,186,335,201,6,0.023868 29,185,80,212,6,0.022561 330,186,348,199,6,0.014854 342,187,360,199,6,0.011327 287,188,310,201,6,0.007338 0,190,9,223,6,0.005740 1,182,61,213,6,0.005468 0,181,9,216,6,0.004091 307,186,325,201,6,0.003986 0,201,74,322,6,0.003974 381,175,391,193,3,0.001934 358,163,370,182,3,0.001686 277,196,297,209,6,0.001268
/home/dysjin/data/CARLA.v20-carla_v20.coco/valid/Town02_005700_png.rf.39e8547ff43ddaa06ed2b24f114c8a27.jpg 244,190,382,342,6,0.904207 284,186,298,200,6,0.338018 317,178,333,194,6,0.044448 548,189,595,208,6,0.017887 483,187,509,199,6,0.012251 474,179,501,196,6,0.011000 307,185,324,198,6,0.009103 292,178,308,196,6,0.007026 0,123,10,149,6,0.005499 330,176,342,193,6,0.001217
/home/dysjin/data/CARLA.v20-carla_v20.coco/valid/Town02_002040_png.rf.3d0fd4b3b3749ac8ebdf480959eb8e66.jpg 297,202,336,310,1,0.978568 267,189,310,209,6,0.738724 0,197,114,380,6,0.331875 297,188,335,286,6,0.107465 104,192,161,220,6,0.028419 131,197,161,216,6,0.022950 70,190,135,219,6,0.012580 269,194,289,211,6,0.012308 54,189,82,226,1,0.009862 301,192,323,206,6,0.006595 51,176,66,194,3,0.005074 143,190,167,212,6,0.004499 262,189,279,209,6,0.002908 53,179,79,217,0,0.001488 397,160,409,181,3,0.001226 3,182,114,293,6,0.001015
/home/dysjin/data/CARLA.v20-carla_v20.coco/valid/075707_png.rf.2ff4a82560cfe658387e361a6cc43ef0.jpg 308,243,347,273,6,0.993664 165,239,260,300,6,0.983943 0,217,173,438,6,0.947275 219,240,266,278,6,0.429623 238,244,268,268,6,0.129069 0,0,198,480,6,0.003527 358,264,376,278,6,0.001802 58,242,172,331,6,0.001411 297,240,311,256,6,0.001237 303,240,328,260,6,0.001019
/home/dysjin/data/CARLA.v20-carla_v20.coco/valid/138320_png.rf.332f3bdf3abffc7dd973858c3061b801.jpg 57,233,78,284,2,0.910329
/home/dysjin/data/CARLA.v20-carla_v20.coco/valid/003766_png.rf.3dbe103da1003d1fb3bd18ad0d0894b4.jpg 460,195,510,246,4,0.947963 307,238,323,256,1,0.004088
/home/dysjin/data/CARLA.v20-carla_v20.coco/valid/121245_png.rf.3c6765f574e34bb200e320d55fc2ffe7.jpg 273,252,362,318,6,0.992017 625,270,638,294,6,0.010439
/home/dysjin/data/CARLA.v20-carla_v20.coco/valid/Town05_011040_png.rf.3f658b3c60547a5478cb61d6b76eb55c.jpg 311,182,326,215,0,0.700460 327,190,348,204,6,0.007778 629,156,640,193,3,0.006304
/home/dysjin/data/CARLA.v20-carla_v20.coco/valid/Town02_004920_png.rf.3cdedb8ebbe317a63567ec577e3789a8.jpg 311,196,328,237,1,0.827260 311,190,326,211,6,0.066113 368,187,381,202,6,0.013814 166,190,189,202,6,0.008125 216,191,238,204,6,0.006144 329,176,346,193,3,0.003797 268,188,286,200,6,0.002800 358,185,374,200,6,0.001887 355,176,373,193,3,0.001813 208,190,226,206,6,0.001777 329,186,344,202,6,0.001756 317,179,337,196,6,0.001572 367,176,382,195,6,0.001272 341,174,357,190,3,0.001064
/home/dysjin/data/CARLA.v20-carla_v20.coco/valid/Town05_002760_png.rf.41faa57cc70298c90c62fe9f6a3f08c9.jpg 110,185,125,208,0,0.280028 118,186,136,206,6,0.099756 256,184,267,203,0,0.084987 248,178,261,196,6,0.027589 40,179,71,217,0,0.021004 321,185,331,199,0,0.013656 322,181,332,194,6,0.011119 305,181,324,192,6,0.010531 104,185,116,206,0,0.005365 45,193,65,214,0,0.004276 289,179,312,192,6,0.003266 385,188,395,207,2,0.001678 284,178,297,190,6,0.001664 270,177,283,192,6,0.001340 122,177,139,199,6,0.001277 38,188,56,211,0,0.001227 330,185,343,198,6,0.001178
/home/dysjin/data/CARLA.v20-carla_v20.coco/valid/Town02_001740_png.rf.4072bb166a4df4f9403df039e28a73f3.jpg 299,202,336,311,1,0.984312 37,187,56,208,6,0.003562 36,194,51,215,1,0.002719 0,167,8,203,6,0.001439 305,189,322,202,6,0.001247 291,188,309,200,6,0.001217 0,177,7,212,6,0.001092
/home/dysjin/data/CARLA.v20-carla_v20.coco/valid/026849_png.rf.52e90800c02b90489d2521817c6942f7.jpg 418,206,456,240,3,0.992128 0,79,7,117,6,0.001965
/home/dysjin/data/CARLA.v20-carla_v20.coco/valid/Town02_001560_png.rf.44c7e46d6d34263ac9f429ccb2cd2655.jpg 76,194,94,218,1,0.498205 71,191,95,211,6,0.201842 77,192,97,225,0,0.101885 60,191,84,208,6,0.055847 11,186,28,204,6,0.015175 20,185,36,204,0,0.013664 0,198,73,380,6,0.009238 0,182,12,207,6,0.005475 5,214,37,380,6,0.004375 31,188,53,204,6,0.003542 511,68,596,147,6,0.002727 6,205,36,353,6,0.002563 47,191,68,205,6,0.001848 531,69,582,141,2,0.001458 0,171,13,201,6,0.001044
/home/dysjin/data/CARLA.v20-carla_v20.coco/valid/Town02_003420_png.rf.4347a7bee8aec9f5c84eb5295856f9a9.jpg 325,195,376,230,6,0.754007 9,193,107,239,6,0.512382 343,196,375,229,1,0.029239 63,201,115,229,6,0.010997 566,188,622,210,6,0.009913 332,206,353,228,1,0.006220 0,203,9,242,6,0.004291 349,190,420,220,6,0.003406 0,203,66,237,6,0.003052 0,214,8,245,6,0.002061
/home/dysjin/data/CARLA.v20-carla_v20.coco/valid/Town01_006060_png.rf.3d76b002da6076434f028293d0c4a498.jpg 302,201,333,260,1,0.637053 418,197,455,226,6,0.018998 178,211,202,224,6,0.005959 417,174,432,194,3,0.003949 173,202,228,221,6,0.001783 43,209,91,231,6,0.001697 629,155,640,184,3,0.001138 0,212,8,250,6,0.001133 0,201,9,240,6,0.001042
/home/dysjin/data/CARLA.v20-carla_v20.coco/valid/Town02_007800_png.rf.4e6520c0e9dd39a93f5048a2caea0283.jpg 324,192,430,233,6,0.225847 519,185,550,204,6,0.112928 307,191,327,204,6,0.063885 318,196,358,226,6,0.053638 608,192,639,227,6,0.036949 383,202,444,230,6,0.027003 512,185,532,204,6,0.023965 621,204,640,254,6,0.008392 0,202,9,236,6,0.006759 326,190,348,211,6,0.005360 321,195,339,220,6,0.003244 505,178,524,198,6,0.002899 573,0,640,220,6,0.002726 280,190,295,203,6,0.002100 500,175,546,202,6,0.002051 536,186,559,203,6,0.001983 0,183,12,240,6,0.001833 270,190,285,202,6,0.001789 354,186,425,215,6,0.001654 293,190,309,202,6,0.001482
/home/dysjin/data/CARLA.v20-carla_v20.coco/valid/Town01_001860_png.rf.53e5db5983ad00d8986ebdc44e1e76ef.jpg 215,188,425,370,6,0.992384 294,186,309,200,6,0.154037 316,186,333,201,6,0.087470 303,186,324,201,6,0.068038 100,185,115,206,1,0.014784 140,183,151,211,1,0.010434 284,180,303,197,6,0.009367 329,185,341,203,0,0.006904 236,189,250,201,6,0.006815 143,186,160,207,6,0.005209 102,186,123,202,6,0.004326 0,173,17,219,6,0.003848 88,177,140,198,6,0.002594 207,177,225,190,6,0.002470 0,190,11,221,6,0.001923 6,166,54,198,6,0.001875 1,167,12,200,6,0.001686 8,162,23,184,4,0.001618 270,186,289,199,6,0.001559 231,0,420,380,6,0.001462 216,178,235,192,6,0.001455 100,193,112,215,1,0.001445
/home/dysjin/data/CARLA.v20-carla_v20.coco/valid/Town01_006120_png.rf.405fede50ad311216cb9943968a5cdf5.jpg 318,195,330,216,1,0.690898 318,191,332,211,6,0.481309 358,175,370,191,3,0.001474 366,185,379,199,3,0.001250
/home/dysjin/data/CARLA.v20-carla_v20.coco/valid/041864_png.rf.51f1d81198f2e5b7a450f586235760ec.jpg 304,242,326,292,0,0.971043 414,209,444,241,4,0.965410 67,246,220,319,6,0.808371 356,220,368,241,4,0.267671 186,234,230,307,6,0.095445 364,213,380,233,4,0.009605 349,222,362,243,4,0.002390 356,232,368,252,2,0.001536 355,319,371,340,1,0.001311 79,200,221,293,6,0.001295 584,187,640,410,6,0.001135 602,231,637,364,6,0.001119
/home/dysjin/data/CARLA.v20-carla_v20.coco/valid/Town01_012060_png.rf.58e57e1a7e8d4f630323ae1827ca68bc.jpg 566,196,604,223,6,0.542990 582,199,613,235,0,0.037637 334,186,350,201,6,0.020034 307,191,323,205,6,0.017055 2,177,31,212,6,0.009606 319,188,336,202,6,0.002578 0,157,10,191,6,0.002494 579,193,638,224,6,0.002328 281,187,294,201,6,0.002157 271,186,285,201,6,0.002032 0,165,11,198,6,0.001654 617,175,633,196,3,0.001381 584,177,618,262,0,0.001037
/home/dysjin/data/CARLA.v20-carla_v20.coco/valid/009044_png.rf.59d4a83882b4b6af242cbd9e0e31ba80.jpg 563,220,578,243,3,0.960262 0,204,10,242,3,0.103025 1,195,13,262,3,0.004455 0,238,7,278,6,0.004132 119,234,141,279,2,0.002604 630,204,640,267,2,0.001450 0,233,10,304,2,0.001379 0,246,8,290,6,0.001164
/home/dysjin/data/CARLA.v20-carla_v20.coco/valid/Town02_002520_png.rf.55f8a7c01a8e4b86c99a794d7b61cd5d.jpg 237,173,405,345,6,0.987768 161,193,229,233,6,0.985275 536,185,573,257,2,0.012799 146,172,160,192,3,0.007946 528,183,624,266,6,0.002108 552,184,598,262,2,0.001501 529,200,591,244,6,0.001443 0,202,11,237,6,0.001388
/home/dysjin/data/CARLA.v20-carla_v20.coco/valid/Town02_008760_png.rf.5bfb07b6a5fbe6700b4b9c150b9c6576.jpg 277,207,364,341,6,0.990559 271,189,288,203,6,0.807446 511,181,559,209,6,0.715186 528,175,590,212,6,0.333903 570,182,627,211,6,0.055197 558,180,586,209,6,0.019546 386,181,438,208,6,0.011520 595,196,624,212,6,0.009494 341,189,357,200,6,0.006371 390,179,408,195,3,0.002937 380,186,396,200,3,0.002635 354,189,372,200,6,0.002270 399,179,423,195,6,0.001896 595,169,621,204,6,0.001749 415,178,433,194,6,0.001731 0,105,10,141,6,0.001476 263,187,277,203,6,0.001115 280,179,296,197,6,0.001017
/home/dysjin/data/CARLA.v20-carla_v20.coco/valid/Town01_008100_png.rf.5942043a53e2ea3c62572bf7029ed896.jpg 388,197,410,211,6,0.656104 278,190,299,204,6,0.499965 423,193,450,207,6,0.096462 174,188,188,208,0,0.030981 344,187,362,200,6,0.027882 84,188,151,210,6,0.022821 381,191,400,207,6,0.018536 333,187,347,200,6,0.014121 357,187,371,201,6,0.008551 366,189,382,203,3,0.008401 159,188,182,204,6,0.008371 304,187,323,199,6,0.007001 288,187,308,199,6,0.006065 381,193,442,208,6,0.005967 415,198,438,208,6,0.003804 398,193,424,205,6,0.002290 181,193,192,214,0,0.002162 371,197,385,210,3,0.002128 321,186,335,200,6,0.001945 357,180,370,196,3,0.001727 281,180,301,197,6,0.001538
/home/dysjin/data/CARLA.v20-carla_v20.coco/valid/Town01_010680_png.rf.5537782525200ced228c602e6dcc3456.jpg 372,181,385,194,3,0.533072 322,191,337,202,6,0.031714 332,191,344,203,6,0.024238 377,178,389,194,4,0.008435 235,185,246,205,0,0.001236
/home/dysjin/data/CARLA.v20-carla_v20.coco/valid/121155_png.rf.5eeb1497380edc240a771f68b9d34669.jpg 249,245,394,389,6,0.978514 565,226,598,308,2,0.797322 511,39,536,57,6,0.003841 501,18,549,51,6,0.001633 536,219,619,306,2,0.001231 0,301,8,334,6,0.001151
/home/dysjin/data/CARLA.v20-carla_v20.coco/valid/007085_png.rf.5a7141063cfddac158b01dce18de1e48.jpg 430,207,463,241,5,0.993582
/home/dysjin/data/CARLA.v20-carla_v20.coco/valid/Town05_006720_png.rf.717ce1e22225ab6a97befb2b8effcc2a.jpg 182,183,217,255,1,0.346856 87,186,149,206,6,0.124218 95,191,121,207,6,0.037742 336,184,346,202,0,0.022625 343,184,354,202,0,0.012091 322,185,335,200,6,0.005607 179,194,222,232,6,0.004957 166,184,232,254,6,0.003428 344,179,357,194,3,0.001990 126,186,154,200,6,0.001526 344,194,354,217,0,0.001223
/home/dysjin/data/CARLA.v20-carla_v20.coco/valid/Town01_006600_png.rf.612f31973b2db2fda3ee5293fd937a64.jpg 375,190,395,208,6,0.154257 295,192,309,205,6,0.003487
/home/dysjin/data/CARLA.v20-carla_v20.coco/valid/112469_png.rf.4fea3a1e3f0858f468ecb362968a08fb.jpg 314,233,340,291,2,0.956122
/home/dysjin/data/CARLA.v20-carla_v20.coco/valid/Town05_009540_png.rf.67accf9da191af14c5f05da1b6fe1e58.jpg 600,190,640,209,6,0.522916 622,186,640,204,6,0.007458 542,186,556,200,6,0.005244 553,186,565,201,6,0.001306
/home/dysjin/data/CARLA.v20-carla_v20.coco/valid/041820_png.rf.69e77a8e269d90d89efc21e5026a7083.jpg 182,222,195,239,4,0.934100 29,239,82,261,6,0.931336 116,243,142,298,0,0.856615 173,216,191,237,4,0.003835 182,232,194,249,4,0.003215 162,225,176,241,4,0.002491 526,210,543,232,4,0.001378 622,436,640,480,2,0.001190 108,240,128,254,6,0.001080 0,224,8,265,2,0.001011 190,220,205,241,4,0.001005
/home/dysjin/data/CARLA.v20-carla_v20.coco/valid/121278_png.rf.6607158f1164a75baf620dcb66d1b07e.jpg 274,253,363,318,6,0.981529 242,246,263,262,1,0.030050 231,247,253,262,1,0.001908 232,238,272,261,6,0.001480
/home/dysjin/data/CARLA.v20-carla_v20.coco/valid/Town02_004620_png.rf.7280640e1c163e7c4b28010b90659788.jpg 245,187,387,331,6,0.939300 280,185,298,200,6,0.668046 315,180,331,198,6,0.449402 142,185,172,202,6,0.322253 27,160,58,192,3,0.072553 282,183,327,200,6,0.025137 330,184,344,201,6,0.017199 113,175,176,202,6,0.016488 380,147,395,173,3,0.006222 384,170,394,189,3,0.003187 463,227,489,260,6,0.002529 342,185,354,203,6,0.002387 392,171,405,190,3,0.001517 371,158,384,178,3,0.001474
/home/dysjin/data/CARLA.v20-carla_v20.coco/valid/Town05_016500_png.rf.75b431585ae9c755044e81517b796324.jpg 123,189,226,246,6,0.975821 339,187,394,233,6,0.962816 0,195,92,291,6,0.938036 457,179,476,197,3,0.789580 342,189,360,207,6,0.072880 344,187,364,229,6,0.029039 375,193,393,229,6,0.010550 337,186,349,201,0,0.008484 0,182,9,214,6,0.005423 169,199,228,232,6,0.004040 0,190,8,220,6,0.003791 110,203,170,240,6,0.003545 342,181,359,196,6,0.002416 365,191,391,209,6,0.002032
/home/dysjin/data/CARLA.v20-carla_v20.coco/valid/Town02_001020_png.rf.79741d4293c684a4f4e895c08f1290d5.jpg 304,196,340,312,1,0.981040 0,208,88,380,6,0.876753 278,187,301,202,6,0.307451 275,183,332,205,6,0.290248 27,187,77,211,6,0.087262 193,194,209,216,1,0.049970 343,186,358,200,6,0.003970 381,176,392,193,3,0.002804 299,196,323,246,1,0.002094 5,183,61,213,6,0.001868 313,183,338,203,6,0.001644 358,163,370,182,3,0.001396 331,184,346,201,6,0.001083 358,175,370,191,3,0.001050
/home/dysjin/data/CARLA.v20-carla_v20.coco/valid/004996_png.rf.758bfe0873e6cba6e1d99146894cae01.jpg 492,259,511,313,2,0.987038
/home/dysjin/data/CARLA.v20-carla_v20.coco/valid/Town02_001620_png.rf.77cda18f042297c4b15936a35acef602.jpg 303,187,331,228,6,0.454384 304,185,330,249,1,0.442822 314,187,335,209,6,0.040994 329,185,341,205,6,0.003056 176,186,189,213,1,0.002170 256,186,272,200,6,0.001034
/home/dysjin/data/CARLA.v20-carla_v20.coco/valid/112362_png.rf.868e587d8bdd37c81e4872223fbdbeb4.jpg 150,229,167,282,2,0.989055 314,241,337,254,6,0.002380 133,224,170,289,2,0.001084 372,234,385,259,2,0.001060 301,239,325,251,6,0.001039
/home/dysjin/data/CARLA.v20-carla_v20.coco/valid/Town05_010080_png.rf.88fb23d739ffa2beacd3c5735d172d03.jpg 271,184,284,199,6,0.615447 313,183,325,215,0,0.517144 278,178,294,195,6,0.006704 263,183,275,200,6,0.003282 320,178,334,201,6,0.001855 356,161,366,179,3,0.001657 348,163,359,180,3,0.001563 29,20,83,47,6,0.001451 328,186,342,201,6,0.001232 0,21,9,54,6,0.001158 0,175,7,216,6,0.001088
/home/dysjin/data/CARLA.v20-carla_v20.coco/valid/026847_png.rf.7a28094ba474fb2fab06e58f1ebea83c.jpg 413,209,445,239,3,0.993841
/home/dysjin/data/CARLA.v20-carla_v20.coco/valid/075709_png.rf.7dd638ab9af378bf60aaa2fb92a0aea4.jpg 308,242,346,272,6,0.990123 163,238,260,301,6,0.988824 0,218,173,441,6,0.950666 219,241,267,278,6,0.487610 238,246,268,269,6,0.110768 0,0,197,480,6,0.004005 59,242,171,330,6,0.001623 357,237,367,255,2,0.001107 235,233,266,307,6,0.001011
/home/dysjin/data/CARLA.v20-carla_v20.coco/valid/Town02_007380_png.rf.8809896fc46f6266a6729640bbc68e4c.jpg 553,194,617,223,6,0.439972 280,190,298,204,6,0.091607 276,189,288,207,1,0.049107 558,189,597,255,6,0.032152 557,207,591,257,1,0.011650 502,184,545,211,6,0.011392 289,188,307,202,6,0.009950 591,193,640,217,6,0.003218 282,180,300,198,6,0.002796 275,195,286,213,0,0.002692 0,180,8,214,3,0.001943 0,189,8,223,6,0.001656 552,185,593,214,6,0.001654 627,194,640,220,6,0.001593 220,173,234,190,3,0.001129 435,185,487,212,6,0.001110
/home/dysjin/data/CARLA.v20-carla_v20.coco/valid/Town01_007500_png.rf.7e4c2487265d812d93246e09a19aeab2.jpg 527,168,637,223,6,0.984025 258,195,279,214,6,0.886192 525,177,552,211,6,0.101576 623,184,640,232,6,0.006682 607,160,637,240,6,0.001313
/home/dysjin/data/CARLA.v20-carla_v20.coco/valid/Town05_007500_png.rf.8a81a882e564e9e99b5c951d3e18dbbc.jpg 351,182,398,202,6,0.670317 375,185,396,199,6,0.172814 253,178,268,197,6,0.083704 127,174,178,201,6,0.049081 348,181,362,196,6,0.036482 305,178,321,192,6,0.033597 254,182,268,200,0,0.015065 139,186,172,203,6,0.009774 157,186,178,204,6,0.007600 167,186,182,206,0,0.003923 318,178,332,190,6,0.003491 391,185,404,200,6,0.003261 124,187,136,208,0,0.003041 335,179,347,192,6,0.002262 122,195,135,213,0,0.001957 298,183,309,200,0,0.001641 237,175,252,194,6,0.001331 161,194,175,213,0,0.001327 265,178,285,193,6,0.001119
/home/dysjin/data/CARLA.v20-carla_v20.coco/valid/Town02_005520_png.rf.8a9d2ba4122736ea3845c9e405936cce.jpg 48,195,135,223,6,0.701795 601,189,640,231,6,0.552100 0,194,13,224,6,0.081082 43,210,63,224,1,0.005142 625,186,640,212,6,0.004250 99,200,136,219,6,0.003641 622,201,640,233,6,0.002481 2,200,25,217,6,0.001246
/home/dysjin/data/CARLA.v20-carla_v20.coco/valid/041735_png.rf.891d950e6341a379e0a80f54f49c126a.jpg 278,236,305,310,0,0.535603 0,205,10,286,2,0.004070 1,215,11,295,2,0.001995 0,190,10,282,2,0.001584
/home/dysjin/data/CARLA.v20-carla_v20.coco/valid/041669_png.rf.8f16c7cc68671f71ba068edf120b2a61.jpg 306,241,330,319,0,0.415694
/home/dysjin/data/CARLA.v20-carla_v20.coco/valid/003814_png.rf.9123d8ff8e23490d6f5201cb816e4fc2.jpg 547,174,618,250,3,0.970285 290,241,321,260,6,0.947744 316,240,330,256,6,0.001810
/home/dysjin/data/CARLA.v20-carla_v20.coco/valid/005413_png.rf.9000d6e877ce40e1d5bd5387ece453c2.jpg 106,235,124,278,2,0.974795 84,237,105,285,2,0.878623 101,242,116,280,2,0.012957 120,242,130,273,2,0.002817 92,230,132,286,2,0.001441
/home/dysjin/data/CARLA.v20-carla_v20.coco/valid/Town01_001500_png.rf.9254a251a5c6eb6313adba6a6adf1620.jpg 389,172,405,193,3,0.984402
/home/dysjin/data/CARLA.v20-carla_v20.coco/valid/Town05_004680_png.rf.93664881511a21c1adf050e2e8993477.jpg 245,185,267,207,6,0.940328 325,172,419,225,6,0.873585 315,177,359,219,6,0.190925 371,173,419,211,6,0.012614 280,184,295,199,6,0.009645 268,184,284,200,6,0.008782 627,183,638,204,6,0.004706 184,185,200,204,6,0.003552 254,178,272,200,6,0.002969 569,0,633,25,6,0.001709 320,183,339,211,6,0.001103 193,183,209,205,0,0.001073
/home/dysjin/data/CARLA.v20-carla_v20.coco/valid/138312_png.rf.93c512dad514948e54a85fd6860eba4e.jpg 95,237,112,278,2,0.379537 96,252,109,281,2,0.011521 536,339,558,392,2,0.005129 0,248,12,318,2,0.004080 0,255,12,329,2,0.002093 92,243,104,273,2,0.001599 245,237,261,255,1,0.001581
/home/dysjin/data/CARLA.v20-carla_v20.coco/valid/005160_png.rf.922d9f2da21b5b11121905df87e629d7.jpg 400,216,428,241,5,0.994740 394,348,411,367,5,0.003229
