/home/dysjin/data/CARLA.v20-carla_v20.coco/valid/Town02_006840_png.rf.a4a970c10202604d1dd8c41fe9097525.jpg 565,173,581,190,0,0.514785 1,169,12,194,0,0.131850 347,180,360,191,0,0.073319 442,188,459,203,0,0.029863 567,186,582,197,0,0.015256 554,201,565,213,0,0.008772 559,114,595,195,0,0.008017 344,189,360,200,0,0.007313 294,168,309,180,0,0.006397 0,160,18,204,0,0.005462 543,203,556,214,0,0.005175 558,176,573,192,0,0.004373 292,175,309,188,0,0.002914 565,200,579,214,0,0.002680 558,164,584,201,0,0.002375 341,173,364,198,0,0.002053 573,160,585,183,0,0.001986 443,181,459,194,0,0.001934 541,191,555,202,0,0.001729 286,168,300,180,0,0.001690 548,0,618,313,1,0.001687 0,181,14,204,0,0.001426 431,190,448,203,0,0.001308 542,177,556,193,0,0.001204 344,167,360,180,0,0.001116
/home/dysjin/data/CARLA.v20-carla_v20.coco/valid/Town02_002640_png.rf.ac6bee6a9e4c4b2a1e149670c97196c1.jpg 393,171,406,188,1,0.376350 411,132,440,165,0,0.155360 427,159,444,181,0,0.154559 412,162,433,177,0,0.010704 410,153,437,188,0,0.005285 385,172,402,188,0,0.003756 73,215,87,229,0,0.001997 387,158,409,204,0,0.001601 393,183,411,198,0,0.001327 438,160,454,180,0,0.001133 333,205,363,233,0,0.001111
/home/dysjin/data/CARLA.v20-carla_v20.coco/valid/007096_png.rf.a26873f70f1467f54f0fd09ea8c1731b.jpg 545,169,616,252,0,0.414879 0,184,640,274,0,0.004294 0,75,640,284,0,0.001042
/home/dysjin/data/CARLA.v20-carla_v20.coco/valid/Town02_006480_png.rf.aec43468267a9993201d034f7031ee5c.jpg 355,177,367,188,0,0.270833 356,169,368,182,0,0.223882 366,165,376,180,0,0.085013 355,188,369,197,0,0.033438 269,181,284,192,0,0.006442 267,187,283,202,0,0.005682 367,177,377,189,0,0.005347 368,193,382,203,0,0.003920 366,155,380,169,0,0.002950 351,159,370,191,0,0.002891 378,167,392,182,0,0.002487 347,187,362,197,0,0.002057 392,165,407,182,0,0.001449 392,177,408,191,0,0.001112
/home/dysjin/data/CARLA.v20-carla_v20.coco/valid/051305_png.rf.af3e2dc55ae45fc793f7f25eb6fdf7b4.jpg 426,217,466,239,0,0.662002 418,205,471,251,0,0.473617
/home/dysjin/data/CARLA.v20-carla_v20.coco/valid/007291_png.rf.b33e9d647d42777054dfb5f46d23bbad.jpg 388,222,403,240,0,0.688408 393,235,411,247,0,0.006797
/home/dysjin/data/CARLA.v20-carla_v20.coco/valid/003752_png.rf.bb0716bc5b93fa8b10f41577e20a2f35.jpg 397,215,424,244,0,0.290284 400,217,425,240,1,0.262233
/home/dysjin/data/CARLA.v20-carla_v20.coco/valid/005173_png.rf.c24ac196d86260d3a384e12093bfa5ef.jpg 460,188,537,253,2,0.538392 478,195,527,245,0,0.265866 473,197,519,231,2,0.005967 445,175,554,273,0,0.001906 457,193,526,249,1,0.001188
/home/dysjin/data/CARLA.v20-carla_v20.coco/valid/003769_png.rf.c5c0c17fa97551316c57744e9608f796.jpg 479,189,565,252,2,0.500019 499,197,546,245,0,0.158738 495,202,545,241,2,0.066674
/home/dysjin/data/CARLA.v20-carla_v20.coco/valid/004966_png.rf.c9d8d72d0920460b612251c5fddc5770.jpg 429,200,467,248,1,0.534012 429,205,466,242,2,0.390322 434,217,461,234,2,0.008332 432,197,479,241,0,0.001911
/home/dysjin/data/CARLA.v20-carla_v20.coco/valid/001638_png.rf.c98e4c5bc2a68de358073a26469c81b2.jpg 422,211,453,241,0,0.866142 406,202,467,254,0,0.070174
/home/dysjin/data/CARLA.v20-carla_v20.coco/valid/051274_png.rf.d5f64278c64b556983082379a316485f.jpg 564,168,634,252,0,0.457314 359,227,374,238,0,0.018119
/home/dysjin/data/CARLA.v20-carla_v20.coco/valid/Town01_001440_png.rf.e4b4351effd31d5b433710cffb8243e4.jpg 387,175,400,189,0,0.463388 393,153,405,170,0,0.006492 383,170,399,184,1,0.003651 388,186,406,198,0,0.001837 401,151,416,166,0,0.001339 343,179,360,192,0,0.001018
/home/dysjin/data/CARLA.v20-carla_v20.coco/valid/041811_png.rf.e8d4c17844854d24f9b2bec66a8a8889.jpg 52,224,64,240,1,0.355232 259,240,270,252,0,0.010027 246,240,258,252,0,0.008840 245,253,258,263,0,0.005137 235,241,249,253,0,0.005048 51,220,64,233,1,0.002397 243,263,259,276,0,0.001538 57,224,68,238,2,0.001454 234,253,250,264,0,0.001285 48,236,67,247,0,0.001097 259,229,270,243,0,0.001007
/home/dysjin/data/CARLA.v20-carla_v20.coco/valid/001519_png.rf.e42bb854e84b40164ed2795569b2eb6f.jpg 575,220,589,240,0,0.640198 345,228,358,240,0,0.030260 344,237,360,248,0,0.006353 580,234,595,247,0,0.004046 572,208,590,254,0,0.001268 576,205,589,223,0,0.001221
/home/dysjin/data/CARLA.v20-carla_v20.coco/valid/001509_png.rf.ed3baed466e7f65c1a01fb57bf942b65.jpg 575,220,589,240,0,0.696882 345,228,358,240,0,0.016317 580,234,594,247,0,0.007622 343,237,360,249,0,0.007149 577,205,589,223,0,0.001326 572,208,591,254,0,0.001269
/home/dysjin/data/CARLA.v20-carla_v20.coco/valid/026829_png.rf.e6f26e62f316568466a95ba7fd18d850.jpg 377,221,389,237,0,0.736381
/home/dysjin/data/CARLA.v20-carla_v20.coco/valid/007076_png.rf.d635d979c35f5dd6da756ef9889aef0b.jpg 399,213,417,243,2,0.696245 387,204,428,253,1,0.035731
/home/dysjin/data/CARLA.v20-carla_v20.coco/valid/Town02_006960_png.rf.eedfb90c1deb0d66a31341acd2e08f4f.jpg 152,166,166,180,0,0.532768 155,161,165,174,0,0.236418 122,151,141,165,0,0.014920 599,141,622,173,0,0.002821 155,172,169,186,0,0.001713
/home/dysjin/data/CARLA.v20-carla_v20.coco/valid/041861_png.rf.f5f3812ca6c536c5c25bea3d596be111.jpg 402,211,429,241,0,0.762574
/home/dysjin/data/CARLA.v20-carla_v20.coco/valid/003755_png.rf.f6343810071c5f5401b5697ef363285d.jpg 407,216,434,240,0,0.428642 406,212,434,241,1,0.350135 405,219,431,238,2,0.021396
/home/dysjin/data/CARLA.v20-carla_v20.coco/valid/001630_png.rf.ff5ced110f03f998a7a6998ddf647fd2.jpg 409,213,436,237,0,0.710098 398,206,443,251,0,0.027391
/home/dysjin/data/CARLA.v20-carla_v20.coco/valid/003751_png.rf.0ff9ef7c8c8e4f5eab52437609a3b501.jpg 398,217,417,240,0,0.393922 396,219,415,238,2,0.294592 398,218,417,236,1,0.264945
/home/dysjin/data/CARLA.v20-carla_v20.coco/valid/Town02_008820_png.rf.135414697b8215dc125af6b125d3058c.jpg 390,187,407,202,0,0.185931 505,174,519,189,0,0.146944 611,139,639,219,0,0.039323 482,176,495,190,0,0.029037 406,165,419,180,0,0.007282 500,169,522,198,0,0.006643 419,178,434,191,0,0.004925 417,165,433,181,0,0.004795 428,178,443,190,0,0.003735 394,183,408,193,0,0.003554 394,166,408,179,0,0.002802 333,178,349,191,0,0.002648 0,65,14,105,0,0.002359 0,138,13,158,0,0.001710 380,177,414,211,0,0.001564 0,86,12,109,0,0.001477 0,149,12,169,0,0.001423 493,178,507,191,0,0.001050 283,177,300,190,0,0.001042 476,169,497,199,0,0.001015
/home/dysjin/data/CARLA.v20-carla_v20.coco/valid/006578_png.rf.21f08e8ed63ab67b3ef05528af8ef9e6.jpg 374,222,387,237,0,0.413305 372,221,386,234,1,0.131351
/home/dysjin/data/CARLA.v20-carla_v20.coco/valid/Town02_006720_png.rf.2632fd4f3d65ff215e84d472badfd870.jpg 566,173,581,190,0,0.492372 1,169,12,194,0,0.131551 347,180,360,191,0,0.079191 442,188,459,203,0,0.024117 559,115,595,194,0,0.019977 567,186,583,197,0,0.008545 344,188,360,199,0,0.007452 554,201,566,213,0,0.007437 0,154,15,193,0,0.005599 543,202,557,215,0,0.004020 293,175,308,188,0,0.003670 294,168,310,180,0,0.003391 558,164,584,200,0,0.002931 558,175,573,192,0,0.002842 285,177,299,189,0,0.002470 341,173,364,198,0,0.002421 565,200,579,214,0,0.002206 573,160,586,183,0,0.002129 549,0,616,304,1,0.001847 443,181,459,193,0,0.001707 0,181,14,204,0,0.001450 541,191,555,202,0,0.001401 431,190,448,203,0,0.001397
/home/dysjin/data/CARLA.v20-carla_v20.coco/valid/007070_png.rf.2316a0a54db7e4a749f421570aadd160.jpg 389,219,400,239,2,0.663601 387,217,402,236,1,0.093879 389,233,413,248,2,0.005307 387,209,402,242,0,0.001938
/home/dysjin/data/CARLA.v20-carla_v20.coco/valid/041819_png.rf.374472e0a0868df264a4100cb7734e35.jpg 176,225,188,239,1,0.372062 368,242,380,255,0,0.051173 359,240,371,252,0,0.029592 368,251,382,263,0,0.011972 355,230,368,244,0,0.010926 347,241,361,252,0,0.008500 168,221,191,244,1,0.008355 173,219,187,234,1,0.007932 358,252,373,262,0,0.006044 122,228,140,240,0,0.004945 346,231,362,243,0,0.002858 122,238,139,250,0,0.002296 173,236,191,246,0,0.001810 363,234,384,263,0,0.001128
/home/dysjin/data/CARLA.v20-carla_v20.coco/valid/003766_png.rf.3dbe103da1003d1fb3bd18ad0d0894b4.jpg 457,191,513,253,1,0.390365 460,200,510,243,2,0.329700 463,194,522,245,0,0.005001
/home/dysjin/data/CARLA.v20-carla_v20.coco/valid/026849_png.rf.52e90800c02b90489d2521817c6942f7.jpg 423,211,457,239,0,0.977938 409,203,464,252,0,0.007147 344,216,360,228,0,0.001286
/home/dysjin/data/CARLA.v20-carla_v20.coco/valid/041864_png.rf.51f1d81198f2e5b7a450f586235760ec.jpg 417,210,442,241,0,0.768695
/home/dysjin/data/CARLA.v20-carla_v20.coco/valid/009044_png.rf.59d4a83882b4b6af242cbd9e0e31ba80.jpg 563,220,579,240,0,0.637835 0,200,15,243,0,0.170641 346,227,359,238,0,0.050836 542,228,556,242,0,0.003739 0,187,13,234,0,0.002203 345,218,360,230,0,0.001854 7,210,20,230,0,0.001048 540,238,555,250,0,0.001043
/home/dysjin/data/CARLA.v20-carla_v20.coco/valid/Town01_010680_png.rf.5537782525200ced228c602e6dcc3456.jpg 373,179,384,191,0,0.368463 235,179,250,191,0,0.031583 365,173,386,197,0,0.008978 231,187,249,199,0,0.001498 361,179,375,191,0,0.001300 230,172,252,199,0,0.001267 377,186,390,200,0,0.001185 335,178,349,190,0,0.001059
/home/dysjin/data/CARLA.v20-carla_v20.coco/valid/007085_png.rf.5a7141063cfddac158b01dce18de1e48.jpg 427,206,465,245,2,0.774714 428,202,466,250,1,0.610029 434,218,456,235,2,0.015627
/home/dysjin/data/CARLA.v20-carla_v20.coco/valid/041820_png.rf.69e77a8e269d90d89efc21e5026a7083.jpg 183,224,195,240,1,0.366797 184,218,197,235,1,0.023381 379,241,392,254,0,0.019537 176,225,192,237,0,0.012865 372,240,384,253,0,0.012648 370,230,383,243,0,0.007548 346,241,360,252,0,0.006193 379,252,393,264,0,0.005989 371,253,386,264,0,0.003989 184,234,200,248,0,0.003855 356,241,370,252,0,0.003360 378,263,394,275,0,0.002673 379,230,391,245,0,0.001898 172,217,192,232,1,0.001835 180,208,200,241,0,0.001516 264,217,286,247,0,0.001187 357,231,372,243,0,0.001128
/home/dysjin/data/CARLA.v20-carla_v20.coco/valid/Town05_016500_png.rf.75b431585ae9c755044e81517b796324.jpg 460,178,477,194,0,0.561764
/home/dysjin/data/CARLA.v20-carla_v20.coco/valid/026847_png.rf.7a28094ba474fb2fab06e58f1ebea83c.jpg 414,214,444,237,0,0.974214 345,217,360,229,0,0.010780 401,205,448,250,0,0.005268
/home/dysjin/data/CARLA.v20-carla_v20.coco/valid/003814_png.rf.9123d8ff8e23490d6f5201cb816e4fc2.jpg 549,174,614,249,0,0.436890
/home/dysjin/data/CARLA.v20-carla_v20.coco/valid/Town01_001500_png.rf.9254a251a5c6eb6313adba6a6adf1620.jpg 387,171,401,188,0,0.391727 393,184,410,196,0,0.001728 383,169,402,182,1,0.001468
/home/dysjin/data/CARLA.v20-carla_v20.coco/valid/005160_png.rf.922d9f2da21b5b11121905df87e629d7.jpg 399,212,426,243,2,0.674895 395,205,432,252,1,0.360746
