/home/dysjin/data/CARLA.v20-carla_v20.coco/valid/Town02_006840_png.rf.a4a970c10202604d1dd8c41fe9097525.jpg 563,175,579,195,0,0.079123 0,171,14,193,0,0.001721
/home/dysjin/data/CARLA.v20-carla_v20.coco/valid/Town02_002640_png.rf.ac6bee6a9e4c4b2a1e149670c97196c1.jpg 391,174,404,191,0,0.559392
/home/dysjin/data/CARLA.v20-carla_v20.coco/valid/007096_png.rf.a26873f70f1467f54f0fd09ea8c1731b.jpg 544,164,618,245,2,0.460007 527,130,640,247,1,0.004676 568,144,640,260,2,0.001060
/home/dysjin/data/CARLA.v20-carla_v20.coco/valid/Town02_006480_png.rf.aec43468267a9993201d034f7031ee5c.jpg 345,169,359,193,0,0.116402
/home/dysjin/data/CARLA.v20-carla_v20.coco/valid/051305_png.rf.af3e2dc55ae45fc793f7f25eb6fdf7b4.jpg 426,209,464,243,0,0.397462
/home/dysjin/data/CARLA.v20-carla_v20.coco/valid/007291_png.rf.b33e9d647d42777054dfb5f46d23bbad.jpg 386,224,404,242,0,0.108095
/home/dysjin/data/CARLA.v20-carla_v20.coco/valid/003752_png.rf.bb0716bc5b93fa8b10f41577e20a2f35.jpg 398,217,423,243,1,0.270810 400,210,424,245,0,0.035310
/home/dysjin/data/CARLA.v20-carla_v20.coco/valid/005173_png.rf.c24ac196d86260d3a384e12093bfa5ef.jpg 475,189,531,247,2,0.173710 474,163,533,264,1,0.021944 457,154,562,267,2,0.002819
/home/dysjin/data/CARLA.v20-carla_v20.coco/valid/003769_png.rf.c5c0c17fa97551316c57744e9608f796.jpg 492,184,558,244,1,0.126910 498,182,544,241,0,0.023883
/home/dysjin/data/CARLA.v20-carla_v20.coco/valid/004966_png.rf.c9d8d72d0920460b612251c5fddc5770.jpg 428,203,469,243,1,0.403003 429,201,468,240,0,0.049438
/home/dysjin/data/CARLA.v20-carla_v20.coco/valid/001638_png.rf.c98e4c5bc2a68de358073a26469c81b2.jpg 425,205,454,242,0,0.371067 155,223,172,243,0,0.001935 300,283,352,311,0,0.001148 270,272,312,319,0,0.001060
/home/dysjin/data/CARLA.v20-carla_v20.coco/valid/051274_png.rf.d5f64278c64b556983082379a316485f.jpg 561,159,640,251,1,0.363993 562,162,640,274,2,0.003833 559,154,640,249,0,0.002277 35,0,640,480,0,0.001060
/home/dysjin/data/CARLA.v20-carla_v20.coco/valid/Town01_001440_png.rf.e4b4351effd31d5b433710cffb8243e4.jpg 383,176,401,192,0,0.668076 372,174,387,189,0,0.002526 342,174,357,192,0,0.001363
/home/dysjin/data/CARLA.v20-carla_v20.coco/valid/041811_png.rf.e8d4c17844854d24f9b2bec66a8a8889.jpg 46,227,61,243,0,0.035498
/home/dysjin/data/CARLA.v20-carla_v20.coco/valid/001519_png.rf.e42bb854e84b40164ed2795569b2eb6f.jpg 573,222,588,244,0,0.453891 569,211,584,236,0,0.002684 578,230,591,251,0,0.002549 568,231,582,251,0,0.002495
/home/dysjin/data/CARLA.v20-carla_v20.coco/valid/001509_png.rf.ed3baed466e7f65c1a01fb57bf942b65.jpg 573,223,587,245,0,0.353153 568,231,582,251,0,0.006287 568,213,583,237,0,0.001801
/home/dysjin/data/CARLA.v20-carla_v20.coco/valid/026829_png.rf.e6f26e62f316568466a95ba7fd18d850.jpg 376,224,390,241,0,0.507910 370,212,388,237,0,0.001140
/home/dysjin/data/CARLA.v20-carla_v20.coco/valid/007076_png.rf.d635d979c35f5dd6da756ef9889aef0b.jpg 398,215,421,247,2,0.166158
/home/dysjin/data/CARLA.v20-carla_v20.coco/valid/Town02_006960_png.rf.eedfb90c1deb0d66a31341acd2e08f4f.jpg 148,161,165,180,0,0.242815 137,152,168,186,0,0.001275
/home/dysjin/data/CARLA.v20-carla_v20.coco/valid/041861_png.rf.f5f3812ca6c536c5c25bea3d596be111.jpg 403,206,428,243,0,0.257817
/home/dysjin/data/CARLA.v20-carla_v20.coco/valid/003755_png.rf.f6343810071c5f5401b5697ef363285d.jpg 407,216,434,242,1,0.274810 406,212,433,241,0,0.038467
/home/dysjin/data/CARLA.v20-carla_v20.coco/valid/001630_png.rf.ff5ced110f03f998a7a6998ddf647fd2.jpg 407,210,437,240,0,0.262478
/home/dysjin/data/CARLA.v20-carla_v20.coco/valid/003751_png.rf.0ff9ef7c8c8e4f5eab52437609a3b501.jpg 398,218,419,245,1,0.335372 399,215,417,240,0,0.038474
/home/dysjin/data/CARLA.v20-carla_v20.coco/valid/Town02_008820_png.rf.135414697b8215dc125af6b125d3058c.jpg 144,174,160,193,0,0.017256 414,183,430,203,0,0.003129 390,185,406,204,0,0.001543 426,173,441,193,0,0.001331 145,161,160,186,0,0.001221
/home/dysjin/data/CARLA.v20-carla_v20.coco/valid/006578_png.rf.21f08e8ed63ab67b3ef05528af8ef9e6.jpg 370,221,384,239,0,0.560886 369,229,381,251,0,0.001692 359,223,374,239,0,0.001349
/home/dysjin/data/CARLA.v20-carla_v20.coco/valid/Town02_006720_png.rf.2632fd4f3d65ff215e84d472badfd870.jpg 564,174,580,195,0,0.145415 0,171,14,193,0,0.001766
/home/dysjin/data/CARLA.v20-carla_v20.coco/valid/007070_png.rf.2316a0a54db7e4a749f421570aadd160.jpg 383,220,402,241,2,0.124038 370,212,406,245,2,0.010226
/home/dysjin/data/CARLA.v20-carla_v20.coco/valid/041819_png.rf.374472e0a0868df264a4100cb7734e35.jpg 174,224,185,241,1,0.331483 169,217,190,247,1,0.010931 173,215,185,237,1,0.009655 163,222,179,240,1,0.003150 169,232,186,250,1,0.001601 162,213,179,232,1,0.001168
/home/dysjin/data/CARLA.v20-carla_v20.coco/valid/003766_png.rf.3dbe103da1003d1fb3bd18ad0d0894b4.jpg 464,200,507,242,1,0.425313 465,195,508,241,0,0.015090
/home/dysjin/data/CARLA.v20-carla_v20.coco/valid/026849_png.rf.52e90800c02b90489d2521817c6942f7.jpg 421,208,456,238,0,0.383457
/home/dysjin/data/CARLA.v20-carla_v20.coco/valid/041864_png.rf.51f1d81198f2e5b7a450f586235760ec.jpg 415,206,443,244,0,0.300657
/home/dysjin/data/CARLA.v20-carla_v20.coco/valid/009044_png.rf.59d4a83882b4b6af242cbd9e0e31ba80.jpg 562,222,577,243,0,0.502636 0,212,14,234,0,0.006640 552,213,584,246,0,0.001551 0,206,16,253,0,0.001448
/home/dysjin/data/CARLA.v20-carla_v20.coco/valid/Town01_010680_png.rf.5537782525200ced228c602e6dcc3456.jpg 369,178,383,192,0,0.576875 366,169,387,198,0,0.009588 359,175,374,190,0,0.001728
/home/dysjin/data/CARLA.v20-carla_v20.coco/valid/007085_png.rf.5a7141063cfddac158b01dce18de1e48.jpg 429,208,462,244,2,0.307235
/home/dysjin/data/CARLA.v20-carla_v20.coco/valid/041820_png.rf.69e77a8e269d90d89efc21e5026a7083.jpg 183,225,195,244,1,0.117375 183,212,196,239,1,0.003259 176,223,191,240,1,0.002731 182,232,196,250,0,0.001030
/home/dysjin/data/CARLA.v20-carla_v20.coco/valid/Town05_016500_png.rf.75b431585ae9c755044e81517b796324.jpg 457,178,480,197,0,0.235221 444,173,477,208,0,0.010721
/home/dysjin/data/CARLA.v20-carla_v20.coco/valid/026847_png.rf.7a28094ba474fb2fab06e58f1ebea83c.jpg 414,206,442,239,0,0.252525
/home/dysjin/data/CARLA.v20-carla_v20.coco/valid/003814_png.rf.9123d8ff8e23490d6f5201cb816e4fc2.jpg 548,164,622,249,0,0.745306
/home/dysjin/data/CARLA.v20-carla_v20.coco/valid/Town01_001500_png.rf.9254a251a5c6eb6313adba6a6adf1620.jpg 387,175,402,195,0,0.691528
/home/dysjin/data/CARLA.v20-carla_v20.coco/valid/005160_png.rf.922d9f2da21b5b11121905df87e629d7.jpg 397,209,430,243,2,0.216027
