/home/dysjin/data/CARLA.v20-carla_v20.coco/valid/Town02_006840_png.rf.a4a970c10202604d1dd8c41fe9097525.jpg 0,170,15,198,0,0.134355 565,174,580,195,0,0.076484 565,185,580,204,0,0.034515 367,161,381,180,0,0.008752 197,160,212,181,0,0.006554 196,148,212,170,0,0.006320 0,162,14,189,0,0.005405 441,185,456,206,0,0.005279 367,151,383,171,0,0.004553 561,53,606,98,0,0.002898 198,171,213,192,0,0.002806 563,160,580,186,0,0.002617 554,188,573,203,0,0.002041 0,169,16,217,0,0.001873 209,170,225,193,0,0.001693 0,197,14,220,0,0.001425 556,174,573,193,0,0.001152 441,172,455,196,0,0.001140
/home/dysjin/data/CARLA.v20-carla_v20.coco/valid/Town02_002640_png.rf.ac6bee6a9e4c4b2a1e149670c97196c1.jpg 391,176,407,191,0,0.549631 394,184,411,200,0,0.003457 219,159,236,182,0,0.003028 428,160,441,182,0,0.001701 400,170,417,195,0,0.001626 388,157,408,196,0,0.001416 416,162,431,183,0,0.001323
/home/dysjin/data/CARLA.v20-carla_v20.coco/valid/007096_png.rf.a26873f70f1467f54f0fd09ea8c1731b.jpg 541,172,615,245,0,0.371222 550,182,620,250,2,0.002481 535,69,581,296,0,0.001677
/home/dysjin/data/CARLA.v20-carla_v20.coco/valid/Town02_006480_png.rf.aec43468267a9993201d034f7031ee5c.jpg 346,176,361,192,0,0.010152 355,175,370,193,0,0.007501 344,163,358,183,0,0.002602 356,165,372,182,0,0.001957 345,184,359,203,0,0.001764 366,161,382,181,0,0.001403 369,149,384,169,0,0.001390 354,184,369,204,0,0.001273
/home/dysjin/data/CARLA.v20-carla_v20.coco/valid/051305_png.rf.af3e2dc55ae45fc793f7f25eb6fdf7b4.jpg 425,207,464,242,0,0.393690
/home/dysjin/data/CARLA.v20-carla_v20.coco/valid/007291_png.rf.b33e9d647d42777054dfb5f46d23bbad.jpg 383,222,402,239,0,0.420332 388,231,407,251,0,0.001224
/home/dysjin/data/CARLA.v20-carla_v20.coco/valid/003752_png.rf.bb0716bc5b93fa8b10f41577e20a2f35.jpg 398,214,423,245,0,0.290960 398,218,423,241,1,0.166821
/home/dysjin/data/CARLA.v20-carla_v20.coco/valid/005173_png.rf.c24ac196d86260d3a384e12093bfa5ef.jpg 474,196,524,245,0,0.161817 479,189,528,248,1,0.074443 504,192,532,248,0,0.001708 463,133,582,322,0,0.001550 462,155,541,291,1,0.001209 397,92,544,384,0,0.001119
/home/dysjin/data/CARLA.v20-carla_v20.coco/valid/003769_png.rf.c5c0c17fa97551316c57744e9608f796.jpg 494,197,548,244,0,0.214132 494,184,537,258,1,0.001611 487,162,562,281,1,0.001065
/home/dysjin/data/CARLA.v20-carla_v20.coco/valid/004966_png.rf.c9d8d72d0920460b612251c5fddc5770.jpg 426,204,467,241,0,0.370602 431,214,462,232,0,0.001934
/home/dysjin/data/CARLA.v20-carla_v20.coco/valid/001638_png.rf.c98e4c5bc2a68de358073a26469c81b2.jpg 416,209,455,239,0,0.488546 609,205,634,258,0,0.001957 156,224,174,244,0,0.001722 622,195,640,247,0,0.001624
/home/dysjin/data/CARLA.v20-carla_v20.coco/valid/051274_png.rf.d5f64278c64b556983082379a316485f.jpg 560,170,635,243,0,0.479210 355,229,374,244,0,0.015587
/home/dysjin/data/CARLA.v20-carla_v20.coco/valid/Town01_001440_png.rf.e4b4351effd31d5b433710cffb8243e4.jpg 383,178,399,192,0,0.573438 378,173,403,200,0,0.028923 379,161,391,190,0,0.003673 371,175,390,195,0,0.003547 343,175,358,194,0,0.001771 83,150,101,170,0,0.001470 232,174,248,193,0,0.001142
/home/dysjin/data/CARLA.v20-carla_v20.coco/valid/041811_png.rf.e8d4c17844854d24f9b2bec66a8a8889.jpg 48,226,64,242,0,0.315472 257,227,274,243,0,0.002843 244,238,259,256,0,0.002231 256,237,271,254,0,0.001461
/home/dysjin/data/CARLA.v20-carla_v20.coco/valid/001519_png.rf.e42bb854e84b40164ed2795569b2eb6f.jpg 571,222,589,240,0,0.474475 574,232,592,250,0,0.001341
/home/dysjin/data/CARLA.v20-carla_v20.coco/valid/001509_png.rf.ed3baed466e7f65c1a01fb57bf942b65.jpg 571,221,589,240,0,0.470112
/home/dysjin/data/CARLA.v20-carla_v20.coco/valid/026829_png.rf.e6f26e62f316568466a95ba7fd18d850.jpg 375,220,393,240,0,0.508639
/home/dysjin/data/CARLA.v20-carla_v20.coco/valid/007076_png.rf.d635d979c35f5dd6da756ef9889aef0b.jpg 396,213,419,245,2,0.296490 397,212,423,241,1,0.093101 391,214,419,248,0,0.002778
/home/dysjin/data/CARLA.v20-carla_v20.coco/valid/Town02_006960_png.rf.eedfb90c1deb0d66a31341acd2e08f4f.jpg 148,162,167,180,0,0.548594 611,102,629,121,0,0.016269 377,158,396,181,0,0.004931 145,137,158,163,0,0.001237 137,163,158,180,0,0.001079
/home/dysjin/data/CARLA.v20-carla_v20.coco/valid/041861_png.rf.f5f3812ca6c536c5c25bea3d596be111.jpg 402,208,429,244,0,0.332418
/home/dysjin/data/CARLA.v20-carla_v20.coco/valid/003755_png.rf.f6343810071c5f5401b5697ef363285d.jpg 407,213,434,244,0,0.284417 407,216,434,238,1,0.070921
/home/dysjin/data/CARLA.v20-carla_v20.coco/valid/001630_png.rf.ff5ced110f03f998a7a6998ddf647fd2.jpg 405,210,437,243,0,0.443280 167,224,187,244,0,0.007674 193,186,212,208,0,0.001006
/home/dysjin/data/CARLA.v20-carla_v20.coco/valid/003751_png.rf.0ff9ef7c8c8e4f5eab52437609a3b501.jpg 396,214,419,244,0,0.288797 394,220,418,241,1,0.101701
/home/dysjin/data/CARLA.v20-carla_v20.coco/valid/Town02_008820_png.rf.135414697b8215dc125af6b125d3058c.jpg 502,162,519,186,0,0.153106 145,175,162,193,0,0.105701 402,161,416,180,0,0.049742 395,174,410,192,0,0.010371 145,161,160,186,0,0.006206 395,183,411,202,0,0.005886 396,151,410,170,0,0.003345 414,160,428,180,0,0.003221 402,139,418,161,0,0.003020 403,171,418,193,0,0.002412 0,46,33,156,0,0.001206 511,159,527,183,0,0.001093 478,173,493,194,0,0.001042
/home/dysjin/data/CARLA.v20-carla_v20.coco/valid/006578_png.rf.21f08e8ed63ab67b3ef05528af8ef9e6.jpg 368,224,385,238,0,0.597978 365,208,385,246,0,0.002839 375,217,390,245,0,0.001678 376,233,393,251,0,0.001193 358,226,380,243,0,0.001190
/home/dysjin/data/CARLA.v20-carla_v20.coco/valid/Town02_006720_png.rf.2632fd4f3d65ff215e84d472badfd870.jpg 0,170,15,198,0,0.130482 565,174,581,195,0,0.057446 565,185,580,204,0,0.031024 366,161,381,180,0,0.012955 441,185,456,205,0,0.006093 368,151,384,171,0,0.005679 0,163,14,189,0,0.005416 197,160,212,182,0,0.004800 561,53,606,98,0,0.004676 196,148,212,170,0,0.004096 198,171,213,192,0,0.003292 208,170,224,193,0,0.002645 0,169,16,217,0,0.001838 554,188,573,203,0,0.001800 563,161,580,185,0,0.001480 441,173,455,196,0,0.001443 0,197,14,220,0,0.001388 201,162,228,202,0,0.001236
/home/dysjin/data/CARLA.v20-carla_v20.coco/valid/007070_png.rf.2316a0a54db7e4a749f421570aadd160.jpg 384,222,402,242,2,0.245059 386,218,404,245,1,0.107459 381,217,405,246,0,0.001846
/home/dysjin/data/CARLA.v20-carla_v20.coco/valid/041819_png.rf.374472e0a0868df264a4100cb7734e35.jpg 172,226,188,240,0,0.505890 170,215,183,237,0,0.038124 367,235,380,257,0,0.002694 172,235,191,249,0,0.002665 368,227,385,243,0,0.001196 355,224,372,244,0,0.001128
/home/dysjin/data/CARLA.v20-carla_v20.coco/valid/003766_png.rf.3dbe103da1003d1fb3bd18ad0d0894b4.jpg 463,200,506,243,0,0.406274 463,192,505,251,1,0.001140
/home/dysjin/data/CARLA.v20-carla_v20.coco/valid/026849_png.rf.52e90800c02b90489d2521817c6942f7.jpg 419,205,457,242,0,0.311220
/home/dysjin/data/CARLA.v20-carla_v20.coco/valid/041864_png.rf.51f1d81198f2e5b7a450f586235760ec.jpg 413,212,444,240,0,0.388961
/home/dysjin/data/CARLA.v20-carla_v20.coco/valid/009044_png.rf.59d4a83882b4b6af242cbd9e0e31ba80.jpg 560,221,579,243,0,0.454777 0,204,19,245,0,0.207749 342,225,358,244,0,0.003619 0,185,14,241,0,0.003545 563,232,585,251,0,0.001146
/home/dysjin/data/CARLA.v20-carla_v20.coco/valid/Town01_010680_png.rf.5537782525200ced228c602e6dcc3456.jpg 367,178,384,191,0,0.580232 369,184,386,198,0,0.007809 245,174,263,193,0,0.002128 376,175,391,194,0,0.002121 232,174,251,193,0,0.001311 255,173,273,193,0,0.001309 366,163,380,189,1,0.001179
/home/dysjin/data/CARLA.v20-carla_v20.coco/valid/007085_png.rf.5a7141063cfddac158b01dce18de1e48.jpg 424,206,468,241,0,0.313455 433,215,460,233,1,0.002385
/home/dysjin/data/CARLA.v20-carla_v20.coco/valid/041820_png.rf.69e77a8e269d90d89efc21e5026a7083.jpg 180,226,195,242,0,0.367411 181,213,196,238,0,0.010435 182,235,201,252,0,0.002647 379,226,394,244,0,0.002096 378,235,393,257,0,0.001516 368,225,383,245,0,0.001297 368,236,383,255,0,0.001140
/home/dysjin/data/CARLA.v20-carla_v20.coco/valid/Town05_016500_png.rf.75b431585ae9c755044e81517b796324.jpg 460,179,478,193,0,0.534476 319,173,333,193,0,0.001505 332,197,346,220,0,0.001017
/home/dysjin/data/CARLA.v20-carla_v20.coco/valid/026847_png.rf.7a28094ba474fb2fab06e58f1ebea83c.jpg 410,209,446,239,0,0.457448
/home/dysjin/data/CARLA.v20-carla_v20.coco/valid/003814_png.rf.9123d8ff8e23490d6f5201cb816e4fc2.jpg 546,174,617,245,0,0.474377
/home/dysjin/data/CARLA.v20-carla_v20.coco/valid/Town01_001500_png.rf.9254a251a5c6eb6313adba6a6adf1620.jpg 386,176,404,191,0,0.586814 389,162,402,192,1,0.003264 381,163,395,189,1,0.002611 389,184,408,199,0,0.002161 386,156,407,198,0,0.001169 269,173,283,194,0,0.001127
/home/dysjin/data/CARLA.v20-carla_v20.coco/valid/005160_png.rf.922d9f2da21b5b11121905df87e629d7.jpg 398,214,431,240,1,0.340965 398,211,428,245,2,0.242487 399,211,432,242,0,0.086358 411,204,426,253,1,0.001495
