/home/dysjin/data/CARLA.v20-carla_v20.coco/valid/Town05_011820_png.rf.a721d4435d03a17b63243ff374e790d2.jpg 0,174,120,234,6,0.901471 306,187,322,200,0,0.018668 317,188,333,201,0,0.015629 48,188,113,232,6,0.014491 0,190,67,230,6,0.013812 254,179,272,191,0,0.003546 329,189,345,205,0,0.003158 252,187,274,200,0,0.002588 293,188,313,200,6,0.002262 245,176,262,190,0,0.001652 19,194,87,237,6,0.001363 264,187,286,200,0,0.001097
/home/dysjin/data/CARLA.v20-carla_v20.coco/valid/Town05_005760_png.rf.a5aa9e8688171e7bfb57f36e4a648f69.jpg 305,186,330,201,6,0.837684 327,188,342,205,0,0.016529 266,176,284,189,0,0.007772 256,176,274,188,0,0.007074 258,168,273,183,6,0.004515 95,186,118,204,1,0.003249 330,178,341,198,0,0.002873 354,165,369,178,3,0.002037 242,176,263,188,6,0.001928 268,167,284,185,6,0.001465 307,195,327,211,6,0.001412 275,169,334,207,6,0.001263
/home/dysjin/data/CARLA.v20-carla_v20.coco/valid/075705_png.rf.9f5447b468e0280dc956a534954f8a5e.jpg 166,240,262,302,6,0.943617 309,243,351,274,6,0.901843 0,249,184,422,6,0.606486 235,241,268,275,6,0.233956 214,240,268,293,6,0.050575 349,260,380,274,6,0.011125 281,238,302,253,6,0.009649 24,84,222,229,6,0.007250 445,455,502,480,6,0.006272 162,258,225,307,6,0.006219 251,247,269,269,6,0.005492 0,254,376,428,6,0.004565 291,239,312,256,6,0.002507 358,253,385,284,6,0.001581
/home/dysjin/data/CARLA.v20-carla_v20.coco/valid/Town02_006840_png.rf.a4a970c10202604d1dd8c41fe9097525.jpg 576,173,640,221,6,0.466845 564,174,585,197,6,0.049052 2,189,26,228,6,0.031046 0,167,13,198,3,0.029360 344,187,359,209,0,0.027383 127,192,182,221,6,0.021770 0,167,15,221,6,0.015765 0,193,19,246,6,0.011889 3,176,25,218,6,0.009255 555,171,613,205,6,0.007366 342,194,360,215,1,0.006355 0,163,27,294,2,0.005451 203,190,228,205,6,0.004607 527,175,545,193,6,0.004402 477,179,544,213,6,0.003683 193,189,215,204,6,0.003430 527,186,546,205,6,0.003202 390,180,463,208,6,0.002733 570,177,590,197,0,0.002409 141,171,179,283,1,0.001844 0,143,14,203,3,0.001764 187,187,242,210,6,0.001733 106,186,155,229,6,0.001469 555,174,573,192,6,0.001350 46,193,121,254,6,0.001346 0,146,24,270,2,0.001209 85,179,134,276,6,0.001089 112,173,157,280,1,0.001084
/home/dysjin/data/CARLA.v20-carla_v20.coco/valid/Town02_002640_png.rf.ac6bee6a9e4c4b2a1e149670c97196c1.jpg 296,186,376,247,6,0.839651 256,192,298,217,6,0.530551 392,174,408,189,3,0.408909 299,186,325,205,6,0.016100 296,178,355,218,6,0.014319 289,186,312,205,6,0.005636 268,180,291,198,6,0.003089 334,174,364,243,6,0.001892 24,191,84,228,6,0.001211 258,195,279,212,6,0.001163 469,179,545,233,6,0.001138
/home/dysjin/data/CARLA.v20-carla_v20.coco/valid/007096_png.rf.a26873f70f1467f54f0fd09ea8c1731b.jpg 536,166,634,244,5,0.882542 289,241,336,277,6,0.009615 517,169,640,266,4,0.003993
/home/dysjin/data/CARLA.v20-carla_v20.coco/valid/041683_png.rf.abc13a183255cbb5f9aeca7d55d8b4c0.jpg 298,233,339,325,0,0.674453 445,455,504,480,6,0.002036
/home/dysjin/data/CARLA.v20-carla_v20.coco/valid/041699_png.rf.a4a6f7fb7672ac47b317ec4fe3e21c97.jpg 299,231,337,316,0,0.607683 457,454,513,480,6,0.001178
/home/dysjin/data/CARLA.v20-carla_v20.coco/valid/Town02_006480_png.rf.aec43468267a9993201d034f7031ee5c.jpg 350,174,366,187,3,0.107352 217,186,241,205,1,0.004303 366,165,380,180,3,0.003513 195,185,213,205,1,0.003303 346,167,358,184,3,0.002699 187,180,245,210,6,0.002130 349,161,375,189,3,0.001586 195,197,213,213,1,0.001520 353,185,370,200,3,0.001029
/home/dysjin/data/CARLA.v20-carla_v20.coco/valid/Town02_003060_png.rf.b28380c7e6ad26a4ccdfda39d4db7f85.jpg 578,192,640,224,6,0.238043 607,199,638,237,6,0.080508 551,182,618,221,6,0.066172 0,195,14,218,6,0.003347 535,191,589,227,6,0.002490 625,199,638,261,6,0.001893 626,186,640,210,6,0.001426 594,199,628,218,6,0.001395 550,178,575,225,6,0.001131 610,161,640,251,6,0.001101
/home/dysjin/data/CARLA.v20-carla_v20.coco/valid/Town01_009120_png.rf.b3886317404f3c307752dac4625c4b0e.jpg 309,183,334,216,6,0.517169 372,197,399,216,1,0.022631 333,191,395,220,6,0.004089 367,193,429,220,6,0.003073 366,188,388,211,1,0.002437 177,201,206,215,1,0.001817 314,177,338,200,6,0.001666 326,188,342,208,0,0.001561 328,178,344,197,6,0.001193 339,188,364,205,6,0.001157 0,231,11,257,6,0.001069 0,204,58,240,6,0.001018
/home/dysjin/data/CARLA.v20-carla_v20.coco/valid/051305_png.rf.af3e2dc55ae45fc793f7f25eb6fdf7b4.jpg 427,207,465,244,3,0.849421 156,0,258,114,0,0.001449
/home/dysjin/data/CARLA.v20-carla_v20.coco/valid/007291_png.rf.b33e9d647d42777054dfb5f46d23bbad.jpg 382,221,402,235,3,0.900199 268,244,335,278,6,0.004817 169,219,208,338,2,0.001971 46,245,121,306,6,0.001495 111,224,155,333,2,0.001257
/home/dysjin/data/CARLA.v20-carla_v20.coco/valid/Town05_005820_png.rf.abc3e70595852b4f2320e8b55c805a27.jpg 307,182,339,221,6,0.686143 314,181,340,198,6,0.003003 395,199,408,219,0,0.001869 255,175,271,189,0,0.001853 344,173,356,192,3,0.001830 355,174,368,189,3,0.001472 345,161,356,182,3,0.001188 340,186,357,204,0,0.001173
/home/dysjin/data/CARLA.v20-carla_v20.coco/valid/Town05_006960_png.rf.9d31f2ffd8a1d723122d28555c0e3321.jpg 283,185,298,210,0,0.495905 608,234,640,359,3,0.019089 615,188,640,318,0,0.002662 17,226,218,355,6,0.002076
/home/dysjin/data/CARLA.v20-carla_v20.coco/valid/Town02_009720_png.rf.b20474373a38fe973889a895d5aba03e.jpg 268,191,283,208,0,0.357501 298,196,349,259,6,0.350942 191,177,212,190,4,0.099939 350,202,371,219,6,0.089890 261,191,277,208,6,0.008112 342,200,360,217,6,0.007700 337,197,387,224,6,0.002817 612,171,634,191,3,0.002650 50,0,109,30,6,0.002405 363,203,383,220,6,0.001733 625,170,640,193,6,0.001621 189,173,217,193,3,0.001034
/home/dysjin/data/CARLA.v20-carla_v20.coco/valid/Town01_002220_png.rf.9b6e376c042a4b43cdf2a33f00250d62.jpg 209,194,434,365,6,0.707500 280,184,328,209,6,0.095223 596,204,640,244,6,0.013517 64,177,567,380,6,0.006046 299,187,328,204,1,0.004287 624,208,640,233,6,0.003981 4,212,28,228,6,0.003170 0,208,14,231,6,0.003028 180,188,200,203,1,0.002921 0,198,15,220,6,0.002847 253,183,275,201,0,0.001383 172,28,381,174,6,0.001222 366,180,386,233,0,0.001149 540,201,625,257,6,0.001132 369,184,383,208,0,0.001016
/home/dysjin/data/CARLA.v20-carla_v20.coco/valid/Town01_003900_png.rf.b43a572a2d61a01bb389880cf86179de.jpg 213,184,435,378,6,0.720768 405,181,422,229,2,0.011831 0,188,38,226,6,0.010910 31,170,600,380,6,0.007785 108,184,127,201,0,0.003326 219,187,236,208,0,0.003158 326,189,355,203,6,0.002659 226,31,418,180,6,0.002008 0,193,17,221,6,0.001897 315,184,368,209,6,0.001826 108,176,126,193,0,0.001590 27,155,101,211,6,0.001571 274,182,329,211,6,0.001499 544,150,582,255,2,0.001345 0,180,58,214,6,0.001225 123,231,494,257,6,0.001112
/home/dysjin/data/CARLA.v20-carla_v20.coco/valid/029067_png.rf.b686edaf28a0971571945f7b069613d5.jpg 541,219,588,353,2,0.907198 394,232,406,259,2,0.002987 114,232,156,327,2,0.002305 86,231,130,329,2,0.001847 506,221,629,334,2,0.001651 61,231,108,327,2,0.001586 133,233,180,324,2,0.001559 159,232,204,326,2,0.001296 267,240,287,254,6,0.001245 189,230,229,328,2,0.001018
/home/dysjin/data/CARLA.v20-carla_v20.coco/valid/Town02_004200_png.rf.b4d2f32e1287253b4f35bf521927be39.jpg 266,185,294,205,6,0.800839 377,190,397,205,6,0.020395 292,179,308,197,6,0.004654 303,177,323,193,6,0.003916 289,186,307,203,0,0.003451 279,179,298,200,6,0.003207 245,169,293,206,6,0.001932 305,187,325,200,6,0.001362 258,176,281,196,6,0.001354 356,187,374,203,6,0.001085
/home/dysjin/data/CARLA.v20-carla_v20.coco/valid/Town02_002100_png.rf.b49da10e2c41ab65d4c132e46f15d3e3.jpg 296,189,341,295,1,0.745660 0,185,17,211,6,0.483425 270,188,290,201,6,0.476461 4,186,22,210,1,0.028816 0,162,17,214,6,0.013096 277,179,294,198,6,0.011015 310,185,336,257,1,0.010275 0,190,13,243,6,0.009613 308,188,324,208,6,0.007145 20,188,39,205,6,0.007069 161,184,215,211,6,0.006534 0,188,26,222,6,0.003912 0,185,62,208,6,0.003154 309,180,334,242,0,0.002769 58,186,76,204,1,0.002399 3,181,23,216,0,0.002104 188,187,216,205,1,0.001603 47,186,69,203,1,0.001409 31,187,56,202,1,0.001306 173,199,208,212,6,0.001273 106,175,125,189,3,0.001142 2,155,33,255,2,0.001103 118,175,136,189,3,0.001014
/home/dysjin/data/CARLA.v20-carla_v20.coco/valid/003752_png.rf.bb0716bc5b93fa8b10f41577e20a2f35.jpg 393,217,424,240,4,0.848870 303,239,327,253,6,0.269963 195,225,213,240,5,0.016629 281,228,299,243,6,0.001260 421,214,445,227,4,0.001252
/home/dysjin/data/CARLA.v20-carla_v20.coco/valid/138327_png.rf.b4aecc174d58e25a6e680c2468864172.jpg 22,240,44,297,2,0.808725 13,220,51,316,2,0.145149 11,235,35,305,2,0.019367 0,229,16,313,2,0.016976 233,235,250,253,2,0.005457 542,240,595,280,6,0.001243
/home/dysjin/data/CARLA.v20-carla_v20.coco/valid/Town05_009600_png.rf.b886b3525f44da0ae66796230d91b958.jpg 374,187,423,211,6,0.855493 463,189,504,215,6,0.746164 98,188,231,236,6,0.653774 581,179,637,210,6,0.573886 97,202,160,240,6,0.386737 528,187,543,199,6,0.156237 149,182,209,220,6,0.008780 398,186,421,207,0,0.007540 414,179,434,194,6,0.005362 437,185,465,200,6,0.004249 582,187,612,205,6,0.003319 412,186,431,200,0,0.003279 536,186,554,201,0,0.002769 549,180,570,195,6,0.002727 420,182,477,208,6,0.002504 561,180,584,194,6,0.001945 543,182,607,206,6,0.001836 626,171,640,196,6,0.001699 425,179,447,191,6,0.001443 0,220,11,245,0,0.001319 188,191,218,230,6,0.001186
/home/dysjin/data/CARLA.v20-carla_v20.coco/valid/Town01_002340_png.rf.b8976b6d8f366e29aeb47fb3b3146b33.jpg 209,195,433,365,6,0.708266 276,184,331,210,6,0.088877 597,205,640,243,6,0.018347 277,188,299,203,6,0.008471 66,179,565,380,6,0.006011 624,208,640,234,6,0.004531 0,208,14,231,6,0.003487 0,198,15,220,6,0.003343 180,188,200,203,1,0.003071 300,187,328,204,1,0.002856 4,212,27,228,6,0.002542 366,180,385,233,0,0.001633 369,184,383,208,0,0.001314 172,28,381,174,6,0.001205
/home/dysjin/data/CARLA.v20-carla_v20.coco/valid/Town05_009780_png.rf.c3069a0d7ec82f2e1960c0497cec36fe.jpg 283,193,364,267,6,0.800052 424,202,473,243,6,0.002009 21,221,220,346,6,0.001423 44,14,230,174,6,0.001237
/home/dysjin/data/CARLA.v20-carla_v20.coco/valid/Town05_002700_png.rf.b9dfa75f628efa31633800bb9dfee796.jpg 359,181,393,196,6,0.267088 341,178,357,192,0,0.034458 331,177,348,188,6,0.016710 0,195,16,216,6,0.004876 354,179,375,195,0,0.003141 389,177,409,192,0,0.002625 254,188,276,201,0,0.002257 0,173,16,226,6,0.002130 335,175,398,200,6,0.001269 318,177,339,189,6,0.001128 366,169,390,184,6,0.001122
/home/dysjin/data/CARLA.v20-carla_v20.coco/valid/005173_png.rf.c24ac196d86260d3a384e12093bfa5ef.jpg 469,179,537,254,5,0.541520 160,221,206,327,2,0.001188
/home/dysjin/data/CARLA.v20-carla_v20.coco/valid/Town01_005820_png.rf.c9053a957ff7561268673aaec9e095f0.jpg 298,184,348,326,1,0.746296 177,206,206,219,6,0.100029 175,200,228,220,6,0.014247 341,175,363,190,6,0.001810 172,202,193,218,1,0.001743 627,236,640,255,6,0.001743 303,184,328,203,6,0.001624 201,200,226,215,0,0.001527 314,176,335,195,6,0.001465 121,197,138,216,1,0.001432 385,182,437,216,6,0.001077 168,209,193,224,1,0.001002
/home/dysjin/data/CARLA.v20-carla_v20.coco/valid/Town01_011580_png.rf.c8aa9ea674a7d69974d55bf63b55ddbf.jpg 260,189,294,207,6,0.655850 469,199,521,240,6,0.313154 582,179,639,215,6,0.096635 55,185,81,231,1,0.012809 416,199,437,212,1,0.009938 553,185,571,208,6,0.009327 9,181,72,213,6,0.009230 215,188,241,201,6,0.006297 481,202,515,221,6,0.006048 387,188,406,205,0,0.005573 422,199,443,214,0,0.004776 380,188,401,204,1,0.004385 501,178,520,191,3,0.004347 315,177,337,195,6,0.004288 627,191,640,223,6,0.003427 605,167,640,204,6,0.003105 1,192,62,225,6,0.002606 554,178,569,195,6,0.002235 382,183,444,212,6,0.002176 24,190,86,226,6,0.002053 265,179,293,199,6,0.001875 273,188,296,208,0,0.001758 626,172,639,198,6,0.001698 558,186,582,226,6,0.001354 613,155,640,251,6,0.001332 0,171,63,201,6,0.001288 484,189,513,207,6,0.001235 595,186,628,205,6,0.001143 489,177,513,193,6,0.001122
/home/dysjin/data/CARLA.v20-carla_v20.coco/valid/Town01_007440_png.rf.bed11eeb1dde416bf8789b24a8a5c0f8.jpg 547,164,640,224,6,0.759950 260,194,277,215,1,0.105888 528,177,550,217,6,0.030006 262,189,282,210,0,0.017479 258,185,278,215,6,0.005846 0,221,14,241,6,0.002255 512,178,536,192,6,0.001930 623,179,639,236,6,0.001790 215,200,240,214,6,0.001232 0,210,15,234,6,0.001059
/home/dysjin/data/CARLA.v20-carla_v20.coco/valid/Town05_011760_png.rf.c548e0a947d80bc036151e4db99afcfa.jpg 309,185,323,203,0,0.603364 18,205,192,329,6,0.530620 24,31,215,176,6,0.009751 139,201,297,308,6,0.003046 304,190,325,216,0,0.002451 129,28,316,174,6,0.002370 11,96,166,298,6,0.001973 0,228,366,355,6,0.001920 325,189,344,203,0,0.001883 276,0,490,147,6,0.001834 266,178,286,192,6,0.001622 314,215,396,283,6,0.001482 257,177,273,191,0,0.001182 176,0,393,159,6,0.001082 0,209,492,278,6,0.001035
/home/dysjin/data/CARLA.v20-carla_v20.coco/valid/075708_png.rf.c1818fa586a2b613b2806f928a933d9d.jpg 166,239,260,301,6,0.941492 308,243,350,274,6,0.890283 0,245,182,423,6,0.566395 234,240,267,275,6,0.314996 214,239,269,292,6,0.026015 445,453,503,480,6,0.023806 281,239,302,252,6,0.013392 26,85,223,229,6,0.007504 350,260,380,274,6,0.006272 291,239,312,255,6,0.005416 0,251,385,431,6,0.004487 162,259,226,307,6,0.002537 2,252,61,295,6,0.001770 250,247,269,270,6,0.001534 0,123,207,281,6,0.001394 360,253,385,284,6,0.001299 601,237,620,251,6,0.001109
/home/dysjin/data/CARLA.v20-carla_v20.coco/valid/Town05_009900_png.rf.c90bd5781f975f44de47fd794a1f9ac6.jpg 343,191,437,251,6,0.872859 412,182,435,234,0,0.116178 329,189,346,202,0,0.057411 414,185,431,209,0,0.010027 318,189,338,200,6,0.006751 403,175,423,193,3,0.001644 400,176,430,216,0,0.001522 316,180,338,195,6,0.001361 338,188,357,203,0,0.001011
/home/dysjin/data/CARLA.v20-carla_v20.coco/valid/Town05_009660_png.rf.cc2e0d6a11c64dbe092a6e9321c6a170.jpg 239,200,410,335,6,0.818170 408,184,470,213,6,0.726429 343,187,356,204,0,0.100730 625,183,639,209,6,0.046400 613,177,635,196,6,0.022110 341,184,365,230,0,0.012750 369,178,381,191,3,0.010550 207,189,227,201,0,0.006479 217,186,233,202,0,0.005811 378,186,394,200,0,0.005606 379,177,393,191,3,0.004286 628,189,640,223,1,0.004115 431,196,468,212,6,0.004002 255,178,272,190,6,0.003770 353,179,371,191,6,0.003586 611,185,639,227,6,0.003171 284,190,341,227,6,0.002293 219,33,401,180,6,0.001784 140,241,490,342,6,0.001580 369,186,384,200,0,0.001512 332,186,351,202,6,0.001491 72,209,555,277,6,0.001310 629,184,640,252,6,0.001234
/home/dysjin/data/CARLA.v20-carla_v20.coco/valid/003769_png.rf.c5c0c17fa97551316c57744e9608f796.jpg 497,188,549,247,5,0.261439 496,186,551,247,4,0.119621 303,239,326,255,6,0.043150 312,238,333,258,1,0.001784 291,237,316,252,6,0.001017
/home/dysjin/data/CARLA.v20-carla_v20.coco/valid/121197_png.rf.c99e70822c663f40252f74e6b2ad5094.jpg 244,260,400,378,6,0.789973 175,242,207,253,6,0.009408 175,237,229,259,6,0.003111 217,118,418,275,6,0.003047 253,236,279,253,1,0.002009 243,236,266,254,1,0.001955 189,242,218,255,6,0.001727 313,237,332,256,0,0.001195 151,236,210,259,6,0.001124
/home/dysjin/data/CARLA.v20-carla_v20.coco/valid/004966_png.rf.c9d8d72d0920460b612251c5fddc5770.jpg 429,204,465,244,4,0.643225 426,191,475,250,5,0.005009 588,227,637,263,6,0.002168 316,224,335,242,6,0.002121 487,190,510,203,4,0.001835 304,225,323,242,6,0.001103 461,202,478,215,4,0.001032
/home/dysjin/data/CARLA.v20-carla_v20.coco/valid/Town01_006240_png.rf.cc5628eb556a5a5bd1824a8d19313b41.jpg 311,193,331,216,1,0.311894 312,189,331,213,0,0.191792 0,184,13,254,2,0.033258 607,197,640,243,6,0.018145 625,175,639,243,6,0.011327 295,188,316,203,6,0.009824 614,164,640,280,6,0.008058 626,162,640,183,6,0.005887 294,189,338,213,6,0.004803 306,180,327,198,6,0.002913 295,178,316,195,6,0.002553 0,214,12,245,6,0.002509 0,177,13,242,6,0.002481 0,173,28,284,2,0.002227 6,189,29,206,6,0.001927 0,196,44,240,6,0.001914 609,161,639,210,6,0.001703 626,150,640,174,4,0.001527 388,175,412,188,6,0.001470 17,203,65,236,6,0.001164
/home/dysjin/data/CARLA.v20-carla_v20.coco/valid/001638_png.rf.c98e4c5bc2a68de358073a26469c81b2.jpg 420,205,454,243,3,0.722323 155,225,174,240,3,0.052698 434,210,453,231,3,0.002590 598,237,623,253,6,0.001638 420,206,438,231,3,0.001269
/home/dysjin/data/CARLA.v20-carla_v20.coco/valid/051274_png.rf.d5f64278c64b556983082379a316485f.jpg 565,165,639,242,5,0.583861 559,159,640,246,4,0.502464 359,228,373,241,3,0.010204
/home/dysjin/data/CARLA.v20-carla_v20.coco/valid/Town01_001440_png.rf.e4b4351effd31d5b433710cffb8243e4.jpg 383,174,401,190,3,0.885514 1,199,31,241,6,0.114814 0,182,40,214,6,0.009776 0,194,17,220,6,0.005480 388,138,409,185,3,0.003675 0,172,17,223,6,0.002421 19,187,39,206,0,0.002227 110,194,172,224,6,0.001690 0,203,18,234,6,0.001396 0,191,58,226,6,0.001252 230,186,250,202,0,0.001142
/home/dysjin/data/CARLA.v20-carla_v20.coco/valid/019121_png.rf.deb86464dd224ac85f75272f851fc0a8.jpg 506,235,566,259,6,0.589062 543,237,576,253,6,0.280435 395,245,412,292,2,0.113030 498,241,527,254,6,0.010331 489,236,536,260,6,0.002573 195,235,209,258,2,0.002329 505,247,537,262,6,0.001255 135,228,181,327,2,0.001175 164,225,205,330,2,0.001119 389,227,424,321,2,0.001110 288,238,339,278,6,0.001002
/home/dysjin/data/CARLA.v20-carla_v20.coco/valid/041811_png.rf.e8d4c17844854d24f9b2bec66a8a8889.jpg 44,226,69,238,4,0.792002 0,235,13,301,2,0.032140 3,235,26,258,6,0.028022 0,229,39,264,6,0.015114 0,241,60,270,6,0.009722 0,227,15,289,6,0.008840 0,220,18,272,6,0.006900 4,199,31,312,2,0.005913 230,202,244,215,4,0.004246 0,220,15,246,6,0.003762 0,211,14,233,6,0.002366 37,215,58,230,4,0.002035 252,452,329,480,6,0.001728 95,202,109,216,4,0.001537 446,455,499,480,6,0.001338 3,245,27,267,6,0.001304 97,214,110,228,4,0.001299 2,220,28,331,2,0.001297 7,223,23,244,6,0.001295 66,225,88,240,4,0.001140 22,214,44,227,4,0.001095 8,215,26,230,4,0.001072 21,238,40,256,6,0.001046
/home/dysjin/data/CARLA.v20-carla_v20.coco/valid/041657_png.rf.e06a4a0ae870ee5d8dbe97fc65b5b666.jpg 298,232,340,318,0,0.516827
/home/dysjin/data/CARLA.v20-carla_v20.coco/valid/001519_png.rf.e42bb854e84b40164ed2795569b2eb6f.jpg 570,221,588,238,3,0.775722 339,237,357,254,1,0.027681 569,232,584,250,3,0.011392 609,216,639,255,6,0.006193 490,229,530,336,2,0.005862 166,241,194,253,6,0.004806 627,230,639,260,6,0.004685 341,229,357,247,3,0.003829 300,239,324,254,1,0.003660 218,239,242,252,6,0.003423 165,233,213,260,6,0.002828 444,453,499,480,6,0.002605 277,239,302,253,1,0.001540 129,454,184,480,6,0.001508 602,235,620,252,6,0.001369 88,224,133,336,2,0.001236 63,227,110,334,2,0.001146
/home/dysjin/data/CARLA.v20-carla_v20.coco/valid/Town02_005280_png.rf.ec981f5d8aec80a53ec1f9961c2321af.jpg 50,193,110,220,6,0.739648 94,199,136,224,6,0.396893 155,194,215,264,1,0.145789 0,185,59,212,6,0.041848 0,195,15,220,6,0.037182 16,189,47,205,6,0.004711 22,196,94,223,6,0.004286 0,207,14,226,6,0.003362 627,218,640,246,6,0.001525 0,175,16,226,6,0.001484 185,189,212,256,0,0.001236 112,199,136,221,1,0.001158 148,205,213,274,0,0.001155
/home/dysjin/data/CARLA.v20-carla_v20.coco/valid/001509_png.rf.ed3baed466e7f65c1a01fb57bf942b65.jpg 570,221,588,239,3,0.739751 339,237,358,253,1,0.020126 569,232,584,250,3,0.014915 490,228,530,336,2,0.009617 610,234,635,254,6,0.005223 166,241,193,253,6,0.004801 341,229,357,247,3,0.004783 300,239,324,253,1,0.004513 627,231,639,259,6,0.003794 503,250,520,312,2,0.002422 443,454,500,480,6,0.002167 602,236,620,251,6,0.002124 155,234,201,260,6,0.001661 129,453,184,480,6,0.001467 95,250,115,265,6,0.001139 88,224,133,336,2,0.001109 63,227,110,334,2,0.001006
/home/dysjin/data/CARLA.v20-carla_v20.coco/valid/033890_png.rf.e368755037cdc345b45b625d64db27a1.jpg 238,245,413,366,6,0.763780 593,219,635,335,2,0.628281 625,231,640,315,2,0.055515 83,256,100,278,2,0.023705 611,233,630,312,2,0.012498 1,238,13,301,2,0.011844 132,238,146,251,2,0.009853 0,247,13,313,2,0.003234 589,232,607,304,2,0.003178 305,241,374,274,6,0.002598 230,78,422,230,6,0.001732 563,210,640,340,2,0.001712 117,227,154,329,2,0.001711 599,242,622,319,2,0.001456 131,245,146,262,2,0.001181 254,239,277,254,1,0.001127 37,263,589,324,6,0.001110 169,240,188,252,6,0.001106 4,252,27,290,2,0.001066 91,257,110,278,2,0.001053 157,240,177,253,6,0.001027
/home/dysjin/data/CARLA.v20-carla_v20.coco/valid/075724_png.rf.e0c3e9a2b7f318c71e76ccdcb0dda6a1.jpg 293,244,333,270,6,0.914562 67,249,205,332,6,0.627973 0,247,74,457,6,0.480736 192,238,244,283,6,0.369181 609,235,633,253,6,0.058689 127,241,234,311,6,0.048157 225,236,246,285,6,0.022561 212,246,243,285,1,0.014768 269,240,290,254,6,0.011765 280,239,302,257,6,0.008681 28,82,218,228,6,0.008218 0,268,74,347,6,0.005441 147,248,206,291,6,0.003728 624,234,639,257,6,0.003018 49,236,211,427,6,0.003006 0,239,179,356,6,0.002891 0,260,37,305,6,0.002603 226,254,246,279,1,0.002464 293,241,316,261,6,0.001244 15,200,223,322,6,0.001239 614,225,631,248,4,0.001001
/home/dysjin/data/CARLA.v20-carla_v20.coco/valid/112477_png.rf.ecf5d82849f8b68362ce65c8d2645a1c.jpg 340,237,361,296,2,0.870373 586,234,633,256,6,0.031146 163,227,205,331,2,0.001109
/home/dysjin/data/CARLA.v20-carla_v20.coco/valid/Town02_001980_png.rf.ee7206fcf98c96c61f2900b25e79ce20.jpg 294,181,343,328,1,0.818843 161,188,178,222,1,0.606326 41,182,70,216,6,0.175634 164,192,182,220,0,0.126351 0,188,61,225,6,0.120925 160,183,216,211,6,0.014156 0,181,32,218,6,0.008777 0,169,16,225,6,0.007833 47,178,68,196,6,0.006064 56,185,72,211,1,0.005847 54,196,74,216,1,0.004114 173,188,203,204,6,0.003942 145,183,190,219,1,0.003746 189,187,215,203,1,0.002470 76,169,135,198,6,0.002248 56,176,72,196,3,0.002200 118,175,136,190,3,0.002024 281,176,299,192,6,0.001809 30,195,61,214,6,0.001784 105,175,127,189,3,0.001505 91,175,120,191,6,0.001467 147,186,169,207,6,0.001329
/home/dysjin/data/CARLA.v20-carla_v20.coco/valid/026829_png.rf.e6f26e62f316568466a95ba7fd18d850.jpg 373,222,392,237,3,0.936481 0,220,16,296,2,0.047673 3,230,27,289,2,0.045900 0,213,30,332,2,0.029570 6,215,59,328,2,0.001732 0,247,11,288,2,0.001436 43,228,69,264,6,0.001180 629,252,640,319,6,0.001155 35,214,87,305,2,0.001144 0,245,12,314,2,0.001116
/home/dysjin/data/CARLA.v20-carla_v20.coco/valid/007076_png.rf.d635d979c35f5dd6da756ef9889aef0b.jpg 393,217,421,240,5,0.875725 192,224,211,240,4,0.001827 602,114,640,241,2,0.001387
/home/dysjin/data/CARLA.v20-carla_v20.coco/valid/112475_png.rf.df928fa484eb08e1454caacc1e194352.jpg 335,233,358,294,2,0.726524 585,235,635,257,6,0.019545 325,206,362,315,2,0.001675 163,228,205,330,2,0.001117
/home/dysjin/data/CARLA.v20-carla_v20.coco/valid/Town02_006960_png.rf.eedfb90c1deb0d66a31341acd2e08f4f.jpg 0,178,32,211,6,0.684038 147,162,168,180,3,0.570730 575,182,640,242,6,0.185583 149,163,173,181,6,0.023733 601,177,640,219,6,0.011364 141,159,189,185,6,0.007520 168,175,187,193,6,0.004231 0,193,18,216,6,0.002602 1,159,20,216,6,0.002296 433,0,629,13,6,0.002293 146,173,169,239,1,0.002292 147,164,167,226,0,0.001529 153,170,173,191,6,0.001399 623,164,636,229,6,0.001276 482,182,524,274,1,0.001020
/home/dysjin/data/CARLA.v20-carla_v20.coco/valid/Town05_010860_png.rf.f31c0584fff1474ad2b0f4132e874f7d.jpg 1,182,57,218,6,0.761943 307,174,329,249,0,0.291773 0,191,13,218,1,0.007953 12,196,52,213,6,0.003082 293,189,342,235,1,0.001448 0,204,12,232,6,0.001093
/home/dysjin/data/CARLA.v20-carla_v20.coco/valid/Town05_004800_png.rf.ee7c080c8716cb366969ca625bb6d68b.jpg 237,185,270,201,6,0.552622 344,184,360,200,0,0.189981 216,171,270,207,6,0.016877 213,186,241,200,6,0.006934 265,188,281,205,0,0.005107 346,179,360,200,6,0.004228 183,188,201,201,6,0.004061 352,180,368,197,6,0.001347 393,177,408,190,3,0.001324 205,186,227,199,6,0.001098 572,0,628,28,6,0.001033 629,173,640,197,6,0.001010
/home/dysjin/data/CARLA.v20-carla_v20.coco/valid/Town05_009840_png.rf.f5040ce45ecca2822cb3b1b4ea8a6f61.jpg 288,190,378,253,6,0.928381 268,189,285,201,6,0.004114 348,185,374,232,0,0.003266 409,234,630,357,6,0.002966 279,189,298,202,6,0.001462 303,187,322,206,0,0.001350
/home/dysjin/data/CARLA.v20-carla_v20.coco/valid/041861_png.rf.f5f3812ca6c536c5c25bea3d596be111.jpg 87,244,235,308,6,0.878765 396,212,428,232,4,0.412431 302,230,327,296,0,0.355769 353,217,367,230,4,0.093893 394,204,413,219,4,0.020275 344,224,359,236,4,0.006497 98,262,159,306,6,0.005424 154,231,253,293,6,0.003913 290,237,338,289,1,0.003853 363,215,380,228,4,0.003622 433,455,487,480,6,0.001440 409,219,429,239,4,0.001436 450,460,473,479,1,0.001380 214,228,238,284,6,0.001376 307,239,323,284,1,0.001247 134,260,196,309,6,0.001156 364,225,378,237,4,0.001101
/home/dysjin/data/CARLA.v20-carla_v20.coco/valid/Town02_003120_png.rf.f36fecf8d2ee4965c1f3bddaaaad5f33.jpg 417,186,483,222,6,0.527331 606,183,640,213,6,0.215287 396,190,454,226,6,0.016596 610,193,638,242,6,0.014360 618,171,640,274,6,0.004720 0,195,14,217,6,0.004633 623,190,638,222,6,0.002868 567,184,630,213,6,0.002619 458,189,489,225,6,0.002501 626,197,640,266,6,0.001171
/home/dysjin/data/CARLA.v20-carla_v20.coco/valid/003755_png.rf.f6343810071c5f5401b5697ef363285d.jpg 410,214,435,240,4,0.890839 304,240,326,253,6,0.164281 192,225,211,240,4,0.007965
/home/dysjin/data/CARLA.v20-carla_v20.coco/valid/Town01_003300_png.rf.fae28071a74fa02928094ff14cdbb3aa.jpg 264,198,367,269,6,0.873469 163,182,221,218,6,0.104488 278,191,298,212,6,0.031429 184,198,224,212,6,0.011886 276,193,300,217,1,0.005716 280,191,346,229,6,0.004179 85,186,101,210,2,0.003063 85,197,103,215,1,0.002855 58,188,79,204,6,0.002089 162,198,195,213,1,0.001952 267,191,310,222,6,0.001100
/home/dysjin/data/CARLA.v20-carla_v20.coco/valid/138255_png.rf.fbf65e3e930393318a8312fdaefcae24.jpg 61,238,81,289,2,0.862560 2,232,13,312,2,0.035081 53,238,69,297,2,0.007389 52,226,87,313,2,0.005851 0,261,11,300,2,0.001991 0,228,30,329,2,0.001551 436,228,490,263,6,0.001220 4,249,29,296,2,0.001206 59,254,78,301,2,0.001056 351,249,373,264,6,0.001003
/home/dysjin/data/CARLA.v20-carla_v20.coco/valid/005373_png.rf.f68e0e113c5193c933cbee38c6a6bc2d.jpg 156,234,170,265,2,0.598168 147,232,162,266,2,0.372507 138,229,154,270,2,0.101193 1,252,13,285,2,0.077190 2,225,14,297,2,0.028500 166,242,180,269,2,0.007227 147,219,186,322,2,0.007172 162,222,199,328,2,0.006660 166,236,180,260,2,0.006609 0,266,14,291,6,0.001851 1,222,28,334,2,0.001610 6,257,22,283,2,0.001526 253,239,278,253,6,0.001041
/home/dysjin/data/CARLA.v20-carla_v20.coco/valid/001630_png.rf.ff5ced110f03f998a7a6998ddf647fd2.jpg 410,208,437,244,3,0.710282 168,223,186,239,3,0.007156 407,219,427,238,3,0.005251 44,231,95,262,6,0.001649
/home/dysjin/data/CARLA.v20-carla_v20.coco/valid/006662_png.rf.fa42143249c7b6a780238796639341d3.jpg 467,221,507,318,2,0.508534 0,199,28,315,2,0.002827 413,227,451,323,2,0.001781 276,247,297,264,0,0.001332
/home/dysjin/data/CARLA.v20-carla_v20.coco/valid/Town05_004860_png.rf.f5c138159cbce172c63fa9a736f9c655.jpg 236,185,270,202,6,0.502839 344,184,360,200,0,0.150234 215,171,270,208,6,0.014292 213,186,242,200,6,0.007595 183,189,201,201,6,0.004878 345,179,360,200,6,0.003996 265,189,281,205,0,0.003549 352,179,368,197,6,0.001441 628,173,640,197,6,0.001204 205,186,227,199,6,0.001103 134,187,148,204,3,0.001054
/home/dysjin/data/CARLA.v20-carla_v20.coco/valid/Town01_008460_png.rf.03f3160d63f090b29499596ec3c8c4b5.jpg 22,189,153,250,6,0.941957 559,188,633,221,6,0.560331 534,192,587,223,6,0.095579 0,196,41,225,6,0.060246 423,196,475,222,6,0.033704 1,198,82,255,6,0.017640 628,174,640,197,6,0.006259 627,178,639,238,6,0.003243 0,179,160,305,6,0.002914 545,198,575,219,1,0.002842 0,209,43,254,6,0.001990 540,180,562,221,6,0.001838 513,187,531,203,6,0.001467 469,183,529,213,6,0.001328 590,189,626,203,6,0.001221 84,200,149,242,6,0.001076 543,179,558,196,6,0.001065
/home/dysjin/data/CARLA.v20-carla_v20.coco/valid/005508_png.rf.0ab3da1b4970047c9b42e5bbe5d4e6f1.jpg 37,237,56,283,2,0.914932 97,237,121,307,2,0.259603 24,211,60,310,2,0.004361 0,245,41,291,6,0.003294 70,224,123,319,2,0.002982 106,245,127,312,2,0.002657 101,242,156,275,6,0.002331 468,239,530,283,6,0.001877 33,224,77,323,2,0.001601 229,236,250,279,2,0.001098
/home/dysjin/data/CARLA.v20-carla_v20.coco/valid/Town01_006180_png.rf.089d25ecaf49fe28c7f3bf0c3614732b.jpg 309,191,327,217,1,0.592959 312,188,330,213,0,0.069786 308,185,327,217,6,0.039383 355,178,371,188,3,0.027031 0,203,61,235,6,0.012111 1,194,17,249,6,0.009346 30,200,57,213,6,0.007827 3,209,28,231,6,0.005401 361,177,383,189,6,0.005299 305,179,328,197,6,0.005126 356,170,423,198,6,0.005097 0,215,15,246,6,0.003630 388,176,417,192,6,0.003141 20,201,43,215,6,0.002166 6,201,28,218,6,0.002155
/home/dysjin/data/CARLA.v20-carla_v20.coco/valid/Town02_008340_png.rf.044a76656e2e2fe428cd425926d9acbe.jpg 156,188,249,246,6,0.834345 550,189,616,221,6,0.827428 268,187,291,197,6,0.101341 245,185,259,202,0,0.016907 626,183,640,209,6,0.009105 279,187,295,201,0,0.007665 608,176,639,218,6,0.004186 254,175,295,202,6,0.003158 170,187,187,208,0,0.002878 257,178,274,195,6,0.001572 277,179,295,199,6,0.001464 551,186,574,209,6,0.001004
/home/dysjin/data/CARLA.v20-carla_v20.coco/valid/075710_png.rf.0b62bb94157d1f2113ac6bbefe158022.jpg 166,239,260,302,6,0.937864 308,242,350,273,6,0.866267 0,246,183,424,6,0.573624 235,240,267,275,6,0.377782 214,238,269,293,6,0.031335 601,237,620,251,6,0.016530 281,239,302,253,6,0.011639 445,455,503,480,6,0.011407 25,85,221,229,6,0.007634 291,239,313,256,6,0.006667 162,259,226,307,6,0.005407 350,260,379,274,6,0.004603 0,251,383,431,6,0.004581 0,123,205,280,6,0.001590 250,247,269,271,6,0.001328 359,253,385,284,6,0.001246
/home/dysjin/data/CARLA.v20-carla_v20.coco/valid/041689_png.rf.0d648fbd58416a80b414e4503d51c42e.jpg 299,232,338,317,0,0.417907 456,454,513,480,6,0.001916
/home/dysjin/data/CARLA.v20-carla_v20.coco/valid/003751_png.rf.0ff9ef7c8c8e4f5eab52437609a3b501.jpg 393,217,421,240,4,0.857380 303,239,326,253,6,0.245066 196,225,213,240,5,0.004938 311,238,333,256,1,0.003986
/home/dysjin/data/CARLA.v20-carla_v20.coco/valid/Town02_008820_png.rf.135414697b8215dc125af6b125d3058c.jpg 273,204,374,346,6,0.762365 504,177,563,214,6,0.688986 141,174,163,191,3,0.100733 524,171,618,224,6,0.070312 385,182,437,210,6,0.062205 386,186,408,201,3,0.038757 425,177,448,194,6,0.017676 0,189,17,251,6,0.016816 224,190,252,202,6,0.014726 220,191,239,204,1,0.010541 340,190,361,203,6,0.009598 178,188,206,200,6,0.008715 484,169,539,201,6,0.004893 384,178,396,194,3,0.004612 495,174,524,192,6,0.004178 398,179,422,196,6,0.003307 304,189,323,201,6,0.003024 351,189,372,205,6,0.002606 268,190,285,201,1,0.002409 164,183,216,208,6,0.002198 413,178,436,193,6,0.002166 133,172,175,197,6,0.001720 21,195,100,255,6,0.001670 393,173,457,201,6,0.001611 81,189,132,228,6,0.001494 437,176,459,192,6,0.001377 214,185,262,209,6,0.001331 329,188,347,205,0,0.001202 382,194,396,215,0,0.001131 4,181,29,237,6,0.001124 256,189,274,203,1,0.001070 0,216,16,244,6,0.001041
/home/dysjin/data/CARLA.v20-carla_v20.coco/valid/006664_png.rf.1466f666c872e94bac27eba56bbdfb5b.jpg 479,223,523,324,2,0.672082 476,233,499,311,2,0.009807 0,199,28,313,2,0.002565 270,246,287,265,0,0.002200
/home/dysjin/data/CARLA.v20-carla_v20.coco/valid/014570_png.rf.1235b2ca71c181a49fda1bb53eaa19cd.jpg 438,232,455,281,2,0.954345 64,235,124,262,6,0.939704 301,236,332,264,6,0.607752 88,239,123,255,6,0.020110 0,236,13,301,2,0.008340 1,225,15,291,2,0.007051 429,209,466,301,2,0.006041 0,240,14,273,6,0.002643 326,237,341,259,0,0.002112 0,222,33,334,2,0.001363 4,235,29,283,2,0.001271 0,203,32,311,2,0.001173
/home/dysjin/data/CARLA.v20-carla_v20.coco/valid/112550_png.rf.1ca2fa82e03653536df85cf5faf5753c.jpg 512,226,554,320,2,0.166910 586,234,633,258,6,0.018715 524,229,547,292,2,0.016331 186,224,229,335,2,0.002310 163,228,205,331,2,0.002295 214,224,253,336,2,0.001632 220,235,235,256,2,0.001363 516,235,535,302,2,0.001349
/home/dysjin/data/CARLA.v20-carla_v20.coco/valid/Town02_000780_png.rf.16d5987bcdc7d08470c1b3e757e128e5.jpg 301,187,351,322,1,0.854969 277,185,303,200,6,0.812665 71,186,114,212,6,0.760448 34,180,103,218,6,0.082848 338,185,360,201,6,0.009713 225,178,254,190,6,0.006729 330,178,352,195,6,0.004085 186,180,247,210,6,0.003313 197,173,258,197,6,0.001478 0,134,14,156,6,0.001135 274,181,325,208,6,0.001126 325,173,374,202,6,0.001083 83,181,145,214,6,0.001070
/home/dysjin/data/CARLA.v20-carla_v20.coco/valid/Town02_001500_png.rf.1e8a22666698f8954863a9939bc59942.jpg 187,184,218,219,6,0.415910 607,169,640,295,2,0.019395 201,194,219,221,0,0.015703 605,221,638,272,6,0.008085 623,209,640,282,2,0.002537 174,0,394,146,6,0.002467 596,217,626,274,2,0.002170 203,187,218,215,1,0.001594 151,182,215,218,6,0.001541 572,219,621,272,6,0.001276
/home/dysjin/data/CARLA.v20-carla_v20.coco/valid/Town05_004620_png.rf.0e4a190ca586e0e90df6b90be2c83f5b.jpg 393,175,456,208,6,0.838418 345,186,360,199,0,0.171732 596,181,640,209,6,0.076414 283,187,302,201,0,0.052892 343,180,361,199,6,0.034805 278,183,304,227,0,0.005259 220,189,239,201,0,0.002557 282,180,300,198,6,0.002153 624,182,639,209,6,0.002054 576,187,640,228,6,0.001959 229,188,246,202,0,0.001682 269,188,289,202,0,0.001424 288,193,308,217,0,0.001371 405,186,447,203,6,0.001106 338,183,364,225,0,0.001061
/home/dysjin/data/CARLA.v20-carla_v20.coco/valid/006578_png.rf.21f08e8ed63ab67b3ef05528af8ef9e6.jpg 369,225,385,236,3,0.625828 261,231,294,257,6,0.563704 377,216,389,235,3,0.002424 426,262,449,277,6,0.001370 612,202,640,352,2,0.001239 627,287,640,354,2,0.001148 365,220,389,243,3,0.001096
/home/dysjin/data/CARLA.v20-carla_v20.coco/valid/Town01_004320_png.rf.1f6552094735eb0bd49b614b7e584c58.jpg 263,199,385,288,6,0.460394 2,198,29,216,6,0.018656 302,178,325,195,6,0.017198 190,188,210,201,0,0.014090 183,188,202,202,1,0.010528 297,186,327,202,6,0.010027 626,209,640,233,6,0.007796 288,183,337,211,6,0.004788 0,186,17,228,6,0.003559 333,188,347,206,0,0.002448 365,151,381,166,3,0.002364 225,169,282,203,6,0.002091 340,195,357,216,0,0.001764 288,187,363,227,6,0.001707 608,203,640,241,6,0.001637 184,169,246,198,6,0.001332 627,171,640,195,4,0.001172 563,86,640,157,6,0.001019
/home/dysjin/data/CARLA.v20-carla_v20.coco/valid/Town02_006720_png.rf.2632fd4f3d65ff215e84d472badfd870.jpg 266,193,294,209,6,0.797868 575,173,640,222,6,0.425406 564,174,585,197,6,0.040735 3,189,26,228,6,0.030704 0,167,13,198,3,0.029626 127,192,182,221,6,0.017447 0,167,15,221,6,0.017035 345,187,359,208,0,0.013273 0,193,19,246,6,0.012828 3,176,25,218,6,0.009573 273,196,295,211,0,0.008713 555,171,613,205,6,0.007633 203,191,227,204,6,0.007303 342,194,360,215,1,0.006358 0,163,27,294,2,0.005820 527,175,545,194,6,0.004796 526,186,545,205,6,0.003530 478,180,544,213,6,0.002051 570,177,590,197,0,0.001920 391,180,463,209,6,0.001821 0,143,14,204,3,0.001815 105,186,155,229,6,0.001699 140,172,178,283,1,0.001652 187,187,242,209,6,0.001610 554,174,573,193,6,0.001552 46,193,122,254,6,0.001341 0,146,24,270,2,0.001327 84,179,134,275,6,0.001016
/home/dysjin/data/CARLA.v20-carla_v20.coco/valid/Town05_006900_png.rf.2eaa1f5f6de8c6bffcd968f78f2f53b4.jpg 237,178,260,233,1,0.665403 238,171,260,233,0,0.334663 608,235,640,358,3,0.018139 616,187,640,319,0,0.003691 16,223,215,355,6,0.002172
/home/dysjin/data/CARLA.v20-carla_v20.coco/valid/005482_png.rf.1eef94cb1d26525ab4b64d28fc9be58d.jpg 1,217,35,324,2,0.528874 5,246,28,313,2,0.010019 75,242,133,271,6,0.007703 0,225,17,244,6,0.006837 1,238,17,324,2,0.006305 0,216,18,305,2,0.005203 11,205,49,318,2,0.003307 468,240,530,283,6,0.002512 100,242,157,271,6,0.002315 0,219,30,362,2,0.001895 69,237,88,255,2,0.001605 70,247,140,308,6,0.001210 165,224,203,332,2,0.001013
/home/dysjin/data/CARLA.v20-carla_v20.coco/valid/138251_png.rf.2622df013f55b1f57387212b95c87241.jpg 81,236,100,289,2,0.717600 597,368,622,419,2,0.005447 75,245,90,287,2,0.005033 608,371,634,420,2,0.005004 588,359,610,405,2,0.004708 10,248,27,293,2,0.004126 582,256,638,290,6,0.003949 74,230,108,312,2,0.001181 626,373,640,440,2,0.001106
/home/dysjin/data/CARLA.v20-carla_v20.coco/valid/007070_png.rf.2316a0a54db7e4a749f421570aadd160.jpg 382,221,404,238,5,0.913429 326,237,375,280,6,0.001279
/home/dysjin/data/CARLA.v20-carla_v20.coco/valid/Town05_010920_png.rf.2325292b5e147dc41c10fe128f6256f9.jpg 302,176,352,290,0,0.942488 309,172,337,220,0,0.004865
/home/dysjin/data/CARLA.v20-carla_v20.coco/valid/Town01_006420_png.rf.2b897cd6227874bc930ae1c7e17e3b3b.jpg 309,189,325,213,1,0.616269 313,190,329,213,0,0.099780 345,176,356,187,3,0.034831 0,219,14,241,6,0.022912 0,192,16,251,6,0.013174 295,180,313,194,6,0.004793 383,177,396,191,3,0.004746 297,189,315,206,6,0.002668 1,174,14,244,2,0.002329 380,185,394,203,0,0.002322 594,203,640,240,6,0.002285 389,176,406,190,3,0.002254 22,193,64,221,6,0.001906 279,187,298,202,6,0.001741 0,169,27,285,2,0.001700 293,190,336,213,6,0.001478 400,176,422,190,6,0.001392 307,179,324,200,6,0.001337 352,176,368,187,3,0.001094 0,146,29,265,2,0.001082 5,223,26,242,6,0.001016
/home/dysjin/data/CARLA.v20-carla_v20.coco/valid/Town05_006780_png.rf.253c814d6e368b92a888141244ca1a16.jpg 168,184,217,256,1,0.505151 188,183,215,256,0,0.007420 170,200,195,263,1,0.001400
/home/dysjin/data/CARLA.v20-carla_v20.coco/valid/Town01_008280_png.rf.2f69ce357d9638b109b359e31c238ab4.jpg 285,185,342,211,6,0.266122 67,180,113,210,6,0.138110 276,192,307,207,6,0.122489 314,190,337,209,6,0.033075 138,183,189,213,6,0.015220 1,179,61,220,6,0.005734 432,194,492,224,6,0.002701 300,197,328,210,6,0.002363 379,201,397,217,6,0.001889 268,188,290,202,6,0.001656 1,167,16,228,6,0.001482 193,198,213,213,1,0.001177
/home/dysjin/data/CARLA.v20-carla_v20.coco/valid/Town01_005100_png.rf.262bb9c3104b14f5fb633de3dafd0a52.jpg 577,182,601,216,6,0.325454 582,194,603,218,1,0.034690 327,182,352,218,1,0.019769 1,187,32,204,6,0.019344 582,187,603,222,0,0.013091 581,168,638,204,6,0.012811 626,170,640,195,6,0.011511 144,197,164,214,0,0.005993 300,198,327,215,1,0.005398 296,190,355,219,6,0.005292 607,153,640,194,6,0.004069 277,194,300,218,1,0.002916 626,148,640,172,6,0.002709 597,174,625,194,6,0.001700 144,190,162,206,3,0.001596 595,184,620,206,6,0.001519 0,182,17,207,6,0.001399 0,183,68,209,6,0.001203 577,188,636,225,6,0.001159 607,182,635,203,6,0.001152 311,195,343,215,1,0.001088
/home/dysjin/data/CARLA.v20-carla_v20.coco/valid/Town01_011940_png.rf.2554f5ab3ce2122d2ef300838472450f.jpg 565,196,609,222,6,0.644871 203,177,259,222,6,0.404540 265,178,292,197,6,0.029270 328,187,349,203,1,0.008754 79,0,132,32,6,0.008158 581,196,610,234,0,0.007538 274,186,298,200,6,0.006417 602,186,640,266,6,0.004862 253,179,302,206,6,0.004445 5,186,35,204,6,0.002603 199,194,271,237,6,0.002497 584,186,631,255,1,0.002359 21,189,38,205,3,0.002305 5,166,35,200,6,0.002181 0,0,43,33,6,0.001647 573,193,601,211,6,0.001602 250,179,275,232,1,0.001510 83,186,133,273,2,0.001223 117,179,160,270,2,0.001061 4,198,33,246,6,0.001001
/home/dysjin/data/CARLA.v20-carla_v20.coco/valid/041684_png.rf.2f70db5ab75442cd11fffa13a776ae97.jpg 299,233,339,322,0,0.497084 444,455,503,480,6,0.003419
/home/dysjin/data/CARLA.v20-carla_v20.coco/valid/Town05_010980_png.rf.2071755951cd753466eb2cc53fd2fe0c.jpg 301,179,347,282,0,0.923744
/home/dysjin/data/CARLA.v20-carla_v20.coco/valid/112459_png.rf.33bdc5bd58f0f631808a95c4ceb9a78f.jpg 295,234,316,292,2,0.907528 585,234,634,256,6,0.019435 285,232,303,301,2,0.003180
/home/dysjin/data/CARLA.v20-carla_v20.coco/valid/041653_png.rf.31aa86a50239c7e6cbc52c66846dac06.jpg 307,231,331,313,0,0.416884 446,456,504,480,6,0.005738
/home/dysjin/data/CARLA.v20-carla_v20.coco/valid/041819_png.rf.374472e0a0868df264a4100cb7734e35.jpg 167,224,192,236,4,0.920135 13,237,70,263,6,0.838858 109,238,132,300,1,0.526638 38,247,72,262,6,0.008423 178,219,195,234,4,0.004436 161,222,179,236,4,0.004170 110,236,148,301,0,0.004063 170,233,186,248,4,0.003930 189,215,215,229,4,0.002701 302,454,376,480,6,0.002641 450,459,472,480,1,0.002634 144,216,165,227,4,0.002236 188,223,212,236,4,0.001908 626,174,640,197,6,0.001665 202,214,222,226,4,0.001556 205,205,223,220,4,0.001504 18,247,49,263,6,0.001229
/home/dysjin/data/CARLA.v20-carla_v20.coco/valid/Town05_010800_png.rf.3489607b659edfbc485537135e06f34b.jpg 0,190,141,268,6,0.909215 311,177,332,256,1,0.343339 112,184,174,210,6,0.076927 306,184,343,251,0,0.015060 135,187,172,201,6,0.006759 303,177,331,225,0,0.001608 0,196,159,350,6,0.001307 293,179,313,196,6,0.001192
/home/dysjin/data/CARLA.v20-carla_v20.coco/valid/Town02_001080_png.rf.2d29b90fb99ccf7727caeaa1914436b4.jpg 273,184,302,200,6,0.879058 303,187,352,323,1,0.866526 83,186,237,292,6,0.753422 3,204,86,360,6,0.653071 7,191,80,225,6,0.123710 0,197,61,241,6,0.026538 226,178,257,191,6,0.013477 337,177,363,195,6,0.008681 303,178,325,194,6,0.003751 205,186,349,294,6,0.003170 269,175,331,203,6,0.002739 20,37,238,165,6,0.002577 150,177,224,278,6,0.002407 0,0,184,137,6,0.002331 287,179,308,198,6,0.001932 93,145,218,380,6,0.001863 36,182,78,217,6,0.001589 0,194,15,222,6,0.001543 316,184,335,205,0,0.001405 325,173,374,202,6,0.001337 327,184,349,201,6,0.001273
/home/dysjin/data/CARLA.v20-carla_v20.coco/valid/Town02_005700_png.rf.39e8547ff43ddaa06ed2b24f114c8a27.jpg 247,203,393,336,6,0.782955 282,185,301,199,6,0.496649 314,179,337,195,6,0.160814 548,187,597,211,6,0.159061 289,185,305,200,0,0.020796 481,188,513,202,6,0.020452 90,181,147,215,6,0.013203 290,173,341,201,6,0.011520 5,188,29,203,6,0.008321 302,186,329,197,6,0.007505 289,179,309,198,6,0.004527 460,172,511,203,6,0.002694 158,195,177,217,1,0.002580 179,178,201,191,6,0.001775 113,181,165,217,6,0.001514 231,178,248,191,3,0.001388 210,72,439,219,6,0.001185 474,178,502,197,6,0.001175 370,184,386,210,1,0.001077 179,187,201,201,6,0.001028
/home/dysjin/data/CARLA.v20-carla_v20.coco/valid/Town02_002040_png.rf.3d0fd4b3b3749ac8ebdf480959eb8e66.jpg 293,183,344,326,1,0.822192 265,183,294,212,6,0.642299 1,188,113,355,6,0.453588 54,175,78,218,1,0.048493 268,181,331,210,6,0.038217 0,171,107,380,6,0.035215 120,193,162,224,6,0.025525 54,186,83,225,0,0.023234 286,180,346,296,6,0.021856 62,185,112,325,0,0.015560 52,168,76,206,0,0.009551 276,179,300,199,6,0.006346 26,188,87,226,6,0.006037 161,182,215,210,6,0.005581 0,156,14,213,6,0.004788 0,179,13,209,6,0.004476 70,188,135,225,6,0.004262 286,185,312,206,6,0.003891 15,197,107,275,6,0.003640 47,174,68,196,0,0.003499 174,199,206,212,6,0.002619 301,187,324,206,6,0.002141 30,170,84,203,6,0.001664 46,176,71,216,0,0.001505 77,195,254,307,6,0.001486 47,183,70,207,1,0.001444 39,0,223,139,6,0.001289 107,196,131,218,1,0.001266 33,201,127,308,1,0.001220
/home/dysjin/data/CARLA.v20-carla_v20.coco/valid/075707_png.rf.2ff4a82560cfe658387e361a6cc43ef0.jpg 166,239,259,302,6,0.940781 308,242,351,274,6,0.888078 0,246,182,423,6,0.557593 235,240,268,275,6,0.244280 445,454,503,480,6,0.087770 214,239,269,293,6,0.024217 281,238,302,252,6,0.016483 24,85,221,228,6,0.008725 0,253,385,429,6,0.004390 291,239,313,256,6,0.004164 350,259,380,274,6,0.003962 162,259,225,307,6,0.003130 251,247,270,270,6,0.001908 0,124,209,279,6,0.001554 462,459,489,480,1,0.001253 359,253,385,285,6,0.001047
/home/dysjin/data/CARLA.v20-carla_v20.coco/valid/138320_png.rf.332f3bdf3abffc7dd973858c3061b801.jpg 61,236,80,288,2,0.897669 2,236,14,305,2,0.098582 6,246,24,295,2,0.003369 50,206,86,312,2,0.002660 0,226,28,333,2,0.002294 242,236,259,252,1,0.001943 60,234,78,268,2,0.001185
/home/dysjin/data/CARLA.v20-carla_v20.coco/valid/003766_png.rf.3dbe103da1003d1fb3bd18ad0d0894b4.jpg 464,201,508,242,4,0.521599 303,239,324,255,1,0.019312 289,238,316,252,6,0.001653 455,214,514,230,4,0.001376 357,226,371,240,3,0.001374
/home/dysjin/data/CARLA.v20-carla_v20.coco/valid/121245_png.rf.3c6765f574e34bb200e320d55fc2ffe7.jpg 261,249,371,312,6,0.947391 0,239,38,255,6,0.014846 152,241,182,253,6,0.002380 254,239,277,253,1,0.002288 1,247,34,264,6,0.001809 536,247,586,291,6,0.001683 244,238,264,255,1,0.001516 5,230,49,263,6,0.001356
/home/dysjin/data/CARLA.v20-carla_v20.coco/valid/Town05_011040_png.rf.3f658b3c60547a5478cb61d6b76eb55c.jpg 310,176,333,217,0,0.638877 27,226,217,345,6,0.017959 0,6,185,188,6,0.001774
/home/dysjin/data/CARLA.v20-carla_v20.coco/valid/Town02_004920_png.rf.3cdedb8ebbe317a63567ec577e3789a8.jpg 308,183,326,240,1,0.678522 166,187,190,199,6,0.135187 351,186,377,202,6,0.009331 214,188,240,202,1,0.006910 168,179,190,194,6,0.006770 365,187,386,203,1,0.006616 329,175,348,195,6,0.003141 338,182,387,207,6,0.003014 314,175,338,194,6,0.002051 340,184,361,202,6,0.001728 195,186,216,203,1,0.001453 154,183,201,204,6,0.001437 307,167,342,251,1,0.001154
/home/dysjin/data/CARLA.v20-carla_v20.coco/valid/Town05_002760_png.rf.41faa57cc70298c90c62fe9f6a3f08c9.jpg 111,187,148,199,6,0.109565 239,179,265,195,6,0.091539 245,186,264,198,0,0.027197 43,188,68,208,1,0.021495 89,185,153,208,6,0.010262 380,186,396,203,1,0.009200 217,174,269,198,6,0.005702 104,187,132,203,1,0.003724 251,178,272,194,0,0.003221 30,184,78,215,6,0.002699 317,187,335,200,0,0.002371 303,179,329,192,6,0.002251 94,186,118,201,1,0.001821 125,186,147,202,0,0.001367 354,187,373,201,6,0.001241 0,191,64,224,6,0.001137 355,178,372,194,6,0.001039 190,177,216,189,6,0.001001
/home/dysjin/data/CARLA.v20-carla_v20.coco/valid/Town02_001740_png.rf.4072bb166a4df4f9403df039e28a73f3.jpg 294,182,343,328,1,0.824952 35,187,55,205,1,0.155176 44,178,61,196,3,0.015623 161,182,215,210,6,0.005559 282,177,299,192,6,0.005407 117,175,136,189,3,0.005358 0,177,13,208,6,0.004682 0,157,14,213,6,0.003793 76,170,135,199,6,0.003600 28,179,76,209,6,0.002577 173,198,207,211,6,0.002199 39,179,64,209,1,0.002187 105,175,128,189,3,0.002057 280,186,297,198,6,0.001983 91,174,121,191,6,0.001365 58,184,74,204,1,0.001145 56,175,72,193,3,0.001139
/home/dysjin/data/CARLA.v20-carla_v20.coco/valid/026849_png.rf.52e90800c02b90489d2521817c6942f7.jpg 420,201,455,245,3,0.819981 285,250,337,291,6,0.003848 0,85,12,109,6,0.001601 358,237,370,252,3,0.001231
/home/dysjin/data/CARLA.v20-carla_v20.coco/valid/Town02_001560_png.rf.44c7e46d6d34263ac9f429ccb2cd2655.jpg 79,191,97,224,1,0.456507 3,187,31,205,6,0.124496 57,188,85,209,6,0.075404 71,189,93,213,1,0.058923 79,180,98,223,0,0.027996 60,186,102,217,6,0.020742 18,188,38,206,0,0.013652 24,184,91,213,6,0.013466 0,183,62,209,6,0.005667 29,188,57,204,6,0.005144 7,168,33,206,6,0.004948 118,189,141,203,6,0.001736 44,188,71,207,6,0.001342 20,178,37,198,0,0.001032
/home/dysjin/data/CARLA.v20-carla_v20.coco/valid/Town02_003420_png.rf.4347a7bee8aec9f5c84eb5295856f9a9.jpg 5,186,119,238,6,0.607021 329,191,379,231,6,0.382931 332,192,386,232,1,0.179785 0,195,67,227,6,0.029914 65,195,119,232,6,0.010242 1,191,33,229,6,0.004242 361,184,382,235,1,0.001405 627,186,640,208,6,0.001260 34,0,246,145,6,0.001089 351,165,394,238,1,0.001005
/home/dysjin/data/CARLA.v20-carla_v20.coco/valid/Town01_006060_png.rf.3d76b002da6076434f028293d0c4a498.jpg 303,190,342,269,1,0.359310 187,204,220,216,6,0.039456 153,213,177,229,1,0.011085 183,199,244,219,6,0.006685 626,236,640,257,6,0.003063 389,188,409,203,6,0.002743 145,207,209,232,6,0.002647 572,163,593,184,0,0.002627 423,188,452,230,1,0.002269 627,227,640,289,6,0.002161 0,190,16,249,6,0.001695 383,181,439,213,6,0.001679 189,211,216,221,6,0.001571 409,189,458,230,6,0.001479 0,184,15,207,6,0.001318 400,186,423,206,6,0.001310 43,199,89,238,6,0.001302 0,217,14,243,6,0.001106 146,211,166,231,1,0.001004 414,187,437,209,6,0.001004
/home/dysjin/data/CARLA.v20-carla_v20.coco/valid/Town02_007800_png.rf.4e6520c0e9dd39a93f5048a2caea0283.jpg 324,190,405,226,6,0.527608 607,189,640,231,6,0.485468 311,187,336,208,6,0.171739 510,182,559,209,6,0.092971 509,185,536,203,6,0.052728 373,191,429,231,6,0.029658 610,207,639,251,6,0.028555 0,185,41,230,6,0.015582 617,176,640,275,6,0.015267 534,187,560,206,6,0.014182 502,178,527,195,6,0.011870 549,188,568,204,6,0.007944 315,181,336,197,6,0.004810 581,190,609,207,6,0.004701 0,204,13,234,1,0.004657 324,189,348,209,6,0.004384 46,194,64,215,2,0.004306 523,180,549,197,6,0.003966 568,185,622,213,6,0.003819 310,185,366,216,6,0.003553 121,180,137,192,3,0.003436 398,197,424,235,1,0.003235 0,217,13,242,6,0.002695 0,178,15,243,6,0.002687 3,186,33,204,6,0.002519 18,186,46,204,6,0.001983 2,148,35,264,2,0.001727 162,183,218,206,6,0.001491 119,185,141,201,0,0.001349 176,188,207,201,1,0.001321 171,177,186,188,3,0.001212 0,156,16,183,6,0.001207 0,144,15,171,6,0.001128 540,179,557,198,6,0.001091
/home/dysjin/data/CARLA.v20-carla_v20.coco/valid/Town01_001860_png.rf.53e5db5983ad00d8986ebdc44e1e76ef.jpg 212,189,430,367,6,0.700790 279,184,306,198,6,0.252270 288,183,308,201,0,0.222447 328,185,343,203,0,0.105837 297,185,326,200,6,0.063977 288,175,340,203,6,0.029945 315,180,338,197,6,0.027447 268,176,313,201,6,0.016733 410,155,500,206,6,0.012681 105,177,132,192,6,0.012406 0,182,15,210,6,0.010589 61,164,571,380,6,0.005646 223,34,422,172,6,0.005011 103,186,127,201,6,0.004858 412,192,607,380,6,0.003289 154,187,173,207,0,0.002894 267,178,293,193,6,0.002868 197,173,259,199,6,0.002683 88,173,142,199,6,0.002670 142,189,168,206,1,0.002513 274,0,487,132,6,0.002302 81,178,105,191,6,0.002168 99,196,113,215,1,0.002078 5,187,27,210,1,0.002020 226,187,252,200,0,0.001953 470,145,524,178,6,0.001919 98,187,116,204,1,0.001556 626,174,640,195,6,0.001537 0,194,15,216,6,0.001329 0,181,43,215,6,0.001133 175,0,389,136,6,0.001109 135,186,153,205,1,0.001103 624,167,640,226,6,0.001048
/home/dysjin/data/CARLA.v20-carla_v20.coco/valid/Town01_006120_png.rf.405fede50ad311216cb9943968a5cdf5.jpg 315,190,332,219,1,0.830395 356,175,370,189,3,0.065059 317,183,334,219,0,0.035279 5,202,31,240,6,0.009346 357,166,371,182,3,0.007621 360,155,420,190,6,0.003943 4,220,28,241,6,0.003785 308,189,329,210,6,0.002336 0,190,15,250,6,0.002150 358,184,373,200,6,0.001748 303,191,346,218,6,0.001553 363,174,380,190,3,0.001529 363,186,381,202,0,0.001397 0,217,15,243,6,0.001268 365,165,381,180,3,0.001204
/home/dysjin/data/CARLA.v20-carla_v20.coco/valid/041864_png.rf.51f1d81198f2e5b7a450f586235760ec.jpg 415,208,444,236,4,0.828310 62,244,214,313,6,0.558835 303,230,327,296,0,0.354946 354,216,368,229,4,0.090749 353,224,368,237,4,0.052327 346,216,360,228,4,0.009072 364,214,380,226,4,0.008793 160,237,244,306,6,0.008638 291,238,338,289,1,0.004154 402,192,418,206,4,0.002259 444,454,502,480,6,0.001952 308,240,324,284,1,0.001794 62,256,259,389,6,0.001633 392,189,410,204,4,0.001596 356,205,372,221,4,0.001383 71,273,137,318,6,0.001303 343,224,357,236,4,0.001266 364,225,378,237,4,0.001010
/home/dysjin/data/CARLA.v20-carla_v20.coco/valid/Town01_012060_png.rf.58e57e1a7e8d4f630323ae1827ca68bc.jpg 565,197,609,222,6,0.664399 581,196,610,234,0,0.006631 79,0,132,32,6,0.006019 602,186,640,267,6,0.004076 266,187,290,200,6,0.003028 5,186,35,204,6,0.002922 21,189,38,205,3,0.002563 585,186,631,256,1,0.002262 4,197,33,246,6,0.002126 326,185,351,203,1,0.002020 5,165,35,201,6,0.001812 5,188,33,227,6,0.001667 0,0,43,33,6,0.001652 116,182,158,275,2,0.001553 86,185,133,278,2,0.001469 593,201,619,258,0,0.001221 574,193,600,211,6,0.001169
/home/dysjin/data/CARLA.v20-carla_v20.coco/valid/009044_png.rf.59d4a83882b4b6af242cbd9e0e31ba80.jpg 559,220,580,240,3,0.862570 0,208,16,236,4,0.216054 1,198,16,244,3,0.090035 0,209,15,277,2,0.025346 0,189,22,316,2,0.021148 345,230,357,243,3,0.016399 0,222,14,289,6,0.006426 270,242,334,277,6,0.005868 1,199,16,260,4,0.005449 0,202,26,347,2,0.004452 0,231,12,304,2,0.003015 194,238,213,255,2,0.002341 0,175,22,289,2,0.002061 118,215,157,336,1,0.001700 121,228,141,286,2,0.001564 580,216,640,256,6,0.001328 0,223,15,263,6,0.001320
/home/dysjin/data/CARLA.v20-carla_v20.coco/valid/Town02_002520_png.rf.55f8a7c01a8e4b86c99a794d7b61cd5d.jpg 237,195,405,337,6,0.671920 161,194,227,238,6,0.662990 144,178,164,191,3,0.094118 2,193,32,229,6,0.015785 364,186,381,206,0,0.004788 527,179,577,276,2,0.004279 229,28,414,183,6,0.003316 135,174,153,187,3,0.003069 362,182,384,229,0,0.002728 26,193,83,230,6,0.002528 354,187,374,205,6,0.002032 83,199,545,287,6,0.001652 125,235,505,348,6,0.001214 0,183,18,237,6,0.001077 126,169,177,199,3,0.001010
/home/dysjin/data/CARLA.v20-carla_v20.coco/valid/Town02_008760_png.rf.5bfb07b6a5fbe6700b4b9c150b9c6576.jpg 269,191,290,204,6,0.847378 273,205,374,345,6,0.780331 508,177,560,212,6,0.258222 141,175,163,191,3,0.131229 275,191,295,205,1,0.120335 521,173,620,223,6,0.105526 384,182,437,210,6,0.065130 385,186,409,202,3,0.022378 177,188,207,200,6,0.019806 341,190,361,203,6,0.016153 584,181,627,213,6,0.015765 0,189,17,252,6,0.014911 225,189,251,201,6,0.009633 0,174,16,242,6,0.009389 426,177,448,194,6,0.008066 220,191,238,204,1,0.006766 496,175,524,192,6,0.006018 290,189,306,204,0,0.005179 391,179,407,195,3,0.005034 398,178,423,196,6,0.003609 165,183,215,207,6,0.003560 483,170,537,199,6,0.003527 351,190,372,205,6,0.003469 555,175,590,216,6,0.002978 271,180,289,199,6,0.002891 382,178,396,194,3,0.002690 260,188,277,203,6,0.002085 518,178,552,196,6,0.002042 132,173,175,198,6,0.001900 21,195,101,254,6,0.001859 626,185,640,256,6,0.001774 330,188,347,205,0,0.001739 81,189,131,228,6,0.001492 304,189,323,201,6,0.001346 413,177,436,193,6,0.001294 5,181,29,237,6,0.001171 0,216,16,244,6,0.001169 427,184,448,206,6,0.001073 262,188,313,208,6,0.001070 392,172,458,201,6,0.001019 213,184,265,208,6,0.001011
/home/dysjin/data/CARLA.v20-carla_v20.coco/valid/Town01_008100_png.rf.5942043a53e2ea3c62572bf7029ed896.jpg 276,191,303,205,6,0.798277 90,182,148,213,6,0.144330 384,197,411,212,6,0.096258 340,187,362,204,6,0.014105 408,187,462,211,6,0.012309 63,180,123,212,6,0.005217 330,186,346,202,6,0.004624 366,189,385,206,6,0.002713 280,180,301,198,6,0.002427 576,169,640,200,6,0.002368 364,193,416,216,6,0.002125 1,122,15,146,6,0.001990 289,188,304,205,0,0.001966 368,196,387,214,1,0.001954 170,188,191,203,1,0.001831 628,172,640,243,0,0.001779 377,191,401,208,6,0.001520 585,186,608,200,0,0.001355 353,189,372,203,6,0.001295 171,168,237,202,6,0.001189 178,195,201,216,1,0.001157 512,178,534,192,6,0.001084
/home/dysjin/data/CARLA.v20-carla_v20.coco/valid/Town01_010680_png.rf.5537782525200ced228c602e6dcc3456.jpg 370,180,385,192,3,0.727210 229,189,248,208,1,0.153431 330,190,346,206,0,0.010207 317,190,339,203,6,0.005654 165,174,217,202,6,0.005306 204,185,254,211,6,0.001573 175,186,207,200,6,0.001531 189,177,215,197,6,0.001114
/home/dysjin/data/CARLA.v20-carla_v20.coco/valid/121155_png.rf.5eeb1497380edc240a771f68b9d34669.jpg 245,261,399,378,6,0.778872 565,213,605,310,2,0.618442 559,223,586,295,2,0.067005 164,236,217,257,6,0.004703 176,241,207,252,6,0.004316 219,118,420,275,6,0.003340 304,239,327,256,6,0.003205 188,241,218,254,6,0.001968 253,236,278,253,1,0.001480 243,237,265,254,1,0.001405 2,238,34,255,6,0.001333 0,237,38,276,6,0.001279
/home/dysjin/data/CARLA.v20-carla_v20.coco/valid/007085_png.rf.5a7141063cfddac158b01dce18de1e48.jpg 430,208,464,242,5,0.862124 273,252,334,291,6,0.001646 171,222,190,240,5,0.001013
/home/dysjin/data/CARLA.v20-carla_v20.coco/valid/Town05_006720_png.rf.717ce1e22225ab6a97befb2b8effcc2a.jpg 179,183,221,252,1,0.239912 80,188,129,211,6,0.022028 89,191,119,207,1,0.016599 94,183,158,211,6,0.012726 343,185,357,205,0,0.004534 200,184,221,251,0,0.002405 392,209,407,229,1,0.002216 90,197,121,210,6,0.001609
/home/dysjin/data/CARLA.v20-carla_v20.coco/valid/Town01_006600_png.rf.612f31973b2db2fda3ee5293fd937a64.jpg 372,192,396,210,6,0.071583 371,196,396,211,1,0.067971 121,209,140,229,1,0.009106 388,189,405,208,0,0.001401
/home/dysjin/data/CARLA.v20-carla_v20.coco/valid/112469_png.rf.4fea3a1e3f0858f468ecb362968a08fb.jpg 319,234,341,290,2,0.911819 593,237,626,251,6,0.017756 310,229,327,304,2,0.002147
/home/dysjin/data/CARLA.v20-carla_v20.coco/valid/Town05_009540_png.rf.67accf9da191af14c5f05da1b6fe1e58.jpg 595,186,640,211,6,0.232146 528,187,546,201,0,0.003080 623,186,638,211,6,0.002191 481,210,640,355,6,0.002164 481,208,530,293,0,0.001311
/home/dysjin/data/CARLA.v20-carla_v20.coco/valid/041820_png.rf.69e77a8e269d90d89efc21e5026a7083.jpg 28,237,80,264,6,0.900188 177,223,200,237,4,0.781092 116,236,143,301,0,0.340081 180,233,196,248,4,0.009831 49,246,84,262,6,0.009377 191,217,206,231,4,0.004619 157,215,176,227,4,0.004432 106,243,148,295,1,0.004015 0,231,13,257,6,0.003997 174,219,189,233,4,0.001823 628,184,640,207,6,0.001675 145,215,162,227,4,0.001628 365,215,381,226,4,0.001228 303,454,375,480,6,0.001130 121,247,139,289,1,0.001115
/home/dysjin/data/CARLA.v20-carla_v20.coco/valid/121278_png.rf.6607158f1164a75baf620dcb66d1b07e.jpg 263,247,371,310,6,0.925146 243,238,264,263,1,0.475778 0,230,36,262,6,0.030719 236,236,285,264,6,0.016728 235,235,254,260,1,0.006089 611,238,632,255,6,0.001436 573,226,590,240,3,0.001036
/home/dysjin/data/CARLA.v20-carla_v20.coco/valid/Town02_004620_png.rf.7280640e1c163e7c4b28010b90659788.jpg 245,204,392,334,6,0.805976 276,184,300,199,6,0.724327 306,183,330,199,6,0.372131 112,182,173,210,6,0.036288 330,178,344,198,0,0.013185 275,176,332,203,6,0.009467 138,186,170,203,6,0.008231 343,175,357,196,6,0.004877 272,179,291,193,6,0.004626 459,214,492,254,6,0.004505 291,179,313,199,6,0.004025 344,186,359,205,6,0.002467 188,188,217,203,1,0.001391 169,188,189,203,1,0.001337 173,183,228,209,6,0.001290
/home/dysjin/data/CARLA.v20-carla_v20.coco/valid/Town05_016500_png.rf.75b431585ae9c755044e81517b796324.jpg 111,189,223,248,6,0.902135 0,201,93,285,6,0.749051 343,186,392,231,6,0.696504 456,180,475,195,3,0.181720 339,188,362,206,6,0.023278 113,203,176,243,6,0.015230 432,198,445,213,1,0.013950 243,188,260,200,0,0.010519 372,190,395,242,1,0.006206 332,186,347,201,6,0.003969 203,187,232,229,0,0.003261 420,231,622,351,6,0.003256 376,188,391,212,6,0.003108 41,194,208,297,6,0.002338 432,189,445,205,3,0.002146 0,194,14,222,6,0.002111 344,191,380,209,6,0.001995 254,187,272,201,0,0.001638 230,189,251,200,0,0.001379 215,197,232,219,0,0.001336 266,177,287,191,6,0.001300 0,183,15,211,6,0.001294 280,187,299,199,0,0.001049
/home/dysjin/data/CARLA.v20-carla_v20.coco/valid/Town02_001020_png.rf.79741d4293c684a4f4e895c08f1290d5.jpg 302,183,351,324,1,0.855146 2,207,88,357,6,0.733018 276,179,329,209,6,0.377634 19,191,84,223,6,0.351216 272,186,302,201,6,0.338953 196,182,262,209,6,0.070001 224,180,256,192,6,0.023458 192,196,217,214,1,0.014033 338,185,360,201,6,0.012340 0,201,66,243,6,0.010479 18,214,88,374,3,0.008402 329,178,350,195,6,0.007345 25,197,65,215,6,0.003111 300,179,331,197,6,0.002132 325,172,373,202,6,0.001803 179,184,227,217,6,0.001773 288,178,349,281,6,0.001676 223,186,256,200,6,0.001524
/home/dysjin/data/CARLA.v20-carla_v20.coco/valid/004996_png.rf.758bfe0873e6cba6e1d99146894cae01.jpg 493,256,512,314,2,0.799710 92,183,146,266,2,0.029224 326,252,351,266,1,0.005263 353,247,368,268,2,0.004341 46,191,128,253,6,0.003915 287,246,343,271,6,0.003496 341,249,362,267,1,0.003319 490,231,521,328,2,0.003028 313,251,339,266,6,0.001780
/home/dysjin/data/CARLA.v20-carla_v20.coco/valid/Town02_001620_png.rf.77cda18f042297c4b15936a35acef602.jpg 307,181,330,257,1,0.269705 178,189,198,209,2,0.058393 311,181,335,210,6,0.017975 297,172,340,257,6,0.010086 71,196,89,217,1,0.006396 181,195,199,214,1,0.002613 218,188,240,201,1,0.002461 34,176,53,188,6,0.002330 327,186,341,209,0,0.002288 170,180,191,217,2,0.002113 265,177,290,190,6,0.002038 329,177,341,198,6,0.001897 142,198,164,217,1,0.001883 170,194,191,215,1,0.001815 228,188,251,203,0,0.001431 174,184,230,212,6,0.001120 278,175,299,190,6,0.001061 131,198,153,218,1,0.001044
/home/dysjin/data/CARLA.v20-carla_v20.coco/valid/112362_png.rf.868e587d8bdd37c81e4872223fbdbeb4.jpg 150,235,167,278,2,0.939838 586,233,633,255,6,0.042635 154,236,167,262,2,0.034946 145,228,184,310,2,0.003124 219,235,235,256,2,0.001074 596,229,624,246,6,0.001006
/home/dysjin/data/CARLA.v20-carla_v20.coco/valid/Town05_010080_png.rf.88fb23d739ffa2beacd3c5735d172d03.jpg 315,184,331,216,0,0.551289 269,184,287,198,6,0.431888 311,184,326,214,1,0.404333 275,185,292,201,0,0.011624 325,188,342,204,0,0.005009 405,198,419,216,0,0.003104 0,26,41,67,6,0.003020 244,165,263,182,6,0.001907 303,186,350,216,0,0.001873 258,176,279,195,0,0.001586 294,188,341,214,6,0.001370 268,166,286,187,6,0.001266 330,179,342,193,0,0.001237 254,176,296,203,6,0.001143 0,18,61,51,6,0.001043
/home/dysjin/data/CARLA.v20-carla_v20.coco/valid/026847_png.rf.7a28094ba474fb2fab06e58f1ebea83c.jpg 413,203,445,244,3,0.846089 0,217,9,300,2,0.004263 0,233,11,306,2,0.002928 289,250,334,290,6,0.001895 0,198,27,318,2,0.001574 45,241,121,302,6,0.001334 0,218,27,337,2,0.001269
/home/dysjin/data/CARLA.v20-carla_v20.coco/valid/075709_png.rf.7dd638ab9af378bf60aaa2fb92a0aea4.jpg 166,239,260,301,6,0.937439 308,242,350,273,6,0.879938 0,245,183,424,6,0.569745 235,239,268,275,6,0.282471 446,455,502,480,6,0.033524 214,238,269,293,6,0.021671 26,85,223,229,6,0.007848 602,237,620,251,6,0.007111 281,238,301,252,6,0.006879 350,260,380,274,6,0.005883 291,239,313,255,6,0.005565 0,251,382,431,6,0.004427 162,259,226,307,6,0.003076 359,253,385,284,6,0.001632 0,123,206,280,6,0.001489 250,247,270,270,6,0.001346 16,251,70,294,6,0.001108
/home/dysjin/data/CARLA.v20-carla_v20.coco/valid/Town02_007380_png.rf.8809896fc46f6266a6729640bbc68e4c.jpg 565,189,632,224,6,0.268859 268,188,290,206,1,0.026140 274,186,302,203,6,0.017343 0,192,15,221,6,0.009734 0,184,15,209,6,0.007828 0,186,14,251,6,0.005425 559,188,601,252,0,0.003331 3,190,30,226,6,0.002624 89,181,133,278,2,0.002617 113,179,155,279,2,0.002354 558,186,590,230,6,0.002303 626,177,638,238,6,0.002224 6,187,28,208,6,0.002120 37,0,98,32,6,0.002036 81,189,104,203,6,0.001820 43,198,118,259,6,0.001759 513,188,536,206,6,0.001736 59,182,111,276,2,0.001619 605,179,640,219,6,0.001613 137,178,178,282,2,0.001464 66,193,117,224,6,0.001320 32,182,88,278,2,0.001281 2,174,32,284,2,0.001192 0,181,41,215,6,0.001105
/home/dysjin/data/CARLA.v20-carla_v20.coco/valid/Town01_007500_png.rf.7e4c2487265d812d93246e09a19aeab2.jpg 545,162,640,225,6,0.873287 250,194,286,212,6,0.524094 528,175,551,217,6,0.020967 341,165,362,179,3,0.003358 263,169,288,209,6,0.001567 276,188,295,206,6,0.001528 361,180,413,215,6,0.001435 343,173,361,189,3,0.001099
/home/dysjin/data/CARLA.v20-carla_v20.coco/valid/Town05_007500_png.rf.8a81a882e564e9e99b5c951d3e18dbbc.jpg 345,178,399,203,6,0.848619 295,178,313,191,1,0.048235 301,177,322,189,6,0.031130 245,177,266,194,0,0.024556 127,185,181,208,6,0.017270 250,185,271,199,0,0.006578 350,161,395,194,6,0.004146 372,183,395,200,6,0.003984 364,170,391,185,6,0.002884 345,174,364,192,6,0.001379 119,186,139,202,0,0.001046
/home/dysjin/data/CARLA.v20-carla_v20.coco/valid/Town02_005520_png.rf.8a9d2ba4122736ea3845c9e405936cce.jpg 94,199,137,223,6,0.581584 607,188,640,233,6,0.241257 49,195,113,221,6,0.216798 0,197,16,220,6,0.061106 622,192,637,246,6,0.011134 0,207,15,225,6,0.006787 0,194,61,222,6,0.006329 24,198,87,225,6,0.002722 599,207,640,253,6,0.001760 110,200,139,220,1,0.001547 366,197,384,216,0,0.001354 19,188,45,205,6,0.001136 389,169,421,291,2,0.001034
/home/dysjin/data/CARLA.v20-carla_v20.coco/valid/041735_png.rf.891d950e6341a379e0a80f54f49c126a.jpg 274,232,312,310,0,0.444685 1,226,13,289,2,0.007942 1,212,13,281,2,0.003194 0,253,13,284,6,0.002237 446,455,501,480,6,0.001595
/home/dysjin/data/CARLA.v20-carla_v20.coco/valid/041669_png.rf.8f16c7cc68671f71ba068edf120b2a61.jpg 298,233,339,321,0,0.713739 445,456,503,480,6,0.005085
/home/dysjin/data/CARLA.v20-carla_v20.coco/valid/003814_png.rf.9123d8ff8e23490d6f5201cb816e4fc2.jpg 547,173,622,249,3,0.742123 282,238,323,261,6,0.568165 193,242,214,255,1,0.019104 314,239,329,259,0,0.002476 204,241,225,257,1,0.001266 289,231,321,248,6,0.001013
/home/dysjin/data/CARLA.v20-carla_v20.coco/valid/005413_png.rf.9000d6e877ce40e1d5bd5387ece453c2.jpg 108,237,124,279,2,0.937388 87,237,107,289,2,0.704174 101,229,117,289,2,0.162229 89,207,122,312,2,0.003920 116,230,130,279,2,0.002432 366,214,381,227,3,0.001633 76,229,93,293,2,0.001620 371,247,383,269,2,0.001209
/home/dysjin/data/CARLA.v20-carla_v20.coco/valid/Town01_001500_png.rf.9254a251a5c6eb6313adba6a6adf1620.jpg 387,175,404,189,3,0.945550 221,198,236,213,0,0.026803 291,199,309,213,0,0.002211 381,171,415,195,3,0.002025 3,200,31,216,6,0.002013 280,200,298,213,0,0.001892 626,185,640,208,6,0.001836 0,129,15,190,6,0.001782 628,171,640,196,6,0.001571 227,201,248,212,0,0.001521 628,160,640,182,3,0.001410 244,178,260,189,3,0.001150 165,178,205,279,2,0.001037 194,188,215,203,6,0.001031 0,193,43,221,6,0.001015
/home/dysjin/data/CARLA.v20-carla_v20.coco/valid/Town05_004680_png.rf.93664881511a21c1adf050e2e8993477.jpg 240,184,270,204,6,0.810559 323,169,423,226,6,0.807352 277,186,298,197,6,0.074050 184,188,203,202,6,0.025044 193,188,209,204,0,0.020131 266,186,283,201,0,0.019566 268,181,287,197,6,0.011102 314,178,367,217,6,0.004935 316,184,335,203,6,0.004704 260,176,311,201,6,0.002503 213,180,278,206,6,0.002106 135,188,149,204,3,0.001263 571,0,628,28,6,0.001228
/home/dysjin/data/CARLA.v20-carla_v20.coco/valid/138312_png.rf.93c512dad514948e54a85fd6860eba4e.jpg 98,236,114,281,2,0.774609 243,235,262,251,1,0.008244 172,235,189,261,2,0.006540 0,254,12,329,2,0.002725 538,332,560,380,2,0.002213 0,225,29,338,2,0.001164
/home/dysjin/data/CARLA.v20-carla_v20.coco/valid/005160_png.rf.922d9f2da21b5b11121905df87e629d7.jpg 403,213,430,240,5,0.911100
