/home/dysjin/data/CARLA.v20-carla_v20.coco/valid/Town05_011820_png.rf.a721d4435d03a17b63243ff374e790d2.jpg 15,173,113,230,6,0.368498 0,156,197,237,6,0.048678 0,100,245,290,6,0.006808 25,124,134,247,6,0.003210 346,153,367,204,2,0.001798 394,149,409,194,2,0.001504 248,159,272,197,2,0.001430 255,174,274,194,6,0.001399 214,162,242,181,6,0.001258 461,149,486,170,6,0.001147 395,126,417,182,2,0.001132 87,141,129,216,2,0.001013
/home/dysjin/data/CARLA.v20-carla_v20.coco/valid/Town05_005760_png.rf.a5aa9e8688171e7bfb57f36e4a648f69.jpg 307,184,324,208,6,0.113060 316,184,333,208,6,0.056261 418,174,443,234,2,0.028522 299,171,332,200,6,0.013475 310,183,348,215,6,0.009047 376,176,398,192,3,0.007562 375,173,399,194,6,0.005482 312,160,350,203,6,0.004258 393,178,423,225,2,0.002578 266,161,310,183,6,0.002526 341,174,361,194,6,0.002334 273,173,305,193,6,0.002123 410,192,451,253,2,0.002084 365,174,387,195,6,0.001970 355,176,370,193,6,0.001940 321,163,356,182,6,0.001669 290,168,333,230,6,0.001658 256,178,273,189,6,0.001634 289,160,338,184,6,0.001365 430,0,640,355,6,0.001246 439,190,457,250,2,0.001033
/home/dysjin/data/CARLA.v20-carla_v20.coco/valid/075705_png.rf.9f5447b468e0280dc956a534954f8a5e.jpg 167,248,248,302,6,0.093309 305,237,359,271,6,0.083950 0,188,195,480,6,0.052901 0,160,372,444,6,0.033553 0,13,266,480,6,0.023949 0,123,640,480,6,0.010230 143,232,231,321,6,0.007318 87,207,317,336,6,0.006380 338,221,371,280,2,0.006243 234,223,278,284,6,0.005951 354,204,372,263,2,0.005937 117,179,153,279,2,0.005775 170,216,272,284,6,0.004551 598,185,621,258,2,0.004213 25,216,237,387,6,0.003101 490,221,517,282,2,0.002500 0,156,261,347,6,0.001947 584,163,619,290,2,0.001508 614,190,640,264,2,0.001503 0,126,26,230,2,0.001399 139,185,178,272,2,0.001123
/home/dysjin/data/CARLA.v20-carla_v20.coco/valid/Town02_006840_png.rf.a4a970c10202604d1dd8c41fe9097525.jpg 571,177,640,225,6,0.136184 476,183,532,219,6,0.011291 544,167,640,227,6,0.010627 0,168,24,235,2,0.008210 400,182,448,210,6,0.007658 42,174,77,231,2,0.005759 17,172,57,232,2,0.005294 281,173,321,195,6,0.005271 0,144,22,214,2,0.004363 144,174,176,227,2,0.002675 25,135,63,282,2,0.002110 144,143,176,217,2,0.002011 70,174,98,230,2,0.002004 342,178,370,223,2,0.001904 500,159,556,202,6,0.001893 601,185,640,231,6,0.001864 525,160,617,223,6,0.001828 255,164,312,194,6,0.001516 379,165,458,215,6,0.001493 467,182,505,211,6,0.001376 440,178,469,226,2,0.001284 592,152,640,209,6,0.001232 571,193,640,266,6,0.001167 491,179,509,262,2,0.001053 485,108,512,139,3,0.001043
/home/dysjin/data/CARLA.v20-carla_v20.coco/valid/Town02_002640_png.rf.ac6bee6a9e4c4b2a1e149670c97196c1.jpg 296,191,371,255,6,0.487673 198,168,455,273,6,0.056008 0,174,84,228,6,0.020494 317,155,382,287,6,0.008114 332,178,373,236,6,0.003837 259,194,293,221,6,0.003072 0,152,135,241,6,0.002759 62,159,104,245,2,0.001512 337,169,362,224,0,0.001199 0,194,86,251,6,0.001060
/home/dysjin/data/CARLA.v20-carla_v20.coco/valid/007096_png.rf.a26873f70f1467f54f0fd09ea8c1731b.jpg 543,161,616,249,3,0.341325 515,49,640,364,3,0.039129 494,143,640,256,3,0.008345 122,196,154,259,2,0.004380 446,56,640,325,6,0.003467 558,114,634,308,3,0.003131 141,193,171,260,2,0.001713 130,211,153,257,3,0.001610
/home/dysjin/data/CARLA.v20-carla_v20.coco/valid/041683_png.rf.abc13a183255cbb5f9aeca7d55d8b4c0.jpg 310,236,344,317,0,0.036599 296,237,330,316,2,0.029846 284,221,356,340,0,0.009442 302,227,328,315,1,0.006237 309,174,338,370,6,0.002516
/home/dysjin/data/CARLA.v20-carla_v20.coco/valid/041699_png.rf.a4a6f7fb7672ac47b317ec4fe3e21c97.jpg 296,237,329,316,2,0.075522 291,230,334,323,0,0.039702 300,145,330,396,2,0.010737 309,225,338,318,1,0.002278
/home/dysjin/data/CARLA.v20-carla_v20.coco/valid/Town02_006480_png.rf.aec43468267a9993201d034f7031ee5c.jpg 182,159,264,213,6,0.085605 217,167,287,202,6,0.062514 214,178,250,216,6,0.020509 186,180,239,215,6,0.019606 161,158,208,198,6,0.012420 168,172,189,194,6,0.008616 135,161,186,193,6,0.002655 235,178,278,217,6,0.002560 182,152,224,191,6,0.001659 341,158,374,200,6,0.001384 167,140,192,182,3,0.001324 156,170,178,197,6,0.001029 342,171,360,198,6,0.001015
/home/dysjin/data/CARLA.v20-carla_v20.coco/valid/Town02_003060_png.rf.b28380c7e6ad26a4ccdfda39d4db7f85.jpg 568,183,638,221,6,0.040414 538,176,572,229,2,0.004792 610,197,640,253,6,0.004725 527,163,614,225,6,0.003779 372,182,426,212,6,0.003411 513,172,546,236,2,0.001853 624,233,640,258,6,0.001409 551,173,592,221,6,0.001115 574,200,640,262,6,0.001052
/home/dysjin/data/CARLA.v20-carla_v20.coco/valid/Town01_009120_png.rf.b3886317404f3c307752dac4625c4b0e.jpg 309,183,350,220,6,0.079225 295,186,337,209,6,0.023163 374,182,434,216,6,0.009846 560,167,588,238,2,0.008632 546,166,573,228,2,0.005653 284,171,340,229,6,0.004581 372,161,434,200,6,0.004135 44,173,75,232,2,0.003807 321,166,418,216,6,0.002220 12,177,63,227,6,0.001699
/home/dysjin/data/CARLA.v20-carla_v20.coco/valid/051305_png.rf.af3e2dc55ae45fc793f7f25eb6fdf7b4.jpg 429,205,466,241,3,0.221818 416,194,457,256,3,0.003827 422,196,494,264,6,0.003412 175,0,207,106,2,0.001530
/home/dysjin/data/CARLA.v20-carla_v20.coco/valid/007291_png.rf.b33e9d647d42777054dfb5f46d23bbad.jpg 383,84,427,227,2,0.001717 380,221,398,245,3,0.001152 387,219,409,248,3,0.001033
/home/dysjin/data/CARLA.v20-carla_v20.coco/valid/Town05_005820_png.rf.abc3e70595852b4f2320e8b55c805a27.jpg 292,180,333,224,6,0.216650 244,160,308,184,6,0.009579 351,174,375,194,3,0.008858 312,175,359,217,6,0.002816 250,171,304,195,6,0.002745 340,173,362,197,6,0.002062 415,162,433,206,2,0.001764 405,170,420,222,2,0.001533 286,159,332,206,6,0.001417
/home/dysjin/data/CARLA.v20-carla_v20.coco/valid/Town05_006960_png.rf.9d31f2ffd8a1d723122d28555c0e3321.jpg 375,167,425,201,6,0.002951 282,179,297,214,6,0.002291 369,156,397,205,2,0.001962 281,180,298,212,2,0.001382
/home/dysjin/data/CARLA.v20-carla_v20.coco/valid/Town02_009720_png.rf.b20474373a38fe973889a895d5aba03e.jpg 298,200,358,256,6,0.457191 231,181,418,282,6,0.150117 375,204,435,253,6,0.007931
/home/dysjin/data/CARLA.v20-carla_v20.coco/valid/Town01_002220_png.rf.9b6e376c042a4b43cdf2a33f00250d62.jpg 199,183,436,380,6,0.290823 2,137,640,380,6,0.035097 123,0,492,380,6,0.031592 573,216,640,267,6,0.017752 0,103,640,380,6,0.012178 201,158,231,186,6,0.010539 243,133,281,176,6,0.010526 263,134,294,176,6,0.004986 242,155,280,197,6,0.004660 186,45,382,380,6,0.003900 77,133,139,168,6,0.003750 530,199,640,290,6,0.003106 200,172,231,195,6,0.002769 180,153,264,207,6,0.002641 233,149,309,207,6,0.002020 168,147,186,172,6,0.001808 212,158,252,195,6,0.001783 596,204,640,240,6,0.001720 142,130,183,175,6,0.001594 218,160,234,183,6,0.001390 235,117,307,180,6,0.001216 130,106,188,151,6,0.001107 155,147,180,173,6,0.001088 192,136,232,179,6,0.001052 70,131,108,173,6,0.001005
/home/dysjin/data/CARLA.v20-carla_v20.coco/valid/Town01_003900_png.rf.b43a572a2d61a01bb389880cf86179de.jpg 201,182,438,380,6,0.248452 393,131,425,230,2,0.089367 0,179,44,222,6,0.056912 70,140,596,380,6,0.056323 156,0,460,380,6,0.044438 398,76,428,315,2,0.021282 0,101,640,380,6,0.020298 4,167,63,231,6,0.016032 410,137,441,223,2,0.014640 20,160,99,198,6,0.007954 401,181,425,233,2,0.006666 534,131,579,228,2,0.004948 55,160,117,196,6,0.003482 549,155,599,248,2,0.001253 538,62,606,306,2,0.001197 22,173,96,222,6,0.001121 79,166,108,201,6,0.001080 93,165,114,202,6,0.001015
/home/dysjin/data/CARLA.v20-carla_v20.coco/valid/029067_png.rf.b686edaf28a0971571945f7b069613d5.jpg 534,218,580,341,2,0.177215 536,127,582,440,2,0.046850 72,217,99,281,2,0.025592 68,180,92,313,2,0.007747 81,195,103,273,2,0.005677 554,246,590,349,2,0.005011 81,181,104,311,2,0.004930 187,199,228,262,2,0.004717 92,202,118,291,2,0.003798 92,201,123,258,2,0.002864 82,199,103,245,2,0.001967 192,220,225,278,2,0.001762 37,203,117,271,6,0.001704 122,225,148,277,2,0.001448 106,209,128,283,2,0.001443 53,209,84,284,2,0.001308 67,199,95,270,2,0.001048
/home/dysjin/data/CARLA.v20-carla_v20.coco/valid/Town02_004200_png.rf.b4d2f32e1287253b4f35bf521927be39.jpg 259,182,297,210,6,0.097168 235,163,310,216,6,0.005393 439,172,472,235,2,0.005034 219,145,250,213,2,0.003419 180,134,238,171,6,0.003141 269,167,308,204,6,0.003093 266,195,290,217,6,0.002745 8,148,30,221,2,0.001144 377,181,398,212,6,0.001062
/home/dysjin/data/CARLA.v20-carla_v20.coco/valid/Town02_002100_png.rf.b49da10e2c41ab65d4c132e46f15d3e3.jpg 303,196,350,302,0,0.092224 296,158,355,331,1,0.071696 0,176,27,231,6,0.008962 286,53,366,380,6,0.008779 294,84,338,380,0,0.003473
/home/dysjin/data/CARLA.v20-carla_v20.coco/valid/003752_png.rf.bb0716bc5b93fa8b10f41577e20a2f35.jpg 396,208,421,248,3,0.025626 390,210,426,246,6,0.014953 414,0,459,91,2,0.003178
/home/dysjin/data/CARLA.v20-carla_v20.coco/valid/138327_png.rf.b4aecc174d58e25a6e680c2468864172.jpg 16,208,51,300,2,0.308277 15,181,47,360,2,0.165258 19,154,44,339,2,0.072616 2,227,30,320,2,0.059131 2,205,32,303,2,0.042576 13,66,49,449,2,0.031880 0,183,63,306,2,0.026043 0,216,59,336,2,0.014401 4,148,36,367,2,0.010784 27,164,56,329,2,0.006997 0,248,21,318,2,0.005101 72,216,101,285,2,0.004273 40,213,76,288,2,0.003200 0,196,24,322,2,0.002910 71,185,103,276,2,0.002320 27,182,104,303,2,0.001460 0,230,32,369,2,0.001348 0,213,22,280,2,0.001102 363,215,393,292,2,0.001099
/home/dysjin/data/CARLA.v20-carla_v20.coco/valid/Town05_009600_png.rf.b886b3525f44da0ae66796230d91b958.jpg 459,185,504,218,6,0.313751 104,171,217,237,6,0.238075 366,183,411,210,6,0.152508 571,181,640,210,6,0.116864 37,148,297,246,6,0.014077 391,182,431,210,6,0.011521 232,174,272,196,6,0.010612 376,170,430,225,6,0.008529 599,153,640,206,6,0.008268 528,183,544,208,6,0.007113 337,163,413,215,6,0.003781 523,157,614,218,6,0.003440 524,171,548,198,6,0.003049 463,161,496,207,6,0.003026 97,180,163,240,6,0.002858 373,194,405,217,6,0.002757 541,172,580,197,6,0.002747 555,153,603,205,2,0.002391 82,197,180,259,6,0.002294 474,187,554,380,0,0.001837 0,88,317,304,6,0.001782 447,185,480,208,6,0.001624 509,182,551,217,6,0.001623 412,169,436,201,6,0.001602 357,169,397,200,6,0.001465 565,141,640,236,6,0.001464 536,181,558,210,6,0.001368 470,162,551,223,6,0.001293 239,183,264,206,6,0.001232 606,189,637,223,6,0.001098 296,152,320,208,2,0.001035
/home/dysjin/data/CARLA.v20-carla_v20.coco/valid/Town01_002340_png.rf.b8976b6d8f366e29aeb47fb3b3146b33.jpg 198,183,437,380,6,0.294245 2,137,640,380,6,0.034834 123,0,491,380,6,0.031936 573,216,640,267,6,0.020720 0,103,640,380,6,0.012333 243,133,281,176,6,0.010376 202,158,230,186,6,0.008948 263,134,294,176,6,0.005059 77,133,139,168,6,0.004234 528,199,640,290,6,0.003480 242,155,279,196,6,0.003192 200,172,232,195,6,0.002534 180,153,264,208,6,0.002156 168,148,186,172,6,0.002098 142,130,183,175,6,0.001919 595,204,640,240,6,0.001845 213,158,251,195,6,0.001558 233,149,310,207,6,0.001466 155,147,179,173,6,0.001349 219,160,234,183,6,0.001310 235,117,308,179,6,0.001181 130,106,188,151,6,0.001180 70,131,108,173,6,0.001141
/home/dysjin/data/CARLA.v20-carla_v20.coco/valid/Town05_009780_png.rf.c3069a0d7ec82f2e1960c0497cec36fe.jpg 277,201,368,274,6,0.237273 435,191,473,257,2,0.021363 215,197,439,294,6,0.009779 420,172,479,247,6,0.003312 417,171,449,235,2,0.002992 176,135,477,354,6,0.001468 359,211,402,294,0,0.001150 298,177,363,237,6,0.001068
/home/dysjin/data/CARLA.v20-carla_v20.coco/valid/Town05_002700_png.rf.b9dfa75f628efa31633800bb9dfee796.jpg 330,173,372,194,6,0.018106 327,160,375,185,6,0.009512 367,164,385,205,6,0.006804 410,167,441,202,6,0.004556 380,186,392,204,6,0.003486 332,156,404,210,6,0.002427 2,136,125,215,6,0.002261 416,183,436,207,6,0.002221 405,173,422,196,6,0.002055 368,180,392,217,6,0.001969 375,167,398,202,6,0.001723 385,161,428,197,6,0.001623 365,153,386,168,6,0.001485 353,152,373,169,6,0.001479 242,170,287,200,6,0.001319 0,0,408,263,6,0.001188 124,158,196,197,6,0.001142
/home/dysjin/data/CARLA.v20-carla_v20.coco/valid/005173_png.rf.c24ac196d86260d3a384e12093bfa5ef.jpg 477,195,528,253,3,0.297096 471,186,527,255,4,0.193751 439,144,559,296,3,0.169266 467,163,548,248,6,0.002198 441,197,524,263,6,0.001332
/home/dysjin/data/CARLA.v20-carla_v20.coco/valid/Town01_005820_png.rf.c9053a957ff7561268673aaec9e095f0.jpg 302,181,353,328,0,0.085500 288,179,339,328,2,0.057714 286,108,363,380,0,0.036945 276,153,375,380,1,0.019246 564,126,640,179,6,0.008591 410,181,446,221,6,0.005822 353,160,409,192,6,0.003203 333,163,382,193,6,0.003198 398,192,429,224,6,0.002188 379,162,456,214,6,0.001981 289,0,362,380,2,0.001937
/home/dysjin/data/CARLA.v20-carla_v20.coco/valid/Town01_011580_png.rf.c8aa9ea674a7d69974d55bf63b55ddbf.jpg 46,175,81,228,2,0.068876 83,172,126,194,6,0.047920 5,162,70,195,6,0.029844 264,180,290,212,6,0.022413 67,173,98,228,2,0.015260 475,206,530,244,6,0.012532 29,161,106,217,6,0.008141 169,179,188,213,2,0.007952 269,178,294,220,2,0.007553 29,167,80,200,6,0.006961 448,175,475,194,6,0.006556 598,178,640,224,6,0.005570 161,173,176,219,2,0.004933 142,174,169,194,6,0.004806 70,157,140,190,6,0.004016 0,155,34,200,6,0.003911 345,172,406,198,6,0.003751 48,193,81,251,2,0.003633 105,175,127,192,6,0.003486 5,179,72,216,6,0.003322 421,187,453,207,6,0.003188 65,159,109,202,6,0.003002 481,180,525,227,6,0.002793 147,161,177,199,2,0.002512 179,176,202,215,2,0.002361 279,159,297,211,2,0.002203 253,170,279,200,6,0.002124 430,164,508,218,6,0.001984 480,172,517,198,6,0.001972 430,165,481,195,6,0.001882 142,160,167,185,6,0.001835 166,156,199,205,2,0.001803 150,168,183,200,6,0.001791 375,186,403,207,6,0.001579 150,157,180,187,6,0.001328 98,177,124,219,2,0.001312 413,155,433,187,3,0.001271 468,165,553,223,6,0.001137 78,176,106,215,2,0.001115 466,176,496,228,2,0.001019
/home/dysjin/data/CARLA.v20-carla_v20.coco/valid/Town01_007440_png.rf.bed11eeb1dde416bf8789b24a8a5c0f8.jpg 563,173,640,228,6,0.118391 349,160,415,200,6,0.022748 250,177,277,224,2,0.007969 256,168,275,227,6,0.006609 80,205,166,258,6,0.005199 257,176,275,218,0,0.004857 389,179,421,220,6,0.003353 350,181,415,215,6,0.003262 477,193,498,249,2,0.003194 264,177,290,226,2,0.002859 140,205,193,237,6,0.002793 506,151,640,241,6,0.002489 94,195,138,249,6,0.001372 116,203,168,240,6,0.001364 123,202,212,259,6,0.001210 461,160,500,248,2,0.001084 601,196,640,248,6,0.001081 544,150,620,210,6,0.001012 368,160,454,216,6,0.001000
/home/dysjin/data/CARLA.v20-carla_v20.coco/valid/Town05_011760_png.rf.c548e0a947d80bc036151e4db99afcfa.jpg 0,139,252,345,6,0.042086 0,98,558,380,6,0.019559 2,177,124,376,6,0.005673 0,0,365,380,6,0.004114 392,121,416,187,2,0.004101 359,202,394,339,2,0.003584 0,40,640,380,6,0.002562 84,214,230,333,6,0.001282 374,222,401,319,2,0.001263
/home/dysjin/data/CARLA.v20-carla_v20.coco/valid/075708_png.rf.c1818fa586a2b613b2806f928a933d9d.jpg 305,237,359,270,6,0.091893 167,247,248,303,6,0.080276 0,193,193,477,6,0.059697 0,169,357,435,6,0.038115 121,235,283,309,6,0.029706 0,2,275,480,6,0.028405 0,122,640,480,6,0.011440 353,204,372,263,2,0.006392 235,220,277,287,2,0.005631 599,185,620,258,2,0.005476 37,222,226,380,6,0.003805 171,216,269,284,6,0.003430 337,220,373,279,2,0.002893 197,238,268,308,2,0.002761 614,190,640,264,2,0.001869 489,221,517,282,2,0.001772 584,163,619,290,2,0.001656 116,176,154,281,2,0.001533 0,133,226,373,6,0.001368 142,231,214,336,6,0.001223 365,199,396,257,2,0.001218 0,127,26,228,2,0.001206
/home/dysjin/data/CARLA.v20-carla_v20.coco/valid/Town05_009900_png.rf.c90bd5781f975f44de47fd794a1f9ac6.jpg 365,194,443,257,6,0.489347 284,185,518,258,6,0.179958 207,134,593,308,6,0.035000 320,148,345,213,2,0.003912 339,167,419,230,6,0.003492 592,0,640,65,6,0.002601 0,157,29,204,6,0.002017 591,65,640,140,6,0.001984 576,0,640,121,6,0.001959 6,162,65,197,6,0.001933 485,172,512,196,6,0.001552 319,181,333,211,2,0.001507 351,197,404,246,6,0.001413 0,176,26,222,6,0.001362 8,182,27,208,6,0.001313 397,170,427,199,6,0.001312 449,174,473,195,6,0.001217 429,161,482,197,6,0.001078
/home/dysjin/data/CARLA.v20-carla_v20.coco/valid/Town05_009660_png.rf.cc2e0d6a11c64dbe092a6e9321c6a170.jpg 237,205,404,357,6,0.127930 8,178,640,370,6,0.069783 414,180,484,214,6,0.050898 385,165,465,216,6,0.013749 186,175,223,193,6,0.011624 346,150,370,208,2,0.004314 171,0,484,380,6,0.003276 599,154,640,202,6,0.002070 208,184,223,205,6,0.001949 368,152,394,206,2,0.001849 391,181,433,210,6,0.001804 259,175,269,191,6,0.001299 70,172,115,196,6,0.001079 388,185,412,206,6,0.001040
/home/dysjin/data/CARLA.v20-carla_v20.coco/valid/003769_png.rf.c5c0c17fa97551316c57744e9608f796.jpg 500,195,551,251,3,0.266910 466,152,578,287,3,0.144352 477,166,557,246,6,0.008883 505,187,558,256,4,0.001972
/home/dysjin/data/CARLA.v20-carla_v20.coco/valid/121197_png.rf.c99e70822c663f40252f74e6b2ad5094.jpg 237,232,426,419,6,0.424159 84,247,581,404,6,0.370935 563,219,595,287,2,0.043114 187,0,492,480,6,0.015393 487,220,522,284,2,0.014026 0,47,640,480,6,0.007268 560,169,585,347,2,0.005774 264,188,295,267,2,0.005696 463,221,497,283,2,0.005202 583,219,615,285,2,0.004715 213,91,440,480,6,0.004669 491,179,531,313,2,0.003490 569,175,600,317,2,0.003415 244,189,277,264,2,0.003337 536,219,576,285,2,0.003179 450,198,473,270,2,0.002759 511,222,545,282,2,0.002571 584,166,610,350,2,0.001437 473,181,501,311,2,0.001402 259,120,294,323,2,0.001034
/home/dysjin/data/CARLA.v20-carla_v20.coco/valid/004966_png.rf.c9d8d72d0920460b612251c5fddc5770.jpg 431,201,466,244,3,0.271692 421,195,497,264,6,0.003544
/home/dysjin/data/CARLA.v20-carla_v20.coco/valid/Town01_006240_png.rf.cc5628eb556a5a5bd1824a8d19313b41.jpg 316,176,341,225,2,0.041854 23,173,51,231,2,0.014461 1,169,24,237,2,0.013391 414,152,446,205,2,0.011047 20,136,45,281,2,0.005435 95,176,123,228,2,0.005376 305,167,329,224,6,0.004717 602,174,640,227,6,0.004647 46,167,65,225,2,0.004103 32,151,53,267,2,0.004098 298,176,328,223,2,0.003908 84,164,104,229,2,0.003823 393,156,425,201,2,0.003639 0,162,17,256,2,0.003231 418,152,454,191,6,0.002583 0,188,23,259,2,0.002461 410,175,438,217,2,0.001790 57,168,79,224,2,0.001767 47,158,63,211,2,0.001535 364,172,411,196,6,0.001411 608,152,640,208,6,0.001357 121,176,148,225,2,0.001323 381,153,455,215,6,0.001249 68,168,93,224,2,0.001198 423,169,451,223,2,0.001163 0,140,24,219,2,0.001138 424,152,480,203,6,0.001111 84,156,102,213,2,0.001019 309,137,347,225,2,0.001017 366,173,385,194,6,0.001003
/home/dysjin/data/CARLA.v20-carla_v20.coco/valid/001638_png.rf.c98e4c5bc2a68de358073a26469c81b2.jpg 421,205,452,241,3,0.224319 433,197,473,253,2,0.002980 462,194,493,261,2,0.002256 424,183,498,276,2,0.001288
/home/dysjin/data/CARLA.v20-carla_v20.coco/valid/051274_png.rf.d5f64278c64b556983082379a316485f.jpg 563,160,640,249,3,0.374190 535,140,640,277,3,0.078065 493,11,640,403,3,0.062300 515,153,640,242,6,0.006311 486,64,640,315,6,0.004108 565,176,640,274,6,0.003832
/home/dysjin/data/CARLA.v20-carla_v20.coco/valid/Town01_001440_png.rf.e4b4351effd31d5b433710cffb8243e4.jpg 18,172,51,233,2,0.017547 6,188,31,254,2,0.015936 248,151,271,204,2,0.014939 72,169,99,235,2,0.012610 2,171,28,235,2,0.009072 370,150,398,205,2,0.008763 19,192,49,254,2,0.008438 97,173,124,229,2,0.004963 343,148,370,207,2,0.004000 48,173,78,230,2,0.003873 17,146,44,297,2,0.003589 267,150,294,206,2,0.002399 223,152,249,204,2,0.002287 0,194,21,248,2,0.002188 400,85,456,125,6,0.002136 72,145,103,213,2,0.002131 393,85,432,111,6,0.002069 96,146,124,212,2,0.002042 71,195,90,246,2,0.001703 387,149,420,205,2,0.001529 405,107,455,148,6,0.001503 414,130,450,175,6,0.001384 121,175,145,228,2,0.001292 245,129,262,191,2,0.001262 256,132,273,188,2,0.001113 60,192,79,249,2,0.001053 341,129,360,191,2,0.001021 0,148,62,235,2,0.001003
/home/dysjin/data/CARLA.v20-carla_v20.coco/valid/019121_png.rf.deb86464dd224ac85f75272f851fc0a8.jpg 522,236,583,263,6,0.066281 390,212,418,294,2,0.054972 500,231,560,267,6,0.018509 487,236,536,257,6,0.017392 389,128,413,387,2,0.010888 368,216,399,284,2,0.005102 522,213,584,252,6,0.003359 364,208,386,260,2,0.002790 47,218,72,284,2,0.002033 47,190,74,270,2,0.001974 535,229,616,269,6,0.001653 351,213,377,255,2,0.001063
/home/dysjin/data/CARLA.v20-carla_v20.coco/valid/041811_png.rf.e8d4c17844854d24f9b2bec66a8a8889.jpg 139,207,165,286,2,0.017821 123,226,157,276,2,0.003806 127,183,158,310,2,0.002150 116,227,163,274,6,0.001561 0,220,24,286,2,0.001435 307,247,322,318,2,0.001294
/home/dysjin/data/CARLA.v20-carla_v20.coco/valid/041657_png.rf.e06a4a0ae870ee5d8dbe97fc65b5b666.jpg 297,240,330,312,2,0.054874 311,227,336,316,0,0.023813 311,189,337,355,2,0.011298 285,224,356,337,2,0.007020 303,244,329,317,1,0.002979
/home/dysjin/data/CARLA.v20-carla_v20.coco/valid/001519_png.rf.e42bb854e84b40164ed2795569b2eb6f.jpg 512,272,534,343,2,0.016473 117,219,145,287,2,0.009348 20,251,67,290,6,0.002802 97,222,131,283,2,0.001972 493,264,525,339,2,0.001093
/home/dysjin/data/CARLA.v20-carla_v20.coco/valid/Town02_005280_png.rf.ec981f5d8aec80a53ec1f9961c2321af.jpg 158,199,214,260,6,0.317533 45,184,130,222,6,0.132863 150,167,230,276,6,0.053125 92,193,140,224,6,0.021426 585,157,623,248,2,0.013256 77,171,142,234,6,0.012759 599,199,640,255,6,0.012072 0,186,219,229,6,0.011665 182,191,223,261,2,0.006574 575,122,630,184,6,0.003254 376,184,432,214,6,0.003098 374,169,427,200,6,0.003092 25,196,130,258,6,0.002951 521,166,573,204,6,0.002181 82,203,139,239,6,0.002086 229,165,314,216,6,0.001785 254,170,300,201,6,0.001781 607,221,640,273,6,0.001691 574,138,640,239,6,0.001672 253,185,309,214,6,0.001593 367,180,398,220,6,0.001562 371,163,462,213,6,0.001409 178,135,225,309,2,0.001289 67,194,171,261,6,0.001139 22,149,137,239,6,0.001133
/home/dysjin/data/CARLA.v20-carla_v20.coco/valid/001509_png.rf.ed3baed466e7f65c1a01fb57bf942b65.jpg 512,273,534,342,2,0.016741 117,219,145,287,2,0.009676 20,251,67,290,6,0.002707 97,221,131,283,2,0.001871 493,264,525,338,2,0.001021
/home/dysjin/data/CARLA.v20-carla_v20.coco/valid/033890_png.rf.e368755037cdc345b45b625d64db27a1.jpg 608,230,639,321,2,0.182917 228,215,438,388,6,0.121978 392,202,424,295,2,0.117411 592,238,623,314,2,0.104770 400,129,425,338,2,0.031800 607,133,635,409,2,0.022115 0,208,640,438,6,0.018440 596,180,625,362,2,0.016652 410,175,438,293,2,0.014617 242,284,279,365,2,0.006286 376,218,429,391,2,0.004274 399,191,428,252,2,0.003695 374,193,403,300,2,0.002340 374,69,432,480,2,0.001611 220,238,333,405,6,0.001548 328,231,431,374,6,0.001471 613,201,640,366,2,0.001374 245,242,397,480,6,0.001169
/home/dysjin/data/CARLA.v20-carla_v20.coco/valid/075724_png.rf.e0c3e9a2b7f318c71e76ccdcb0dda6a1.jpg 284,238,336,269,6,0.053770 53,250,218,348,6,0.043182 0,201,189,380,6,0.041559 210,216,255,291,2,0.040415 588,181,622,274,2,0.024873 469,191,495,265,2,0.024522 609,178,640,277,2,0.021754 0,185,430,417,6,0.018209 513,188,542,267,2,0.017997 487,186,521,269,2,0.017108 177,228,246,278,6,0.014963 0,254,94,397,6,0.011018 475,178,548,287,2,0.006059 0,243,133,456,6,0.004396 216,161,262,331,2,0.003894 0,156,640,453,6,0.003683 591,233,620,316,2,0.001993 0,313,73,443,6,0.001977 157,205,274,287,6,0.001931 0,55,271,480,6,0.001795 236,215,272,286,2,0.001723 179,238,262,317,6,0.001638 276,215,361,272,6,0.001561 0,0,405,480,6,0.001407 12,226,231,480,6,0.001393 367,198,398,259,2,0.001226 459,219,501,279,2,0.001173 340,194,361,272,2,0.001119
/home/dysjin/data/CARLA.v20-carla_v20.coco/valid/112477_png.rf.ecf5d82849f8b68362ce65c8d2645a1c.jpg 340,235,367,309,2,0.251533 336,110,367,431,2,0.095375 337,213,364,279,2,0.003424 346,202,373,341,2,0.001902 324,229,396,329,2,0.001832
/home/dysjin/data/CARLA.v20-carla_v20.coco/valid/Town02_001980_png.rf.ee7206fcf98c96c61f2900b25e79ce20.jpg 301,185,353,323,0,0.165394 302,179,351,329,1,0.145359 293,102,357,380,1,0.056304 0,181,41,226,6,0.027651 304,58,347,380,0,0.024333 0,198,45,242,6,0.007388 286,0,366,380,0,0.003108 0,179,61,238,6,0.002073 281,182,349,356,6,0.001893 163,177,201,224,6,0.001630
/home/dysjin/data/CARLA.v20-carla_v20.coco/valid/026829_png.rf.e6f26e62f316568466a95ba7fd18d850.jpg 370,203,395,253,2,0.017811 344,210,360,258,2,0.011731 378,219,397,249,3,0.011690 68,214,105,284,2,0.009374 0,173,25,233,3,0.007658 548,200,572,293,2,0.007258 354,208,374,259,2,0.006634 42,218,81,281,2,0.006259 88,168,119,324,2,0.006108 93,184,123,274,2,0.004751 70,185,105,275,2,0.004549 74,150,110,342,2,0.003909 344,224,372,274,2,0.003837 92,214,123,285,2,0.003716 51,186,106,307,2,0.003679 380,180,397,239,2,0.002422 612,183,640,272,2,0.002295 0,182,28,268,2,0.001853 0,181,32,238,4,0.001757 366,147,399,266,2,0.001293 0,197,63,272,6,0.001136 3,227,69,271,6,0.001011
/home/dysjin/data/CARLA.v20-carla_v20.coco/valid/007076_png.rf.d635d979c35f5dd6da756ef9889aef0b.jpg 395,207,420,250,2,0.014601 388,208,425,247,6,0.006423 398,212,425,255,3,0.004051
/home/dysjin/data/CARLA.v20-carla_v20.coco/valid/112475_png.rf.df928fa484eb08e1454caacc1e194352.jpg 336,220,366,292,2,0.121905 326,183,356,333,2,0.053814 323,226,395,332,2,0.001820
/home/dysjin/data/CARLA.v20-carla_v20.coco/valid/Town02_006960_png.rf.eedfb90c1deb0d66a31341acd2e08f4f.jpg 575,199,640,263,6,0.080115 541,180,640,262,6,0.018169 0,151,31,211,6,0.015755 0,170,31,226,6,0.011269 595,174,640,236,6,0.011090 142,154,166,190,6,0.004106 142,152,176,205,2,0.002635 585,212,610,250,6,0.002110 263,179,351,221,6,0.001503 604,219,640,272,6,0.001281 105,158,168,194,6,0.001132 147,167,173,232,2,0.001003
/home/dysjin/data/CARLA.v20-carla_v20.coco/valid/Town05_010860_png.rf.f31c0584fff1474ad2b0f4132e874f7d.jpg 302,145,330,296,2,0.121583 311,172,342,238,2,0.044944 362,174,414,194,6,0.012263 283,175,352,280,2,0.004244 284,154,351,237,6,0.003391 350,173,376,196,6,0.002269 307,157,323,212,2,0.002205 343,170,360,199,2,0.001986 370,157,405,189,6,0.001868 370,129,394,182,2,0.001728 413,0,640,310,6,0.001058 341,169,362,199,6,0.001042
/home/dysjin/data/CARLA.v20-carla_v20.coco/valid/Town05_004800_png.rf.ee7c080c8716cb366969ca625bb6d68b.jpg 234,181,271,208,6,0.165296 220,171,266,200,6,0.025337 347,153,371,207,2,0.024836 529,166,591,202,6,0.015669 5,162,66,197,6,0.014620 403,172,446,197,6,0.005504 187,166,265,214,6,0.005400 0,165,107,204,6,0.004173 215,183,242,207,6,0.003986 225,160,298,217,6,0.003947 4,181,69,216,6,0.003624 364,152,393,206,2,0.002778 398,185,450,206,6,0.002562 499,162,559,196,6,0.002552 0,157,38,202,6,0.002515 353,173,373,216,6,0.002177 136,173,171,197,6,0.001302
/home/dysjin/data/CARLA.v20-carla_v20.coco/valid/Town05_009840_png.rf.f5040ce45ecca2822cb3b1b4ea8a6f61.jpg 291,194,377,257,6,0.550494 443,146,473,214,2,0.091244 185,154,492,287,6,0.033064 453,120,494,249,2,0.006552 461,166,490,230,2,0.005197 432,143,500,227,6,0.001959 200,170,229,198,6,0.001779 83,169,152,199,6,0.001658
/home/dysjin/data/CARLA.v20-carla_v20.coco/valid/041861_png.rf.f5f3812ca6c536c5c25bea3d596be111.jpg 303,224,324,294,0,0.032130 115,249,224,317,6,0.029619 303,192,324,326,2,0.023273 486,188,515,263,2,0.016671 386,204,428,253,6,0.010360 288,241,333,303,2,0.008569 184,226,237,282,6,0.008062 392,219,421,279,2,0.004996 484,130,512,314,2,0.004654 81,251,179,322,6,0.002672 402,202,455,253,6,0.002161 39,230,294,337,6,0.001571 311,243,344,304,2,0.001536
/home/dysjin/data/CARLA.v20-carla_v20.coco/valid/Town02_003120_png.rf.f36fecf8d2ee4965c1f3bddaaaad5f33.jpg 418,184,492,219,6,0.049637 378,187,435,218,6,0.016875 603,178,640,227,6,0.013787 399,194,426,223,6,0.012524 548,185,608,216,6,0.008669 612,194,640,256,6,0.008329 366,197,411,217,6,0.005822 355,163,543,230,6,0.005581 392,168,467,234,6,0.002678 612,217,634,248,6,0.002490 351,169,417,231,6,0.001804 456,179,499,226,6,0.001545 616,196,640,221,6,0.001470 623,233,640,257,6,0.001466 525,164,614,222,6,0.001202
/home/dysjin/data/CARLA.v20-carla_v20.coco/valid/003755_png.rf.f6343810071c5f5401b5697ef363285d.jpg 411,208,440,244,3,0.046929 398,207,427,245,2,0.005658 392,209,432,244,6,0.003789 420,0,452,75,2,0.003405
/home/dysjin/data/CARLA.v20-carla_v20.coco/valid/Town01_003300_png.rf.fae28071a74fa02928094ff14cdbb3aa.jpg 269,196,371,279,6,0.460988 156,177,498,290,6,0.070412 441,171,469,232,2,0.019046 507,161,623,218,6,0.017254 233,160,281,195,6,0.012451 43,170,77,232,2,0.011773 491,159,567,202,6,0.010209 0,156,41,201,6,0.010065 496,183,563,214,6,0.008790 117,90,535,374,6,0.006537 237,147,266,175,6,0.006336 156,180,227,213,6,0.006193 0,174,42,226,6,0.005885 19,142,55,215,2,0.005105 431,138,465,255,2,0.004629 17,168,58,232,2,0.003938 474,176,537,223,6,0.002253 40,145,78,215,2,0.002240 460,173,498,229,2,0.002199 563,176,640,223,6,0.001997 542,175,579,217,6,0.001728 30,110,58,258,2,0.001713 412,175,453,226,2,0.001685 173,160,266,211,6,0.001626 342,153,372,203,2,0.001270 343,166,381,202,6,0.001259 70,150,104,211,2,0.001092 527,106,629,202,6,0.001087 151,158,219,204,6,0.001076 419,163,454,229,6,0.001028
/home/dysjin/data/CARLA.v20-carla_v20.coco/valid/138255_png.rf.fbf65e3e930393318a8312fdaefcae24.jpg 46,196,83,310,2,0.290722 52,136,85,380,2,0.096779 54,220,83,321,2,0.055983 63,200,100,301,2,0.040682 45,173,81,290,2,0.023648 567,259,640,316,6,0.012651 194,194,224,268,2,0.012601 64,135,97,333,2,0.007861 189,153,218,317,2,0.005047 50,110,85,358,2,0.004292 40,230,75,312,2,0.003124 513,245,640,320,6,0.003025 42,139,73,353,2,0.002775 31,170,116,316,2,0.002661 36,210,105,340,2,0.002540 64,223,98,321,2,0.001994 67,165,92,279,2,0.001915 75,166,108,303,2,0.001835 547,257,615,299,6,0.001809 183,213,231,284,2,0.001253 70,156,111,360,2,0.001017
/home/dysjin/data/CARLA.v20-carla_v20.coco/valid/005373_png.rf.f68e0e113c5193c933cbee38c6a6bc2d.jpg 148,223,177,281,2,0.111216 151,184,180,309,2,0.030961 164,221,195,285,2,0.018956 146,233,163,281,2,0.009865 143,224,165,270,2,0.005862 166,172,190,344,2,0.004938 463,24,498,136,2,0.003221
/home/dysjin/data/CARLA.v20-carla_v20.coco/valid/001630_png.rf.ff5ced110f03f998a7a6998ddf647fd2.jpg 410,207,438,239,3,0.150231 414,206,441,246,2,0.034834
/home/dysjin/data/CARLA.v20-carla_v20.coco/valid/006662_png.rf.fa42143249c7b6a780238796639341d3.jpg 467,237,499,314,2,0.194782 145,192,173,259,2,0.177692 481,240,517,310,2,0.038015 142,135,165,308,2,0.031666 469,186,504,378,2,0.030142 250,197,277,260,2,0.028166 265,197,292,261,2,0.024262 146,167,174,250,2,0.014346 155,149,175,294,2,0.008719 125,196,153,257,2,0.008518 368,200,393,260,2,0.006165 0,183,23,270,2,0.005577 440,232,511,324,2,0.003855 26,170,52,235,2,0.003589 129,182,198,278,2,0.003050 453,203,494,290,2,0.002733 0,164,24,244,2,0.002293 46,174,72,233,2,0.001919 438,218,476,285,2,0.001631 486,203,532,340,2,0.001517 367,224,383,267,2,0.001345 233,184,304,281,2,0.001117 23,141,54,217,2,0.001012
/home/dysjin/data/CARLA.v20-carla_v20.coco/valid/Town05_004860_png.rf.f5c138159cbce172c63fa9a736f9c655.jpg 234,180,271,208,6,0.163059 219,171,266,199,6,0.027855 347,153,371,207,2,0.026344 528,166,592,202,6,0.016882 5,162,66,197,6,0.011526 188,166,265,214,6,0.006082 225,161,298,217,6,0.004722 403,172,446,197,6,0.004530 215,183,242,207,6,0.004272 0,165,103,204,6,0.003442 4,181,69,216,6,0.003300 499,162,559,197,6,0.003034 364,152,393,206,2,0.002698 399,185,449,206,6,0.002085 353,174,373,216,6,0.002011 0,157,38,202,6,0.001925 137,173,169,197,6,0.001234
/home/dysjin/data/CARLA.v20-carla_v20.coco/valid/Town01_008460_png.rf.03f3160d63f090b29499596ec3c8c4b5.jpg 70,201,148,249,6,0.273272 8,195,145,264,6,0.093724 521,195,622,274,6,0.034031 0,175,232,268,6,0.026694 419,198,481,217,6,0.025661 565,183,640,223,6,0.008437 15,159,137,238,6,0.008353 400,177,500,219,6,0.003635 173,158,244,200,6,0.003407 531,187,614,232,6,0.002564 0,200,82,263,6,0.002457 116,164,150,246,2,0.001996 546,176,640,292,6,0.001968 520,193,546,263,2,0.001885 438,182,482,213,6,0.001862 0,154,84,231,6,0.001496 214,179,257,219,6,0.001389 72,155,158,244,6,0.001375 0,120,123,300,6,0.001287 404,177,422,217,2,0.001242 176,184,243,215,6,0.001056 529,190,576,260,6,0.001056 370,181,393,222,2,0.001011
/home/dysjin/data/CARLA.v20-carla_v20.coco/valid/005508_png.rf.0ab3da1b4970047c9b42e5bbe5d4e6f1.jpg 89,203,128,308,2,0.186638 85,135,126,382,2,0.085280 25,218,58,287,2,0.023883 79,218,146,340,2,0.009167 39,215,75,291,2,0.007592 69,223,112,322,2,0.006883 442,252,479,354,2,0.006787 28,129,61,386,2,0.006537 36,188,117,306,2,0.004498 388,145,421,213,2,0.002478 22,231,59,314,2,0.002029 447,176,480,437,2,0.001622 89,167,127,299,2,0.001460 432,219,502,361,2,0.001354
/home/dysjin/data/CARLA.v20-carla_v20.coco/valid/Town01_006180_png.rf.089d25ecaf49fe28c7f3bf0c3614732b.jpg 315,176,341,227,2,0.042222 299,177,326,225,2,0.020728 120,155,140,239,2,0.013766 98,173,126,231,2,0.006881 130,163,151,230,2,0.006516 361,174,414,194,6,0.005249 442,109,516,147,6,0.003607 447,162,513,191,6,0.003029 106,144,129,248,2,0.002559 398,146,424,173,3,0.002279 82,161,103,232,2,0.002132 482,159,529,196,6,0.002075 120,146,149,217,2,0.001922 406,174,421,219,2,0.001537 392,157,422,200,6,0.001526 499,158,522,186,3,0.001460 363,159,388,185,6,0.001357 404,171,420,198,6,0.001135 363,150,387,170,6,0.001126 92,159,119,259,2,0.001112
/home/dysjin/data/CARLA.v20-carla_v20.coco/valid/Town02_008340_png.rf.044a76656e2e2fe428cd425926d9acbe.jpg 163,194,250,252,6,0.279518 83,186,323,256,6,0.124054 13,135,393,305,6,0.024990 546,185,611,220,6,0.009255 139,168,226,228,6,0.006239 136,181,232,278,6,0.001750 154,200,208,243,6,0.001422 263,173,290,197,6,0.001370 263,186,292,205,6,0.001300
/home/dysjin/data/CARLA.v20-carla_v20.coco/valid/075710_png.rf.0b62bb94157d1f2113ac6bbefe158022.jpg 167,247,248,302,6,0.102694 305,237,359,270,6,0.075775 0,192,194,479,6,0.057163 0,166,376,438,6,0.039502 119,235,285,308,6,0.034318 0,0,325,480,6,0.025941 0,120,640,480,6,0.009708 87,203,317,339,6,0.008759 235,220,277,288,2,0.006153 599,185,620,258,2,0.004863 353,204,372,263,2,0.004287 170,216,269,285,6,0.003694 489,220,516,283,2,0.003338 117,177,153,281,2,0.003124 25,215,239,388,6,0.002949 197,239,268,308,2,0.002943 336,221,373,278,2,0.001996 614,190,640,264,2,0.001801 584,163,619,290,2,0.001706 141,237,216,329,6,0.001324 0,127,26,229,2,0.001199 225,175,277,342,2,0.001051
/home/dysjin/data/CARLA.v20-carla_v20.coco/valid/041689_png.rf.0d648fbd58416a80b414e4503d51c42e.jpg 297,236,330,317,0,0.042032 284,219,356,342,0,0.011729 299,173,331,391,1,0.007472 300,152,330,389,2,0.004618 310,212,337,331,0,0.003073 307,185,341,359,6,0.001520
/home/dysjin/data/CARLA.v20-carla_v20.coco/valid/003751_png.rf.0ff9ef7c8c8e4f5eab52437609a3b501.jpg 395,209,421,247,3,0.012920 389,210,425,245,6,0.008676 413,0,447,84,2,0.001821 393,0,421,79,2,0.001266
/home/dysjin/data/CARLA.v20-carla_v20.coco/valid/Town02_008820_png.rf.135414697b8215dc125af6b125d3058c.jpg 263,221,381,344,6,0.521718 242,23,412,380,6,0.152555 540,178,620,224,6,0.099364 0,115,640,380,6,0.063730 215,190,424,378,6,0.029012 499,185,560,215,6,0.028880 445,184,514,214,6,0.016735 386,179,429,221,6,0.015003 141,161,164,207,3,0.012556 142,153,170,206,2,0.009461 479,158,640,236,6,0.008734 428,180,483,219,6,0.008426 408,179,441,215,6,0.007133 124,147,155,212,2,0.006786 438,159,522,203,6,0.006223 526,152,632,212,6,0.005178 379,164,458,215,6,0.003030 513,165,595,235,6,0.002807 396,170,430,201,6,0.002518 269,172,310,196,6,0.002433 0,0,640,380,6,0.001966 128,151,157,243,2,0.001950 0,132,24,225,2,0.001632 150,0,481,380,6,0.001618 0,166,24,238,0,0.001598 142,163,166,226,2,0.001358 467,167,541,229,6,0.001292 493,158,565,205,6,0.001144 0,167,30,237,6,0.001049
/home/dysjin/data/CARLA.v20-carla_v20.coco/valid/006664_png.rf.1466f666c872e94bac27eba56bbdfb5b.jpg 487,234,521,319,2,0.310630 144,192,172,258,2,0.156394 479,183,520,382,2,0.039183 130,179,155,264,2,0.037973 141,135,166,309,2,0.032870 249,196,277,261,2,0.021353 265,196,292,263,2,0.019520 451,198,472,270,2,0.016582 463,206,500,300,2,0.015133 145,167,173,250,2,0.014164 153,145,175,298,2,0.011011 497,237,550,314,2,0.005675 1,168,23,236,2,0.005006 495,170,551,373,2,0.004883 369,200,393,260,2,0.004663 25,171,52,234,2,0.004171 21,139,52,218,2,0.002525 128,182,198,278,2,0.002230 477,242,501,323,2,0.002119 35,152,50,265,2,0.002073 462,201,485,267,2,0.001979 441,204,460,263,2,0.001956 368,225,383,266,2,0.001560 0,137,28,218,2,0.001439 120,192,141,251,2,0.001379 259,216,275,276,2,0.001368 435,218,477,279,2,0.001251 0,129,38,180,6,0.001067
/home/dysjin/data/CARLA.v20-carla_v20.coco/valid/014570_png.rf.1235b2ca71c181a49fda1bb53eaa19cd.jpg 437,222,465,286,2,0.177262 436,171,461,346,2,0.067959 291,230,340,265,6,0.012128 77,232,143,267,6,0.006273 421,224,452,282,2,0.004356 116,191,150,268,2,0.003557 15,219,171,274,6,0.001570 545,282,607,320,6,0.001060
/home/dysjin/data/CARLA.v20-carla_v20.coco/valid/112550_png.rf.1ca2fa82e03653536df85cf5faf5753c.jpg 516,220,548,331,2,0.030539 418,194,442,259,2,0.004674
/home/dysjin/data/CARLA.v20-carla_v20.coco/valid/Town02_000780_png.rf.16d5987bcdc7d08470c1b3e757e128e5.jpg 301,181,356,323,0,0.282582 301,154,356,351,1,0.256974 303,21,350,380,0,0.040029 600,176,640,225,6,0.010894 448,170,477,224,6,0.005200 281,0,373,380,0,0.004405 281,184,298,206,6,0.003358 68,177,117,216,6,0.002579 291,84,363,380,6,0.001918 463,176,489,229,0,0.001516 367,171,385,199,6,0.001434 370,184,382,205,6,0.001016
/home/dysjin/data/CARLA.v20-carla_v20.coco/valid/Town02_001500_png.rf.1e8a22666698f8954863a9939bc59942.jpg 185,178,227,224,6,0.023864 521,175,634,274,6,0.019341 475,120,640,285,6,0.010671 159,167,217,232,6,0.004045 174,158,254,221,6,0.003989 339,153,375,201,6,0.001756 171,190,215,221,6,0.001687 342,147,383,174,6,0.001254 94,147,122,210,2,0.001001
/home/dysjin/data/CARLA.v20-carla_v20.coco/valid/Town05_004620_png.rf.0e4a190ca586e0e90df6b90be2c83f5b.jpg 397,183,460,214,6,0.170119 381,165,469,206,6,0.035189 390,183,414,209,6,0.013508 341,172,363,198,6,0.006982 256,175,273,192,6,0.004689 575,205,635,246,6,0.003894 276,170,304,198,6,0.003289 609,198,640,253,6,0.002660 219,153,246,205,2,0.002584 455,171,470,198,6,0.002054 484,158,525,200,6,0.002029 471,167,502,201,6,0.001873 463,172,483,196,6,0.001845 432,159,479,201,6,0.001808 601,174,640,233,6,0.001724 343,176,370,223,2,0.001584 241,159,279,198,6,0.001565 215,167,239,203,6,0.001371 219,184,236,205,6,0.001367 383,167,419,203,6,0.001328 517,169,531,200,3,0.001270 413,159,509,217,6,0.001151 399,192,427,221,6,0.001019
/home/dysjin/data/CARLA.v20-carla_v20.coco/valid/006578_png.rf.21f08e8ed63ab67b3ef05528af8ef9e6.jpg 257,235,298,256,6,0.161872 344,189,372,270,2,0.054249 390,214,422,291,2,0.033382 364,217,396,281,2,0.025585 412,234,445,316,2,0.006674 258,220,305,276,6,0.005907 335,192,404,284,2,0.005192 523,231,546,311,2,0.002538 47,219,76,281,2,0.002304 398,181,426,336,2,0.002119 379,225,453,332,2,0.001503 43,186,69,283,2,0.001410 263,242,291,270,6,0.001377 475,227,497,315,2,0.001251 65,207,95,286,2,0.001213 353,225,373,289,2,0.001159 437,240,470,311,2,0.001081
/home/dysjin/data/CARLA.v20-carla_v20.coco/valid/Town01_004320_png.rf.1f6552094735eb0bd49b614b7e584c58.jpg 260,187,382,295,6,0.498630 224,69,430,380,6,0.086546 0,120,640,374,6,0.032695 129,152,503,317,6,0.008755 210,158,255,196,6,0.006237 238,155,281,198,6,0.005398 216,160,237,185,6,0.005380 237,134,285,175,6,0.002859 131,108,188,149,6,0.002648 180,155,266,209,6,0.002145 134,130,189,171,6,0.002097 214,172,239,193,6,0.002044 79,134,138,168,6,0.002012 24,0,631,380,6,0.001711 264,133,295,176,6,0.001613 336,138,366,182,6,0.001481 595,220,640,277,6,0.001417
/home/dysjin/data/CARLA.v20-carla_v20.coco/valid/Town02_006720_png.rf.2632fd4f3d65ff215e84d472badfd870.jpg 571,177,640,225,6,0.120709 263,181,293,212,6,0.021479 476,183,532,219,6,0.009572 546,167,640,227,6,0.008754 400,182,449,211,6,0.007215 0,167,24,236,2,0.006985 42,173,78,232,2,0.004934 17,171,58,233,2,0.004859 0,143,22,215,2,0.003520 279,172,323,197,6,0.002754 260,168,303,230,6,0.001781 144,174,176,228,2,0.001754 499,159,557,202,6,0.001731 601,185,640,230,6,0.001711 70,174,99,231,2,0.001707 25,128,63,289,2,0.001692 379,165,458,215,6,0.001633 524,160,617,223,6,0.001619 144,143,176,217,2,0.001488 342,178,370,224,2,0.001244 440,178,469,226,2,0.001134 453,179,509,224,6,0.001119 592,151,640,210,6,0.001091
/home/dysjin/data/CARLA.v20-carla_v20.coco/valid/Town05_006900_png.rf.2eaa1f5f6de8c6bffcd968f78f2f53b4.jpg 240,171,267,233,2,0.068469 224,172,256,232,2,0.008053 235,119,272,246,2,0.001228
/home/dysjin/data/CARLA.v20-carla_v20.coco/valid/005482_png.rf.1eef94cb1d26525ab4b64d28fc9be58d.jpg 0,221,30,329,2,0.256579 0,143,38,398,2,0.075709 0,192,33,318,2,0.069452 43,211,81,290,2,0.043835 0,184,23,381,2,0.027526 65,204,93,288,2,0.025355 13,230,53,315,2,0.019495 39,179,71,338,2,0.013080 0,234,30,361,2,0.010947 6,206,63,301,2,0.010088 442,251,478,354,2,0.009546 32,182,104,300,2,0.005440 66,124,94,345,2,0.005309 42,229,66,311,2,0.004736 392,159,421,244,2,0.003940 2,59,59,480,2,0.003074 21,148,65,394,2,0.002623 453,226,495,380,2,0.002225 0,176,25,286,2,0.002013 447,172,480,441,2,0.001941 50,163,86,353,2,0.001818 41,185,70,285,2,0.001351
/home/dysjin/data/CARLA.v20-carla_v20.coco/valid/138251_png.rf.2622df013f55b1f57387212b95c87241.jpg 71,202,105,298,2,0.292456 192,208,222,286,2,0.189977 200,163,230,306,2,0.062495 187,139,219,353,2,0.051715 78,156,105,312,2,0.049079 69,149,95,343,2,0.032149 76,72,108,420,2,0.027726 178,158,205,310,2,0.024289 45,180,116,301,2,0.021074 88,210,122,290,2,0.018769 167,210,209,286,2,0.004335 1,212,25,293,2,0.003428 86,162,123,354,2,0.003404 78,219,107,322,2,0.003289 188,179,218,266,2,0.002227 168,191,188,275,2,0.001883 7,198,30,319,2,0.001713 212,194,242,297,2,0.001560 85,169,125,294,2,0.001472 612,334,640,418,2,0.001264 96,184,136,309,2,0.001084
/home/dysjin/data/CARLA.v20-carla_v20.coco/valid/007070_png.rf.2316a0a54db7e4a749f421570aadd160.jpg 169,195,200,261,2,0.002575 386,217,410,252,3,0.002460 386,219,410,249,2,0.001945 390,212,415,287,2,0.001817 379,214,402,254,4,0.001812 371,214,398,286,2,0.001582
/home/dysjin/data/CARLA.v20-carla_v20.coco/valid/Town05_010920_png.rf.2325292b5e147dc41c10fe128f6256f9.jpg 309,188,351,311,2,0.290444 294,186,330,310,2,0.148744 305,98,346,380,2,0.091330 280,159,368,322,2,0.022050 332,205,371,297,2,0.011808 598,252,621,360,2,0.007834 327,125,373,367,2,0.002899 308,154,347,259,0,0.002230 287,127,336,284,2,0.001886
/home/dysjin/data/CARLA.v20-carla_v20.coco/valid/Town01_006420_png.rf.2b897cd6227874bc930ae1c7e17e3b3b.jpg 95,171,121,229,2,0.043212 2,167,25,239,2,0.026715 96,135,112,258,2,0.018771 83,162,103,232,2,0.017318 594,172,640,228,6,0.016843 305,170,327,222,6,0.013118 315,178,342,223,2,0.011241 115,157,156,201,6,0.005818 94,151,126,212,2,0.004596 133,160,151,232,2,0.004569 18,174,51,231,2,0.004315 0,150,20,267,2,0.004286 1,190,24,256,2,0.004018 131,161,153,206,2,0.003380 105,161,128,231,2,0.003329 565,149,640,243,6,0.002782 146,166,161,226,2,0.002287 0,147,25,213,2,0.001548 66,191,95,225,2,0.001498 119,164,141,228,2,0.001450 571,152,640,209,6,0.001441 47,193,90,224,6,0.001207 82,151,156,225,6,0.001205 1,167,33,203,6,0.001180 231,162,286,195,6,0.001062
/home/dysjin/data/CARLA.v20-carla_v20.coco/valid/Town05_006780_png.rf.253c814d6e368b92a888141244ca1a16.jpg 167,187,210,263,6,0.101374 183,186,221,262,2,0.022069 344,171,361,198,6,0.008797 366,174,409,194,6,0.008400 171,158,207,256,2,0.008057 353,172,373,198,6,0.005191 345,177,369,222,2,0.004274 175,140,227,303,2,0.002766 331,158,405,213,6,0.002134 394,146,431,173,6,0.001740 515,244,529,297,2,0.001477 338,179,375,219,6,0.001458
/home/dysjin/data/CARLA.v20-carla_v20.coco/valid/Town01_008280_png.rf.2f69ce357d9638b109b359e31c238ab4.jpg 514,201,627,271,6,0.208167 422,200,525,243,6,0.136129 492,181,640,310,6,0.047868 274,183,304,208,6,0.022746 422,186,491,228,6,0.021882 269,170,311,199,6,0.018869 400,193,447,225,6,0.015456 229,163,289,195,6,0.009541 428,204,475,237,6,0.009426 0,184,37,219,6,0.008192 563,180,640,227,6,0.007022 382,191,419,225,6,0.005460 277,184,336,213,6,0.004769 381,174,466,220,6,0.004753 317,179,335,214,6,0.004313 344,176,371,224,2,0.004231 455,192,516,228,6,0.004034 379,187,396,230,6,0.003796 460,200,576,262,6,0.003521 514,190,582,228,6,0.003278 518,169,620,231,6,0.002704 367,181,397,224,2,0.002649 316,178,348,220,2,0.002436 315,164,360,205,6,0.002242 400,121,640,367,6,0.002142 282,161,334,202,6,0.002140 255,152,312,211,6,0.001793 342,170,361,198,6,0.001726 120,172,146,229,2,0.001626 2,182,66,221,6,0.001539 390,182,435,214,6,0.001238 353,171,371,199,6,0.001206 375,198,471,255,6,0.001157 192,172,212,220,2,0.001139 604,193,640,257,6,0.001127 353,169,371,200,2,0.001116 360,182,403,221,6,0.001066 465,167,570,226,6,0.001011
/home/dysjin/data/CARLA.v20-carla_v20.coco/valid/Town01_005100_png.rf.262bb9c3104b14f5fb633de3dafd0a52.jpg 599,175,640,230,6,0.020649 329,184,345,212,6,0.010041 607,185,640,263,2,0.008347 311,188,355,217,6,0.005656 21,181,101,220,6,0.004963 479,175,495,217,2,0.003224 573,176,621,217,6,0.002642 0,161,72,216,6,0.002451 372,159,400,186,3,0.001973 0,155,29,203,6,0.001893 489,177,515,224,2,0.001870 571,158,640,258,6,0.001579 586,189,629,256,2,0.001543 304,197,325,217,6,0.001319
/home/dysjin/data/CARLA.v20-carla_v20.coco/valid/Town01_011940_png.rf.2554f5ab3ce2122d2ef300838472450f.jpg 200,180,269,231,6,0.317122 562,193,609,223,6,0.064299 137,167,342,249,6,0.040466 11,2,139,75,6,0.035390 570,205,640,264,6,0.024960 0,1,72,56,6,0.016625 530,166,617,225,6,0.013874 570,178,633,227,6,0.008855 180,194,273,256,6,0.006017 582,225,632,273,6,0.005861 549,202,612,241,6,0.004188 390,181,421,222,6,0.003854 42,154,68,264,2,0.003457 550,178,597,216,6,0.003393 220,164,300,232,6,0.003231 603,174,640,227,6,0.003102 377,160,462,213,6,0.002986 142,167,176,240,2,0.002882 405,156,503,198,6,0.002546 46,191,63,249,2,0.002531 26,0,133,185,6,0.002403 333,187,346,205,6,0.001466 0,0,166,127,6,0.001439 335,184,364,208,6,0.001403 0,0,88,89,6,0.001299 170,173,237,244,6,0.001187 604,167,638,203,3,0.001153 471,160,558,217,6,0.001123 45,0,114,54,6,0.001063 412,181,463,211,6,0.001053 142,195,175,253,2,0.001004
/home/dysjin/data/CARLA.v20-carla_v20.coco/valid/041684_png.rf.2f70db5ab75442cd11fffa13a776ae97.jpg 310,235,344,319,0,0.045587 296,235,331,317,2,0.027870 285,219,357,342,0,0.011383 302,236,329,305,0,0.008671 302,228,329,314,1,0.006410 309,173,338,371,6,0.002780 305,178,342,384,1,0.001078
/home/dysjin/data/CARLA.v20-carla_v20.coco/valid/Town05_010980_png.rf.2071755951cd753466eb2cc53fd2fe0c.jpg 292,160,334,293,2,0.066164 279,134,356,336,0,0.020242 304,161,348,294,0,0.012222 293,6,337,380,2,0.003349 600,153,640,204,6,0.002547 167,127,384,353,6,0.001238 288,97,342,322,6,0.001077
/home/dysjin/data/CARLA.v20-carla_v20.coco/valid/112459_png.rf.33bdc5bd58f0f631808a95c4ceb9a78f.jpg 292,234,318,311,2,0.189281 289,140,316,402,2,0.070227 289,219,314,274,2,0.005765
/home/dysjin/data/CARLA.v20-carla_v20.coco/valid/041653_png.rf.31aa86a50239c7e6cbc52c66846dac06.jpg 297,238,329,313,2,0.090264 303,164,328,377,2,0.018424 307,231,347,321,0,0.010165 284,221,355,338,2,0.006471 304,249,328,313,0,0.006424
/home/dysjin/data/CARLA.v20-carla_v20.coco/valid/041819_png.rf.374472e0a0868df264a4100cb7734e35.jpg 101,241,132,308,2,0.035980 116,240,144,309,2,0.023068 108,236,131,306,0,0.014135 108,187,131,355,2,0.012348 116,183,142,336,2,0.001629 86,224,158,335,2,0.001545 242,222,272,281,2,0.001250 4,233,70,269,6,0.001239 113,210,149,304,0,0.001120
/home/dysjin/data/CARLA.v20-carla_v20.coco/valid/Town05_010800_png.rf.3489607b659edfbc485537135e06f34b.jpg 302,160,331,281,2,0.050613 311,188,342,259,2,0.032472 0,141,125,311,6,0.002202 283,152,351,241,6,0.001695 3,0,115,201,6,0.001455 315,171,335,222,2,0.001232
/home/dysjin/data/CARLA.v20-carla_v20.coco/valid/Town02_001080_png.rf.2d29b90fb99ccf7727caeaa1914436b4.jpg 302,183,356,322,0,0.283503 103,189,239,278,6,0.281590 302,159,355,346,1,0.251092 15,168,309,286,6,0.102260 303,24,350,380,0,0.040604 276,185,301,206,6,0.036364 96,85,259,358,6,0.017763 600,175,640,225,6,0.008966 0,220,83,352,6,0.008436 449,175,476,218,6,0.005250 282,0,372,380,0,0.004619 236,159,317,219,6,0.001629 463,176,489,229,0,0.001566 292,96,361,372,6,0.001540 367,171,385,199,6,0.001540 0,178,122,380,6,0.001340 263,165,295,206,6,0.001334 0,198,81,292,6,0.001152 370,185,382,204,6,0.001150
/home/dysjin/data/CARLA.v20-carla_v20.coco/valid/Town02_005700_png.rf.39e8547ff43ddaa06ed2b24f114c8a27.jpg 243,200,400,367,6,0.372005 109,168,550,380,6,0.134936 454,184,471,234,0,0.013389 517,182,590,215,6,0.008665 481,158,578,203,6,0.008487 447,180,472,229,2,0.007046 47,155,122,197,6,0.005060 175,0,479,380,6,0.004612 281,185,297,206,6,0.002984 75,160,171,215,6,0.002288 0,0,640,380,6,0.002209 439,180,478,227,6,0.002190 217,21,414,380,6,0.002187 103,182,166,217,6,0.001961 144,150,180,209,6,0.001521 495,181,553,210,6,0.001378 459,175,494,228,6,0.001343 146,172,178,228,2,0.001243 21,123,118,198,6,0.001061
/home/dysjin/data/CARLA.v20-carla_v20.coco/valid/Town02_002040_png.rf.3d0fd4b3b3749ac8ebdf480959eb8e66.jpg 302,188,353,320,0,0.183359 304,183,350,325,1,0.167333 0,173,121,329,6,0.082602 295,111,355,380,1,0.065029 266,182,303,220,6,0.064331 278,183,333,221,6,0.032157 304,74,347,380,0,0.030881 0,39,169,380,6,0.006551 0,131,222,327,6,0.004828 0,222,95,344,6,0.004746 265,196,290,216,6,0.004063 242,162,311,218,6,0.003853 288,0,364,380,0,0.003818 0,101,361,380,6,0.002699 284,185,347,353,6,0.002096 287,154,335,301,0,0.001472 112,171,162,232,6,0.001363 0,202,174,380,6,0.001352 283,153,336,303,1,0.001218
/home/dysjin/data/CARLA.v20-carla_v20.coco/valid/075707_png.rf.2ff4a82560cfe658387e361a6cc43ef0.jpg 305,237,360,270,6,0.097916 167,247,248,303,6,0.066778 0,193,193,477,6,0.057025 0,167,369,437,6,0.035685 0,4,272,480,6,0.030141 122,235,283,309,6,0.025900 0,122,640,480,6,0.012237 353,203,372,264,2,0.007917 599,185,620,258,2,0.005235 234,220,277,286,2,0.004886 337,220,372,279,2,0.003669 201,224,269,285,6,0.003571 30,217,233,385,6,0.003230 490,220,517,283,2,0.002545 614,190,640,264,2,0.001938 365,199,396,257,2,0.001482 584,162,619,290,2,0.001481 116,177,154,280,2,0.001349 0,127,26,229,2,0.001343 0,134,225,372,6,0.001201 388,194,413,248,2,0.001035
/home/dysjin/data/CARLA.v20-carla_v20.coco/valid/138320_png.rf.332f3bdf3abffc7dd973858c3061b801.jpg 51,210,80,288,2,0.200505 65,182,99,278,2,0.066783 66,206,96,291,2,0.058973 47,180,82,282,2,0.051873 54,92,82,399,2,0.050500 0,213,23,294,2,0.019755 66,101,93,367,2,0.009743 0,234,22,314,2,0.008392 46,182,69,310,2,0.005267 65,169,93,346,2,0.003596 74,156,106,311,2,0.003297 0,177,19,341,2,0.003252 5,190,31,328,2,0.001761 73,212,109,303,2,0.001032
/home/dysjin/data/CARLA.v20-carla_v20.coco/valid/003766_png.rf.3dbe103da1003d1fb3bd18ad0d0894b4.jpg 461,197,504,251,3,0.269611 432,178,539,266,3,0.257718 454,203,500,242,4,0.006854 465,192,544,268,6,0.001236
/home/dysjin/data/CARLA.v20-carla_v20.coco/valid/121245_png.rf.3c6765f574e34bb200e320d55fc2ffe7.jpg 272,248,369,332,6,0.372428 171,236,482,333,6,0.025224 487,223,520,278,2,0.017080 496,188,524,305,2,0.011688 252,216,403,378,6,0.008035 525,254,585,294,6,0.006691 113,168,539,399,6,0.003544 508,220,550,281,2,0.003140 530,219,580,288,2,0.002951
/home/dysjin/data/CARLA.v20-carla_v20.coco/valid/Town05_011040_png.rf.3f658b3c60547a5478cb61d6b76eb55c.jpg 367,150,387,219,2,0.005875 306,152,325,217,2,0.005204 312,176,344,223,2,0.002595 607,154,640,204,6,0.001785 283,150,356,222,6,0.001286 346,165,383,205,6,0.001174 326,183,390,214,6,0.001138
/home/dysjin/data/CARLA.v20-carla_v20.coco/valid/Town02_004920_png.rf.3cdedb8ebbe317a63567ec577e3789a8.jpg 303,172,329,244,0,0.102688 309,143,339,275,0,0.018883 286,157,351,240,6,0.005023 284,182,355,275,0,0.003070 301,161,328,233,6,0.002727
/home/dysjin/data/CARLA.v20-carla_v20.coco/valid/Town05_002760_png.rf.41faa57cc70298c90c62fe9f6a3f08c9.jpg 368,147,385,173,3,0.010488 369,158,396,196,3,0.008578 381,187,395,203,6,0.002840 376,173,400,197,6,0.001922 373,140,400,179,3,0.001918 390,187,409,205,6,0.001826 402,185,423,208,6,0.001251 0,155,31,202,6,0.001143 364,170,388,199,6,0.001004
/home/dysjin/data/CARLA.v20-carla_v20.coco/valid/Town02_001740_png.rf.4072bb166a4df4f9403df039e28a73f3.jpg 301,185,353,323,0,0.166248 302,178,351,329,1,0.146076 292,100,358,380,1,0.055965 304,53,347,380,0,0.023944 286,0,366,380,0,0.003037 281,181,350,358,6,0.001922
/home/dysjin/data/CARLA.v20-carla_v20.coco/valid/026849_png.rf.52e90800c02b90489d2521817c6942f7.jpg 419,205,454,240,3,0.322461 16,213,55,288,2,0.002706 388,159,411,235,2,0.002577 1,214,25,288,2,0.001514 17,180,57,276,2,0.001189 23,150,62,342,2,0.001050
/home/dysjin/data/CARLA.v20-carla_v20.coco/valid/Town02_001560_png.rf.44c7e46d6d34263ac9f429ccb2cd2655.jpg 70,178,99,226,2,0.060461 64,181,105,223,6,0.025007 0,151,28,206,2,0.002964 40,164,113,224,6,0.002841 58,178,81,216,6,0.002822 0,152,34,204,6,0.001982
/home/dysjin/data/CARLA.v20-carla_v20.coco/valid/Town02_003420_png.rf.4347a7bee8aec9f5c84eb5295856f9a9.jpg 330,186,385,230,6,0.213676 303,182,421,238,6,0.071550 17,174,107,234,6,0.063004 0,171,196,247,6,0.005825 14,191,122,266,6,0.004890 547,184,608,217,6,0.002833 281,166,375,224,6,0.002339 325,191,357,248,6,0.001914 286,197,373,262,6,0.001313 622,233,640,258,6,0.001064 0,129,243,286,6,0.001055
/home/dysjin/data/CARLA.v20-carla_v20.coco/valid/Town01_006060_png.rf.3d76b002da6076434f028293d0c4a498.jpg 297,184,330,273,2,0.214904 307,158,343,307,2,0.038425 293,85,338,380,2,0.027743 407,187,457,221,6,0.007109 160,203,196,237,6,0.002563 568,122,640,184,6,0.001525 156,169,201,250,6,0.001327 0,199,40,242,6,0.001206 281,168,361,302,0,0.001117
/home/dysjin/data/CARLA.v20-carla_v20.coco/valid/Town02_007800_png.rf.4e6520c0e9dd39a93f5048a2caea0283.jpg 330,183,431,228,6,0.116325 320,194,358,224,6,0.042705 316,196,427,255,6,0.026114 373,205,439,240,6,0.016595 242,170,509,247,6,0.013621 609,193,640,260,6,0.010082 309,171,322,196,3,0.005262 288,168,365,219,6,0.003174 599,171,640,236,6,0.002421 322,204,379,235,6,0.001649 297,162,326,199,6,0.001609 305,159,324,187,3,0.001408 314,180,339,214,6,0.001368 323,180,379,215,6,0.001354 574,177,635,224,6,0.001282 308,186,324,206,6,0.001192 282,188,296,202,6,0.001174 404,188,442,232,6,0.001010
/home/dysjin/data/CARLA.v20-carla_v20.coco/valid/Town01_001860_png.rf.53e5db5983ad00d8986ebdc44e1e76ef.jpg 192,171,446,380,6,0.385888 2,158,72,204,6,0.124453 0,153,640,380,6,0.076116 0,179,76,216,6,0.065131 43,0,622,380,6,0.048941 145,147,169,213,2,0.042002 135,157,151,211,2,0.035194 38,177,82,220,6,0.028971 145,0,468,380,6,0.019536 479,179,519,215,6,0.018551 145,171,164,222,2,0.018195 78,164,141,192,6,0.014669 0,45,640,380,6,0.012253 419,164,518,213,6,0.011106 35,159,76,211,3,0.010228 0,144,100,223,6,0.010191 136,165,150,226,2,0.010061 0,97,640,380,6,0.007430 117,155,159,202,2,0.005696 295,184,335,208,6,0.005002 5,171,34,222,6,0.004915 31,150,88,213,6,0.004833 0,157,34,205,6,0.004195 157,161,199,182,6,0.003964 213,158,253,196,6,0.003062 69,159,115,186,6,0.002247 191,160,230,195,6,0.002242 449,167,497,202,6,0.002203 87,157,163,213,6,0.002044 477,159,529,204,6,0.001653 44,190,69,224,6,0.001648 73,169,112,199,6,0.001613 212,209,428,380,6,0.001487 156,143,175,199,2,0.001424 160,170,197,198,6,0.001377 133,151,204,217,6,0.001338 107,185,127,204,6,0.001120 309,183,352,218,6,0.001101 390,158,473,200,6,0.001057
/home/dysjin/data/CARLA.v20-carla_v20.coco/valid/Town01_006120_png.rf.405fede50ad311216cb9943968a5cdf5.jpg 317,176,343,227,2,0.050118 146,151,170,206,2,0.007970 0,188,30,269,2,0.003701 356,158,372,210,2,0.003097 0,210,38,281,6,0.002814 11,189,59,268,2,0.002809 384,159,429,197,6,0.002558 0,196,66,275,6,0.002405 342,173,372,226,2,0.002378 406,171,443,197,6,0.002105 45,207,113,261,6,0.001649 96,197,125,255,2,0.001585 99,174,123,237,2,0.001536 39,198,84,258,2,0.001153 312,144,350,219,2,0.001144 62,198,109,257,2,0.001115 366,164,383,204,2,0.001094 368,166,407,203,6,0.001054 157,158,175,210,2,0.001014
/home/dysjin/data/CARLA.v20-carla_v20.coco/valid/041864_png.rf.51f1d81198f2e5b7a450f586235760ec.jpg 301,226,327,291,0,0.072952 300,215,330,327,2,0.016806 490,164,520,248,2,0.007106 182,225,237,280,6,0.002937 1,112,247,370,6,0.001543 561,180,640,299,6,0.001529 570,233,640,338,6,0.001426 63,216,206,338,6,0.001401 311,241,343,305,2,0.001226 518,143,640,264,6,0.001126
/home/dysjin/data/CARLA.v20-carla_v20.coco/valid/Town01_012060_png.rf.58e57e1a7e8d4f630323ae1827ca68bc.jpg 551,185,610,223,6,0.058180 12,3,138,73,6,0.029840 0,1,70,55,6,0.020829 570,204,640,265,6,0.018314 43,153,68,265,2,0.008947 566,165,640,228,6,0.007860 46,190,63,251,2,0.006038 406,156,503,200,6,0.005061 582,225,632,273,6,0.004381 548,202,612,242,6,0.003800 396,183,464,216,6,0.003281 76,0,141,63,6,0.003086 390,181,421,222,6,0.002808 17,171,59,236,2,0.002178 215,181,241,212,6,0.002149 473,185,534,215,6,0.002017 531,179,581,229,6,0.002009 31,0,128,170,6,0.001826 271,188,283,203,6,0.001785 269,175,286,195,6,0.001664 192,173,229,230,6,0.001598 333,186,346,206,6,0.001560 0,0,87,89,6,0.001526 16,193,60,253,2,0.001396 469,163,560,218,6,0.001330 0,178,42,225,6,0.001286 47,0,112,52,6,0.001240 191,158,229,201,6,0.001194 225,184,253,208,6,0.001135 604,167,638,204,3,0.001119
/home/dysjin/data/CARLA.v20-carla_v20.coco/valid/009044_png.rf.59d4a83882b4b6af242cbd9e0e31ba80.jpg 490,265,515,334,2,0.030787 121,214,153,288,2,0.026473 143,185,174,273,2,0.012772 0,208,22,291,2,0.012042 124,160,160,332,2,0.011369 0,182,24,274,2,0.009016 140,210,172,289,2,0.007421 119,184,155,278,2,0.003115 70,182,101,274,2,0.002595 343,201,369,254,2,0.002554 0,163,25,246,2,0.001968 127,184,201,286,2,0.001868 484,212,519,349,2,0.001785 111,189,146,303,2,0.001693 168,193,199,260,2,0.001280 0,193,17,251,2,0.001270 45,198,89,295,2,0.001150 328,197,348,246,2,0.001083
/home/dysjin/data/CARLA.v20-carla_v20.coco/valid/Town02_002520_png.rf.55f8a7c01a8e4b86c99a794d7b61cd5d.jpg 207,179,436,380,6,0.333384 175,179,237,232,6,0.152373 57,168,609,335,6,0.135207 131,168,274,250,6,0.079324 299,177,404,330,6,0.070361 287,16,415,380,6,0.027930 157,0,459,380,6,0.016651 159,199,221,243,6,0.012760 0,86,640,380,6,0.007256 139,170,168,198,3,0.005515 139,171,168,197,6,0.004730 207,137,260,173,6,0.003479 212,155,352,323,6,0.003267 171,144,247,218,6,0.001288 200,151,267,203,6,0.001124 211,207,426,380,6,0.001118 28,178,96,222,6,0.001076 71,174,98,228,2,0.001066
/home/dysjin/data/CARLA.v20-carla_v20.coco/valid/Town02_008760_png.rf.5bfb07b6a5fbe6700b4b9c150b9c6576.jpg 264,221,380,344,6,0.513248 243,37,411,380,6,0.151713 0,120,640,380,6,0.062828 215,191,425,378,6,0.027113 497,185,559,215,6,0.012398 446,184,513,214,6,0.011791 269,181,287,209,6,0.010657 141,160,165,208,3,0.010067 386,179,429,221,6,0.009645 142,152,170,207,2,0.009586 428,180,483,219,6,0.008181 544,181,613,219,6,0.007738 124,146,155,212,2,0.006667 408,178,440,216,6,0.005012 556,164,640,206,6,0.004580 437,159,522,203,6,0.003265 280,179,296,213,6,0.002818 280,172,323,196,6,0.002707 379,163,458,215,6,0.002203 263,180,302,219,6,0.002136 0,0,640,380,6,0.001968 0,132,24,226,2,0.001726 466,167,542,229,6,0.001638 396,169,430,201,6,0.001632 0,165,24,238,0,0.001582 498,166,640,225,6,0.001522 128,148,158,245,2,0.001495 270,158,297,206,6,0.001330 148,0,483,380,6,0.001325 142,163,166,227,2,0.001028
/home/dysjin/data/CARLA.v20-carla_v20.coco/valid/Town01_008100_png.rf.5942043a53e2ea3c62572bf7029ed896.jpg 503,178,543,191,6,0.087175 386,189,413,207,6,0.023009 390,197,408,219,6,0.016420 199,173,234,195,6,0.015970 563,173,607,196,6,0.014533 402,186,446,206,6,0.010191 570,164,636,195,6,0.008385 602,172,640,197,6,0.007603 371,181,397,222,2,0.005942 448,177,478,192,6,0.004618 205,164,260,196,6,0.004496 556,183,590,207,6,0.004382 95,181,139,212,6,0.004302 512,164,545,199,6,0.003904 467,174,481,193,6,0.003747 282,182,299,210,6,0.003458 378,182,400,213,6,0.003088 151,173,182,197,6,0.002939 434,186,465,207,6,0.002395 215,183,240,208,6,0.002382 344,180,370,221,2,0.002365 511,183,536,207,6,0.002244 317,173,336,195,6,0.002034 466,183,481,209,2,0.001845 395,195,427,221,6,0.001746 189,159,243,186,6,0.001671 382,173,426,228,6,0.001568 545,174,577,196,6,0.001535 524,164,608,211,6,0.001408 515,179,542,219,2,0.001388 331,183,348,209,6,0.001327 420,176,454,194,6,0.001267 114,180,154,219,6,0.001262 604,144,640,214,6,0.001095 331,181,348,209,2,0.001087 337,173,364,198,6,0.001031
/home/dysjin/data/CARLA.v20-carla_v20.coco/valid/Town01_010680_png.rf.5537782525200ced228c602e6dcc3456.jpg 368,152,390,206,2,0.065170 229,183,248,210,6,0.012137 218,181,240,210,6,0.010519 171,174,212,196,6,0.009500 368,173,382,215,2,0.008309 108,172,151,199,6,0.003543 349,153,375,204,2,0.003024 208,170,225,200,3,0.002169 177,186,206,205,6,0.001691 153,174,179,196,6,0.001496 238,172,267,198,6,0.001377 193,162,227,200,6,0.001370 220,159,247,206,2,0.001358 378,173,395,217,2,0.001147 139,170,168,199,6,0.001107 184,160,257,215,6,0.001097
/home/dysjin/data/CARLA.v20-carla_v20.coco/valid/121155_png.rf.5eeb1497380edc240a771f68b9d34669.jpg 238,230,425,420,6,0.422823 83,246,582,404,6,0.371103 564,232,596,315,2,0.235665 579,199,612,343,2,0.056415 565,149,604,368,2,0.017046 186,0,494,480,6,0.014544 487,221,522,283,2,0.008850 0,35,640,480,6,0.007021 265,188,295,267,2,0.006470 245,189,277,264,2,0.004557 538,236,583,305,2,0.004375 464,221,497,283,2,0.004238 214,84,440,480,6,0.004109 534,206,608,290,2,0.002893 491,184,530,309,2,0.002299 450,199,473,269,2,0.002293 567,230,640,331,2,0.001570 473,183,500,309,2,0.001160 259,116,294,327,2,0.001137 510,223,546,281,2,0.001058
/home/dysjin/data/CARLA.v20-carla_v20.coco/valid/007085_png.rf.5a7141063cfddac158b01dce18de1e48.jpg 430,206,467,240,3,0.263411 422,198,495,264,6,0.003311
/home/dysjin/data/CARLA.v20-carla_v20.coco/valid/Town05_006720_png.rf.717ce1e22225ab6a97befb2b8effcc2a.jpg 184,188,225,260,6,0.061233 181,183,227,264,0,0.044346 171,187,211,263,2,0.005407 107,186,151,206,6,0.003950 0,13,80,168,6,0.003264 170,150,217,292,6,0.002966 343,170,358,199,2,0.002449 192,171,213,222,2,0.002417 178,148,247,248,6,0.002073 363,0,640,318,6,0.001908 0,82,80,189,6,0.001900 331,173,349,195,6,0.001018
/home/dysjin/data/CARLA.v20-carla_v20.coco/valid/Town01_006600_png.rf.612f31973b2db2fda3ee5293fd937a64.jpg 372,148,394,213,2,0.119853 390,146,414,211,2,0.022446 367,171,387,220,2,0.015861 10,199,27,242,2,0.005534 9,186,27,231,2,0.002138 608,15,640,90,6,0.001920 124,173,148,236,2,0.001635 378,185,396,228,2,0.001156
/home/dysjin/data/CARLA.v20-carla_v20.coco/valid/112469_png.rf.4fea3a1e3f0858f468ecb362968a08fb.jpg 316,221,343,292,2,0.218621 312,122,341,395,2,0.059980 299,224,334,319,2,0.001463 314,254,339,310,2,0.001104 291,196,357,295,2,0.001060
/home/dysjin/data/CARLA.v20-carla_v20.coco/valid/Town05_009540_png.rf.67accf9da191af14c5f05da1b6fe1e58.jpg 597,183,640,209,6,0.130405 277,163,337,197,6,0.079948 487,173,535,194,6,0.031153 578,164,640,215,6,0.017124 528,172,544,195,6,0.011097 517,162,547,198,6,0.006389 534,159,567,197,6,0.005088 330,157,348,189,6,0.004848 538,172,555,195,6,0.004305 608,193,640,220,6,0.003756 309,163,357,194,6,0.003606 277,182,336,213,6,0.003202 281,172,300,196,6,0.002588 161,170,197,197,6,0.002522 483,155,553,212,6,0.001965 475,192,554,373,0,0.001611 169,154,199,205,2,0.001481 584,185,612,208,6,0.001301 595,152,640,191,6,0.001241 388,175,412,193,6,0.001212
/home/dysjin/data/CARLA.v20-carla_v20.coco/valid/041820_png.rf.69e77a8e269d90d89efc21e5026a7083.jpg 118,240,147,310,2,0.031623 114,232,150,317,0,0.014316 117,233,141,309,1,0.013933 114,196,144,346,2,0.008247 250,209,277,283,2,0.005071 27,229,82,266,6,0.002290 200,203,231,240,3,0.001563 239,226,281,274,6,0.001075
/home/dysjin/data/CARLA.v20-carla_v20.coco/valid/121278_png.rf.6607158f1164a75baf620dcb66d1b07e.jpg 278,250,368,321,6,0.386462 209,244,443,323,6,0.069373 468,223,495,277,2,0.016774 154,194,498,372,6,0.011296 473,177,499,317,2,0.007422 461,194,488,299,2,0.002853 238,225,282,272,6,0.002064 226,199,314,274,6,0.001539 1,212,27,293,2,0.001275 260,188,299,271,2,0.001040
/home/dysjin/data/CARLA.v20-carla_v20.coco/valid/Town02_004620_png.rf.7280640e1c163e7c4b28010b90659788.jpg 247,209,395,356,6,0.097418 100,185,560,365,6,0.049095 316,187,335,204,6,0.017371 278,187,298,206,6,0.010096 378,160,399,184,6,0.008404 390,149,407,171,6,0.005863 381,169,395,199,3,0.005670 379,146,398,174,3,0.005154 14,153,64,199,6,0.004609 377,145,401,175,6,0.003563 303,172,328,198,6,0.003303 385,156,423,198,6,0.002871 311,183,352,216,6,0.002726 177,78,477,380,6,0.002699 23,149,62,198,3,0.002687 279,183,337,216,6,0.002313 142,185,165,206,6,0.002136 366,157,402,196,6,0.002119 269,181,300,219,6,0.001842 141,156,182,202,6,0.001698 105,159,167,198,6,0.001587 416,159,457,185,6,0.001566 375,150,457,212,6,0.001528 251,176,278,192,6,0.001515 374,133,400,163,3,0.001455 238,174,266,194,6,0.001118 284,162,333,201,6,0.001083 382,135,422,178,6,0.001017
/home/dysjin/data/CARLA.v20-carla_v20.coco/valid/Town05_016500_png.rf.75b431585ae9c755044e81517b796324.jpg 117,190,228,263,6,0.389903 350,187,401,232,6,0.195729 329,195,412,257,6,0.168919 0,189,90,283,6,0.108753 7,181,349,261,6,0.072100 452,170,474,199,3,0.060926 63,149,198,238,6,0.026836 280,165,334,192,6,0.023980 443,161,474,202,2,0.020301 438,163,479,200,6,0.014432 0,119,405,321,6,0.009641 0,134,125,274,6,0.008847 0,150,204,317,6,0.008498 431,170,445,223,2,0.007155 337,188,371,230,6,0.006807 80,191,186,267,6,0.005375 433,178,477,216,2,0.005190 458,171,485,198,6,0.005113 78,158,146,197,6,0.004296 59,107,279,278,6,0.004125 109,198,171,248,6,0.003951 125,157,256,237,6,0.003841 165,112,217,135,6,0.003732 280,163,367,215,6,0.002878 316,176,336,191,6,0.002768 371,179,399,215,6,0.002552 436,178,465,215,6,0.001817 0,242,81,301,6,0.001602 99,150,167,209,6,0.001316 172,119,209,150,6,0.001220 376,179,428,227,2,0.001185 328,176,348,193,6,0.001171 269,170,312,197,6,0.001068
/home/dysjin/data/CARLA.v20-carla_v20.coco/valid/Town02_001020_png.rf.79741d4293c684a4f4e895c08f1290d5.jpg 301,180,356,324,0,0.284945 301,151,355,354,1,0.260338 303,19,350,380,0,0.039345 282,179,335,224,6,0.025463 600,176,640,225,6,0.011433 0,216,77,352,6,0.007977 448,171,477,223,6,0.005008 288,0,368,380,0,0.004570 281,169,322,202,6,0.003968 445,179,474,224,2,0.002355 293,94,361,374,6,0.002299 274,183,307,208,6,0.002051 367,172,385,198,6,0.002022 370,185,382,204,6,0.001774 463,177,489,229,2,0.001544 0,191,76,299,6,0.001040
/home/dysjin/data/CARLA.v20-carla_v20.coco/valid/004996_png.rf.758bfe0873e6cba6e1d99146894cae01.jpg 488,248,516,312,2,0.039940 93,188,130,267,2,0.004051 82,183,138,225,6,0.003717 97,218,126,281,2,0.002532 105,183,130,309,2,0.001263
/home/dysjin/data/CARLA.v20-carla_v20.coco/valid/Town02_001620_png.rf.77cda18f042297c4b15936a35acef602.jpg 302,156,349,285,1,0.065956 307,181,347,267,0,0.055605 296,96,356,347,0,0.011396 306,148,344,270,6,0.010431 294,98,339,344,2,0.005533 295,157,332,257,0,0.002828
/home/dysjin/data/CARLA.v20-carla_v20.coco/valid/112362_png.rf.868e587d8bdd37c81e4872223fbdbeb4.jpg 147,224,170,280,2,0.129991 146,192,164,302,2,0.036736 155,215,173,303,2,0.006902 418,191,444,261,2,0.002584 598,224,640,275,6,0.001106
/home/dysjin/data/CARLA.v20-carla_v20.coco/valid/Town05_010080_png.rf.88fb23d739ffa2beacd3c5735d172d03.jpg 315,165,332,228,2,0.021015 313,174,335,219,0,0.020903 269,182,285,207,6,0.007787 262,168,293,202,6,0.007298 279,159,338,201,6,0.004516 310,177,346,221,6,0.004144 297,179,329,220,6,0.002620 266,157,311,187,6,0.002078 351,173,375,195,6,0.001896 301,148,330,221,2,0.001855 209,0,640,218,6,0.001758 305,152,353,209,6,0.001645 236,160,313,212,6,0.001603 266,180,298,217,6,0.001399
/home/dysjin/data/CARLA.v20-carla_v20.coco/valid/026847_png.rf.7a28094ba474fb2fab06e58f1ebea83c.jpg 412,206,439,240,3,0.231289 6,195,31,297,2,0.010837 1,185,26,274,2,0.002749 15,215,53,286,2,0.002331 0,87,23,169,2,0.002037 390,167,421,242,2,0.002021 0,224,20,294,2,0.001421
/home/dysjin/data/CARLA.v20-carla_v20.coco/valid/075709_png.rf.7dd638ab9af378bf60aaa2fb92a0aea4.jpg 167,247,248,303,6,0.099782 305,237,359,270,6,0.093083 0,193,194,477,6,0.061904 0,167,363,436,6,0.039070 0,6,273,480,6,0.027413 146,232,227,320,6,0.011365 0,124,640,480,6,0.011116 93,204,311,338,6,0.008613 599,184,620,259,2,0.006005 235,220,277,287,2,0.005993 353,204,372,263,2,0.005723 170,215,270,285,6,0.003815 30,218,233,384,6,0.003243 614,189,640,264,2,0.002510 489,220,516,283,2,0.002408 336,221,373,279,2,0.002119 584,163,620,289,2,0.002047 116,176,154,281,2,0.001909 0,129,227,377,6,0.001326 0,127,26,229,2,0.001235 365,199,396,257,2,0.001197 388,194,412,248,2,0.001055
/home/dysjin/data/CARLA.v20-carla_v20.coco/valid/Town02_007380_png.rf.8809896fc46f6266a6729640bbc68e4c.jpg 558,176,640,231,6,0.113090 557,195,640,264,6,0.031472 462,172,499,234,2,0.025401 557,185,598,265,0,0.019890 550,160,596,282,6,0.008286 484,168,520,237,2,0.008178 437,177,485,215,6,0.006409 506,180,640,237,6,0.005476 554,183,590,281,2,0.004124 14,3,136,76,6,0.002473 433,155,508,226,6,0.002344 479,114,518,278,2,0.001838 1,135,28,221,2,0.001782 401,156,640,260,6,0.001769 19,157,103,199,6,0.001656 55,165,129,203,6,0.001547 2,96,28,162,6,0.001393 0,107,36,198,6,0.001137
/home/dysjin/data/CARLA.v20-carla_v20.coco/valid/Town01_007500_png.rf.7e4c2487265d812d93246e09a19aeab2.jpg 563,175,640,226,6,0.242941 248,183,284,213,6,0.050626 350,160,414,199,6,0.022376 507,157,640,236,6,0.008309 154,206,202,235,6,0.008272 133,206,175,238,6,0.007444 389,179,421,220,6,0.006731 470,172,495,237,2,0.005389 106,204,164,248,6,0.004904 91,202,129,254,2,0.004519 353,181,414,215,6,0.002820 263,196,285,217,6,0.002603 500,185,559,216,6,0.002314 91,197,141,246,6,0.002292 370,161,453,214,6,0.002142 232,166,305,221,6,0.002091 125,202,209,258,6,0.001931 545,151,620,210,6,0.001591 609,187,640,230,6,0.001236 72,198,106,255,2,0.001223 473,163,558,222,6,0.001174 402,180,455,220,6,0.001034
/home/dysjin/data/CARLA.v20-carla_v20.coco/valid/Town05_007500_png.rf.8a81a882e564e9e99b5c951d3e18dbbc.jpg 343,182,385,208,6,0.140506 328,170,400,203,6,0.103914 0,1,88,103,6,0.033163 207,110,262,149,6,0.012213 294,161,323,198,6,0.010772 180,114,265,171,6,0.009772 294,173,311,191,6,0.008740 173,156,246,197,6,0.007395 242,148,261,171,6,0.004058 370,182,401,209,6,0.003865 0,0,171,115,6,0.003707 337,154,389,192,6,0.003651 464,156,545,197,6,0.002970 0,150,33,208,6,0.002778 194,108,236,139,6,0.002327 121,152,219,212,6,0.002164 70,110,175,175,6,0.002100 236,136,272,171,6,0.002067 426,159,484,197,6,0.002016 78,106,141,151,6,0.001987 339,192,389,222,6,0.001902 112,111,234,179,6,0.001800 242,159,262,184,6,0.001568 7,89,104,256,6,0.001404 218,129,256,174,6,0.001255 0,146,76,206,6,0.001150 318,172,329,194,6,0.001150
/home/dysjin/data/CARLA.v20-carla_v20.coco/valid/Town02_005520_png.rf.8a9d2ba4122736ea3845c9e405936cce.jpg 46,185,127,220,6,0.031240 364,184,401,219,6,0.011906 81,182,142,225,6,0.010829 600,193,640,259,6,0.009299 590,166,624,242,2,0.008388 376,186,431,214,6,0.006867 254,185,307,213,6,0.006055 0,186,212,229,6,0.004745 256,171,299,201,6,0.003998 593,113,627,304,2,0.003745 365,197,387,217,6,0.002724 331,186,385,215,6,0.001994 579,152,640,236,6,0.001169 610,230,640,261,6,0.001161 377,162,434,201,6,0.001149 118,178,147,228,2,0.001028
/home/dysjin/data/CARLA.v20-carla_v20.coco/valid/041735_png.rf.891d950e6341a379e0a80f54f49c126a.jpg 275,230,303,312,0,0.066952 273,166,305,376,0,0.025176 287,237,316,313,2,0.004255 244,235,316,329,0,0.001684
/home/dysjin/data/CARLA.v20-carla_v20.coco/valid/041669_png.rf.8f16c7cc68671f71ba068edf120b2a61.jpg 297,239,329,314,2,0.083444 310,237,344,316,0,0.020143 303,241,328,322,1,0.017650 300,181,331,382,2,0.009857 284,222,355,338,2,0.007832
/home/dysjin/data/CARLA.v20-carla_v20.coco/valid/003814_png.rf.9123d8ff8e23490d6f5201cb816e4fc2.jpg 544,166,619,244,3,0.306595 164,0,201,72,2,0.051891 491,38,640,377,3,0.045589 161,0,197,154,2,0.023905 550,124,640,298,3,0.011136 147,0,180,76,2,0.010972 548,151,640,248,6,0.004597 447,70,640,313,6,0.004566 495,159,640,243,3,0.002818
/home/dysjin/data/CARLA.v20-carla_v20.coco/valid/005413_png.rf.9000d6e877ce40e1d5bd5387ece453c2.jpg 94,217,126,286,2,0.340363 75,215,104,292,2,0.093342 105,151,129,341,2,0.082273 363,165,398,292,2,0.078954 114,218,147,281,2,0.043510 82,163,103,353,2,0.035412 90,191,120,327,2,0.030378 80,220,104,321,2,0.024683 82,189,150,299,2,0.019151 113,167,145,327,2,0.011541 376,154,399,240,2,0.008113 125,200,155,293,2,0.005107 487,182,520,273,2,0.002581 69,199,94,317,2,0.002183 373,87,401,354,2,0.002146 414,181,446,277,2,0.001491 384,152,416,266,2,0.001375 476,184,522,234,6,0.001320 69,218,93,276,2,0.001257
/home/dysjin/data/CARLA.v20-carla_v20.coco/valid/Town01_001500_png.rf.9254a251a5c6eb6313adba6a6adf1620.jpg 0,141,21,212,2,0.034263 387,166,409,202,3,0.010150 96,176,124,231,2,0.004696 378,165,402,202,2,0.004481 0,160,21,237,2,0.003598 389,155,417,203,2,0.003074 70,177,103,229,2,0.002198 0,117,23,195,2,0.001832 120,175,150,229,2,0.001350 143,165,166,228,2,0.001172
/home/dysjin/data/CARLA.v20-carla_v20.coco/valid/Town05_004680_png.rf.93664881511a21c1adf050e2e8993477.jpg 320,166,417,222,6,0.309628 237,184,270,206,6,0.183592 309,183,363,219,6,0.071725 269,146,483,246,6,0.019940 528,166,591,202,6,0.013881 5,162,67,197,6,0.012977 234,169,281,224,6,0.011475 216,172,270,198,6,0.006621 0,164,108,205,6,0.003488 4,181,70,216,6,0.003006 500,162,559,196,6,0.002516 316,195,343,218,6,0.002481 388,150,422,211,2,0.002406 134,173,174,196,6,0.002386 0,156,38,202,6,0.002143 249,169,276,202,6,0.001810 281,168,295,202,6,0.001654 156,172,201,197,6,0.001338 205,182,270,214,6,0.001299 263,160,300,202,6,0.001154 245,0,640,231,6,0.001117 376,175,429,224,6,0.001037
/home/dysjin/data/CARLA.v20-carla_v20.coco/valid/138312_png.rf.93c512dad514948e54a85fd6860eba4e.jpg 91,178,125,281,2,0.149734 93,205,123,291,2,0.037738 0,232,33,322,2,0.022560 90,131,119,361,2,0.016323 9,227,56,323,2,0.011235 4,169,59,350,2,0.006372 0,189,42,376,2,0.003879 72,180,108,277,2,0.003378 0,245,32,351,2,0.002757 0,198,32,313,2,0.002404 72,209,108,287,2,0.002123 100,120,131,324,2,0.002087 93,149,125,265,2,0.001442 491,264,521,340,2,0.001316 38,181,121,296,2,0.001057 40,212,79,291,2,0.001043
/home/dysjin/data/CARLA.v20-carla_v20.coco/valid/005160_png.rf.922d9f2da21b5b11121905df87e629d7.jpg 396,206,425,249,3,0.118526 379,197,448,268,2,0.001228
