/home/dysjin/data/CARLA.v20-carla_v20.coco/valid/Town05_011820_png.rf.a721d4435d03a17b63243ff374e790d2.jpg 3,183,111,232,6,0.645910 318,188,332,201,6,0.134343 309,185,324,201,6,0.027519 295,187,313,200,6,0.023559 0,194,67,228,6,0.008230 318,196,333,211,0,0.002379 281,188,299,200,6,0.002252 294,182,311,193,6,0.001221
/home/dysjin/data/CARLA.v20-carla_v20.coco/valid/Town05_005760_png.rf.a5aa9e8688171e7bfb57f36e4a648f69.jpg 308,188,327,203,6,0.743407 297,187,317,203,6,0.001598 314,180,333,199,6,0.001287
/home/dysjin/data/CARLA.v20-carla_v20.coco/valid/075705_png.rf.9f5447b468e0280dc956a534954f8a5e.jpg 310,245,349,272,6,0.729338 166,243,257,300,6,0.726928 0,255,179,399,6,0.564984 236,239,268,274,6,0.273703 215,246,266,286,6,0.012461 0,271,78,480,6,0.002356 8,0,167,417,6,0.002107 251,240,268,274,0,0.001032 4,206,86,480,6,0.001005
/home/dysjin/data/CARLA.v20-carla_v20.coco/valid/Town02_006840_png.rf.a4a970c10202604d1dd8c41fe9097525.jpg 579,179,640,220,6,0.555691 567,178,582,194,3,0.070680 566,182,583,203,6,0.009389 559,180,612,213,6,0.006284 0,202,13,234,6,0.003546 1,196,14,225,6,0.003045 127,190,176,210,6,0.002374 0,164,8,204,3,0.001304
/home/dysjin/data/CARLA.v20-carla_v20.coco/valid/Town02_002640_png.rf.ac6bee6a9e4c4b2a1e149670c97196c1.jpg 297,190,370,246,6,0.689534 263,186,292,214,6,0.582296 393,177,405,190,3,0.235486 24,195,82,225,6,0.002557 300,190,326,254,6,0.001343 308,184,323,204,6,0.001272
/home/dysjin/data/CARLA.v20-carla_v20.coco/valid/007096_png.rf.a26873f70f1467f54f0fd09ea8c1731b.jpg 538,171,630,244,3,0.446474 544,171,611,260,4,0.007646
/home/dysjin/data/CARLA.v20-carla_v20.coco/valid/041683_png.rf.abc13a183255cbb5f9aeca7d55d8b4c0.jpg 299,244,336,314,0,0.524550 284,198,341,455,0,0.002348
/home/dysjin/data/CARLA.v20-carla_v20.coco/valid/041699_png.rf.a4a6f7fb7672ac47b317ec4fe3e21c97.jpg 298,244,336,312,0,0.406437 3,215,28,254,6,0.001042
/home/dysjin/data/CARLA.v20-carla_v20.coco/valid/Town02_006480_png.rf.aec43468267a9993201d034f7031ee5c.jpg 347,173,358,187,3,0.008725 354,177,367,190,3,0.007560 198,190,213,207,6,0.003607 199,187,228,205,6,0.001536 215,188,237,205,6,0.001203
/home/dysjin/data/CARLA.v20-carla_v20.coco/valid/Town02_003060_png.rf.b28380c7e6ad26a4ccdfda39d4db7f85.jpg 558,181,637,230,6,0.187269 611,197,635,240,6,0.009924 623,203,639,261,6,0.003672 528,196,544,214,6,0.003239 546,190,602,222,6,0.003186 527,192,567,220,6,0.001742
/home/dysjin/data/CARLA.v20-carla_v20.coco/valid/Town01_009120_png.rf.b3886317404f3c307752dac4625c4b0e.jpg 305,194,330,213,6,0.605009 334,191,364,204,6,0.006289 0,189,12,249,2,0.002901 0,166,25,271,2,0.002102 323,190,346,204,6,0.001832 333,188,388,210,6,0.001266
/home/dysjin/data/CARLA.v20-carla_v20.coco/valid/051305_png.rf.af3e2dc55ae45fc793f7f25eb6fdf7b4.jpg 425,209,459,237,3,0.404755 426,212,464,243,4,0.073345
/home/dysjin/data/CARLA.v20-carla_v20.coco/valid/007291_png.rf.b33e9d647d42777054dfb5f46d23bbad.jpg 383,221,401,238,3,0.406901
/home/dysjin/data/CARLA.v20-carla_v20.coco/valid/Town05_005820_png.rf.abc3e70595852b4f2320e8b55c805a27.jpg 299,190,336,218,6,0.684030
/home/dysjin/data/CARLA.v20-carla_v20.coco/valid/Town05_006960_png.rf.9d31f2ffd8a1d723122d28555c0e3321.jpg 282,186,294,209,0,0.462877 611,204,640,351,6,0.014066 403,224,626,347,6,0.003954 232,211,411,342,6,0.003416 268,188,296,204,6,0.002235 333,216,520,343,6,0.001931 318,188,340,200,6,0.001072
/home/dysjin/data/CARLA.v20-carla_v20.coco/valid/Town02_009720_png.rf.b20474373a38fe973889a895d5aba03e.jpg 292,207,342,255,6,0.497087 269,189,278,208,0,0.019918 42,0,99,28,6,0.001869 276,187,295,200,6,0.001061
/home/dysjin/data/CARLA.v20-carla_v20.coco/valid/Town01_002220_png.rf.9b6e376c042a4b43cdf2a33f00250d62.jpg 181,210,453,360,6,0.684227 586,207,634,235,6,0.009673 624,203,639,234,6,0.006606 73,25,569,380,2,0.002744 553,198,640,259,6,0.002204 316,188,336,203,6,0.001343
/home/dysjin/data/CARLA.v20-carla_v20.coco/valid/Town01_003900_png.rf.b43a572a2d61a01bb389880cf86179de.jpg 184,209,454,366,6,0.674911 328,192,354,206,6,0.008668 0,191,14,224,6,0.004520 71,25,571,380,2,0.003396 626,160,638,231,6,0.001613 291,187,316,204,6,0.001027
/home/dysjin/data/CARLA.v20-carla_v20.coco/valid/029067_png.rf.b686edaf28a0971571945f7b069613d5.jpg 535,216,584,346,2,0.712731 523,226,592,354,0,0.042704
/home/dysjin/data/CARLA.v20-carla_v20.coco/valid/Town02_004200_png.rf.b4d2f32e1287253b4f35bf521927be39.jpg 268,189,290,209,6,0.709683 306,189,323,199,6,0.003084 378,192,394,206,6,0.002707 289,187,309,200,6,0.002156
/home/dysjin/data/CARLA.v20-carla_v20.coco/valid/Town02_002100_png.rf.b49da10e2c41ab65d4c132e46f15d3e3.jpg 297,197,335,286,1,0.520075 273,189,288,203,6,0.439633 0,187,15,212,6,0.128995 311,193,323,205,6,0.087702 0,178,11,230,6,0.014128 289,189,311,202,6,0.012709 302,194,328,274,0,0.009667 258,190,281,204,6,0.002081 273,182,287,197,3,0.001294 288,197,343,288,6,0.001293
/home/dysjin/data/CARLA.v20-carla_v20.coco/valid/003752_png.rf.bb0716bc5b93fa8b10f41577e20a2f35.jpg 399,215,422,240,3,0.413666 398,214,421,240,4,0.228762 307,239,325,255,6,0.004337
/home/dysjin/data/CARLA.v20-carla_v20.coco/valid/138327_png.rf.b4aecc174d58e25a6e680c2468864172.jpg 15,227,47,293,2,0.316230 1,212,41,309,2,0.029091 17,142,48,332,2,0.008165 0,222,13,315,2,0.002438 3,151,36,319,2,0.002144 10,233,48,288,4,0.001636
/home/dysjin/data/CARLA.v20-carla_v20.coco/valid/Town05_009600_png.rf.b886b3525f44da0ae66796230d91b958.jpg 459,190,498,217,6,0.663717 372,187,409,210,6,0.651398 93,190,229,235,6,0.579188 580,182,635,210,6,0.418844 162,193,220,225,6,0.104121 526,184,545,200,6,0.075046 94,202,158,234,6,0.035550 548,184,595,206,6,0.024346 560,157,636,215,6,0.008056 629,179,639,213,6,0.006562 518,187,536,201,6,0.003313 547,180,573,196,6,0.002557 187,201,217,222,6,0.001892 442,186,460,200,6,0.001833 535,183,554,201,0,0.001622 414,186,432,201,6,0.001308 486,190,501,210,0,0.001074
/home/dysjin/data/CARLA.v20-carla_v20.coco/valid/Town01_002340_png.rf.b8976b6d8f366e29aeb47fb3b3146b33.jpg 182,210,452,360,6,0.682723 587,207,634,235,6,0.008443 280,190,295,209,1,0.007639 623,203,639,234,6,0.006857 74,24,569,380,2,0.002739 559,168,640,243,6,0.001408 272,190,289,206,6,0.001239
/home/dysjin/data/CARLA.v20-carla_v20.coco/valid/Town05_009780_png.rf.c3069a0d7ec82f2e1960c0497cec36fe.jpg 284,199,350,255,6,0.251831 303,191,325,205,6,0.002264 314,189,337,204,6,0.001624 432,207,467,236,6,0.001109
/home/dysjin/data/CARLA.v20-carla_v20.coco/valid/Town05_002700_png.rf.b9dfa75f628efa31633800bb9dfee796.jpg 366,185,388,198,6,0.560487 356,184,374,199,6,0.016428 344,188,361,200,6,0.010438 388,186,405,198,6,0.004617 266,187,284,200,6,0.001909 390,178,405,191,6,0.001811 1,191,13,222,6,0.001484 343,181,359,192,6,0.001219 362,178,405,196,6,0.001216 257,187,273,201,6,0.001199 364,168,390,184,6,0.001092 0,181,14,215,6,0.001035
/home/dysjin/data/CARLA.v20-carla_v20.coco/valid/005173_png.rf.c24ac196d86260d3a384e12093bfa5ef.jpg 472,191,530,244,3,0.276132 474,187,529,241,4,0.117830
/home/dysjin/data/CARLA.v20-carla_v20.coco/valid/Town01_005820_png.rf.c9053a957ff7561268673aaec9e095f0.jpg 292,191,342,316,1,0.635447 285,196,348,312,6,0.033864 289,198,342,330,0,0.020096 294,163,341,315,2,0.010460 404,177,419,191,3,0.002863 629,128,640,161,6,0.002478 628,230,640,259,6,0.001028
/home/dysjin/data/CARLA.v20-carla_v20.coco/valid/Town01_011580_png.rf.c8aa9ea674a7d69974d55bf63b55ddbf.jpg 265,190,289,208,6,0.664901 580,190,640,220,6,0.516897 557,177,568,193,3,0.027406 565,148,639,221,6,0.019285 462,203,516,241,6,0.013901 604,156,638,238,6,0.006231 582,159,636,189,6,0.005622 628,189,639,227,6,0.004895 550,189,592,222,6,0.002819 560,178,611,216,6,0.001946 258,196,281,210,6,0.001378 556,194,571,216,6,0.001367 8,181,75,208,6,0.001062
/home/dysjin/data/CARLA.v20-carla_v20.coco/valid/Town01_007440_png.rf.bed11eeb1dde416bf8789b24a8a5c0f8.jpg 527,169,640,221,6,0.690359 263,195,273,213,1,0.198300 526,178,551,217,6,0.110604 264,191,279,207,6,0.012679 277,190,300,202,6,0.003937 301,188,321,199,6,0.003851 0,217,13,247,6,0.003450 625,164,640,230,6,0.002972 599,191,640,223,6,0.002581 165,214,193,229,6,0.001090
/home/dysjin/data/CARLA.v20-carla_v20.coco/valid/Town05_011760_png.rf.c548e0a947d80bc036151e4db99afcfa.jpg 0,198,215,344,6,0.680300 310,186,321,202,0,0.080249 316,188,328,203,0,0.020882 293,187,315,200,6,0.015957 26,250,159,376,6,0.001959 186,185,218,262,0,0.001552 213,217,365,328,6,0.001497 281,187,300,200,6,0.001244 294,182,312,193,6,0.001125 0,38,439,380,2,0.001062
/home/dysjin/data/CARLA.v20-carla_v20.coco/valid/075708_png.rf.c1818fa586a2b613b2806f928a933d9d.jpg 167,242,255,300,6,0.723463 309,245,348,271,6,0.704871 0,252,179,397,6,0.565182 236,239,267,273,6,0.283183 0,276,75,480,6,0.009009 216,246,266,286,6,0.005048 3,205,85,480,6,0.002807 4,0,166,423,6,0.001266
/home/dysjin/data/CARLA.v20-carla_v20.coco/valid/Town05_009900_png.rf.c90bd5781f975f44de47fd794a1f9ac6.jpg 358,195,434,252,6,0.702075 328,188,347,200,6,0.006972 339,189,355,201,6,0.001875 318,190,336,202,6,0.001007
/home/dysjin/data/CARLA.v20-carla_v20.coco/valid/Town05_009660_png.rf.cc2e0d6a11c64dbe092a6e9321c6a170.jpg 220,207,412,329,6,0.675891 410,190,468,209,6,0.667823 613,185,634,203,6,0.065682 345,185,355,207,0,0.023353 600,189,625,202,6,0.015173 342,184,360,227,0,0.001313 623,173,638,217,6,0.001182
/home/dysjin/data/CARLA.v20-carla_v20.coco/valid/003769_png.rf.c5c0c17fa97551316c57744e9608f796.jpg 492,192,549,242,3,0.237646 485,195,548,239,4,0.010377 305,240,325,255,6,0.002230 212,49,253,202,0,0.001378
/home/dysjin/data/CARLA.v20-carla_v20.coco/valid/121197_png.rf.c99e70822c663f40252f74e6b2ad5094.jpg 239,258,414,380,6,0.649717 310,238,324,256,6,0.001754 0,303,12,335,6,0.001150
/home/dysjin/data/CARLA.v20-carla_v20.coco/valid/004966_png.rf.c9d8d72d0920460b612251c5fddc5770.jpg 428,203,468,240,3,0.357958
/home/dysjin/data/CARLA.v20-carla_v20.coco/valid/Town01_006240_png.rf.cc5628eb556a5a5bd1824a8d19313b41.jpg 308,189,325,209,6,0.320228 315,194,327,215,1,0.157377 605,154,640,254,6,0.125062 313,193,326,214,0,0.077652 0,189,13,246,2,0.072774 298,188,314,202,6,0.067258 623,150,639,217,6,0.024464 568,183,640,262,6,0.010320 609,120,637,251,2,0.009922 297,182,311,196,6,0.002937 586,174,639,215,6,0.002575 624,184,640,258,6,0.001737 0,171,26,268,2,0.001705 599,158,640,192,6,0.001596 0,147,26,257,2,0.001373 305,180,320,200,6,0.001282
/home/dysjin/data/CARLA.v20-carla_v20.coco/valid/001638_png.rf.c98e4c5bc2a68de358073a26469c81b2.jpg 419,209,455,239,4,0.340632 422,208,454,239,3,0.338264 627,195,640,273,2,0.001247
/home/dysjin/data/CARLA.v20-carla_v20.coco/valid/051274_png.rf.d5f64278c64b556983082379a316485f.jpg 555,170,635,245,3,0.394329 555,177,639,254,4,0.102150 206,55,256,191,0,0.004217 194,0,272,234,0,0.001014
/home/dysjin/data/CARLA.v20-carla_v20.coco/valid/Town01_001440_png.rf.e4b4351effd31d5b433710cffb8243e4.jpg 383,173,400,193,3,0.392170 112,199,168,220,6,0.023495 0,196,14,245,6,0.002193 1,205,28,241,6,0.001058
/home/dysjin/data/CARLA.v20-carla_v20.coco/valid/019121_png.rf.deb86464dd224ac85f75272f851fc0a8.jpg 522,236,575,257,6,0.525793 502,239,548,258,6,0.086332 391,252,411,287,2,0.005113 553,237,583,256,6,0.001074 507,224,562,255,6,0.001011
/home/dysjin/data/CARLA.v20-carla_v20.coco/valid/041811_png.rf.e8d4c17844854d24f9b2bec66a8a8889.jpg 48,221,65,241,3,0.291321 0,243,15,292,6,0.107971 0,200,24,300,2,0.009468 0,240,27,276,6,0.005851 0,238,11,320,0,0.004349 4,236,26,260,6,0.004199 602,243,640,271,6,0.004093 0,160,23,296,2,0.003452 0,233,15,266,6,0.002807 0,221,14,251,6,0.001116
/home/dysjin/data/CARLA.v20-carla_v20.coco/valid/041657_png.rf.e06a4a0ae870ee5d8dbe97fc65b5b666.jpg 299,244,336,312,0,0.332677 284,209,344,447,0,0.001735
/home/dysjin/data/CARLA.v20-carla_v20.coco/valid/001519_png.rf.e42bb854e84b40164ed2795569b2eb6f.jpg 574,220,588,241,3,0.391332 610,237,634,254,6,0.003158
/home/dysjin/data/CARLA.v20-carla_v20.coco/valid/Town02_005280_png.rf.ec981f5d8aec80a53ec1f9961c2321af.jpg 46,196,117,220,6,0.632216 94,198,133,218,6,0.290250 156,199,210,263,6,0.209370 0,196,13,222,6,0.020218 631,211,640,249,6,0.013386 173,191,206,256,0,0.008133 136,175,229,284,0,0.002264 33,198,147,236,6,0.001434
/home/dysjin/data/CARLA.v20-carla_v20.coco/valid/001509_png.rf.ed3baed466e7f65c1a01fb57bf942b65.jpg 574,220,588,240,3,0.380851 610,237,633,254,6,0.002585 571,234,583,250,3,0.001046
/home/dysjin/data/CARLA.v20-carla_v20.coco/valid/033890_png.rf.e368755037cdc345b45b625d64db27a1.jpg 244,262,426,369,6,0.691426 587,225,632,327,2,0.642040 625,226,640,311,2,0.004676 246,225,281,378,0,0.002836 611,230,636,307,2,0.002180 81,240,101,282,2,0.001034 34,42,612,480,2,0.001022
/home/dysjin/data/CARLA.v20-carla_v20.coco/valid/075724_png.rf.e0c3e9a2b7f318c71e76ccdcb0dda6a1.jpg 0,264,77,479,6,0.687758 192,243,244,280,6,0.645130 293,244,330,266,6,0.612594 39,257,228,340,6,0.315777 133,240,231,308,6,0.039820 0,224,81,398,6,0.028060 17,271,153,394,6,0.004013 616,235,633,258,6,0.002480 272,242,287,254,6,0.002293 2,301,107,480,6,0.001093 0,261,54,480,6,0.001081
/home/dysjin/data/CARLA.v20-carla_v20.coco/valid/112477_png.rf.ecf5d82849f8b68362ce65c8d2645a1c.jpg 338,232,360,294,2,0.582377 331,246,364,288,4,0.001726 343,246,356,280,2,0.001551
/home/dysjin/data/CARLA.v20-carla_v20.coco/valid/Town02_001980_png.rf.ee7206fcf98c96c61f2900b25e79ce20.jpg 293,197,341,314,1,0.580061 161,191,174,219,1,0.164092 287,203,342,326,0,0.031985 285,198,347,314,6,0.030993 19,194,67,216,6,0.020253 159,186,175,222,0,0.009324 296,169,336,309,2,0.004347 306,192,324,204,6,0.004008 145,187,171,208,6,0.002330 293,189,311,200,6,0.001869 0,181,14,214,6,0.001755 0,183,39,215,6,0.001067
/home/dysjin/data/CARLA.v20-carla_v20.coco/valid/026829_png.rf.e6f26e62f316568466a95ba7fd18d850.jpg 376,220,390,240,3,0.376092 0,222,14,294,2,0.069795 1,233,28,286,2,0.012493 632,264,640,303,6,0.002284 0,210,23,324,2,0.001464
/home/dysjin/data/CARLA.v20-carla_v20.coco/valid/007076_png.rf.d635d979c35f5dd6da756ef9889aef0b.jpg 396,213,419,240,3,0.350407 398,213,416,240,4,0.293560
/home/dysjin/data/CARLA.v20-carla_v20.coco/valid/112475_png.rf.df928fa484eb08e1454caacc1e194352.jpg 332,231,354,295,2,0.640504 340,245,351,281,2,0.002679 320,246,354,290,4,0.001041
/home/dysjin/data/CARLA.v20-carla_v20.coco/valid/Town02_006960_png.rf.eedfb90c1deb0d66a31341acd2e08f4f.jpg 0,180,32,208,6,0.633754 148,163,165,181,3,0.403627 580,181,640,241,6,0.162612 176,177,203,191,6,0.018747 168,177,189,190,6,0.007016 590,211,640,247,6,0.002472 1,164,17,212,6,0.001124 0,132,27,229,6,0.001092 0,161,12,190,6,0.001015
/home/dysjin/data/CARLA.v20-carla_v20.coco/valid/Town05_010860_png.rf.f31c0584fff1474ad2b0f4132e874f7d.jpg 2,187,55,213,6,0.560601 306,183,327,257,0,0.476935 0,194,13,218,6,0.007941 311,188,323,213,0,0.003761
/home/dysjin/data/CARLA.v20-carla_v20.coco/valid/Town05_004800_png.rf.ee7c080c8716cb366969ca625bb6d68b.jpg 241,185,268,205,6,0.581527 215,186,238,202,6,0.223247 347,185,360,203,6,0.096279 353,185,365,203,0,0.021820 183,187,198,202,6,0.017662 628,167,639,199,6,0.011519 208,189,228,204,6,0.011152 347,179,359,198,3,0.003436 217,176,265,203,6,0.001383 320,186,335,201,6,0.001139
/home/dysjin/data/CARLA.v20-carla_v20.coco/valid/Town05_009840_png.rf.f5040ce45ecca2822cb3b1b4ea8a6f61.jpg 291,198,370,252,6,0.717680 281,190,298,202,6,0.002982 0,202,24,342,6,0.001265
/home/dysjin/data/CARLA.v20-carla_v20.coco/valid/041861_png.rf.f5f3812ca6c536c5c25bea3d596be111.jpg 84,249,247,308,6,0.721497 301,242,322,292,0,0.612941 406,211,433,240,3,0.384479 399,212,431,240,4,0.189474 554,205,640,359,6,0.159649 214,232,236,285,6,0.014521 187,232,234,304,6,0.005101 134,263,195,304,6,0.001852 118,266,240,381,6,0.001430
/home/dysjin/data/CARLA.v20-carla_v20.coco/valid/Town02_003120_png.rf.f36fecf8d2ee4965c1f3bddaaaad5f33.jpg 425,191,492,218,6,0.562420 603,186,640,214,6,0.170014 619,182,639,234,6,0.017885 613,153,640,255,6,0.006937 397,194,448,222,6,0.002965 625,202,639,261,6,0.001430
/home/dysjin/data/CARLA.v20-carla_v20.coco/valid/003755_png.rf.f6343810071c5f5401b5697ef363285d.jpg 406,213,433,240,3,0.370408 406,215,435,241,4,0.336774 307,239,325,255,6,0.006910
/home/dysjin/data/CARLA.v20-carla_v20.coco/valid/Town01_003300_png.rf.fae28071a74fa02928094ff14cdbb3aa.jpg 273,205,362,269,6,0.695711 515,178,576,213,6,0.053701 190,201,215,214,6,0.006815 321,191,334,204,6,0.005267 279,193,295,206,6,0.004691 630,213,639,248,6,0.004140 163,191,213,210,6,0.002722 270,193,287,205,6,0.001600
/home/dysjin/data/CARLA.v20-carla_v20.coco/valid/138255_png.rf.fbf65e3e930393318a8312fdaefcae24.jpg 54,231,84,291,2,0.432059 48,236,73,301,2,0.015927 0,234,9,305,2,0.003518 50,157,86,313,2,0.001628
/home/dysjin/data/CARLA.v20-carla_v20.coco/valid/005373_png.rf.f68e0e113c5193c933cbee38c6a6bc2d.jpg 145,233,160,266,2,0.483555 155,234,168,263,2,0.453757 0,227,11,290,2,0.050975 139,233,153,266,2,0.021628 167,236,179,260,2,0.007446 137,237,167,263,6,0.001932 62,232,118,262,6,0.001915 0,187,19,309,2,0.001395 0,205,9,292,2,0.001066
/home/dysjin/data/CARLA.v20-carla_v20.coco/valid/001630_png.rf.ff5ced110f03f998a7a6998ddf647fd2.jpg 408,211,436,237,3,0.365863 410,212,433,235,4,0.133656
/home/dysjin/data/CARLA.v20-carla_v20.coco/valid/006662_png.rf.fa42143249c7b6a780238796639341d3.jpg 463,233,500,308,2,0.288848 463,239,505,298,4,0.003406
/home/dysjin/data/CARLA.v20-carla_v20.coco/valid/Town05_004860_png.rf.f5c138159cbce172c63fa9a736f9c655.jpg 241,185,267,205,6,0.586014 216,186,238,202,6,0.177834 347,185,361,203,6,0.116457 353,184,364,203,0,0.025090 182,188,197,202,6,0.011432 628,167,638,200,6,0.010962 208,189,227,204,6,0.008213 347,179,360,198,3,0.003114 218,176,265,203,6,0.001636
/home/dysjin/data/CARLA.v20-carla_v20.coco/valid/Town01_008460_png.rf.03f3160d63f090b29499596ec3c8c4b5.jpg 12,196,160,247,6,0.560850 550,185,636,230,6,0.436694 538,192,584,221,6,0.068223 13,214,141,328,6,0.010667 0,185,37,265,6,0.008272 0,193,90,264,6,0.007299 629,181,640,211,6,0.004019 628,168,640,198,6,0.003031 61,197,126,239,6,0.002071 91,198,143,241,6,0.001956 428,195,471,220,6,0.001298
/home/dysjin/data/CARLA.v20-carla_v20.coco/valid/005508_png.rf.0ab3da1b4970047c9b42e5bbe5d4e6f1.jpg 30,230,55,283,2,0.569555 87,224,125,313,2,0.300197 17,217,52,297,2,0.018992 21,236,62,281,4,0.002991 168,253,191,265,6,0.002564 89,216,125,364,2,0.001745
/home/dysjin/data/CARLA.v20-carla_v20.coco/valid/Town01_006180_png.rf.089d25ecaf49fe28c7f3bf0c3614732b.jpg 313,194,325,216,0,0.289622 311,191,326,211,6,0.240502 358,178,370,188,3,0.024127 390,180,412,192,6,0.008370 364,179,381,189,3,0.004318 0,213,15,246,6,0.003111 400,179,417,191,3,0.002407
/home/dysjin/data/CARLA.v20-carla_v20.coco/valid/Town02_008340_png.rf.044a76656e2e2fe428cd425926d9acbe.jpg 554,192,618,221,6,0.655438 160,196,239,241,6,0.372077 270,189,287,200,6,0.094159 289,191,310,201,6,0.008250 552,190,573,209,6,0.004385 626,187,640,256,6,0.002366 568,191,604,210,6,0.001186
/home/dysjin/data/CARLA.v20-carla_v20.coco/valid/075710_png.rf.0b62bb94157d1f2113ac6bbefe158022.jpg 167,242,256,300,6,0.721704 310,244,348,271,6,0.693453 0,253,178,397,6,0.560844 236,239,265,273,6,0.190927 0,278,76,480,6,0.006250 3,205,85,480,6,0.003218 216,247,265,286,6,0.002511 6,0,166,418,6,0.002150 0,0,295,480,3,0.001001
/home/dysjin/data/CARLA.v20-carla_v20.coco/valid/041689_png.rf.0d648fbd58416a80b414e4503d51c42e.jpg 297,245,336,313,0,0.319062 280,213,342,444,0,0.007010 270,220,350,479,1,0.001208
/home/dysjin/data/CARLA.v20-carla_v20.coco/valid/003751_png.rf.0ff9ef7c8c8e4f5eab52437609a3b501.jpg 395,213,420,240,3,0.396455 397,214,417,240,4,0.305540 307,239,324,254,6,0.004230
/home/dysjin/data/CARLA.v20-carla_v20.coco/valid/Town02_008820_png.rf.135414697b8215dc125af6b125d3058c.jpg 271,215,367,326,6,0.792507 515,181,553,212,6,0.534940 524,172,618,219,6,0.126663 0,189,10,249,6,0.007747 0,172,9,245,6,0.003135 625,189,640,254,6,0.002848 392,190,408,203,3,0.001777 397,188,421,202,6,0.001494
/home/dysjin/data/CARLA.v20-carla_v20.coco/valid/006664_png.rf.1466f666c872e94bac27eba56bbdfb5b.jpg 475,233,518,313,2,0.403347 475,240,521,302,4,0.001264
/home/dysjin/data/CARLA.v20-carla_v20.coco/valid/014570_png.rf.1235b2ca71c181a49fda1bb53eaa19cd.jpg 432,234,451,286,2,0.673916 64,237,122,260,6,0.650278 303,239,333,263,6,0.601126 427,239,463,281,4,0.002135 0,226,12,286,2,0.002062
/home/dysjin/data/CARLA.v20-carla_v20.coco/valid/112550_png.rf.1ca2fa82e03653536df85cf5faf5753c.jpg 522,226,547,288,2,0.427365
/home/dysjin/data/CARLA.v20-carla_v20.coco/valid/Town02_000780_png.rf.16d5987bcdc7d08470c1b3e757e128e5.jpg 280,188,300,202,6,0.655442 68,184,111,214,6,0.639250 298,191,338,316,1,0.618076 289,199,357,312,6,0.044000 584,179,637,213,6,0.022134 329,185,348,198,6,0.009704 318,188,337,201,6,0.006473 44,189,95,218,6,0.005034 340,181,359,194,6,0.004593
/home/dysjin/data/CARLA.v20-carla_v20.coco/valid/Town02_001500_png.rf.1e8a22666698f8954863a9939bc59942.jpg 183,188,214,216,6,0.565839 486,192,579,252,6,0.055027 608,189,640,310,6,0.007085 624,207,640,284,6,0.005131 561,209,640,296,6,0.003082
/home/dysjin/data/CARLA.v20-carla_v20.coco/valid/Town05_004620_png.rf.0e4a190ca586e0e90df6b90be2c83f5b.jpg 390,179,456,208,6,0.679355 601,181,640,212,6,0.159752 346,184,360,200,6,0.124562 282,188,297,202,6,0.026146 626,180,639,210,6,0.014179 573,189,625,228,6,0.014154 351,181,368,196,6,0.004250 604,157,640,242,6,0.001670
/home/dysjin/data/CARLA.v20-carla_v20.coco/valid/006578_png.rf.21f08e8ed63ab67b3ef05528af8ef9e6.jpg 261,236,293,256,6,0.619701 371,222,385,239,3,0.430421 625,290,640,347,6,0.009565 628,0,640,26,6,0.001800
/home/dysjin/data/CARLA.v20-carla_v20.coco/valid/Town01_004320_png.rf.1f6552094735eb0bd49b614b7e584c58.jpg 257,198,380,285,6,0.672124 295,189,312,202,6,0.034023 300,186,323,199,6,0.030452 613,56,640,195,2,0.004185 515,205,559,235,6,0.002328 629,202,639,237,6,0.002292 315,187,337,200,6,0.001450 627,109,640,184,2,0.001206 332,186,343,205,0,0.001159
/home/dysjin/data/CARLA.v20-carla_v20.coco/valid/Town02_006720_png.rf.2632fd4f3d65ff215e84d472badfd870.jpg 267,192,290,209,6,0.715726 580,179,640,221,6,0.557279 566,178,582,195,3,0.083498 565,182,583,203,6,0.014610 559,181,611,213,6,0.008655 0,202,13,234,6,0.003734 1,196,14,225,6,0.003065 534,170,627,226,6,0.001495 0,164,8,204,3,0.001240 115,188,164,211,6,0.001037
/home/dysjin/data/CARLA.v20-carla_v20.coco/valid/Town05_006900_png.rf.2eaa1f5f6de8c6bffcd968f78f2f53b4.jpg 237,186,260,226,0,0.527488 240,189,256,224,1,0.042776 611,203,640,353,6,0.015677 242,212,413,341,6,0.003420 406,224,624,345,6,0.002817 233,175,264,257,0,0.002220 333,218,518,342,6,0.001683 614,248,640,380,6,0.001124
/home/dysjin/data/CARLA.v20-carla_v20.coco/valid/005482_png.rf.1eef94cb1d26525ab4b64d28fc9be58d.jpg 0,222,29,321,2,0.595512 0,208,16,309,2,0.011385 0,207,22,371,2,0.002735 0,222,21,412,2,0.001317 169,253,189,265,6,0.001096
/home/dysjin/data/CARLA.v20-carla_v20.coco/valid/138251_png.rf.2622df013f55b1f57387212b95c87241.jpg 73,230,96,293,2,0.580551 472,291,640,398,6,0.003568 587,253,634,288,6,0.001242 60,239,100,287,4,0.001016
/home/dysjin/data/CARLA.v20-carla_v20.coco/valid/007070_png.rf.2316a0a54db7e4a749f421570aadd160.jpg 381,217,403,241,3,0.295685 385,217,403,240,4,0.219071
/home/dysjin/data/CARLA.v20-carla_v20.coco/valid/Town05_010920_png.rf.2325292b5e147dc41c10fe128f6256f9.jpg 298,184,348,297,0,0.849521 312,177,335,193,6,0.018026 303,179,323,191,6,0.003886 250,204,401,293,6,0.002978 274,174,361,289,2,0.001749
/home/dysjin/data/CARLA.v20-carla_v20.coco/valid/Town01_006420_png.rf.2b897cd6227874bc930ae1c7e17e3b3b.jpg 314,194,324,213,0,0.248348 291,192,314,202,6,0.025651 601,156,640,246,6,0.017537 0,172,15,247,2,0.013752 0,193,15,244,6,0.010570 381,187,394,203,3,0.008856 0,146,22,258,2,0.007660 383,179,396,193,3,0.004994 585,187,639,228,6,0.004938 3,185,29,236,2,0.003840 0,92,21,259,2,0.001812 282,190,298,201,6,0.001148
/home/dysjin/data/CARLA.v20-carla_v20.coco/valid/Town05_006780_png.rf.253c814d6e368b92a888141244ca1a16.jpg 165,193,212,262,0,0.254606 157,191,223,263,6,0.016188 174,189,211,254,1,0.012444 318,189,336,203,6,0.003758 355,181,372,194,6,0.003247 154,155,216,380,1,0.002264 145,172,229,282,0,0.001174
/home/dysjin/data/CARLA.v20-carla_v20.coco/valid/Town01_008280_png.rf.2f69ce357d9638b109b359e31c238ab4.jpg 66,189,113,208,6,0.425640 280,197,304,211,6,0.148806 435,198,489,222,6,0.100955 320,193,333,209,6,0.068196 289,192,336,209,6,0.017802 402,214,423,227,6,0.002112 531,220,632,286,6,0.001708 402,206,421,219,6,0.001526 382,204,396,217,6,0.001133
/home/dysjin/data/CARLA.v20-carla_v20.coco/valid/Town01_005100_png.rf.262bb9c3104b14f5fb633de3dafd0a52.jpg 578,194,599,217,6,0.409670 583,193,632,224,6,0.015416 0,183,13,209,6,0.003017 5,188,28,204,6,0.001399
/home/dysjin/data/CARLA.v20-carla_v20.coco/valid/Town01_011940_png.rf.2554f5ab3ce2122d2ef300838472450f.jpg 566,197,605,221,6,0.554929 203,182,259,229,6,0.317658 581,195,607,243,0,0.012496 330,187,349,200,6,0.005484 577,193,637,222,6,0.001114 576,183,617,255,6,0.001097
/home/dysjin/data/CARLA.v20-carla_v20.coco/valid/041684_png.rf.2f70db5ab75442cd11fffa13a776ae97.jpg 299,244,336,314,0,0.480577 283,198,341,456,0,0.002681
/home/dysjin/data/CARLA.v20-carla_v20.coco/valid/Town05_010980_png.rf.2071755951cd753466eb2cc53fd2fe0c.jpg 300,189,344,295,0,0.861739 190,201,370,380,6,0.066900 282,169,341,361,0,0.013368 309,187,324,203,0,0.012507 316,186,334,202,0,0.003171 89,157,376,380,6,0.001859 276,186,299,198,6,0.001662 268,180,368,304,1,0.001512 89,0,451,380,6,0.001261 276,183,359,283,2,0.001183
/home/dysjin/data/CARLA.v20-carla_v20.coco/valid/112459_png.rf.33bdc5bd58f0f631808a95c4ceb9a78f.jpg 292,228,314,296,2,0.670821 281,238,320,289,4,0.001418 299,243,309,282,2,0.001354 598,237,625,253,6,0.001116
/home/dysjin/data/CARLA.v20-carla_v20.coco/valid/041653_png.rf.31aa86a50239c7e6cbc52c66846dac06.jpg 303,234,329,310,0,0.338134 284,211,345,447,0,0.001304
/home/dysjin/data/CARLA.v20-carla_v20.coco/valid/041819_png.rf.374472e0a0868df264a4100cb7734e35.jpg 14,244,69,265,6,0.562403 108,246,132,299,0,0.500830 172,222,187,240,3,0.489327 39,243,69,258,6,0.002089 114,238,141,290,0,0.001550
/home/dysjin/data/CARLA.v20-carla_v20.coco/valid/Town05_010800_png.rf.3489607b659edfbc485537135e06f34b.jpg 306,184,328,258,0,0.593826 0,192,150,265,6,0.518649 131,187,171,205,6,0.155541 307,187,322,212,0,0.011736 16,210,138,326,6,0.010326 298,183,310,203,0,0.009454 310,201,324,243,0,0.005149 305,181,321,193,6,0.002016 316,188,329,211,6,0.001881 346,179,357,191,3,0.001351 281,188,299,200,6,0.001200
/home/dysjin/data/CARLA.v20-carla_v20.coco/valid/Town02_001080_png.rf.2d29b90fb99ccf7727caeaa1914436b4.jpg 276,185,301,201,6,0.716228 0,214,90,380,6,0.686147 301,189,337,319,1,0.643196 79,196,250,298,6,0.498523 316,186,336,202,6,0.225918 291,199,356,311,6,0.033278 585,180,638,213,6,0.024455 292,200,352,330,0,0.019337 326,183,346,199,6,0.012921 306,180,327,194,6,0.009346 337,184,358,199,6,0.008100 291,184,338,206,6,0.004095 0,192,11,222,6,0.003619 0,224,79,380,6,0.002898 15,191,71,220,6,0.002691 61,132,265,358,6,0.002494 15,215,148,346,6,0.001389 5,183,56,213,6,0.001158
/home/dysjin/data/CARLA.v20-carla_v20.coco/valid/Town02_005700_png.rf.39e8547ff43ddaa06ed2b24f114c8a27.jpg 234,207,398,332,6,0.636672 281,187,299,199,6,0.481867 557,193,587,205,6,0.080914 316,186,332,200,6,0.035679 302,180,328,194,6,0.015355 582,189,606,202,6,0.004280 289,181,310,197,6,0.003718 629,170,639,246,6,0.001650 274,189,290,203,6,0.001608 108,185,150,212,6,0.001185
/home/dysjin/data/CARLA.v20-carla_v20.coco/valid/Town02_002040_png.rf.3d0fd4b3b3749ac8ebdf480959eb8e66.jpg 3,183,113,366,6,0.621069 292,199,342,313,1,0.573267 265,188,308,209,6,0.534617 123,192,161,218,6,0.160019 284,204,348,309,6,0.050313 79,190,129,221,6,0.041943 286,203,342,327,0,0.029504 55,186,81,229,0,0.027842 267,195,291,211,6,0.010713 300,193,322,206,6,0.005928 262,188,279,209,6,0.002837 53,172,65,197,3,0.002670 291,167,336,310,2,0.002567 4,197,112,380,6,0.001622 57,182,73,210,0,0.001531 56,190,102,226,6,0.001139
/home/dysjin/data/CARLA.v20-carla_v20.coco/valid/075707_png.rf.2ff4a82560cfe658387e361a6cc43ef0.jpg 171,241,255,300,6,0.713978 309,244,348,271,6,0.710667 0,254,178,396,6,0.562132 236,238,266,272,6,0.197675 0,275,76,480,6,0.006926 215,246,266,286,6,0.004672 3,205,85,480,6,0.002103 143,242,181,343,6,0.001353
/home/dysjin/data/CARLA.v20-carla_v20.coco/valid/138320_png.rf.332f3bdf3abffc7dd973858c3061b801.jpg 58,226,82,290,2,0.633955 0,232,10,307,2,0.007835 0,224,26,316,2,0.001644 45,234,85,286,4,0.001250 49,167,83,301,2,0.001082
/home/dysjin/data/CARLA.v20-carla_v20.coco/valid/003766_png.rf.3dbe103da1003d1fb3bd18ad0d0894b4.jpg 459,196,507,242,3,0.323973 455,198,505,242,4,0.089046 213,53,256,198,0,0.001240
/home/dysjin/data/CARLA.v20-carla_v20.coco/valid/121245_png.rf.3c6765f574e34bb200e320d55fc2ffe7.jpg 267,258,364,314,6,0.718306 629,263,640,298,6,0.004093
/home/dysjin/data/CARLA.v20-carla_v20.coco/valid/Town05_011040_png.rf.3f658b3c60547a5478cb61d6b76eb55c.jpg 310,186,326,212,0,0.411957 198,213,354,329,6,0.001934 307,180,343,264,0,0.001038
/home/dysjin/data/CARLA.v20-carla_v20.coco/valid/Town02_004920_png.rf.3cdedb8ebbe317a63567ec577e3789a8.jpg 307,189,328,243,1,0.413846 311,194,326,232,0,0.029395 340,185,360,198,6,0.012050 340,176,359,192,6,0.009824 163,189,176,201,3,0.008951 165,189,185,201,6,0.005247 316,190,330,213,6,0.002533 306,189,339,233,6,0.002032 351,186,371,199,6,0.001729 607,161,639,294,6,0.001490 332,174,345,190,3,0.001232 163,179,174,194,3,0.001144
/home/dysjin/data/CARLA.v20-carla_v20.coco/valid/Town05_002760_png.rf.41faa57cc70298c90c62fe9f6a3f08c9.jpg 112,187,141,203,6,0.346199 364,190,388,200,6,0.007670 321,187,331,201,6,0.006167 248,180,262,193,6,0.005041 255,186,268,201,6,0.004506 380,192,393,204,3,0.004199 250,185,261,199,0,0.003879 309,187,324,200,6,0.001971 108,182,131,209,0,0.001946 110,194,125,213,0,0.001117
/home/dysjin/data/CARLA.v20-carla_v20.coco/valid/Town02_001740_png.rf.4072bb166a4df4f9403df039e28a73f3.jpg 293,197,341,315,1,0.581928 287,202,342,327,0,0.036556 284,198,347,314,6,0.033687 295,169,336,309,2,0.004641 306,192,324,204,6,0.002572 292,190,310,201,6,0.001872 284,189,297,201,6,0.001723
/home/dysjin/data/CARLA.v20-carla_v20.coco/valid/026849_png.rf.52e90800c02b90489d2521817c6942f7.jpg 420,207,456,238,3,0.378954
/home/dysjin/data/CARLA.v20-carla_v20.coco/valid/Town02_001560_png.rf.44c7e46d6d34263ac9f429ccb2cd2655.jpg 75,192,95,218,6,0.260618 58,191,81,208,6,0.232117 80,194,95,219,1,0.165219 8,183,28,204,6,0.073996 0,181,16,206,6,0.026584 78,190,97,221,0,0.013412 18,185,36,203,6,0.012779 53,189,66,204,6,0.005078 0,79,24,222,6,0.002330
/home/dysjin/data/CARLA.v20-carla_v20.coco/valid/Town02_003420_png.rf.4347a7bee8aec9f5c84eb5295856f9a9.jpg 328,200,378,231,6,0.652532 13,187,109,236,6,0.269972 611,174,640,268,6,0.001169
/home/dysjin/data/CARLA.v20-carla_v20.coco/valid/Town01_006060_png.rf.3d76b002da6076434f028293d0c4a498.jpg 297,187,335,265,1,0.200436 311,187,334,261,0,0.017732 297,203,338,259,6,0.002486 625,157,637,184,6,0.001077
/home/dysjin/data/CARLA.v20-carla_v20.coco/valid/Town02_007800_png.rf.4e6520c0e9dd39a93f5048a2caea0283.jpg 338,195,414,227,6,0.445449 609,191,640,229,6,0.317145 319,195,356,224,6,0.056826 306,190,321,203,6,0.032075 622,202,639,265,6,0.030850 388,197,433,228,6,0.024932 312,190,336,208,6,0.005936 616,177,640,313,6,0.003757 519,188,546,204,6,0.002538 297,190,313,202,6,0.001780 0,189,10,249,6,0.001631 0,180,10,237,6,0.001103
/home/dysjin/data/CARLA.v20-carla_v20.coco/valid/Town01_001860_png.rf.53e5db5983ad00d8986ebdc44e1e76ef.jpg 178,212,451,358,6,0.689590 300,185,328,201,6,0.308425 283,187,302,201,6,0.086206 315,184,338,202,6,0.063650 291,184,310,201,0,0.027139 328,185,340,204,0,0.011197 54,36,589,380,2,0.002415 0,183,14,212,6,0.001381 96,190,114,206,6,0.001091
/home/dysjin/data/CARLA.v20-carla_v20.coco/valid/Town01_006120_png.rf.405fede50ad311216cb9943968a5cdf5.jpg 316,192,329,218,1,0.247452 315,189,330,214,6,0.191400 315,186,331,223,0,0.061245 357,178,369,190,3,0.017959 359,187,373,199,3,0.005067 365,177,380,190,3,0.003051 356,168,370,182,3,0.002449 460,155,640,256,6,0.001272 366,165,380,180,3,0.001068
/home/dysjin/data/CARLA.v20-carla_v20.coco/valid/041864_png.rf.51f1d81198f2e5b7a450f586235760ec.jpg 302,244,324,292,0,0.670213 417,209,447,241,3,0.358925 411,210,446,240,4,0.333552 82,248,244,324,6,0.295233 583,217,638,340,6,0.012347 193,230,236,264,6,0.011767 189,231,234,305,6,0.004482 164,233,189,252,6,0.002013 414,216,441,240,6,0.001419
/home/dysjin/data/CARLA.v20-carla_v20.coco/valid/Town01_012060_png.rf.58e57e1a7e8d4f630323ae1827ca68bc.jpg 566,198,605,221,6,0.557317 338,188,357,204,6,0.013650 580,197,607,241,0,0.008636 577,193,637,222,6,0.001723 307,192,322,206,6,0.001575 575,183,617,254,6,0.001008
/home/dysjin/data/CARLA.v20-carla_v20.coco/valid/009044_png.rf.59d4a83882b4b6af242cbd9e0e31ba80.jpg 561,218,578,243,3,0.374515 0,206,8,240,3,0.006700 95,232,140,266,6,0.003426 0,192,9,269,2,0.001844 122,235,141,280,2,0.001423 95,212,132,289,2,0.001151
/home/dysjin/data/CARLA.v20-carla_v20.coco/valid/Town02_002520_png.rf.55f8a7c01a8e4b86c99a794d7b61cd5d.jpg 163,201,224,234,6,0.728002 211,201,416,337,6,0.677917 231,189,252,203,6,0.001960 229,193,300,355,6,0.001425 0,40,640,380,2,0.001129
/home/dysjin/data/CARLA.v20-carla_v20.coco/valid/Town02_008760_png.rf.5bfb07b6a5fbe6700b4b9c150b9c6576.jpg 271,215,367,326,6,0.784748 270,189,290,201,6,0.631373 517,181,554,213,6,0.434509 527,176,593,214,6,0.180011 0,191,11,248,6,0.013239 596,189,624,209,6,0.010185 393,190,408,203,3,0.004256 257,190,281,203,6,0.003662 0,212,14,248,6,0.003552 0,173,9,244,6,0.003064 143,176,158,192,3,0.002070 598,191,640,223,6,0.001916 395,180,408,193,3,0.001883 612,151,640,247,6,0.001626 623,190,640,252,6,0.001579 397,187,421,203,6,0.001577
/home/dysjin/data/CARLA.v20-carla_v20.coco/valid/Town01_008100_png.rf.5942043a53e2ea3c62572bf7029ed896.jpg 277,190,296,204,6,0.599533 389,197,409,213,6,0.320935 88,188,142,210,6,0.167531 339,190,360,201,6,0.015620 330,191,348,201,6,0.004772 423,193,452,207,6,0.003876 380,194,400,207,6,0.001704 353,189,369,202,3,0.001254
/home/dysjin/data/CARLA.v20-carla_v20.coco/valid/Town01_010680_png.rf.5537782525200ced228c602e6dcc3456.jpg 373,179,384,191,3,0.305536 320,192,337,201,6,0.020729 330,191,344,201,6,0.019198 305,193,323,202,6,0.004909
/home/dysjin/data/CARLA.v20-carla_v20.coco/valid/121155_png.rf.5eeb1497380edc240a771f68b9d34669.jpg 238,258,415,380,6,0.656278 560,216,597,306,2,0.579692 0,303,12,335,6,0.001142 558,222,607,289,6,0.001092
/home/dysjin/data/CARLA.v20-carla_v20.coco/valid/007085_png.rf.5a7141063cfddac158b01dce18de1e48.jpg 427,207,465,240,4,0.363732 429,207,464,241,3,0.298280
/home/dysjin/data/CARLA.v20-carla_v20.coco/valid/Town05_006720_png.rf.717ce1e22225ab6a97befb2b8effcc2a.jpg 171,189,216,260,1,0.157179 178,188,220,259,6,0.126020 88,188,144,207,6,0.061711 94,193,115,208,6,0.043202 381,177,393,190,3,0.004219 130,191,151,205,6,0.004109 320,188,335,201,6,0.002645 180,171,221,255,2,0.002507 172,184,214,296,0,0.001792 191,188,219,238,0,0.001391 306,188,325,200,6,0.001381 340,187,358,199,6,0.001255 0,197,24,344,6,0.001250 101,174,155,202,6,0.001189
/home/dysjin/data/CARLA.v20-carla_v20.coco/valid/Town01_006600_png.rf.612f31973b2db2fda3ee5293fd937a64.jpg 372,194,397,212,6,0.282539 295,194,309,206,6,0.003387
/home/dysjin/data/CARLA.v20-carla_v20.coco/valid/112469_png.rf.4fea3a1e3f0858f468ecb362968a08fb.jpg 313,229,339,296,2,0.653631 306,242,341,293,4,0.001995
/home/dysjin/data/CARLA.v20-carla_v20.coco/valid/Town05_009540_png.rf.67accf9da191af14c5f05da1b6fe1e58.jpg 600,188,639,208,6,0.366559 490,229,640,338,6,0.002861
/home/dysjin/data/CARLA.v20-carla_v20.coco/valid/041820_png.rf.69e77a8e269d90d89efc21e5026a7083.jpg 29,239,79,263,6,0.620960 117,244,142,295,0,0.571976 180,224,194,241,3,0.397150 179,217,195,235,3,0.037449 49,244,80,258,6,0.001144
/home/dysjin/data/CARLA.v20-carla_v20.coco/valid/121278_png.rf.6607158f1164a75baf620dcb66d1b07e.jpg 271,258,362,313,6,0.724426 242,247,264,261,6,0.100731 250,240,270,257,6,0.001169
/home/dysjin/data/CARLA.v20-carla_v20.coco/valid/Town02_004620_png.rf.7280640e1c163e7c4b28010b90659788.jpg 229,205,397,335,6,0.647455 277,185,298,200,6,0.454256 305,183,330,200,6,0.380410 130,184,173,206,6,0.245244 286,183,316,200,6,0.005066 0,0,189,378,6,0.001864 343,176,355,194,3,0.001840 343,188,355,206,6,0.001152
/home/dysjin/data/CARLA.v20-carla_v20.coco/valid/Town05_016500_png.rf.75b431585ae9c755044e81517b796324.jpg 110,198,222,245,6,0.673488 350,195,395,230,6,0.653085 0,201,89,291,6,0.621187 458,179,474,196,3,0.306250 0,192,78,380,6,0.029416 344,191,363,208,6,0.005991 431,197,442,214,3,0.004085 343,189,384,215,6,0.003936 0,192,12,222,6,0.001738 8,215,133,335,6,0.001451 333,186,345,201,0,0.001417
/home/dysjin/data/CARLA.v20-carla_v20.coco/valid/Town02_001020_png.rf.79741d4293c684a4f4e895c08f1290d5.jpg 0,211,89,380,6,0.700832 295,188,340,313,1,0.593568 280,186,324,205,6,0.396691 191,197,211,215,1,0.049289 291,195,351,334,0,0.038534 287,196,359,311,6,0.033758 583,179,637,213,6,0.016905 329,185,347,199,6,0.012208 20,190,68,220,6,0.011333 311,186,336,204,6,0.009420 0,229,78,380,6,0.006291 191,191,212,212,6,0.004008 337,185,358,199,6,0.003706 301,168,343,309,2,0.003000 274,189,290,203,6,0.002259 189,187,238,212,6,0.001633 535,145,571,256,2,0.001105
/home/dysjin/data/CARLA.v20-carla_v20.coco/valid/004996_png.rf.758bfe0873e6cba6e1d99146894cae01.jpg 490,261,511,313,2,0.642178 480,267,514,310,4,0.001723
/home/dysjin/data/CARLA.v20-carla_v20.coco/valid/Town02_001620_png.rf.77cda18f042297c4b15936a35acef602.jpg 302,185,330,256,1,0.336136 302,187,330,236,6,0.080217 314,191,333,208,6,0.062194 116,185,166,215,6,0.003228
/home/dysjin/data/CARLA.v20-carla_v20.coco/valid/112362_png.rf.868e587d8bdd37c81e4872223fbdbeb4.jpg 150,234,166,279,2,0.619960 629,229,639,258,6,0.001230 611,235,633,253,6,0.001017
/home/dysjin/data/CARLA.v20-carla_v20.coco/valid/Town05_010080_png.rf.88fb23d739ffa2beacd3c5735d172d03.jpg 268,184,283,199,6,0.446819 315,190,327,217,0,0.269540 256,181,279,194,6,0.008893 244,187,263,199,6,0.002129 244,180,262,191,6,0.002092 327,185,340,202,6,0.001383
/home/dysjin/data/CARLA.v20-carla_v20.coco/valid/026847_png.rf.7a28094ba474fb2fab06e58f1ebea83c.jpg 416,209,447,241,3,0.413261 411,215,445,241,4,0.001431
/home/dysjin/data/CARLA.v20-carla_v20.coco/valid/075709_png.rf.7dd638ab9af378bf60aaa2fb92a0aea4.jpg 166,242,256,300,6,0.721891 309,243,348,270,6,0.689660 0,251,178,397,6,0.564495 236,239,267,273,6,0.270189 0,277,76,480,6,0.006949 216,246,266,286,6,0.005900 3,204,85,480,6,0.002923 4,0,165,420,6,0.002149 0,0,295,480,3,0.001014
/home/dysjin/data/CARLA.v20-carla_v20.coco/valid/Town02_007380_png.rf.8809896fc46f6266a6729640bbc68e4c.jpg 574,193,640,220,6,0.548096 273,192,286,205,6,0.150460 558,184,614,217,6,0.060610 564,186,634,247,6,0.005747 561,194,588,215,6,0.004993 559,190,588,247,6,0.003303 627,189,640,222,6,0.002847 271,195,283,212,0,0.002040 257,193,278,204,6,0.001217 0,190,11,227,6,0.001160 606,181,637,219,6,0.001035
/home/dysjin/data/CARLA.v20-carla_v20.coco/valid/Town01_007500_png.rf.7e4c2487265d812d93246e09a19aeab2.jpg 253,195,283,212,6,0.698772 529,168,640,223,6,0.695379 526,177,552,215,6,0.139560 0,217,13,247,6,0.002498 625,161,640,230,6,0.001924 163,214,192,229,6,0.001678
/home/dysjin/data/CARLA.v20-carla_v20.coco/valid/Town05_007500_png.rf.8a81a882e564e9e99b5c951d3e18dbbc.jpg 347,184,383,200,6,0.550176 129,185,175,205,6,0.020970 376,184,391,200,6,0.017749 303,180,320,190,6,0.006444 249,180,264,192,6,0.004438 290,186,382,370,6,0.004322 122,189,140,205,6,0.001998 345,182,364,195,6,0.001409 0,196,24,343,6,0.001055
/home/dysjin/data/CARLA.v20-carla_v20.coco/valid/Town02_005520_png.rf.8a9d2ba4122736ea3845c9e405936cce.jpg 608,191,640,229,6,0.582124 49,198,109,220,6,0.349372 74,200,138,220,6,0.236457 0,198,15,220,6,0.152016 46,184,129,233,6,0.001915 0,186,12,215,6,0.001530 0,202,11,230,6,0.001064
/home/dysjin/data/CARLA.v20-carla_v20.coco/valid/041735_png.rf.891d950e6341a379e0a80f54f49c126a.jpg 271,243,309,314,0,0.620825 0,241,10,274,6,0.003164 255,202,314,459,0,0.002344
/home/dysjin/data/CARLA.v20-carla_v20.coco/valid/041669_png.rf.8f16c7cc68671f71ba068edf120b2a61.jpg 300,243,335,314,0,0.467108 284,211,344,446,0,0.005420 273,227,350,473,1,0.001740
/home/dysjin/data/CARLA.v20-carla_v20.coco/valid/003814_png.rf.9123d8ff8e23490d6f5201cb816e4fc2.jpg 289,239,319,259,6,0.669980 544,176,629,243,3,0.479047 548,173,613,258,4,0.039681
/home/dysjin/data/CARLA.v20-carla_v20.coco/valid/005413_png.rf.9000d6e877ce40e1d5bd5387ece453c2.jpg 105,233,125,277,2,0.627136 85,233,106,288,2,0.607300 73,240,112,284,4,0.003108 82,239,124,274,6,0.001978 94,236,112,273,2,0.001580 95,236,133,276,4,0.001241
/home/dysjin/data/CARLA.v20-carla_v20.coco/valid/Town01_001500_png.rf.9254a251a5c6eb6313adba6a6adf1620.jpg 384,175,400,192,3,0.409604 226,201,252,215,6,0.002884
/home/dysjin/data/CARLA.v20-carla_v20.coco/valid/Town05_004680_png.rf.93664881511a21c1adf050e2e8993477.jpg 316,173,413,222,6,0.651225 241,185,266,204,6,0.635458 278,179,296,197,6,0.153581 182,186,199,202,6,0.056591 628,167,639,200,6,0.013435 264,182,288,200,6,0.011332 358,189,416,219,6,0.006077 244,195,266,211,6,0.002408 321,176,357,220,6,0.002230
/home/dysjin/data/CARLA.v20-carla_v20.coco/valid/138312_png.rf.93c512dad514948e54a85fd6860eba4e.jpg 95,231,114,279,2,0.663144 87,213,121,293,2,0.001531 99,231,112,299,2,0.001283
/home/dysjin/data/CARLA.v20-carla_v20.coco/valid/005160_png.rf.922d9f2da21b5b11121905df87e629d7.jpg 401,214,429,243,3,0.372575 398,214,430,239,4,0.330843
