/home/dysjin/data/CARLA.v20-carla_v20.coco/valid/Town02_006840_png.rf.a4a970c10202604d1dd8c41fe9097525.jpg 565,175,580,195,0,0.918637 441,192,453,205,0,0.142958 0,160,13,206,0,0.134969 603,166,617,182,0,0.037882 434,190,447,201,0,0.029030 346,178,359,193,0,0.016402 561,112,602,187,0,0.010632 558,179,571,196,0,0.010558 204,175,219,191,0,0.010103 572,177,587,191,0,0.005595 521,97,640,202,0,0.005034 344,186,359,203,0,0.004113 199,166,211,183,0,0.004105 540,144,613,214,0,0.003297 0,161,12,188,0,0.003259 572,169,588,185,0,0.002923 451,192,465,203,0,0.002554 576,200,591,214,0,0.001968 432,180,447,197,0,0.001853 556,168,572,184,0,0.001664 235,176,249,192,0,0.001584 453,180,470,195,0,0.001571 578,212,591,227,0,0.001312 442,181,455,197,0,0.001279 243,175,257,190,0,0.001194 543,190,557,204,0,0.001149 542,180,554,194,0,0.001096 587,168,607,183,0,0.001011
/home/dysjin/data/CARLA.v20-carla_v20.coco/valid/Town02_002640_png.rf.ac6bee6a9e4c4b2a1e149670c97196c1.jpg 392,174,404,190,0,0.948221 211,146,224,167,0,0.054719 218,150,232,167,0,0.008643 382,180,401,193,0,0.005434 553,126,566,145,0,0.002092 200,151,214,168,0,0.001066 343,143,410,215,0,0.001037
/home/dysjin/data/CARLA.v20-carla_v20.coco/valid/007096_png.rf.a26873f70f1467f54f0fd09ea8c1731b.jpg 549,168,615,253,2,0.826826 532,137,621,284,1,0.111811 548,99,587,295,2,0.004223
/home/dysjin/data/CARLA.v20-carla_v20.coco/valid/Town02_006480_png.rf.aec43468267a9993201d034f7031ee5c.jpg 348,178,359,193,0,0.549193 347,167,359,186,0,0.292571 353,169,366,184,0,0.032568 352,187,366,197,0,0.024128 136,100,150,120,1,0.004861 334,187,350,202,0,0.003023 337,180,350,194,0,0.001974 364,167,381,180,0,0.001808 363,178,379,189,0,0.001326 337,167,349,184,0,0.001264 344,180,361,205,0,0.001214 345,153,357,176,0,0.001193 270,179,284,194,0,0.001039
/home/dysjin/data/CARLA.v20-carla_v20.coco/valid/051305_png.rf.af3e2dc55ae45fc793f7f25eb6fdf7b4.jpg 421,211,467,241,0,0.981399
/home/dysjin/data/CARLA.v20-carla_v20.coco/valid/007291_png.rf.b33e9d647d42777054dfb5f46d23bbad.jpg 386,225,398,239,0,0.951743 385,220,406,234,0,0.002222
/home/dysjin/data/CARLA.v20-carla_v20.coco/valid/003752_png.rf.bb0716bc5b93fa8b10f41577e20a2f35.jpg 399,213,424,241,1,0.821989
/home/dysjin/data/CARLA.v20-carla_v20.coco/valid/005173_png.rf.c24ac196d86260d3a384e12093bfa5ef.jpg 478,192,535,247,2,0.756596 466,186,507,241,2,0.008337 455,163,539,292,1,0.005651
/home/dysjin/data/CARLA.v20-carla_v20.coco/valid/003769_png.rf.c5c0c17fa97551316c57744e9608f796.jpg 499,189,550,244,1,0.730036 479,178,566,265,1,0.003266 484,162,557,259,0,0.001746 354,227,371,242,0,0.001329
/home/dysjin/data/CARLA.v20-carla_v20.coco/valid/004966_png.rf.c9d8d72d0920460b612251c5fddc5770.jpg 429,202,468,244,1,0.828205 430,205,467,240,2,0.657027
/home/dysjin/data/CARLA.v20-carla_v20.coco/valid/001638_png.rf.c98e4c5bc2a68de358073a26469c81b2.jpg 424,209,453,240,0,0.994291 605,236,620,255,0,0.002846 154,224,171,244,0,0.002043 511,65,618,211,0,0.001738
/home/dysjin/data/CARLA.v20-carla_v20.coco/valid/051274_png.rf.d5f64278c64b556983082379a316485f.jpg 565,163,634,252,1,0.488067 555,160,634,271,0,0.004450 540,78,591,277,0,0.001176
/home/dysjin/data/CARLA.v20-carla_v20.coco/valid/Town01_001440_png.rf.e4b4351effd31d5b433710cffb8243e4.jpg 386,179,399,194,0,0.953236 346,179,357,190,0,0.099672 346,168,359,181,0,0.009901 384,166,397,188,0,0.008117 231,179,247,193,0,0.006375 334,180,349,191,0,0.002265 84,151,99,170,1,0.002251 442,151,457,169,0,0.002147 356,152,372,169,0,0.001894 343,186,358,201,0,0.001515 48,176,63,192,0,0.001150 222,178,237,192,0,0.001083 354,167,370,179,0,0.001063 382,148,393,180,0,0.001025
/home/dysjin/data/CARLA.v20-carla_v20.coco/valid/041811_png.rf.e8d4c17844854d24f9b2bec66a8a8889.jpg 52,224,64,243,1,0.578179 50,217,65,237,1,0.064251 456,214,470,232,0,0.005484 48,232,62,249,1,0.003954 12,224,27,243,1,0.001297
/home/dysjin/data/CARLA.v20-carla_v20.coco/valid/001519_png.rf.e42bb854e84b40164ed2795569b2eb6f.jpg 573,222,586,241,0,0.901870 567,233,582,248,0,0.009346 561,199,598,248,0,0.002957 557,227,572,241,0,0.002760 406,231,421,244,0,0.002382 416,231,433,244,0,0.001577 404,241,419,251,0,0.001528 568,201,582,229,0,0.001516 415,239,429,251,0,0.001168
/home/dysjin/data/CARLA.v20-carla_v20.coco/valid/001509_png.rf.ed3baed466e7f65c1a01fb57bf942b65.jpg 573,223,585,241,0,0.902165 567,233,583,248,0,0.011408 557,227,572,241,0,0.003204 560,199,597,248,0,0.002383 417,231,433,243,0,0.001790 407,231,421,244,0,0.001567 558,219,570,234,0,0.001241 568,202,581,228,0,0.001049
/home/dysjin/data/CARLA.v20-carla_v20.coco/valid/026829_png.rf.e6f26e62f316568466a95ba7fd18d850.jpg 375,223,390,239,0,0.988986 330,219,348,232,0,0.002471 360,231,373,242,0,0.002145 380,199,393,231,0,0.001469 331,228,346,241,0,0.001181
/home/dysjin/data/CARLA.v20-carla_v20.coco/valid/007076_png.rf.d635d979c35f5dd6da756ef9889aef0b.jpg 398,216,420,242,2,0.723572 396,194,425,257,2,0.028146 380,226,429,289,2,0.001585
/home/dysjin/data/CARLA.v20-carla_v20.coco/valid/Town02_006960_png.rf.eedfb90c1deb0d66a31341acd2e08f4f.jpg 151,162,166,184,0,0.966082 603,88,632,130,0,0.016882 439,164,455,181,0,0.005675 576,177,593,197,0,0.005087 604,101,623,122,0,0.004935 465,164,481,182,0,0.004564 604,137,620,162,0,0.004101 585,215,602,228,0,0.003085 577,201,591,218,0,0.002547 575,187,590,204,0,0.002478 566,186,582,204,0,0.002319 88,150,102,169,0,0.002189 149,152,163,178,0,0.002093 147,170,162,186,0,0.001598 96,151,111,168,0,0.001508 566,177,583,196,0,0.001328 164,165,184,181,0,0.001176 451,166,471,183,0,0.001014
/home/dysjin/data/CARLA.v20-carla_v20.coco/valid/041861_png.rf.f5f3812ca6c536c5c25bea3d596be111.jpg 401,208,428,243,1,0.659467 159,238,174,254,0,0.003205 344,226,358,241,0,0.001214
/home/dysjin/data/CARLA.v20-carla_v20.coco/valid/003755_png.rf.f6343810071c5f5401b5697ef363285d.jpg 409,212,435,241,1,0.839618
/home/dysjin/data/CARLA.v20-carla_v20.coco/valid/001630_png.rf.ff5ced110f03f998a7a6998ddf647fd2.jpg 409,214,435,239,0,0.992084 167,223,182,241,0,0.003638 416,208,446,247,0,0.002348 454,240,468,254,0,0.001561 591,238,607,255,0,0.001290 389,203,432,244,0,0.001121
/home/dysjin/data/CARLA.v20-carla_v20.coco/valid/003751_png.rf.0ff9ef7c8c8e4f5eab52437609a3b501.jpg 395,219,418,240,1,0.675641 389,206,429,247,1,0.002163
/home/dysjin/data/CARLA.v20-carla_v20.coco/valid/Town02_008820_png.rf.135414697b8215dc125af6b125d3058c.jpg 389,188,403,206,0,0.227774 144,172,159,192,0,0.108195 503,166,521,186,0,0.052949 397,140,412,161,0,0.007913 390,179,403,197,0,0.006143 330,188,347,206,0,0.005120 491,177,509,192,0,0.003698 396,151,410,170,0,0.003443 333,180,346,194,0,0.003073 399,192,419,207,0,0.002774 556,120,597,177,0,0.002272 479,177,493,193,0,0.002062 615,150,628,171,0,0.001826 416,189,431,208,0,0.001775 392,164,405,184,0,0.001734 544,108,614,199,0,0.001660 370,191,385,205,0,0.001458 588,153,603,168,0,0.001376 614,136,640,212,0,0.001290 341,180,356,194,0,0.001061 141,158,164,191,0,0.001005
/home/dysjin/data/CARLA.v20-carla_v20.coco/valid/006578_png.rf.21f08e8ed63ab67b3ef05528af8ef9e6.jpg 372,224,387,241,0,0.987064 386,227,406,241,0,0.002266 359,205,401,249,0,0.001691 405,228,419,245,0,0.001594 367,233,380,247,0,0.001317
/home/dysjin/data/CARLA.v20-carla_v20.coco/valid/Town02_006720_png.rf.2632fd4f3d65ff215e84d472badfd870.jpg 565,175,579,195,0,0.924428 0,160,13,206,0,0.138165 441,192,453,204,0,0.132334 602,166,617,182,0,0.032627 347,179,359,193,0,0.032504 560,112,603,189,0,0.027318 434,190,447,201,0,0.024132 204,175,219,191,0,0.023942 522,94,640,206,0,0.010270 557,179,571,196,0,0.009716 345,185,359,202,0,0.008062 572,178,587,191,0,0.004011 541,143,612,215,0,0.003302 0,161,11,188,0,0.003298 198,165,211,183,0,0.003020 451,192,466,204,0,0.002290 572,169,588,185,0,0.002056 432,180,447,197,0,0.001702 556,168,572,184,0,0.001649 453,180,471,196,0,0.001332 578,212,591,227,0,0.001254 235,176,249,192,0,0.001251 442,181,454,197,0,0.001209 543,190,557,204,0,0.001131 576,200,591,215,0,0.001114 542,179,554,194,0,0.001099 466,177,481,193,0,0.001062 554,163,586,189,0,0.001009
/home/dysjin/data/CARLA.v20-carla_v20.coco/valid/007070_png.rf.2316a0a54db7e4a749f421570aadd160.jpg 382,221,400,245,2,0.292054 379,234,398,248,2,0.002266 362,221,420,260,2,0.001426 394,216,407,238,2,0.001396
/home/dysjin/data/CARLA.v20-carla_v20.coco/valid/041819_png.rf.374472e0a0868df264a4100cb7734e35.jpg 174,225,187,244,1,0.680618 173,217,188,237,1,0.012300 178,226,192,240,1,0.003595
/home/dysjin/data/CARLA.v20-carla_v20.coco/valid/003766_png.rf.3dbe103da1003d1fb3bd18ad0d0894b4.jpg 462,199,511,244,1,0.879732
/home/dysjin/data/CARLA.v20-carla_v20.coco/valid/026849_png.rf.52e90800c02b90489d2521817c6942f7.jpg 418,210,463,238,0,0.988041 345,218,360,231,0,0.003535 391,190,462,254,0,0.002233 613,109,640,190,0,0.001508 525,153,540,169,0,0.001320
/home/dysjin/data/CARLA.v20-carla_v20.coco/valid/041864_png.rf.51f1d81198f2e5b7a450f586235760ec.jpg 418,210,447,242,1,0.900743 353,225,366,242,0,0.003096 345,227,358,240,0,0.002695 344,216,360,234,1,0.001030 332,228,346,242,0,0.001028
/home/dysjin/data/CARLA.v20-carla_v20.coco/valid/009044_png.rf.59d4a83882b4b6af242cbd9e0e31ba80.jpg 560,222,576,243,0,0.966087 0,209,12,236,0,0.275763 0,208,11,252,0,0.007113 341,229,356,241,0,0.002880 0,189,15,235,0,0.002088 0,206,21,243,0,0.001929 523,193,588,262,0,0.001866
/home/dysjin/data/CARLA.v20-carla_v20.coco/valid/Town01_010680_png.rf.5537782525200ced228c602e6dcc3456.jpg 372,180,384,194,0,0.887225 208,190,223,204,0,0.008051 217,190,234,203,0,0.006082 231,180,247,194,0,0.004242 388,178,405,192,0,0.002611 332,178,346,191,0,0.002384 229,187,243,201,0,0.001950 360,182,373,192,0,0.001743 602,16,618,32,1,0.001541 342,179,355,190,0,0.001433
/home/dysjin/data/CARLA.v20-carla_v20.coco/valid/007085_png.rf.5a7141063cfddac158b01dce18de1e48.jpg 432,208,463,242,2,0.891208 404,215,453,245,2,0.001233
/home/dysjin/data/CARLA.v20-carla_v20.coco/valid/041820_png.rf.69e77a8e269d90d89efc21e5026a7083.jpg 181,225,194,246,1,0.693447 176,230,190,242,1,0.012106 123,215,136,233,0,0.003210 184,215,197,239,1,0.001895 145,217,160,231,1,0.001537 123,227,136,241,0,0.001217
/home/dysjin/data/CARLA.v20-carla_v20.coco/valid/Town05_016500_png.rf.75b431585ae9c755044e81517b796324.jpg 457,179,475,198,0,0.944705 372,202,386,220,0,0.025120 312,146,354,206,0,0.011476 206,210,223,228,0,0.009251 602,189,618,204,0,0.007896 380,192,396,207,0,0.004066 316,130,384,223,0,0.003013 332,177,346,194,0,0.002699 610,187,624,203,0,0.002531 453,166,473,189,0,0.001242 371,190,386,209,0,0.001016
/home/dysjin/data/CARLA.v20-carla_v20.coco/valid/026847_png.rf.7a28094ba474fb2fab06e58f1ebea83c.jpg 416,209,442,240,0,0.989029 344,218,359,231,0,0.003939 386,193,461,252,0,0.001981
/home/dysjin/data/CARLA.v20-carla_v20.coco/valid/003814_png.rf.9123d8ff8e23490d6f5201cb816e4fc2.jpg 548,169,620,243,0,0.976446 418,212,433,230,0,0.003200
/home/dysjin/data/CARLA.v20-carla_v20.coco/valid/Town01_001500_png.rf.9254a251a5c6eb6313adba6a6adf1620.jpg 385,176,404,195,0,0.987708 175,199,187,215,0,0.048434 176,190,187,206,0,0.018125 11,116,58,187,1,0.015535 248,177,261,193,0,0.009239 615,173,632,196,0,0.007719 147,187,161,203,1,0.006297 248,165,261,183,0,0.003481 221,190,236,205,0,0.002980 148,178,161,195,1,0.002786 175,178,187,195,0,0.002601 181,189,195,204,0,0.002513 627,159,640,182,1,0.002439 180,201,194,215,0,0.001876 255,177,270,190,0,0.001853 183,177,197,194,0,0.001746 256,165,271,183,0,0.001587 171,193,192,222,0,0.001568 281,177,294,191,0,0.001546 373,181,386,192,0,0.001429 333,97,481,199,0,0.001326 0,85,68,221,1,0.001247 384,169,400,186,0,0.001247 621,139,640,180,0,0.001213 386,112,422,183,0,0.001172 245,187,259,202,0,0.001116 220,177,234,196,0,0.001028 401,129,427,166,0,0.001010 270,178,284,191,0,0.001005
/home/dysjin/data/CARLA.v20-carla_v20.coco/valid/005160_png.rf.922d9f2da21b5b11121905df87e629d7.jpg 402,214,425,243,2,0.777249
